2.500000000000000000e-01 2.500000000000000000e-01 2.500000000000000000e-01 2.500000000000000000e-01
1.879878326401143163e-01 1.876919291557899439e-01 4.590577422550010112e-02 5.784144639785956388e-01
3.683086666696728240e-01 6.305876504135389006e-03 3.757299613034380537e-01 2.496554955227537342e-01
3.116740255966750084e-01 3.404695807534705715e-02 3.029383370822582577e-01 3.513406792457196559e-01
2.500000000000000000e-01 2.500000000000000000e-01 2.500000000000000000e-01 2.500000000000000000e-01
3.343344572215002641e-02 1.863318300917196635e-01 1.205898672903295554e-01 6.596448568958007685e-01
2.500000000000000000e-01 2.500000000000000000e-01 2.500000000000000000e-01 2.500000000000000000e-01
2.500000000000000000e-01 2.500000000000000000e-01 2.500000000000000000e-01 2.500000000000000000e-01
2.500000000000000000e-01 2.500000000000000000e-01 2.500000000000000000e-01 2.500000000000000000e-01
2.500000000000000000e-01 2.500000000000000000e-01 2.500000000000000000e-01 2.500000000000000000e-01
9.992863149496086783e-03 4.082502453761829297e-01 1.874579835325934640e-01 3.942989079417275056e-01
5.005719692624216455e-02 1.983791402784021718e-01 2.982829767158227119e-01 4.532806860795329240e-01
2.500000000000000000e-01 2.500000000000000000e-01 2.500000000000000000e-01 2.500000000000000000e-01
2.500000000000000000e-01 2.500000000000000000e-01 2.500000000000000000e-01 2.500000000000000000e-01
2.500000000000000000e-01 2.500000000000000000e-01 2.500000000000000000e-01 2.500000000000000000e-01
2.500000000000000000e-01 2.500000000000000000e-01 2.500000000000000000e-01 2.500000000000000000e-01
4.341200437869382478e-01 2.576979839804112715e-01 2.058026111815302595e-01 1.023793610511202212e-01
2.500000000000000000e-01 2.500000000000000000e-01 2.500000000000000000e-01 2.500000000000000000e-01
2.500000000000000000e-01 2.500000000000000000e-01 2.500000000000000000e-01 2.500000000000000000e-01
2.500000000000000000e-01 2.500000000000000000e-01 2.500000000000000000e-01 2.500000000000000000e-01
2.500000000000000000e-01 2.500000000000000000e-01 2.500000000000000000e-01 2.500000000000000000e-01
1.963274954297604402e-01 7.091727910517224565e-02 6.254638183026148823e-01 1.072914071624524734e-01
2.500000000000000000e-01 2.500000000000000000e-01 2.500000000000000000e-01 2.500000000000000000e-01
2.500000000000000000e-01 2.500000000000000000e-01 2.500000000000000000e-01 2.500000000000000000e-01
2.500000000000000000e-01 2.500000000000000000e-01 2.500000000000000000e-01 2.500000000000000000e-01
2.500000000000000000e-01 2.500000000000000000e-01 2.500000000000000000e-01 2.500000000000000000e-01
1.977403555007515024e-01 8.917352328523779625e-02 2.986935393943296879e-01 4.143925818196809718e-01
2.500000000000000000e-01 2.500000000000000000e-01 2.500000000000000000e-01 2.500000000000000000e-01
2.500000000000000000e-01 2.500000000000000000e-01 2.500000000000000000e-01 2.500000000000000000e-01
2.500000000000000000e-01 2.500000000000000000e-01 2.500000000000000000e-01 2.500000000000000000e-01
1.362515186241461396e-01 2.388444406323565472e-01 7.909678650488782825e-02 5.458072542386094295e-01
4.774474160167226366e-01 1.181453301225568880e-01 3.288100279626429145e-01 7.559722589807754689e-02
3.064711078039150573e-03 1.120863854751141114e-01 2.491363940976616953e-01 6.357125093491849954e-01
2.500000000000000000e-01 2.500000000000000000e-01 2.500000000000000000e-01 2.500000000000000000e-01
2.500000000000000000e-01 2.500000000000000000e-01 2.500000000000000000e-01 2.500000000000000000e-01
2.500000000000000000e-01 2.500000000000000000e-01 2.500000000000000000e-01 2.500000000000000000e-01
2.500000000000000000e-01 2.500000000000000000e-01 2.500000000000000000e-01 2.500000000000000000e-01
2.500000000000000000e-01 2.500000000000000000e-01 2.500000000000000000e-01 2.500000000000000000e-01
2.500000000000000000e-01 2.500000000000000000e-01 2.500000000000000000e-01 2.500000000000000000e-01
7.757859027934860263e-02 5.417316573343659014e-01 2.559431949037960230e-03 3.781303204372475912e-01
3.465120640214450209e-01 9.349568320628380558e-02 2.512436419841271307e-01 3.087486107881440289e-01
1.490729015717785766e-01 5.947136020390667577e-01 1.452021430706654792e-01 1.110113533184892420e-01
2.500000000000000000e-01 2.500000000000000000e-01 2.500000000000000000e-01 2.500000000000000000e-01
2.500000000000000000e-01 2.500000000000000000e-01 2.500000000000000000e-01 2.500000000000000000e-01
2.500000000000000000e-01 2.500000000000000000e-01 2.500000000000000000e-01 2.500000000000000000e-01
1.444007233801151424e-01 2.324660407614546342e-01 1.041615593086494262e-01 5.189716765497808248e-01
6.481149361252899754e-02 2.516369649247781615e-01 2.384739563877802393e-02 6.597041458239147893e-01
2.500000000000000000e-01 2.500000000000000000e-01 2.500000000000000000e-01 2.500000000000000000e-01
2.500000000000000000e-01 2.500000000000000000e-01 2.500000000000000000e-01 2.500000000000000000e-01
2.659849050889214195e-01 4.135708681322469160e-01 2.082991190995721609e-01 1.121451076792595036e-01
2.500000000000000000e-01 2.500000000000000000e-01 2.500000000000000000e-01 2.500000000000000000e-01
5.319757973634091641e-01 4.718352251633343292e-02 2.966382841284994076e-01 1.242023959917579745e-01
2.500000000000000000e-01 2.500000000000000000e-01 2.500000000000000000e-01 2.500000000000000000e-01
2.037575284779547247e-01 8.223207772384603931e-02 5.243906829304519068e-02 6.615713255051540731e-01
2.500000000000000000e-01 2.500000000000000000e-01 2.500000000000000000e-01 2.500000000000000000e-01
2.500000000000000000e-01 2.500000000000000000e-01 2.500000000000000000e-01 2.500000000000000000e-01
1.016086027471332642e-01 1.080885099742545097e-01 1.409036540067952203e-01 6.493992332718170335e-01
2.500000000000000000e-01 2.500000000000000000e-01 2.500000000000000000e-01 2.500000000000000000e-01
2.500000000000000000e-01 2.500000000000000000e-01 2.500000000000000000e-01 2.500000000000000000e-01
2.500000000000000000e-01 2.500000000000000000e-01 2.500000000000000000e-01 2.500000000000000000e-01
4.003908574955714061e-01 1.048590078665635056e-01 1.415798591195574496e-01 3.531702755183076525e-01
2.500000000000000000e-01 2.500000000000000000e-01 2.500000000000000000e-01 2.500000000000000000e-01
2.500000000000000000e-01 2.500000000000000000e-01 2.500000000000000000e-01 2.500000000000000000e-01
6.736647668955798862e-02 7.734612809636934316e-02 6.179012600707226577e-01 2.373861351433500522e-01
2.500000000000000000e-01 2.500000000000000000e-01 2.500000000000000000e-01 2.500000000000000000e-01
2.500000000000000000e-01 2.500000000000000000e-01 2.500000000000000000e-01 2.500000000000000000e-01
5.613401784637083169e-01 4.433887480255447461e-02 1.784915936715907592e-01 2.158293530621464562e-01
2.500000000000000000e-01 2.500000000000000000e-01 2.500000000000000000e-01 2.500000000000000000e-01
2.500000000000000000e-01 2.500000000000000000e-01 2.500000000000000000e-01 2.500000000000000000e-01
2.500000000000000000e-01 2.500000000000000000e-01 2.500000000000000000e-01 2.500000000000000000e-01
1.334324144706339199e-02 1.378862203717090285e-01 5.370033694022250392e-01 3.117671687790025126e-01
2.500000000000000000e-01 2.500000000000000000e-01 2.500000000000000000e-01 2.500000000000000000e-01
2.500000000000000000e-01 2.500000000000000000e-01 2.500000000000000000e-01 2.500000000000000000e-01
2.500000000000000000e-01 2.500000000000000000e-01 2.500000000000000000e-01 2.500000000000000000e-01
4.747834948256151599e-01 1.760040761300713796e-01 4.670054390066682992e-02 3.025118851436466305e-01
2.500000000000000000e-01 2.500000000000000000e-01 2.500000000000000000e-01 2.500000000000000000e-01
2.500000000000000000e-01 2.500000000000000000e-01 2.500000000000000000e-01 2.500000000000000000e-01
2.500000000000000000e-01 2.500000000000000000e-01 2.500000000000000000e-01 2.500000000000000000e-01
2.500000000000000000e-01 2.500000000000000000e-01 2.500000000000000000e-01 2.500000000000000000e-01
2.500000000000000000e-01 2.500000000000000000e-01 2.500000000000000000e-01 2.500000000000000000e-01
2.500000000000000000e-01 2.500000000000000000e-01 2.500000000000000000e-01 2.500000000000000000e-01
4.961799768106427422e-01 6.151881589586376958e-02 3.789776233511782944e-01 6.332358394231518695e-02
1.308127571729854333e-01 1.628369729523964360e-01 5.639163313285149304e-01 1.424339385461031726e-01
2.500000000000000000e-01 2.500000000000000000e-01 2.500000000000000000e-01 2.500000000000000000e-01
2.491285700525356153e-02 6.755113453503454324e-02 5.416066015228386543e-02 8.533753483074280055e-01
2.500000000000000000e-01 2.500000000000000000e-01 2.500000000000000000e-01 2.500000000000000000e-01
2.500000000000000000e-01 2.500000000000000000e-01 2.500000000000000000e-01 2.500000000000000000e-01
6.899319657307306786e-02 3.191006336592692727e-01 1.237313421139022984e-01 4.881748276537553610e-01
1.286260007809938155e-01 6.793578581056287924e-02 5.254525493934387725e-01 2.779856640150045743e-01
6.420538255072816280e-01 1.009143780766622450e-01 2.604431816230624863e-02 2.309874782537498783e-01
2.500000000000000000e-01 2.500000000000000000e-01 2.500000000000000000e-01 2.500000000000000000e-01
2.500000000000000000e-01 2.500000000000000000e-01 2.500000000000000000e-01 2.500000000000000000e-01
3.000043980559916612e-01 1.343581032570160816e-01 8.208144297627967267e-02 4.835560557107125845e-01
2.500000000000000000e-01 2.500000000000000000e-01 2.500000000000000000e-01 2.500000000000000000e-01
2.500000000000000000e-01 2.500000000000000000e-01 2.500000000000000000e-01 2.500000000000000000e-01
2.500000000000000000e-01 2.500000000000000000e-01 2.500000000000000000e-01 2.500000000000000000e-01
2.500000000000000000e-01 2.500000000000000000e-01 2.500000000000000000e-01 2.500000000000000000e-01
1.654433294750148331e-01 1.721110890512162969e-02 9.476057919581874767e-02 7.225849824240447861e-01
2.500000000000000000e-01 2.500000000000000000e-01 2.500000000000000000e-01 2.500000000000000000e-01
2.500000000000000000e-01 2.500000000000000000e-01 2.500000000000000000e-01 2.500000000000000000e-01
