2.500000000000000000e-01 2.500000000000000000e-01 2.500000000000000000e-01 2.500000000000000000e-01
2.500000000000000000e-01 2.500000000000000000e-01 2.500000000000000000e-01 2.500000000000000000e-01
2.500000000000000000e-01 2.500000000000000000e-01 2.500000000000000000e-01 2.500000000000000000e-01
2.500000000000000000e-01 2.500000000000000000e-01 2.500000000000000000e-01 2.500000000000000000e-01
2.500000000000000000e-01 2.500000000000000000e-01 2.500000000000000000e-01 2.500000000000000000e-01
2.500000000000000000e-01 2.500000000000000000e-01 2.500000000000000000e-01 2.500000000000000000e-01
2.500000000000000000e-01 2.500000000000000000e-01 2.500000000000000000e-01 2.500000000000000000e-01
2.500000000000000000e-01 2.500000000000000000e-01 2.500000000000000000e-01 2.500000000000000000e-01
2.500000000000000000e-01 2.500000000000000000e-01 2.500000000000000000e-01 2.500000000000000000e-01
2.500000000000000000e-01 2.500000000000000000e-01 2.500000000000000000e-01 2.500000000000000000e-01
2.500000000000000000e-01 2.500000000000000000e-01 2.500000000000000000e-01 2.500000000000000000e-01
4.529733046600625257e-01 5.117771792298154293e-02 4.787423168870992285e-01 1.710666052985665431e-02
2.500000000000000000e-01 2.500000000000000000e-01 2.500000000000000000e-01 2.500000000000000000e-01
3.827380060803287631e-01 6.877407889010656028e-02 1.170399323543914738e-01 4.314479826751732028e-01
2.500000000000000000e-01 2.500000000000000000e-01 2.500000000000000000e-01 2.500000000000000000e-01
2.500000000000000000e-01 2.500000000000000000e-01 2.500000000000000000e-01 2.500000000000000000e-01
2.500000000000000000e-01 2.500000000000000000e-01 2.500000000000000000e-01 2.500000000000000000e-01
2.500000000000000000e-01 2.500000000000000000e-01 2.500000000000000000e-01 2.500000000000000000e-01
2.500000000000000000e-01 2.500000000000000000e-01 2.500000000000000000e-01 2.500000000000000000e-01
4.495170513115621103e-01 3.836008588695447030e-01 7.157636051818477840e-02 9.530572930070840831e-02
1.645509348137481065e-01 3.547306819211281104e-01 1.736303552036105868e-01 3.070880280615131963e-01
2.500000000000000000e-01 2.500000000000000000e-01 2.500000000000000000e-01 2.500000000000000000e-01
2.500000000000000000e-01 2.500000000000000000e-01 2.500000000000000000e-01 2.500000000000000000e-01
1.485312879439777689e-01 1.027853615843639656e-01 4.632324441116559277e-01 2.854509063600023655e-01
2.500000000000000000e-01 2.500000000000000000e-01 2.500000000000000000e-01 2.500000000000000000e-01
2.500000000000000000e-01 2.500000000000000000e-01 2.500000000000000000e-01 2.500000000000000000e-01
1.806979059362440743e-01 5.571664246270120469e-01 1.718221488526857632e-01 9.031352058405811567e-02
1.402109777089752540e-01 2.705540795280962918e-01 2.408450519553078095e-01 3.483898908076206169e-01
2.500000000000000000e-01 2.500000000000000000e-01 2.500000000000000000e-01 2.500000000000000000e-01
2.500000000000000000e-01 2.500000000000000000e-01 2.500000000000000000e-01 2.500000000000000000e-01
2.500000000000000000e-01 2.500000000000000000e-01 2.500000000000000000e-01 2.500000000000000000e-01
2.664265400851452692e-01 5.250379534182082475e-01 1.415956678892315024e-01 6.693983860741503644e-02
2.500000000000000000e-01 2.500000000000000000e-01 2.500000000000000000e-01 2.500000000000000000e-01
3.049442649344716316e-01 1.631920349651096863e-02 3.473300908758442107e-01 3.314064406931732099e-01
2.500000000000000000e-01 2.500000000000000000e-01 2.500000000000000000e-01 2.500000000000000000e-01
5.655756573717137803e-01 2.317520309408519774e-01 7.988310731364486883e-02 1.227892043737893735e-01
2.500000000000000000e-01 2.500000000000000000e-01 2.500000000000000000e-01 2.500000000000000000e-01
2.500000000000000000e-01 2.500000000000000000e-01 2.500000000000000000e-01 2.500000000000000000e-01
2.500000000000000000e-01 2.500000000000000000e-01 2.500000000000000000e-01 2.500000000000000000e-01
2.500000000000000000e-01 2.500000000000000000e-01 2.500000000000000000e-01 2.500000000000000000e-01
2.069625683250831683e-01 8.527812253520632157e-02 4.484959962913447895e-01 2.592633128483656790e-01
1.189001123339112620e-01 2.037355876984465464e-01 6.833013435201731878e-02 6.090341656156248451e-01
4.690193963175356973e-02 4.307442687559836503e-01 3.109637248285366806e-01 2.113900667837260439e-01
2.500000000000000000e-01 2.500000000000000000e-01 2.500000000000000000e-01 2.500000000000000000e-01
5.656801735013896604e-01 1.073949397568565028e-01 1.436852185999197562e-02 3.125563648817618612e-01
2.500000000000000000e-01 2.500000000000000000e-01 2.500000000000000000e-01 2.500000000000000000e-01
2.500000000000000000e-01 2.500000000000000000e-01 2.500000000000000000e-01 2.500000000000000000e-01
2.500000000000000000e-01 2.500000000000000000e-01 2.500000000000000000e-01 2.500000000000000000e-01
2.500000000000000000e-01 2.500000000000000000e-01 2.500000000000000000e-01 2.500000000000000000e-01
3.434379168991396614e-01 2.783736226571716377e-01 1.191498699663626204e-01 2.590385904773260806e-01
3.211087925693649758e-01 5.015139337405265518e-01 7.335012990705935820e-02 1.040271437830491141e-01
2.500000000000000000e-01 2.500000000000000000e-01 2.500000000000000000e-01 2.500000000000000000e-01
2.500000000000000000e-01 2.500000000000000000e-01 2.500000000000000000e-01 2.500000000000000000e-01
9.084191767501081927e-02 4.858532674330451884e-01 1.464853225883774868e-01 2.768194923035665611e-01
1.068594930306617508e-01 1.919241854834021488e-01 3.704065022938576868e-02 6.641756712565503040e-01
3.931889485746092178e-02 4.180845298386709485e-02 2.163883902139134841e-01 7.024842619447585479e-01
2.576789235863584659e-01 2.587827900220961985e-01 4.317478150292792249e-01 5.179047136226611059e-02
2.500000000000000000e-01 2.500000000000000000e-01 2.500000000000000000e-01 2.500000000000000000e-01
2.367766958285145440e-01 2.288220050571924402e-01 4.136157822139928664e-01 1.207855169003002327e-01
9.556664994034710925e-02 5.449138807977850496e-03 2.169778285808038054e-01 6.820063826708712140e-01
2.120672518315471211e-01 3.553668228901884496e-01 1.097879735016136782e-01 3.227779517766507511e-01
3.786681484867834846e-01 5.076186442904683654e-02 6.550193270092097286e-02 5.050680543832486435e-01
2.500000000000000000e-01 2.500000000000000000e-01 2.500000000000000000e-01 2.500000000000000000e-01
2.500000000000000000e-01 2.500000000000000000e-01 2.500000000000000000e-01 2.500000000000000000e-01
2.500000000000000000e-01 2.500000000000000000e-01 2.500000000000000000e-01 2.500000000000000000e-01
2.500000000000000000e-01 2.500000000000000000e-01 2.500000000000000000e-01 2.500000000000000000e-01
2.500000000000000000e-01 2.500000000000000000e-01 2.500000000000000000e-01 2.500000000000000000e-01
2.500000000000000000e-01 2.500000000000000000e-01 2.500000000000000000e-01 2.500000000000000000e-01
2.500000000000000000e-01 2.500000000000000000e-01 2.500000000000000000e-01 2.500000000000000000e-01
2.500000000000000000e-01 2.500000000000000000e-01 2.500000000000000000e-01 2.500000000000000000e-01
2.500000000000000000e-01 2.500000000000000000e-01 2.500000000000000000e-01 2.500000000000000000e-01
2.500000000000000000e-01 2.500000000000000000e-01 2.500000000000000000e-01 2.500000000000000000e-01
2.500000000000000000e-01 2.500000000000000000e-01 2.500000000000000000e-01 2.500000000000000000e-01
2.500000000000000000e-01 2.500000000000000000e-01 2.500000000000000000e-01 2.500000000000000000e-01
2.500000000000000000e-01 2.500000000000000000e-01 2.500000000000000000e-01 2.500000000000000000e-01
2.500000000000000000e-01 2.500000000000000000e-01 2.500000000000000000e-01 2.500000000000000000e-01
2.500000000000000000e-01 2.500000000000000000e-01 2.500000000000000000e-01 2.500000000000000000e-01
9.481345001920037097e-02 1.680384979562647985e-01 3.386128237320460421e-01 3.985352282924887191e-01
2.500000000000000000e-01 2.500000000000000000e-01 2.500000000000000000e-01 2.500000000000000000e-01
2.500000000000000000e-01 2.500000000000000000e-01 2.500000000000000000e-01 2.500000000000000000e-01
2.500000000000000000e-01 2.500000000000000000e-01 2.500000000000000000e-01 2.500000000000000000e-01
2.500000000000000000e-01 2.500000000000000000e-01 2.500000000000000000e-01 2.500000000000000000e-01
2.500000000000000000e-01 2.500000000000000000e-01 2.500000000000000000e-01 2.500000000000000000e-01
2.500000000000000000e-01 2.500000000000000000e-01 2.500000000000000000e-01 2.500000000000000000e-01
3.494692453528492893e-01 2.247865775660485010e-01 2.434736212067791505e-01 1.822705558743230592e-01
2.500000000000000000e-01 2.500000000000000000e-01 2.500000000000000000e-01 2.500000000000000000e-01
2.500000000000000000e-01 2.500000000000000000e-01 2.500000000000000000e-01 2.500000000000000000e-01
2.500000000000000000e-01 2.500000000000000000e-01 2.500000000000000000e-01 2.500000000000000000e-01
2.500000000000000000e-01 2.500000000000000000e-01 2.500000000000000000e-01 2.500000000000000000e-01
3.595903767522239947e-01 4.079858934154369510e-01 2.050486255891669773e-01 2.737510424317207702e-02
2.500000000000000000e-01 2.500000000000000000e-01 2.500000000000000000e-01 2.500000000000000000e-01
2.500000000000000000e-01 2.500000000000000000e-01 2.500000000000000000e-01 2.500000000000000000e-01
2.500000000000000000e-01 2.500000000000000000e-01 2.500000000000000000e-01 2.500000000000000000e-01
2.080125905928282004e-01 3.206553676110395212e-01 3.209913218533657631e-01 1.503407199427665708e-01
2.934513296210181643e-01 3.831071833548120309e-01 1.941835561994963988e-01 1.292579308246734060e-01
2.500000000000000000e-01 2.500000000000000000e-01 2.500000000000000000e-01 2.500000000000000000e-01
1.080798842246413066e-01 3.654854209258666109e-01 2.830921597687635072e-01 2.433425350807286169e-01
2.500000000000000000e-01 2.500000000000000000e-01 2.500000000000000000e-01 2.500000000000000000e-01
2.500000000000000000e-01 2.500000000000000000e-01 2.500000000000000000e-01 2.500000000000000000e-01
2.500000000000000000e-01 2.500000000000000000e-01 2.500000000000000000e-01 2.500000000000000000e-01
2.500000000000000000e-01 2.500000000000000000e-01 2.500000000000000000e-01 2.500000000000000000e-01
2.500000000000000000e-01 2.500000000000000000e-01 2.500000000000000000e-01 2.500000000000000000e-01
2.500000000000000000e-01 2.500000000000000000e-01 2.500000000000000000e-01 2.500000000000000000e-01
2.500000000000000000e-01 2.500000000000000000e-01 2.500000000000000000e-01 2.500000000000000000e-01
2.500000000000000000e-01 2.500000000000000000e-01 2.500000000000000000e-01 2.500000000000000000e-01
4.781758308834459514e-01 3.107198072952580548e-01 2.086938495212925515e-01 2.410512300003442299e-03
2.500000000000000000e-01 2.500000000000000000e-01 2.500000000000000000e-01 2.500000000000000000e-01
2.500000000000000000e-01 2.500000000000000000e-01 2.500000000000000000e-01 2.500000000000000000e-01
2.500000000000000000e-01 2.500000000000000000e-01 2.500000000000000000e-01 2.500000000000000000e-01
6.815573610629601653e-01 5.288350928394781186e-02 8.087188150374513551e-02 1.846872481493468943e-01
2.500000000000000000e-01 2.500000000000000000e-01 2.500000000000000000e-01 2.500000000000000000e-01
2.500000000000000000e-01 2.500000000000000000e-01 2.500000000000000000e-01 2.500000000000000000e-01
7.339733573441969972e-01 1.909903277456380041e-02 1.033498858135452197e-01 1.435777240676939792e-01
2.500000000000000000e-01 2.500000000000000000e-01 2.500000000000000000e-01 2.500000000000000000e-01
3.184412740018255916e-01 5.523124146488788133e-01 8.153793048783908315e-02 4.770838086145651191e-02
3.809883311383972793e-02 7.921996920560259170e-02 6.034315485933867684e-01 2.792496490871708703e-01
2.500000000000000000e-01 2.500000000000000000e-01 2.500000000000000000e-01 2.500000000000000000e-01
2.500000000000000000e-01 2.500000000000000000e-01 2.500000000000000000e-01 2.500000000000000000e-01
2.500000000000000000e-01 2.500000000000000000e-01 2.500000000000000000e-01 2.500000000000000000e-01
2.500000000000000000e-01 2.500000000000000000e-01 2.500000000000000000e-01 2.500000000000000000e-01
2.500000000000000000e-01 2.500000000000000000e-01 2.500000000000000000e-01 2.500000000000000000e-01
2.500000000000000000e-01 2.500000000000000000e-01 2.500000000000000000e-01 2.500000000000000000e-01
2.500000000000000000e-01 2.500000000000000000e-01 2.500000000000000000e-01 2.500000000000000000e-01
2.500000000000000000e-01 2.500000000000000000e-01 2.500000000000000000e-01 2.500000000000000000e-01
2.500000000000000000e-01 2.500000000000000000e-01 2.500000000000000000e-01 2.500000000000000000e-01
2.500000000000000000e-01 2.500000000000000000e-01 2.500000000000000000e-01 2.500000000000000000e-01
3.440158669525938961e-01 2.858862148412503745e-01 3.660031371027024361e-01 4.094781103453293269e-03
2.500000000000000000e-01 2.500000000000000000e-01 2.500000000000000000e-01 2.500000000000000000e-01
2.820796951671577513e-01 7.718359355730521065e-02 1.339076372655497726e-01 5.068290740099872238e-01
2.500000000000000000e-01 2.500000000000000000e-01 2.500000000000000000e-01 2.500000000000000000e-01
3.976414595984143485e-01 1.217977197770870046e-01 3.571520706842196136e-01 1.234087499402790611e-01
1.541951560652392583e-01 3.783390381253372986e-02 2.273653753014575896e-01 5.806055648207694153e-01
2.500000000000000000e-01 2.500000000000000000e-01 2.500000000000000000e-01 2.500000000000000000e-01
2.500000000000000000e-01 2.500000000000000000e-01 2.500000000000000000e-01 2.500000000000000000e-01
1.454786938130179230e-01 1.281585710195289052e-01 2.466072357775815627e-01 4.797554993898716091e-01
2.500000000000000000e-01 2.500000000000000000e-01 2.500000000000000000e-01 2.500000000000000000e-01
5.619481463488381623e-01 2.807735994290438269e-02 1.337396664428918136e-01 2.762348272653656345e-01
2.500000000000000000e-01 2.500000000000000000e-01 2.500000000000000000e-01 2.500000000000000000e-01
2.500000000000000000e-01 2.500000000000000000e-01 2.500000000000000000e-01 2.500000000000000000e-01
2.500000000000000000e-01 2.500000000000000000e-01 2.500000000000000000e-01 2.500000000000000000e-01
2.500000000000000000e-01 2.500000000000000000e-01 2.500000000000000000e-01 2.500000000000000000e-01
2.500000000000000000e-01 2.500000000000000000e-01 2.500000000000000000e-01 2.500000000000000000e-01
2.500000000000000000e-01 2.500000000000000000e-01 2.500000000000000000e-01 2.500000000000000000e-01
2.500000000000000000e-01 2.500000000000000000e-01 2.500000000000000000e-01 2.500000000000000000e-01
2.500000000000000000e-01 2.500000000000000000e-01 2.500000000000000000e-01 2.500000000000000000e-01
2.500000000000000000e-01 2.500000000000000000e-01 2.500000000000000000e-01 2.500000000000000000e-01
2.500000000000000000e-01 2.500000000000000000e-01 2.500000000000000000e-01 2.500000000000000000e-01
2.500000000000000000e-01 2.500000000000000000e-01 2.500000000000000000e-01 2.500000000000000000e-01
2.500000000000000000e-01 2.500000000000000000e-01 2.500000000000000000e-01 2.500000000000000000e-01
2.500000000000000000e-01 2.500000000000000000e-01 2.500000000000000000e-01 2.500000000000000000e-01
2.500000000000000000e-01 2.500000000000000000e-01 2.500000000000000000e-01 2.500000000000000000e-01
2.500000000000000000e-01 2.500000000000000000e-01 2.500000000000000000e-01 2.500000000000000000e-01
2.500000000000000000e-01 2.500000000000000000e-01 2.500000000000000000e-01 2.500000000000000000e-01
2.500000000000000000e-01 2.500000000000000000e-01 2.500000000000000000e-01 2.500000000000000000e-01
2.500000000000000000e-01 2.500000000000000000e-01 2.500000000000000000e-01 2.500000000000000000e-01
2.500000000000000000e-01 2.500000000000000000e-01 2.500000000000000000e-01 2.500000000000000000e-01
2.500000000000000000e-01 2.500000000000000000e-01 2.500000000000000000e-01 2.500000000000000000e-01
2.500000000000000000e-01 2.500000000000000000e-01 2.500000000000000000e-01 2.500000000000000000e-01
6.133769583966471872e-01 2.040569874156650809e-01 3.897390913545256685e-02 1.435921450522351650e-01
2.500000000000000000e-01 2.500000000000000000e-01 2.500000000000000000e-01 2.500000000000000000e-01
9.105815785807151730e-02 7.397600025136302770e-01 8.406645884201702223e-03 1.607751937440964896e-01
1.027697062049471866e-01 1.216311839408618367e-01 1.097544751533926222e-01 6.658446347007983546e-01
2.500000000000000000e-01 2.500000000000000000e-01 2.500000000000000000e-01 2.500000000000000000e-01
2.500000000000000000e-01 2.500000000000000000e-01 2.500000000000000000e-01 2.500000000000000000e-01
3.800590051810467940e-01 1.072483580438959583e-01 3.113478879711942260e-02 4.815578479779378251e-01
2.500000000000000000e-01 2.500000000000000000e-01 2.500000000000000000e-01 2.500000000000000000e-01
2.773618438017865229e-01 1.046207921441485583e-01 5.107684264699143828e-01 1.072489375841505499e-01
2.500000000000000000e-01 2.500000000000000000e-01 2.500000000000000000e-01 2.500000000000000000e-01
2.500000000000000000e-01 2.500000000000000000e-01 2.500000000000000000e-01 2.500000000000000000e-01
2.500000000000000000e-01 2.500000000000000000e-01 2.500000000000000000e-01 2.500000000000000000e-01
4.023360782366682820e-01 1.441297340643758196e-01 2.630075957130389996e-01 1.905265919859169266e-01
1.293637696732762854e-01 1.368441430937294423e-01 1.088656614800149192e-01 6.249264257529794087e-01
2.500000000000000000e-01 2.500000000000000000e-01 2.500000000000000000e-01 2.500000000000000000e-01
8.421061068615376399e-02 2.586042341330978545e-01 1.398256846444108081e-01 5.173594705363375734e-01
2.500000000000000000e-01 2.500000000000000000e-01 2.500000000000000000e-01 2.500000000000000000e-01
7.202816413321154465e-02 2.476788760723119542e-01 3.672606674666193394e-01 3.130322923278570646e-01
8.106813183439202930e-02 5.059772516278414345e-02 4.147885983901801188e-01 4.535455446126436807e-01
2.500000000000000000e-01 2.500000000000000000e-01 2.500000000000000000e-01 2.500000000000000000e-01
2.500000000000000000e-01 2.500000000000000000e-01 2.500000000000000000e-01 2.500000000000000000e-01
3.376646546693651274e-01 3.702045186568362345e-01 1.835161038530628286e-01 1.086147228207358095e-01
2.562604066906518097e-01 2.616861707676441107e-01 4.750782948840763797e-01 6.975127657627755440e-03
8.003997507639940001e-02 4.906575082178903369e-01 1.370702745039622528e-01 2.922322422017479271e-01
2.500000000000000000e-01 2.500000000000000000e-01 2.500000000000000000e-01 2.500000000000000000e-01
3.791781604850552601e-01 3.766897820490817672e-01 2.176663226424746522e-02 2.223654252016155075e-01
3.332290107007308821e-02 1.645636947789962945e-01 4.586448265182634931e-01 3.434685776326671935e-01
2.500000000000000000e-01 2.500000000000000000e-01 2.500000000000000000e-01 2.500000000000000000e-01
2.441529537772297587e-01 6.433506457493921582e-01 1.583373742761318148e-02 9.666266304576490165e-02
2.500000000000000000e-01 2.500000000000000000e-01 2.500000000000000000e-01 2.500000000000000000e-01
2.500000000000000000e-01 2.500000000000000000e-01 2.500000000000000000e-01 2.500000000000000000e-01
2.500000000000000000e-01 2.500000000000000000e-01 2.500000000000000000e-01 2.500000000000000000e-01
2.500000000000000000e-01 2.500000000000000000e-01 2.500000000000000000e-01 2.500000000000000000e-01
8.790415878201349523e-03 5.297814255709260012e-01 1.158344215345846751e-01 3.455937370162879829e-01
2.500000000000000000e-01 2.500000000000000000e-01 2.500000000000000000e-01 2.500000000000000000e-01
2.500000000000000000e-01 2.500000000000000000e-01 2.500000000000000000e-01 2.500000000000000000e-01
2.500000000000000000e-01 2.500000000000000000e-01 2.500000000000000000e-01 2.500000000000000000e-01
2.500000000000000000e-01 2.500000000000000000e-01 2.500000000000000000e-01 2.500000000000000000e-01
2.500000000000000000e-01 2.500000000000000000e-01 2.500000000000000000e-01 2.500000000000000000e-01
2.500000000000000000e-01 2.500000000000000000e-01 2.500000000000000000e-01 2.500000000000000000e-01
2.500000000000000000e-01 2.500000000000000000e-01 2.500000000000000000e-01 2.500000000000000000e-01
9.808471461470619213e-02 1.428957919499559415e-01 3.309633444809845226e-02 7.259231589872394697e-01
1.111356184954166576e-01 3.586541496513505067e-01 2.699491437527882787e-01 2.602610881004446264e-01
2.500000000000000000e-01 2.500000000000000000e-01 2.500000000000000000e-01 2.500000000000000000e-01
2.500000000000000000e-01 2.500000000000000000e-01 2.500000000000000000e-01 2.500000000000000000e-01
2.500000000000000000e-01 2.500000000000000000e-01 2.500000000000000000e-01 2.500000000000000000e-01
2.500000000000000000e-01 2.500000000000000000e-01 2.500000000000000000e-01 2.500000000000000000e-01
2.500000000000000000e-01 2.500000000000000000e-01 2.500000000000000000e-01 2.500000000000000000e-01
6.810803010125112689e-01 4.249311355123757197e-03 2.109304970462827222e-01 1.037398905860822396e-01
2.637005666462206022e-01 2.619304920794592872e-01 4.471958757025417119e-01 2.717306557177839865e-02
5.806106295914728044e-01 3.599136812710031219e-02 7.245800315212495846e-02 3.109399991293019250e-01
2.500000000000000000e-01 2.500000000000000000e-01 2.500000000000000000e-01 2.500000000000000000e-01
2.500000000000000000e-01 2.500000000000000000e-01 2.500000000000000000e-01 2.500000000000000000e-01
2.500000000000000000e-01 2.500000000000000000e-01 2.500000000000000000e-01 2.500000000000000000e-01
2.500000000000000000e-01 2.500000000000000000e-01 2.500000000000000000e-01 2.500000000000000000e-01
2.500000000000000000e-01 2.500000000000000000e-01 2.500000000000000000e-01 2.500000000000000000e-01
2.500000000000000000e-01 2.500000000000000000e-01 2.500000000000000000e-01 2.500000000000000000e-01
2.500000000000000000e-01 2.500000000000000000e-01 2.500000000000000000e-01 2.500000000000000000e-01
5.961887217989814136e-02 4.440540457697529364e-01 1.929061816618427017e-02 4.770364638841646521e-01
2.500000000000000000e-01 2.500000000000000000e-01 2.500000000000000000e-01 2.500000000000000000e-01
2.500000000000000000e-01 2.500000000000000000e-01 2.500000000000000000e-01 2.500000000000000000e-01
2.500000000000000000e-01 2.500000000000000000e-01 2.500000000000000000e-01 2.500000000000000000e-01
2.500000000000000000e-01 2.500000000000000000e-01 2.500000000000000000e-01 2.500000000000000000e-01
3.151426327467628519e-01 2.328757771189024495e-01 2.432901965166163749e-01 2.086913936177183237e-01
2.873052009884209945e-01 8.463823853016667897e-02 6.512980735125666054e-02 5.629267531301556104e-01
2.500000000000000000e-01 2.500000000000000000e-01 2.500000000000000000e-01 2.500000000000000000e-01
2.500000000000000000e-01 2.500000000000000000e-01 2.500000000000000000e-01 2.500000000000000000e-01
2.500000000000000000e-01 2.500000000000000000e-01 2.500000000000000000e-01 2.500000000000000000e-01
4.701605687995263384e-03 7.558697554271813501e-02 6.727955771105469385e-01 2.469158416587397542e-01
2.500000000000000000e-01 2.500000000000000000e-01 2.500000000000000000e-01 2.500000000000000000e-01
2.500000000000000000e-01 2.500000000000000000e-01 2.500000000000000000e-01 2.500000000000000000e-01
2.500000000000000000e-01 2.500000000000000000e-01 2.500000000000000000e-01 2.500000000000000000e-01
2.500000000000000000e-01 2.500000000000000000e-01 2.500000000000000000e-01 2.500000000000000000e-01
7.227315626384209768e-01 1.473606137951093131e-01 7.548451113924506406e-02 5.442331242722464602e-02
2.500000000000000000e-01 2.500000000000000000e-01 2.500000000000000000e-01 2.500000000000000000e-01
1.863576600345829282e-01 2.872056213629009536e-01 9.021066647912523440e-02 4.362260521233908839e-01
2.500000000000000000e-01 2.500000000000000000e-01 2.500000000000000000e-01 2.500000000000000000e-01
6.389170555242838778e-02 1.487706194026079398e-01 5.841067775937858197e-02 7.289269972855850765e-01
2.500000000000000000e-01 2.500000000000000000e-01 2.500000000000000000e-01 2.500000000000000000e-01
2.500000000000000000e-01 2.500000000000000000e-01 2.500000000000000000e-01 2.500000000000000000e-01
3.166321157434851541e-01 3.287938496917819919e-01 1.955174993019299090e-01 1.590565352628029450e-01
3.898119231100121707e-01 5.135042962227207575e-01 8.144404822262818477e-02 1.523973244463888710e-02
2.500000000000000000e-01 2.500000000000000000e-01 2.500000000000000000e-01 2.500000000000000000e-01
2.500000000000000000e-01 2.500000000000000000e-01 2.500000000000000000e-01 2.500000000000000000e-01
2.500000000000000000e-01 2.500000000000000000e-01 2.500000000000000000e-01 2.500000000000000000e-01
2.500000000000000000e-01 2.500000000000000000e-01 2.500000000000000000e-01 2.500000000000000000e-01
2.500000000000000000e-01 2.500000000000000000e-01 2.500000000000000000e-01 2.500000000000000000e-01
2.500000000000000000e-01 2.500000000000000000e-01 2.500000000000000000e-01 2.500000000000000000e-01
2.500000000000000000e-01 2.500000000000000000e-01 2.500000000000000000e-01 2.500000000000000000e-01
2.693572949464674848e-01 6.131183796491697091e-01 5.732101192319616345e-02 6.020331348116669812e-02
8.508503683465758194e-02 4.606007800953101916e-02 7.842117778127224992e-02 7.904337073745391073e-01
2.500000000000000000e-01 2.500000000000000000e-01 2.500000000000000000e-01 2.500000000000000000e-01
2.500000000000000000e-01 2.500000000000000000e-01 2.500000000000000000e-01 2.500000000000000000e-01
2.500000000000000000e-01 2.500000000000000000e-01 2.500000000000000000e-01 2.500000000000000000e-01
2.500000000000000000e-01 2.500000000000000000e-01 2.500000000000000000e-01 2.500000000000000000e-01
2.500000000000000000e-01 2.500000000000000000e-01 2.500000000000000000e-01 2.500000000000000000e-01
4.187819292931577175e-01 1.490040570976486067e-01 3.495922895769335570e-01 8.262172403226009099e-02
2.500000000000000000e-01 2.500000000000000000e-01 2.500000000000000000e-01 2.500000000000000000e-01
2.500000000000000000e-01 2.500000000000000000e-01 2.500000000000000000e-01 2.500000000000000000e-01
3.762411971062402105e-01 3.802056680097382069e-02 9.893206544261162749e-02 4.868061706501743413e-01
2.500000000000000000e-01 2.500000000000000000e-01 2.500000000000000000e-01 2.500000000000000000e-01
2.500000000000000000e-01 2.500000000000000000e-01 2.500000000000000000e-01 2.500000000000000000e-01
3.001586268071571584e-01 1.600559513067781880e-01 3.116767973274516823e-01 2.281086245586129713e-01
2.500000000000000000e-01 2.500000000000000000e-01 2.500000000000000000e-01 2.500000000000000000e-01
2.147899907874643577e-01 4.385276561091758785e-01 1.308006834078637715e-01 2.158816696954959924e-01
2.500000000000000000e-01 2.500000000000000000e-01 2.500000000000000000e-01 2.500000000000000000e-01
1.863926427378432560e-01 4.202913966676259938e-01 3.290361409892453293e-01 6.427981960528536542e-02
4.897761955003764878e-01 2.654559227917029918e-01 8.892812011548995033e-02 1.558397615924305701e-01
2.500000000000000000e-01 2.500000000000000000e-01 2.500000000000000000e-01 2.500000000000000000e-01
4.232195885372433408e-01 3.190195617558324037e-01 1.573656703453574779e-01 1.003951793615667776e-01
2.467735450122929552e-01 2.286612297496203872e-01 5.689041528026844707e-02 4.676748099578181828e-01
2.500000000000000000e-01 2.500000000000000000e-01 2.500000000000000000e-01 2.500000000000000000e-01
1.039122196907845130e-01 5.949140014144355809e-02 3.434328138796109431e-01 4.931635662881609927e-01
5.304683497969640005e-01 1.864756876381077899e-01 1.394743804001676302e-01 1.435815821647605794e-01
2.500000000000000000e-01 2.500000000000000000e-01 2.500000000000000000e-01 2.500000000000000000e-01
2.500000000000000000e-01 2.500000000000000000e-01 2.500000000000000000e-01 2.500000000000000000e-01
2.500000000000000000e-01 2.500000000000000000e-01 2.500000000000000000e-01 2.500000000000000000e-01
2.500000000000000000e-01 2.500000000000000000e-01 2.500000000000000000e-01 2.500000000000000000e-01
2.263379476601117823e-01 4.249104288168367161e-01 2.609509578880835345e-01 8.780066563496796705e-02
2.500000000000000000e-01 2.500000000000000000e-01 2.500000000000000000e-01 2.500000000000000000e-01
2.500000000000000000e-01 2.500000000000000000e-01 2.500000000000000000e-01 2.500000000000000000e-01
2.500000000000000000e-01 2.500000000000000000e-01 2.500000000000000000e-01 2.500000000000000000e-01
6.545900519981380228e-01 1.726266936444839917e-01 1.009894054797721152e-01 7.179384887760587031e-02
2.500000000000000000e-01 2.500000000000000000e-01 2.500000000000000000e-01 2.500000000000000000e-01
1.064878238506588581e-01 2.890555880290847542e-03 2.458873863298575158e-01 6.447342339391928245e-01
2.500000000000000000e-01 2.500000000000000000e-01 2.500000000000000000e-01 2.500000000000000000e-01
3.650123271334129033e-02 1.398408886061474309e-02 1.269518162774301295e-01 8.225628621486138492e-01
2.500000000000000000e-01 2.500000000000000000e-01 2.500000000000000000e-01 2.500000000000000000e-01
3.352229894103898600e-01 3.361939965433093369e-01 9.241036722333412223e-02 2.361726468229666809e-01
2.500000000000000000e-01 2.500000000000000000e-01 2.500000000000000000e-01 2.500000000000000000e-01
2.500000000000000000e-01 2.500000000000000000e-01 2.500000000000000000e-01 2.500000000000000000e-01
2.404488119914782174e-01 5.302370414703488216e-02 4.797641303338196495e-01 2.267633535276672441e-01
2.970521746056557499e-01 1.469675655464912634e-01 1.116307624982604274e-02 5.448171835980268884e-01
1.625336775495407268e-02 6.069900884263658147e-01 1.372374222076911954e-01 2.395191216109888721e-01
2.500000000000000000e-01 2.500000000000000000e-01 2.500000000000000000e-01 2.500000000000000000e-01
4.272921831133583703e-01 1.145123527566602600e-01 2.655100167890496188e-01 1.926854473409317370e-01
2.500000000000000000e-01 2.500000000000000000e-01 2.500000000000000000e-01 2.500000000000000000e-01
2.500000000000000000e-01 2.500000000000000000e-01 2.500000000000000000e-01 2.500000000000000000e-01
2.500000000000000000e-01 2.500000000000000000e-01 2.500000000000000000e-01 2.500000000000000000e-01
2.500000000000000000e-01 2.500000000000000000e-01 2.500000000000000000e-01 2.500000000000000000e-01
2.500000000000000000e-01 2.500000000000000000e-01 2.500000000000000000e-01 2.500000000000000000e-01
2.500000000000000000e-01 2.500000000000000000e-01 2.500000000000000000e-01 2.500000000000000000e-01
2.500000000000000000e-01 2.500000000000000000e-01 2.500000000000000000e-01 2.500000000000000000e-01
2.500000000000000000e-01 2.500000000000000000e-01 2.500000000000000000e-01 2.500000000000000000e-01
2.905653559632752070e-01 4.666346787143760277e-01 1.892911858845478523e-01 5.350877943780096846e-02
1.148794154498860021e-01 5.040897069423152521e-01 2.400263312077931532e-01 1.410045464000055926e-01
2.500000000000000000e-01 2.500000000000000000e-01 2.500000000000000000e-01 2.500000000000000000e-01
2.500000000000000000e-01 2.500000000000000000e-01 2.500000000000000000e-01 2.500000000000000000e-01
1.094724472440597590e-01 1.324325769455987067e-01 4.664632805234070201e-01 2.916316952869344448e-01
2.500000000000000000e-01 2.500000000000000000e-01 2.500000000000000000e-01 2.500000000000000000e-01
2.500000000000000000e-01 2.500000000000000000e-01 2.500000000000000000e-01 2.500000000000000000e-01
2.500000000000000000e-01 2.500000000000000000e-01 2.500000000000000000e-01 2.500000000000000000e-01
2.500000000000000000e-01 2.500000000000000000e-01 2.500000000000000000e-01 2.500000000000000000e-01
2.500000000000000000e-01 2.500000000000000000e-01 2.500000000000000000e-01 2.500000000000000000e-01
3.764912631180280522e-01 2.029289906663540866e-01 3.869432216533447155e-01 3.363652456227317344e-02
7.421365444668287514e-01 7.152514230300981157e-02 1.683133602328901746e-01 1.802495299727124856e-02
4.962372832562935709e-01 1.261294685339653110e-01 6.596839129118506340e-02 3.116648569185560547e-01
3.707929255902671639e-01 5.629711083812852235e-02 6.624092752045726562e-02 5.066690360511469926e-01
2.500000000000000000e-01 2.500000000000000000e-01 2.500000000000000000e-01 2.500000000000000000e-01
2.500000000000000000e-01 2.500000000000000000e-01 2.500000000000000000e-01 2.500000000000000000e-01
2.858310637255021547e-01 1.497334843278344263e-01 9.247971706415789028e-02 4.719557348825055287e-01
6.523277156041710212e-01 6.543952763007036821e-02 9.049531854491561778e-02 1.917374382208429928e-01
2.500000000000000000e-01 2.500000000000000000e-01 2.500000000000000000e-01 2.500000000000000000e-01
2.500000000000000000e-01 2.500000000000000000e-01 2.500000000000000000e-01 2.500000000000000000e-01
2.500000000000000000e-01 2.500000000000000000e-01 2.500000000000000000e-01 2.500000000000000000e-01
2.500000000000000000e-01 2.500000000000000000e-01 2.500000000000000000e-01 2.500000000000000000e-01
3.699621108414094528e-01 1.386462166431042253e-01 3.622094897029732308e-01 1.291821828125130911e-01
2.500000000000000000e-01 2.500000000000000000e-01 2.500000000000000000e-01 2.500000000000000000e-01
2.500000000000000000e-01 2.500000000000000000e-01 2.500000000000000000e-01 2.500000000000000000e-01
2.500000000000000000e-01 2.500000000000000000e-01 2.500000000000000000e-01 2.500000000000000000e-01
2.500000000000000000e-01 2.500000000000000000e-01 2.500000000000000000e-01 2.500000000000000000e-01
2.500000000000000000e-01 2.500000000000000000e-01 2.500000000000000000e-01 2.500000000000000000e-01
2.500000000000000000e-01 2.500000000000000000e-01 2.500000000000000000e-01 2.500000000000000000e-01
2.500000000000000000e-01 2.500000000000000000e-01 2.500000000000000000e-01 2.500000000000000000e-01
7.199862397953127324e-01 3.929124824730416410e-02 7.780332132823127023e-02 1.629191906291518332e-01
2.500000000000000000e-01 2.500000000000000000e-01 2.500000000000000000e-01 2.500000000000000000e-01
2.500000000000000000e-01 2.500000000000000000e-01 2.500000000000000000e-01 2.500000000000000000e-01
2.500000000000000000e-01 2.500000000000000000e-01 2.500000000000000000e-01 2.500000000000000000e-01
2.500000000000000000e-01 2.500000000000000000e-01 2.500000000000000000e-01 2.500000000000000000e-01
1.023223166626186231e-01 3.853294483548653782e-01 2.065391823741729027e-01 3.058090526083431238e-01
4.225139476342148481e-01 2.936720894586379305e-01 2.198037784687106311e-01 6.401018443843664585e-02
2.500000000000000000e-01 2.500000000000000000e-01 2.500000000000000000e-01 2.500000000000000000e-01
2.500000000000000000e-01 2.500000000000000000e-01 2.500000000000000000e-01 2.500000000000000000e-01
1.362881408394950034e-01 3.520051728903756394e-01 7.121979355613816676e-03 5.045847069145155128e-01
2.500000000000000000e-01 2.500000000000000000e-01 2.500000000000000000e-01 2.500000000000000000e-01
2.500000000000000000e-01 2.500000000000000000e-01 2.500000000000000000e-01 2.500000000000000000e-01
1.080563464192839523e-01 1.403830070199321711e-01 5.430600659870105096e-02 6.972546399620828117e-01
2.500000000000000000e-01 2.500000000000000000e-01 2.500000000000000000e-01 2.500000000000000000e-01
2.500000000000000000e-01 2.500000000000000000e-01 2.500000000000000000e-01 2.500000000000000000e-01
2.500000000000000000e-01 2.500000000000000000e-01 2.500000000000000000e-01 2.500000000000000000e-01
2.500000000000000000e-01 2.500000000000000000e-01 2.500000000000000000e-01 2.500000000000000000e-01
4.417684207938389895e-01 2.087956580792623210e-02 2.519001477327753036e-01 2.854518656654594921e-01
2.500000000000000000e-01 2.500000000000000000e-01 2.500000000000000000e-01 2.500000000000000000e-01
2.500000000000000000e-01 2.500000000000000000e-01 2.500000000000000000e-01 2.500000000000000000e-01
2.500000000000000000e-01 2.500000000000000000e-01 2.500000000000000000e-01 2.500000000000000000e-01
2.292398570545141068e-01 4.335277123344086214e-01 4.400706544205046367e-03 3.328317240668722254e-01
2.500000000000000000e-01 2.500000000000000000e-01 2.500000000000000000e-01 2.500000000000000000e-01
3.447308823795837140e-01 1.111426844188861118e-01 3.000044569678125272e-01 2.441219762337176746e-01
5.605885296985358979e-01 1.789387539989776010e-01 8.468489544252513768e-02 1.757878208599613634e-01
2.500000000000000000e-01 2.500000000000000000e-01 2.500000000000000000e-01 2.500000000000000000e-01
1.846341989234689118e-01 3.782130053936780811e-01 2.158829769575016932e-01 2.212698187253513693e-01
2.500000000000000000e-01 2.500000000000000000e-01 2.500000000000000000e-01 2.500000000000000000e-01
3.148298079735351584e-01 2.498382300179296384e-02 1.054522109596670032e-01 5.547341580650049231e-01
2.500000000000000000e-01 2.500000000000000000e-01 2.500000000000000000e-01 2.500000000000000000e-01
2.500000000000000000e-01 2.500000000000000000e-01 2.500000000000000000e-01 2.500000000000000000e-01
1.043751171270718009e-01 3.974416740788240809e-01 2.212047476748148500e-01 2.769784611192892543e-01
3.866907906707318654e-01 1.125999173549676324e-01 4.158576158324520655e-01 8.485167614184840890e-02
2.500000000000000000e-01 2.500000000000000000e-01 2.500000000000000000e-01 2.500000000000000000e-01
2.500000000000000000e-01 2.500000000000000000e-01 2.500000000000000000e-01 2.500000000000000000e-01
2.500000000000000000e-01 2.500000000000000000e-01 2.500000000000000000e-01 2.500000000000000000e-01
2.500000000000000000e-01 2.500000000000000000e-01 2.500000000000000000e-01 2.500000000000000000e-01
8.767005425174320687e-02 5.468189422616024364e-01 1.589174121466105927e-01 2.065935913400437640e-01
1.377817566933278448e-01 4.086135858475811178e-01 2.378119602256894005e-01 2.157926972334016369e-01
2.500000000000000000e-01 2.500000000000000000e-01 2.500000000000000000e-01 2.500000000000000000e-01
2.500000000000000000e-01 2.500000000000000000e-01 2.500000000000000000e-01 2.500000000000000000e-01
2.500000000000000000e-01 2.500000000000000000e-01 2.500000000000000000e-01 2.500000000000000000e-01
6.648021044692562498e-01 5.459889207255062826e-02 5.462418781941126567e-02 2.259748156387818563e-01
2.500000000000000000e-01 2.500000000000000000e-01 2.500000000000000000e-01 2.500000000000000000e-01
2.500000000000000000e-01 2.500000000000000000e-01 2.500000000000000000e-01 2.500000000000000000e-01
9.782406233584300947e-02 2.654212537032553110e-01 1.201470431497398961e-01 5.166076408111617280e-01
2.500000000000000000e-01 2.500000000000000000e-01 2.500000000000000000e-01 2.500000000000000000e-01
2.500000000000000000e-01 2.500000000000000000e-01 2.500000000000000000e-01 2.500000000000000000e-01
1.195602742738114399e-01 4.807640697928528689e-02 5.410173871387079919e-02 7.782615800330324740e-01
2.500000000000000000e-01 2.500000000000000000e-01 2.500000000000000000e-01 2.500000000000000000e-01
3.749699643988350928e-02 2.639361602331861123e-01 2.351222472452308976e-01 4.634445960816994670e-01
2.500000000000000000e-01 2.500000000000000000e-01 2.500000000000000000e-01 2.500000000000000000e-01
2.500000000000000000e-01 2.500000000000000000e-01 2.500000000000000000e-01 2.500000000000000000e-01
8.187190799286023779e-01 7.594940425303985110e-02 6.381215298885913045e-02 4.151936282949864054e-02
2.112485251723308644e-01 9.359452988895893000e-02 5.987111003308338564e-01 9.644584460787644642e-02
3.209143690947605654e-01 8.635995480041494532e-02 4.018756417476851972e-01 1.908500343571393199e-01
2.500000000000000000e-01 2.500000000000000000e-01 2.500000000000000000e-01 2.500000000000000000e-01
2.500000000000000000e-01 2.500000000000000000e-01 2.500000000000000000e-01 2.500000000000000000e-01
2.500000000000000000e-01 2.500000000000000000e-01 2.500000000000000000e-01 2.500000000000000000e-01
3.049051929852347048e-02 2.181780311087740121e-01 3.701108268313226812e-01 3.812206227613799125e-01
2.500000000000000000e-01 2.500000000000000000e-01 2.500000000000000000e-01 2.500000000000000000e-01
5.142044798469603828e-01 7.870877526219638431e-02 3.894032784798607261e-01 1.768346641098250682e-02
6.038716715397376422e-01 1.266962310614151432e-01 2.144478427197955561e-01 5.498425467905165842e-02
4.924631000255486057e-01 1.018046460575730977e-01 3.185223785157740295e-01 8.720987540110425318e-02
1.288011290766115091e-01 1.786891246983489043e-02 2.755033455159180411e-01 5.778266129376354865e-01
1.338614814507538553e-01 2.789617774920937765e-01 4.681979211154386200e-01 1.189788199417136927e-01
2.500000000000000000e-01 2.500000000000000000e-01 2.500000000000000000e-01 2.500000000000000000e-01
2.500000000000000000e-01 2.500000000000000000e-01 2.500000000000000000e-01 2.500000000000000000e-01
2.500000000000000000e-01 2.500000000000000000e-01 2.500000000000000000e-01 2.500000000000000000e-01
2.500000000000000000e-01 2.500000000000000000e-01 2.500000000000000000e-01 2.500000000000000000e-01
6.020966614338080225e-01 1.179242690177217667e-01 3.948225249394868297e-02 2.404968170545215278e-01
1.541057635001340798e-01 5.490263937121516724e-01 9.688091326452985541e-04 2.958990336550689770e-01
1.361994762082175126e-01 5.151122857469270927e-02 5.956460698965586609e-01 2.166432253205311242e-01
2.500000000000000000e-01 2.500000000000000000e-01 2.500000000000000000e-01 2.500000000000000000e-01
2.500000000000000000e-01 2.500000000000000000e-01 2.500000000000000000e-01 2.500000000000000000e-01
2.500000000000000000e-01 2.500000000000000000e-01 2.500000000000000000e-01 2.500000000000000000e-01
2.500000000000000000e-01 2.500000000000000000e-01 2.500000000000000000e-01 2.500000000000000000e-01
6.767797825529899003e-02 5.858881688692453293e-01 4.707946448622191138e-02 2.993543883892337276e-01
2.500000000000000000e-01 2.500000000000000000e-01 2.500000000000000000e-01 2.500000000000000000e-01
2.500000000000000000e-01 2.500000000000000000e-01 2.500000000000000000e-01 2.500000000000000000e-01
2.500000000000000000e-01 2.500000000000000000e-01 2.500000000000000000e-01 2.500000000000000000e-01
2.500000000000000000e-01 2.500000000000000000e-01 2.500000000000000000e-01 2.500000000000000000e-01
1.697043047822493489e-01 5.997395052868879223e-02 6.054297013448459719e-01 1.648920433442158662e-01
2.500000000000000000e-01 2.500000000000000000e-01 2.500000000000000000e-01 2.500000000000000000e-01
2.500000000000000000e-01 2.500000000000000000e-01 2.500000000000000000e-01 2.500000000000000000e-01
2.500000000000000000e-01 2.500000000000000000e-01 2.500000000000000000e-01 2.500000000000000000e-01
5.800833667859879306e-01 2.751085914976684199e-01 1.072636836524489823e-01 3.754435806389466723e-02
2.500000000000000000e-01 2.500000000000000000e-01 2.500000000000000000e-01 2.500000000000000000e-01
2.500000000000000000e-01 2.500000000000000000e-01 2.500000000000000000e-01 2.500000000000000000e-01
2.500000000000000000e-01 2.500000000000000000e-01 2.500000000000000000e-01 2.500000000000000000e-01
2.500000000000000000e-01 2.500000000000000000e-01 2.500000000000000000e-01 2.500000000000000000e-01
2.500000000000000000e-01 2.500000000000000000e-01 2.500000000000000000e-01 2.500000000000000000e-01
3.126920665530641408e-01 5.415872271120560077e-02 9.793282453969941181e-02 5.352163861960308466e-01
2.187368682301525924e-01 1.818517653836944636e-01 3.304751127826857648e-01 2.689362536034671791e-01
2.500000000000000000e-01 2.500000000000000000e-01 2.500000000000000000e-01 2.500000000000000000e-01
2.500000000000000000e-01 2.500000000000000000e-01 2.500000000000000000e-01 2.500000000000000000e-01
1.506821756054995375e-02 5.186440889940140131e-02 9.961245039101192245e-02 8.334549231490366861e-01
2.500000000000000000e-01 2.500000000000000000e-01 2.500000000000000000e-01 2.500000000000000000e-01
2.500000000000000000e-01 2.500000000000000000e-01 2.500000000000000000e-01 2.500000000000000000e-01
2.122457170584637898e-01 4.084942089145370166e-03 5.475142314514496178e-01 2.361551094009411988e-01
2.500000000000000000e-01 2.500000000000000000e-01 2.500000000000000000e-01 2.500000000000000000e-01
1.965932236787022724e-01 3.412535064254114681e-01 5.144883317907250619e-02 4.107044367168137811e-01
2.500000000000000000e-01 2.500000000000000000e-01 2.500000000000000000e-01 2.500000000000000000e-01
2.500000000000000000e-01 2.500000000000000000e-01 2.500000000000000000e-01 2.500000000000000000e-01
2.500000000000000000e-01 2.500000000000000000e-01 2.500000000000000000e-01 2.500000000000000000e-01
3.678006792469740160e-02 1.486129393417270350e-01 1.253959051728071872e-01 6.892110875607684317e-01
2.500000000000000000e-01 2.500000000000000000e-01 2.500000000000000000e-01 2.500000000000000000e-01
2.500000000000000000e-01 2.500000000000000000e-01 2.500000000000000000e-01 2.500000000000000000e-01
2.500000000000000000e-01 2.500000000000000000e-01 2.500000000000000000e-01 2.500000000000000000e-01
2.500000000000000000e-01 2.500000000000000000e-01 2.500000000000000000e-01 2.500000000000000000e-01
2.500000000000000000e-01 2.500000000000000000e-01 2.500000000000000000e-01 2.500000000000000000e-01
2.716946839212151521e-01 1.922733821447144831e-01 4.208798289314272800e-01 1.151521050026430570e-01
2.500000000000000000e-01 2.500000000000000000e-01 2.500000000000000000e-01 2.500000000000000000e-01
2.063468927478776804e-01 1.845372928947359159e-01 4.443220920781046357e-01 1.647937222792817125e-01
1.700073115990279049e-02 1.651680086863614172e-01 8.137210778465905903e-02 7.364591523690767749e-01
2.500000000000000000e-01 2.500000000000000000e-01 2.500000000000000000e-01 2.500000000000000000e-01
2.500000000000000000e-01 2.500000000000000000e-01 2.500000000000000000e-01 2.500000000000000000e-01
2.500000000000000000e-01 2.500000000000000000e-01 2.500000000000000000e-01 2.500000000000000000e-01
2.500000000000000000e-01 2.500000000000000000e-01 2.500000000000000000e-01 2.500000000000000000e-01
1.017876506322366176e-01 7.098265389065488984e-01 2.776847782036317991e-02 1.606173326408512625e-01
2.500000000000000000e-01 2.500000000000000000e-01 2.500000000000000000e-01 2.500000000000000000e-01
2.500000000000000000e-01 2.500000000000000000e-01 2.500000000000000000e-01 2.500000000000000000e-01
2.500000000000000000e-01 2.500000000000000000e-01 2.500000000000000000e-01 2.500000000000000000e-01
2.500000000000000000e-01 2.500000000000000000e-01 2.500000000000000000e-01 2.500000000000000000e-01
2.266062202994532371e-01 1.284979499200742947e-01 1.179048618113781033e-01 5.269909679690943927e-01
2.500000000000000000e-01 2.500000000000000000e-01 2.500000000000000000e-01 2.500000000000000000e-01
1.348102584189981579e-01 1.474100377450049959e-01 9.294923171220309532e-02 6.248304721237937231e-01
1.149707854486813341e-01 5.189318958849801211e-01 2.001266383145300365e-01 1.659706803518085083e-01
2.500000000000000000e-01 2.500000000000000000e-01 2.500000000000000000e-01 2.500000000000000000e-01
2.500000000000000000e-01 2.500000000000000000e-01 2.500000000000000000e-01 2.500000000000000000e-01
1.279417082551853879e-01 4.322514613106875347e-01 8.998068406634712746e-02 3.498261463677798666e-01
1.201916030516749084e-01 1.033016567359966303e-01 2.838320486602497472e-01 4.926746915520787140e-01
7.843860720183826185e-02 1.045415328464564253e-01 3.472899125407905574e-01 4.697299474109147832e-01
3.589338778505194449e-01 5.588492682355646404e-03 2.720886300121193035e-01 3.633889994550055791e-01
5.601638930983733333e-01 9.772173795160475542e-04 3.646432889876053407e-01 7.421560053450526606e-02
2.500000000000000000e-01 2.500000000000000000e-01 2.500000000000000000e-01 2.500000000000000000e-01
6.977102915646957344e-03 1.263416267678598992e-01 2.200083820497642229e-01 6.466728882667289735e-01
8.080959564770703318e-01 1.224288978096513825e-01 2.744774289973439529e-02 4.202740281354389040e-02
3.354684022979648184e-02 1.747694762207267216e-01 1.224460670622774250e-01 6.692376164871993716e-01
2.500000000000000000e-01 2.500000000000000000e-01 2.500000000000000000e-01 2.500000000000000000e-01
2.500000000000000000e-01 2.500000000000000000e-01 2.500000000000000000e-01 2.500000000000000000e-01
2.727405820018175553e-01 1.031088007839359444e-01 5.848554016823952484e-01 3.929521553185127969e-02
2.500000000000000000e-01 2.500000000000000000e-01 2.500000000000000000e-01 2.500000000000000000e-01
3.515064456632247675e-02 3.252503554234285194e-02 4.805528799775287130e-01 4.517714399138059167e-01
2.500000000000000000e-01 2.500000000000000000e-01 2.500000000000000000e-01 2.500000000000000000e-01
2.500000000000000000e-01 2.500000000000000000e-01 2.500000000000000000e-01 2.500000000000000000e-01
2.500000000000000000e-01 2.500000000000000000e-01 2.500000000000000000e-01 2.500000000000000000e-01
2.500000000000000000e-01 2.500000000000000000e-01 2.500000000000000000e-01 2.500000000000000000e-01
2.500000000000000000e-01 2.500000000000000000e-01 2.500000000000000000e-01 2.500000000000000000e-01
5.678393477475841555e-01 1.882641926182209990e-01 8.807326311492716386e-02 1.558231965192676816e-01
2.101052568326516046e-01 3.826484638635543195e-02 1.163129009621396148e-01 6.353169958188533695e-01
6.464696980830542117e-01 2.518889250810338060e-03 1.974460849444831245e-01 1.535653277216523227e-01
2.500000000000000000e-01 2.500000000000000000e-01 2.500000000000000000e-01 2.500000000000000000e-01
2.500000000000000000e-01 2.500000000000000000e-01 2.500000000000000000e-01 2.500000000000000000e-01
2.500000000000000000e-01 2.500000000000000000e-01 2.500000000000000000e-01 2.500000000000000000e-01
2.500000000000000000e-01 2.500000000000000000e-01 2.500000000000000000e-01 2.500000000000000000e-01
2.500000000000000000e-01 2.500000000000000000e-01 2.500000000000000000e-01 2.500000000000000000e-01
2.500000000000000000e-01 2.500000000000000000e-01 2.500000000000000000e-01 2.500000000000000000e-01
2.500000000000000000e-01 2.500000000000000000e-01 2.500000000000000000e-01 2.500000000000000000e-01
2.500000000000000000e-01 2.500000000000000000e-01 2.500000000000000000e-01 2.500000000000000000e-01
7.688139238280311538e-02 6.571746377071718825e-01 3.256486136326508518e-02 2.333791085467599169e-01
2.500000000000000000e-01 2.500000000000000000e-01 2.500000000000000000e-01 2.500000000000000000e-01
2.500000000000000000e-01 2.500000000000000000e-01 2.500000000000000000e-01 2.500000000000000000e-01
2.500000000000000000e-01 2.500000000000000000e-01 2.500000000000000000e-01 2.500000000000000000e-01
3.119327786400142299e-01 1.653149611130581009e-01 2.312901540846323822e-01 2.914621061622952869e-01
1.106596839765051354e-01 6.379585380580756748e-01 1.033716850224235539e-01 1.480100929429956358e-01
2.500000000000000000e-01 2.500000000000000000e-01 2.500000000000000000e-01 2.500000000000000000e-01
4.937355566606052015e-01 2.104296233758629342e-01 2.540834234700735106e-01 4.175139649345838144e-02
