2.500000000000000000e-01 2.500000000000000000e-01 2.500000000000000000e-01 2.500000000000000000e-01
2.500000000000000000e-01 2.500000000000000000e-01 2.500000000000000000e-01 2.500000000000000000e-01
2.500000000000000000e-01 2.500000000000000000e-01 2.500000000000000000e-01 2.500000000000000000e-01
2.500000000000000000e-01 2.500000000000000000e-01 2.500000000000000000e-01 2.500000000000000000e-01
2.500000000000000000e-01 2.500000000000000000e-01 2.500000000000000000e-01 2.500000000000000000e-01
2.500000000000000000e-01 2.500000000000000000e-01 2.500000000000000000e-01 2.500000000000000000e-01
2.500000000000000000e-01 2.500000000000000000e-01 2.500000000000000000e-01 2.500000000000000000e-01
2.500000000000000000e-01 2.500000000000000000e-01 2.500000000000000000e-01 2.500000000000000000e-01
2.500000000000000000e-01 2.500000000000000000e-01 2.500000000000000000e-01 2.500000000000000000e-01
5.527753883387271916e-01 1.390346982747716342e-01 1.488798227785961825e-02 2.933019311086415559e-01
2.500000000000000000e-01 2.500000000000000000e-01 2.500000000000000000e-01 2.500000000000000000e-01
2.500000000000000000e-01 2.500000000000000000e-01 2.500000000000000000e-01 2.500000000000000000e-01
2.121932955360430195e-01 1.296553998900685511e-01 1.211921282513831744e-01 5.369591763225052272e-01
2.500000000000000000e-01 2.500000000000000000e-01 2.500000000000000000e-01 2.500000000000000000e-01
2.500000000000000000e-01 2.500000000000000000e-01 2.500000000000000000e-01 2.500000000000000000e-01
2.500000000000000000e-01 2.500000000000000000e-01 2.500000000000000000e-01 2.500000000000000000e-01
2.500000000000000000e-01 2.500000000000000000e-01 2.500000000000000000e-01 2.500000000000000000e-01
2.500000000000000000e-01 2.500000000000000000e-01 2.500000000000000000e-01 2.500000000000000000e-01
2.500000000000000000e-01 2.500000000000000000e-01 2.500000000000000000e-01 2.500000000000000000e-01
2.500000000000000000e-01 2.500000000000000000e-01 2.500000000000000000e-01 2.500000000000000000e-01
4.548110019582563557e-01 1.034194997550511308e-01 2.534990341327026941e-01 1.882704641539897916e-01
2.500000000000000000e-01 2.500000000000000000e-01 2.500000000000000000e-01 2.500000000000000000e-01
2.500000000000000000e-01 2.500000000000000000e-01 2.500000000000000000e-01 2.500000000000000000e-01
2.500000000000000000e-01 2.500000000000000000e-01 2.500000000000000000e-01 2.500000000000000000e-01
2.500000000000000000e-01 2.500000000000000000e-01 2.500000000000000000e-01 2.500000000000000000e-01
2.958448032237683822e-01 3.072449295362093546e-01 3.635451192461786052e-02 3.605557553154044026e-01
2.500000000000000000e-01 2.500000000000000000e-01 2.500000000000000000e-01 2.500000000000000000e-01
2.500000000000000000e-01 2.500000000000000000e-01 2.500000000000000000e-01 2.500000000000000000e-01
2.500000000000000000e-01 2.500000000000000000e-01 2.500000000000000000e-01 2.500000000000000000e-01
2.500000000000000000e-01 2.500000000000000000e-01 2.500000000000000000e-01 2.500000000000000000e-01
2.500000000000000000e-01 2.500000000000000000e-01 2.500000000000000000e-01 2.500000000000000000e-01
2.500000000000000000e-01 2.500000000000000000e-01 2.500000000000000000e-01 2.500000000000000000e-01
2.500000000000000000e-01 2.500000000000000000e-01 2.500000000000000000e-01 2.500000000000000000e-01
2.500000000000000000e-01 2.500000000000000000e-01 2.500000000000000000e-01 2.500000000000000000e-01
4.968697281322271286e-01 1.502865995379361608e-01 3.329684519232047335e-01 1.987522040663197709e-02
2.560368808775435601e-01 2.860728991591484638e-01 2.862848942876978775e-01 1.716053256756100986e-01
3.335879606715725504e-02 3.722950810748344441e-01 2.690338196465833498e-01 3.253123032114249025e-01
2.500000000000000000e-01 2.500000000000000000e-01 2.500000000000000000e-01 2.500000000000000000e-01
1.467948628866113381e-01 6.326774969616999478e-01 4.941371601679234171e-02 1.711139241348963724e-01
1.126171779178955640e-01 5.869329582489967168e-01 4.140865008496585897e-02 2.590412137481418187e-01
5.676753108843769074e-02 2.739730808594782047e-02 5.319056448931174241e-01 3.839295159324970230e-01
2.500000000000000000e-01 2.500000000000000000e-01 2.500000000000000000e-01 2.500000000000000000e-01
2.500000000000000000e-01 2.500000000000000000e-01 2.500000000000000000e-01 2.500000000000000000e-01
2.500000000000000000e-01 2.500000000000000000e-01 2.500000000000000000e-01 2.500000000000000000e-01
2.500000000000000000e-01 2.500000000000000000e-01 2.500000000000000000e-01 2.500000000000000000e-01
2.500000000000000000e-01 2.500000000000000000e-01 2.500000000000000000e-01 2.500000000000000000e-01
2.500000000000000000e-01 2.500000000000000000e-01 2.500000000000000000e-01 2.500000000000000000e-01
2.375265603376126300e-01 1.789331076617390048e-01 4.581843566656404465e-02 5.377218963340842928e-01
2.500000000000000000e-01 2.500000000000000000e-01 2.500000000000000000e-01 2.500000000000000000e-01
2.500000000000000000e-01 2.500000000000000000e-01 2.500000000000000000e-01 2.500000000000000000e-01
2.657476452671956313e-01 1.422485964564104699e-01 1.816426154173590990e-01 4.103611428590347998e-01
2.500000000000000000e-01 2.500000000000000000e-01 2.500000000000000000e-01 2.500000000000000000e-01
1.697905503344425138e-01 1.093148092849814818e-01 3.460366783550056224e-01 3.748579620255703682e-01
6.425446570611315078e-02 5.669381256073707798e-02 4.780589342369895300e-02 8.312458283094508182e-01
4.657974044065165131e-01 8.774442856464637411e-03 1.577528571098699983e-01 3.676752956271488459e-01
2.500000000000000000e-01 2.500000000000000000e-01 2.500000000000000000e-01 2.500000000000000000e-01
2.612399850626856979e-01 4.591706632778140840e-01 1.672707161734637848e-01 1.123186354860364333e-01
2.500000000000000000e-01 2.500000000000000000e-01 2.500000000000000000e-01 2.500000000000000000e-01
2.882803413812659032e-01 9.236768552987435765e-02 5.628041835628432021e-02 5.630715547325754189e-01
2.500000000000000000e-01 2.500000000000000000e-01 2.500000000000000000e-01 2.500000000000000000e-01
1.758814147086863455e-01 2.263051881985063130e-01 4.741388975758704660e-01 1.236744995169368200e-01
2.584164900540229515e-01 1.192925952667451550e-01 4.572108242586561122e-01 1.650800904205757536e-01
2.500000000000000000e-01 2.500000000000000000e-01 2.500000000000000000e-01 2.500000000000000000e-01
2.500000000000000000e-01 2.500000000000000000e-01 2.500000000000000000e-01 2.500000000000000000e-01
2.500000000000000000e-01 2.500000000000000000e-01 2.500000000000000000e-01 2.500000000000000000e-01
4.545741052424364104e-01 3.203474546722003269e-01 1.275809921254001389e-01 9.749744795996312385e-02
2.500000000000000000e-01 2.500000000000000000e-01 2.500000000000000000e-01 2.500000000000000000e-01
2.500000000000000000e-01 2.500000000000000000e-01 2.500000000000000000e-01 2.500000000000000000e-01
2.500000000000000000e-01 2.500000000000000000e-01 2.500000000000000000e-01 2.500000000000000000e-01
3.590670939211664803e-01 3.389854533072635401e-01 9.545710414401314958e-02 2.064903486275568301e-01
6.251306845929469613e-01 2.976334439856162528e-01 2.192085695905704457e-02 5.531501446237974129e-02
2.672848019828845123e-01 1.120317724916028712e-01 4.614178399046556245e-02 5.745416415350470540e-01
2.804227635168093924e-01 4.742022367643576874e-01 2.312695990541060453e-01 1.410540066472681930e-02
2.500000000000000000e-01 2.500000000000000000e-01 2.500000000000000000e-01 2.500000000000000000e-01
8.899529637718665842e-02 2.371032180154761249e-03 1.075911255675176120e-01 8.010425458751410099e-01
3.551660257994386227e-01 7.678998161842134906e-02 1.793453004128005845e-01 3.886986921693394437e-01
2.500000000000000000e-01 2.500000000000000000e-01 2.500000000000000000e-01 2.500000000000000000e-01
2.500000000000000000e-01 2.500000000000000000e-01 2.500000000000000000e-01 2.500000000000000000e-01
2.500000000000000000e-01 2.500000000000000000e-01 2.500000000000000000e-01 2.500000000000000000e-01
6.502374617638743137e-01 1.332935986846912058e-01 5.984909896147855290e-02 1.566198405899559276e-01
2.500000000000000000e-01 2.500000000000000000e-01 2.500000000000000000e-01 2.500000000000000000e-01
2.500000000000000000e-01 2.500000000000000000e-01 2.500000000000000000e-01 2.500000000000000000e-01
2.500000000000000000e-01 2.500000000000000000e-01 2.500000000000000000e-01 2.500000000000000000e-01
2.500000000000000000e-01 2.500000000000000000e-01 2.500000000000000000e-01 2.500000000000000000e-01
2.500000000000000000e-01 2.500000000000000000e-01 2.500000000000000000e-01 2.500000000000000000e-01
2.500000000000000000e-01 2.500000000000000000e-01 2.500000000000000000e-01 2.500000000000000000e-01
1.511055983157748028e-01 3.524106526768731595e-01 6.783914187071266033e-02 4.286446071366393773e-01
2.500000000000000000e-01 2.500000000000000000e-01 2.500000000000000000e-01 2.500000000000000000e-01
2.500000000000000000e-01 2.500000000000000000e-01 2.500000000000000000e-01 2.500000000000000000e-01
2.500000000000000000e-01 2.500000000000000000e-01 2.500000000000000000e-01 2.500000000000000000e-01
2.500000000000000000e-01 2.500000000000000000e-01 2.500000000000000000e-01 2.500000000000000000e-01
2.500000000000000000e-01 2.500000000000000000e-01 2.500000000000000000e-01 2.500000000000000000e-01
2.500000000000000000e-01 2.500000000000000000e-01 2.500000000000000000e-01 2.500000000000000000e-01
1.923301603574216478e-01 2.780011435191525049e-01 4.396380646158806194e-01 9.003063150754522792e-02
6.639203687557349021e-02 3.023837150664294704e-01 1.659367982028592259e-02 6.146305682377111168e-01
2.500000000000000000e-01 2.500000000000000000e-01 2.500000000000000000e-01 2.500000000000000000e-01
2.500000000000000000e-01 2.500000000000000000e-01 2.500000000000000000e-01 2.500000000000000000e-01
2.500000000000000000e-01 2.500000000000000000e-01 2.500000000000000000e-01 2.500000000000000000e-01
2.500000000000000000e-01 2.500000000000000000e-01 2.500000000000000000e-01 2.500000000000000000e-01
7.285615836302860027e-01 3.573503880481625206e-02 1.387267328061114191e-01 9.697664475878631229e-02
3.070097803075986231e-01 6.133657335094727658e-02 5.362923344763365074e-02 5.780244128938204495e-01
1.245301989605451798e-02 1.004885533897271754e-01 5.395480926861159210e-01 3.475103340281023301e-01
2.500000000000000000e-01 2.500000000000000000e-01 2.500000000000000000e-01 2.500000000000000000e-01
1.226055778126137336e-01 7.084945052235677165e-01 3.149948834599936021e-02 1.374004286178192036e-01
2.500000000000000000e-01 2.500000000000000000e-01 2.500000000000000000e-01 2.500000000000000000e-01
5.851303478587955263e-03 3.864878690258991001e-01 1.879028071994859883e-01 4.197580202960269347e-01
2.929964553433079821e-01 3.417029187233324716e-01 2.292518941178383063e-01 1.360487318155212955e-01
2.500000000000000000e-01 2.500000000000000000e-01 2.500000000000000000e-01 2.500000000000000000e-01
2.500000000000000000e-01 2.500000000000000000e-01 2.500000000000000000e-01 2.500000000000000000e-01
2.500000000000000000e-01 2.500000000000000000e-01 2.500000000000000000e-01 2.500000000000000000e-01
1.589357337587372077e-01 1.170569905929585985e-01 7.996203429939008345e-02 6.440452413489141659e-01
2.500000000000000000e-01 2.500000000000000000e-01 2.500000000000000000e-01 2.500000000000000000e-01
2.500000000000000000e-01 2.500000000000000000e-01 2.500000000000000000e-01 2.500000000000000000e-01
4.182661055156891017e-01 1.011898373881235658e-01 4.094437054639511464e-01 7.110035163223615839e-02
2.500000000000000000e-01 2.500000000000000000e-01 2.500000000000000000e-01 2.500000000000000000e-01
2.500000000000000000e-01 2.500000000000000000e-01 2.500000000000000000e-01 2.500000000000000000e-01
2.500000000000000000e-01 2.500000000000000000e-01 2.500000000000000000e-01 2.500000000000000000e-01
2.500000000000000000e-01 2.500000000000000000e-01 2.500000000000000000e-01 2.500000000000000000e-01
2.500000000000000000e-01 2.500000000000000000e-01 2.500000000000000000e-01 2.500000000000000000e-01
2.500000000000000000e-01 2.500000000000000000e-01 2.500000000000000000e-01 2.500000000000000000e-01
2.500000000000000000e-01 2.500000000000000000e-01 2.500000000000000000e-01 2.500000000000000000e-01
2.500000000000000000e-01 2.500000000000000000e-01 2.500000000000000000e-01 2.500000000000000000e-01
3.082776787402483065e-01 5.377571527829043685e-01 1.406384063137843254e-01 1.332676216306299954e-02
2.540889425182126307e-02 2.025237401917874824e-01 1.441939165998820660e-01 6.278734489565092058e-01
1.552563616807931257e-01 6.713294287924569115e-02 3.576329224667378903e-01 4.199777729732232512e-01
7.160625870257008030e-01 2.372375668029014506e-01 4.459304670376082469e-02 2.106799467636921719e-03
2.500000000000000000e-01 2.500000000000000000e-01 2.500000000000000000e-01 2.500000000000000000e-01
5.467066657656259876e-01 1.439267565951763417e-01 4.364767763826798985e-02 2.657189000009296809e-01
9.251003100345051022e-02 1.487140121651469027e-01 1.601740777876796695e-01 5.986018790437228621e-01
2.500000000000000000e-01 2.500000000000000000e-01 2.500000000000000000e-01 2.500000000000000000e-01
2.500000000000000000e-01 2.500000000000000000e-01 2.500000000000000000e-01 2.500000000000000000e-01
2.500000000000000000e-01 2.500000000000000000e-01 2.500000000000000000e-01 2.500000000000000000e-01
2.005916117680340005e-01 2.528894429434340799e-02 1.944258109920783961e-01 5.796936329455442127e-01
2.500000000000000000e-01 2.500000000000000000e-01 2.500000000000000000e-01 2.500000000000000000e-01
2.500000000000000000e-01 2.500000000000000000e-01 2.500000000000000000e-01 2.500000000000000000e-01
1.076135103658033415e-01 4.596406358247981383e-01 1.083676499436704854e-01 3.243782038657280209e-01
2.500000000000000000e-01 2.500000000000000000e-01 2.500000000000000000e-01 2.500000000000000000e-01
2.500000000000000000e-01 2.500000000000000000e-01 2.500000000000000000e-01 2.500000000000000000e-01
2.500000000000000000e-01 2.500000000000000000e-01 2.500000000000000000e-01 2.500000000000000000e-01
2.500000000000000000e-01 2.500000000000000000e-01 2.500000000000000000e-01 2.500000000000000000e-01
6.225839396961057037e-01 2.230347019790391572e-01 3.767389163547987807e-02 1.167074666893752610e-01
2.500000000000000000e-01 2.500000000000000000e-01 2.500000000000000000e-01 2.500000000000000000e-01
2.500000000000000000e-01 2.500000000000000000e-01 2.500000000000000000e-01 2.500000000000000000e-01
2.500000000000000000e-01 2.500000000000000000e-01 2.500000000000000000e-01 2.500000000000000000e-01
3.309479374982856048e-01 8.686591488328779254e-02 4.274253239991529507e-02 5.394436152185113631e-01
2.500000000000000000e-01 2.500000000000000000e-01 2.500000000000000000e-01 2.500000000000000000e-01
7.310047383834350487e-02 5.722394547497692274e-01 1.314257971277775772e-01 2.232342742841096905e-01
2.500000000000000000e-01 2.500000000000000000e-01 2.500000000000000000e-01 2.500000000000000000e-01
2.862359145302401098e-01 3.015943146905269989e-01 1.967780066237664327e-01 2.153917641554664586e-01
2.500000000000000000e-01 2.500000000000000000e-01 2.500000000000000000e-01 2.500000000000000000e-01
2.500000000000000000e-01 2.500000000000000000e-01 2.500000000000000000e-01 2.500000000000000000e-01
2.500000000000000000e-01 2.500000000000000000e-01 2.500000000000000000e-01 2.500000000000000000e-01
1.205825041124786723e-01 5.934930643759189772e-01 1.400700262543860264e-01 1.458544052572163796e-01
6.250879904887882699e-01 1.737515473043741432e-01 1.983222908922221972e-01 2.838171314615389740e-03
2.500000000000000000e-01 2.500000000000000000e-01 2.500000000000000000e-01 2.500000000000000000e-01
4.332609973378707680e-01 2.354397313905996214e-01 1.307251228939356469e-01 2.005741483775939638e-01
2.500000000000000000e-01 2.500000000000000000e-01 2.500000000000000000e-01 2.500000000000000000e-01
1.468873053767394410e-01 5.228836590019282637e-02 4.294661919186960608e-01 3.713581368043716857e-01
2.500000000000000000e-01 2.500000000000000000e-01 2.500000000000000000e-01 2.500000000000000000e-01
4.950992365503937287e-01 3.509300648909759457e-01 1.118570225285279718e-01 4.211367603010235383e-02
2.500000000000000000e-01 2.500000000000000000e-01 2.500000000000000000e-01 2.500000000000000000e-01
2.500000000000000000e-01 2.500000000000000000e-01 2.500000000000000000e-01 2.500000000000000000e-01
2.500000000000000000e-01 2.500000000000000000e-01 2.500000000000000000e-01 2.500000000000000000e-01
2.500000000000000000e-01 2.500000000000000000e-01 2.500000000000000000e-01 2.500000000000000000e-01
2.500000000000000000e-01 2.500000000000000000e-01 2.500000000000000000e-01 2.500000000000000000e-01
2.500000000000000000e-01 2.500000000000000000e-01 2.500000000000000000e-01 2.500000000000000000e-01
2.500000000000000000e-01 2.500000000000000000e-01 2.500000000000000000e-01 2.500000000000000000e-01
2.500000000000000000e-01 2.500000000000000000e-01 2.500000000000000000e-01 2.500000000000000000e-01
2.500000000000000000e-01 2.500000000000000000e-01 2.500000000000000000e-01 2.500000000000000000e-01
2.500000000000000000e-01 2.500000000000000000e-01 2.500000000000000000e-01 2.500000000000000000e-01
2.500000000000000000e-01 2.500000000000000000e-01 2.500000000000000000e-01 2.500000000000000000e-01
2.500000000000000000e-01 2.500000000000000000e-01 2.500000000000000000e-01 2.500000000000000000e-01
1.437833820708800114e-01 2.709556711123009207e-02 6.831482356175229143e-01 1.459728152003670065e-01
1.461643311881004326e-01 1.374787102347980183e-01 4.633283210001760133e-01 2.530286375769255081e-01
1.711110491885445284e-01 2.145367515705431660e-01 3.689755322953405248e-01 2.453766669455717531e-01
2.500000000000000000e-01 2.500000000000000000e-01 2.500000000000000000e-01 2.500000000000000000e-01
2.500000000000000000e-01 2.500000000000000000e-01 2.500000000000000000e-01 2.500000000000000000e-01
1.983673213446037198e-01 9.790489956396534327e-03 6.885947116641499832e-01 1.032474770348497106e-01
5.515673494538708699e-01 1.150579543937537558e-01 9.100494834075281703e-03 3.242742013183000926e-01
7.316325436234352719e-02 5.454182949449026818e-01 4.311387206054750898e-02 3.383045786322063098e-01
3.911217144059932205e-02 3.846378155954506828e-01 2.595098244279487321e-01 3.167401885360012770e-01
2.500000000000000000e-01 2.500000000000000000e-01 2.500000000000000000e-01 2.500000000000000000e-01
2.500000000000000000e-01 2.500000000000000000e-01 2.500000000000000000e-01 2.500000000000000000e-01
2.500000000000000000e-01 2.500000000000000000e-01 2.500000000000000000e-01 2.500000000000000000e-01
2.982005438213666815e-01 1.779082807731164062e-01 2.619508156294411139e-01 2.619403597760758262e-01
2.500000000000000000e-01 2.500000000000000000e-01 2.500000000000000000e-01 2.500000000000000000e-01
4.195025496665275577e-01 3.482359347937118432e-01 3.967527168514561886e-02 1.925862438546149802e-01
2.500000000000000000e-01 2.500000000000000000e-01 2.500000000000000000e-01 2.500000000000000000e-01
2.500000000000000000e-01 2.500000000000000000e-01 2.500000000000000000e-01 2.500000000000000000e-01
2.500000000000000000e-01 2.500000000000000000e-01 2.500000000000000000e-01 2.500000000000000000e-01
2.458308742855344897e-01 7.469543408930712225e-02 5.392160477070577773e-01 1.402576439181005552e-01
2.500000000000000000e-01 2.500000000000000000e-01 2.500000000000000000e-01 2.500000000000000000e-01
2.610082913408681149e-01 7.217850112628567683e-01 1.790877609354590838e-03 1.541581978692052601e-02
2.500000000000000000e-01 2.500000000000000000e-01 2.500000000000000000e-01 2.500000000000000000e-01
2.696153981352235607e-01 5.188705785149377164e-02 2.306858186239876818e-01 4.478117253892949789e-01
1.053819860664043373e-01 5.063383288088665335e-01 1.900576559366018436e-01 1.982220291881272856e-01
2.500000000000000000e-01 2.500000000000000000e-01 2.500000000000000000e-01 2.500000000000000000e-01
2.500000000000000000e-01 2.500000000000000000e-01 2.500000000000000000e-01 2.500000000000000000e-01
2.500000000000000000e-01 2.500000000000000000e-01 2.500000000000000000e-01 2.500000000000000000e-01
2.500000000000000000e-01 2.500000000000000000e-01 2.500000000000000000e-01 2.500000000000000000e-01
4.542133895536945576e-02 1.304880765884078864e-01 5.474915237177613303e-01 2.765990607384612998e-01
2.500000000000000000e-01 2.500000000000000000e-01 2.500000000000000000e-01 2.500000000000000000e-01
2.500000000000000000e-01 2.500000000000000000e-01 2.500000000000000000e-01 2.500000000000000000e-01
2.500000000000000000e-01 2.500000000000000000e-01 2.500000000000000000e-01 2.500000000000000000e-01
2.500000000000000000e-01 2.500000000000000000e-01 2.500000000000000000e-01 2.500000000000000000e-01
2.500000000000000000e-01 2.500000000000000000e-01 2.500000000000000000e-01 2.500000000000000000e-01
2.500000000000000000e-01 2.500000000000000000e-01 2.500000000000000000e-01 2.500000000000000000e-01
2.500000000000000000e-01 2.500000000000000000e-01 2.500000000000000000e-01 2.500000000000000000e-01
2.500000000000000000e-01 2.500000000000000000e-01 2.500000000000000000e-01 2.500000000000000000e-01
2.500000000000000000e-01 2.500000000000000000e-01 2.500000000000000000e-01 2.500000000000000000e-01
2.500000000000000000e-01 2.500000000000000000e-01 2.500000000000000000e-01 2.500000000000000000e-01
2.500000000000000000e-01 2.500000000000000000e-01 2.500000000000000000e-01 2.500000000000000000e-01
2.500000000000000000e-01 2.500000000000000000e-01 2.500000000000000000e-01 2.500000000000000000e-01
2.500000000000000000e-01 2.500000000000000000e-01 2.500000000000000000e-01 2.500000000000000000e-01
2.500000000000000000e-01 2.500000000000000000e-01 2.500000000000000000e-01 2.500000000000000000e-01
2.500000000000000000e-01 2.500000000000000000e-01 2.500000000000000000e-01 2.500000000000000000e-01
2.500000000000000000e-01 2.500000000000000000e-01 2.500000000000000000e-01 2.500000000000000000e-01
2.500000000000000000e-01 2.500000000000000000e-01 2.500000000000000000e-01 2.500000000000000000e-01
4.920306946980522733e-01 1.862586598144763406e-01 3.145395942996576100e-01 7.171051187813803907e-03
2.500000000000000000e-01 2.500000000000000000e-01 2.500000000000000000e-01 2.500000000000000000e-01
8.035254425298428427e-02 2.252170029097090576e-01 4.768738563657396456e-01 2.175565964715671097e-01
4.711863927910344141e-01 1.689165966918200479e-01 2.966248374007145472e-01 6.327217311643101860e-02
2.500000000000000000e-01 2.500000000000000000e-01 2.500000000000000000e-01 2.500000000000000000e-01
2.500000000000000000e-01 2.500000000000000000e-01 2.500000000000000000e-01 2.500000000000000000e-01
2.500000000000000000e-01 2.500000000000000000e-01 2.500000000000000000e-01 2.500000000000000000e-01
3.449270116592458857e-01 2.422891429711609146e-01 5.974520644995678920e-03 4.068093247245975208e-01
6.808092761739560350e-01 2.486610774105068450e-02 1.663787461405632495e-01 1.279458699444300240e-01
2.500000000000000000e-01 2.500000000000000000e-01 2.500000000000000000e-01 2.500000000000000000e-01
6.143353824443643640e-01 9.099725876430568572e-02 2.470737456755960904e-01 4.759361311573384601e-02
2.500000000000000000e-01 2.500000000000000000e-01 2.500000000000000000e-01 2.500000000000000000e-01
2.500000000000000000e-01 2.500000000000000000e-01 2.500000000000000000e-01 2.500000000000000000e-01
2.500000000000000000e-01 2.500000000000000000e-01 2.500000000000000000e-01 2.500000000000000000e-01
3.024176481669495486e-01 1.177757220947779765e-01 2.988088200377032877e-02 5.499257477345020906e-01
2.500000000000000000e-01 2.500000000000000000e-01 2.500000000000000000e-01 2.500000000000000000e-01
2.500000000000000000e-01 2.500000000000000000e-01 2.500000000000000000e-01 2.500000000000000000e-01
4.852202289227726117e-01 2.352722817741981221e-01 1.057391449407940609e-01 1.737683443622352053e-01
2.500000000000000000e-01 2.500000000000000000e-01 2.500000000000000000e-01 2.500000000000000000e-01
2.500000000000000000e-01 2.500000000000000000e-01 2.500000000000000000e-01 2.500000000000000000e-01
2.500000000000000000e-01 2.500000000000000000e-01 2.500000000000000000e-01 2.500000000000000000e-01
2.500000000000000000e-01 2.500000000000000000e-01 2.500000000000000000e-01 2.500000000000000000e-01
3.788085423118603967e-01 4.331022089304504830e-01 1.381671792687299005e-01 4.992206948895916430e-02
7.675861677580425591e-01 1.123209473545699888e-01 3.976344261481257192e-02 8.032944227257488023e-02
2.500000000000000000e-01 2.500000000000000000e-01 2.500000000000000000e-01 2.500000000000000000e-01
4.171063827421351844e-01 2.116689453237249885e-01 3.377972743890956253e-01 3.342739754504414629e-02
2.969806396578396068e-01 7.161553512480485495e-02 4.368784899617232653e-02 5.877159762211832117e-01
2.500000000000000000e-01 2.500000000000000000e-01 2.500000000000000000e-01 2.500000000000000000e-01
2.500000000000000000e-01 2.500000000000000000e-01 2.500000000000000000e-01 2.500000000000000000e-01
2.500000000000000000e-01 2.500000000000000000e-01 2.500000000000000000e-01 2.500000000000000000e-01
2.500000000000000000e-01 2.500000000000000000e-01 2.500000000000000000e-01 2.500000000000000000e-01
2.500000000000000000e-01 2.500000000000000000e-01 2.500000000000000000e-01 2.500000000000000000e-01
2.170748946371414967e-01 6.182338265760488338e-02 6.350647955478728734e-01 8.603692715738073260e-02
5.691973168220546553e-01 2.812494727192331179e-01 6.179614070859967834e-02 8.775706975011254851e-02
2.500000000000000000e-01 2.500000000000000000e-01 2.500000000000000000e-01 2.500000000000000000e-01
2.500000000000000000e-01 2.500000000000000000e-01 2.500000000000000000e-01 2.500000000000000000e-01
3.143371110271116486e-01 4.496578451286491890e-02 1.507068939133142660e-01 4.899902105467091595e-01
2.285844553842710236e-01 5.352639412842505884e-01 1.577484189801342529e-01 7.840318435134413511e-02
2.500000000000000000e-01 2.500000000000000000e-01 2.500000000000000000e-01 2.500000000000000000e-01
2.500000000000000000e-01 2.500000000000000000e-01 2.500000000000000000e-01 2.500000000000000000e-01
5.864201384327966116e-01 6.303027510235442721e-02 1.332415920102793527e-01 2.173079944545696085e-01
2.550061690373725543e-01 4.229921338965621502e-01 2.613335595690676194e-01 6.066813749699767611e-02
2.500000000000000000e-01 2.500000000000000000e-01 2.500000000000000000e-01 2.500000000000000000e-01
1.310500903780653925e-01 5.570759263646360426e-02 1.265765409453413481e-01 6.866657760401296828e-01
4.669181863864827475e-01 1.885421473049708405e-02 8.561852254925439443e-02 4.286090763337657705e-01
3.140165612037579823e-01 3.644301555421134986e-01 8.515698071664540292e-02 2.363963025374831162e-01
2.500000000000000000e-01 2.500000000000000000e-01 2.500000000000000000e-01 2.500000000000000000e-01
2.500000000000000000e-01 2.500000000000000000e-01 2.500000000000000000e-01 2.500000000000000000e-01
2.500000000000000000e-01 2.500000000000000000e-01 2.500000000000000000e-01 2.500000000000000000e-01
2.500000000000000000e-01 2.500000000000000000e-01 2.500000000000000000e-01 2.500000000000000000e-01
6.629280004950363070e-01 4.908076975057093505e-02 2.734092594359286421e-01 1.458197031846408809e-02
7.634819465864069177e-02 1.128113576730680467e-01 1.258185742238915328e-02 7.982585902459020666e-01
2.500000000000000000e-01 2.500000000000000000e-01 2.500000000000000000e-01 2.500000000000000000e-01
2.500000000000000000e-01 2.500000000000000000e-01 2.500000000000000000e-01 2.500000000000000000e-01
2.768238833618583694e-01 1.468212223653442838e-01 5.561261237093910736e-01 2.022877056340632862e-02
2.500000000000000000e-01 2.500000000000000000e-01 2.500000000000000000e-01 2.500000000000000000e-01
2.233803877666208637e-01 1.000708476485598179e-02 3.235908130052839726e-01 4.430217144632392356e-01
2.500000000000000000e-01 2.500000000000000000e-01 2.500000000000000000e-01 2.500000000000000000e-01
2.484066695280537085e-01 2.780107253005444923e-01 3.847965796570914643e-01 8.878602551431033496e-02
2.500000000000000000e-01 2.500000000000000000e-01 2.500000000000000000e-01 2.500000000000000000e-01
2.500000000000000000e-01 2.500000000000000000e-01 2.500000000000000000e-01 2.500000000000000000e-01
2.500000000000000000e-01 2.500000000000000000e-01 2.500000000000000000e-01 2.500000000000000000e-01
2.500000000000000000e-01 2.500000000000000000e-01 2.500000000000000000e-01 2.500000000000000000e-01
2.500000000000000000e-01 2.500000000000000000e-01 2.500000000000000000e-01 2.500000000000000000e-01
2.500000000000000000e-01 2.500000000000000000e-01 2.500000000000000000e-01 2.500000000000000000e-01
2.500000000000000000e-01 2.500000000000000000e-01 2.500000000000000000e-01 2.500000000000000000e-01
6.391180276879845912e-02 5.307877989283795728e-01 2.429527551077503844e-02 3.810051227920469019e-01
2.500000000000000000e-01 2.500000000000000000e-01 2.500000000000000000e-01 2.500000000000000000e-01
2.500000000000000000e-01 2.500000000000000000e-01 2.500000000000000000e-01 2.500000000000000000e-01
1.575662580700948334e-01 1.127668282986451637e-01 3.662446585792243914e-01 3.634222550520356254e-01
2.500000000000000000e-01 2.500000000000000000e-01 2.500000000000000000e-01 2.500000000000000000e-01
6.486314341907378767e-02 2.956966281683717779e-02 1.233249208905305705e-01 7.822422728735585196e-01
2.500000000000000000e-01 2.500000000000000000e-01 2.500000000000000000e-01 2.500000000000000000e-01
2.500000000000000000e-01 2.500000000000000000e-01 2.500000000000000000e-01 2.500000000000000000e-01
2.500000000000000000e-01 2.500000000000000000e-01 2.500000000000000000e-01 2.500000000000000000e-01
3.247396325535491513e-01 3.919638614143080568e-01 1.316214103161829074e-01 1.516750957159598845e-01
2.271906918709549680e-02 3.292561939962577733e-01 5.078302060098571769e-03 6.429464347565481130e-01
2.500000000000000000e-01 2.500000000000000000e-01 2.500000000000000000e-01 2.500000000000000000e-01
2.500000000000000000e-01 2.500000000000000000e-01 2.500000000000000000e-01 2.500000000000000000e-01
2.500000000000000000e-01 2.500000000000000000e-01 2.500000000000000000e-01 2.500000000000000000e-01
2.500000000000000000e-01 2.500000000000000000e-01 2.500000000000000000e-01 2.500000000000000000e-01
2.524009759774695771e-01 3.132438420177120486e-01 1.624967462777999749e-01 2.718584357270183993e-01
2.500000000000000000e-01 2.500000000000000000e-01 2.500000000000000000e-01 2.500000000000000000e-01
2.500000000000000000e-01 2.500000000000000000e-01 2.500000000000000000e-01 2.500000000000000000e-01
1.712576921976838862e-01 3.108212971948124959e-01 3.903545882122830268e-01 1.275664223952205911e-01
2.500000000000000000e-01 2.500000000000000000e-01 2.500000000000000000e-01 2.500000000000000000e-01
2.500000000000000000e-01 2.500000000000000000e-01 2.500000000000000000e-01 2.500000000000000000e-01
2.500000000000000000e-01 2.500000000000000000e-01 2.500000000000000000e-01 2.500000000000000000e-01
2.500000000000000000e-01 2.500000000000000000e-01 2.500000000000000000e-01 2.500000000000000000e-01
2.500000000000000000e-01 2.500000000000000000e-01 2.500000000000000000e-01 2.500000000000000000e-01
2.500000000000000000e-01 2.500000000000000000e-01 2.500000000000000000e-01 2.500000000000000000e-01
2.500000000000000000e-01 2.500000000000000000e-01 2.500000000000000000e-01 2.500000000000000000e-01
2.500000000000000000e-01 2.500000000000000000e-01 2.500000000000000000e-01 2.500000000000000000e-01
2.500000000000000000e-01 2.500000000000000000e-01 2.500000000000000000e-01 2.500000000000000000e-01
4.212408132491120005e-01 4.639336601739527666e-01 1.570609889852592200e-02 9.911942767840931090e-02
2.500000000000000000e-01 2.500000000000000000e-01 2.500000000000000000e-01 2.500000000000000000e-01
2.500000000000000000e-01 2.500000000000000000e-01 2.500000000000000000e-01 2.500000000000000000e-01
2.500000000000000000e-01 2.500000000000000000e-01 2.500000000000000000e-01 2.500000000000000000e-01
2.500000000000000000e-01 2.500000000000000000e-01 2.500000000000000000e-01 2.500000000000000000e-01
3.124488030673771011e-01 2.869094762207574298e-02 2.740462436894231524e-01 3.848140056211240001e-01
2.500000000000000000e-01 2.500000000000000000e-01 2.500000000000000000e-01 2.500000000000000000e-01
2.348637843418357463e-01 4.042667403416410066e-01 2.501615694167130810e-01 1.107079058998101107e-01
2.500000000000000000e-01 2.500000000000000000e-01 2.500000000000000000e-01 2.500000000000000000e-01
2.500000000000000000e-01 2.500000000000000000e-01 2.500000000000000000e-01 2.500000000000000000e-01
2.500000000000000000e-01 2.500000000000000000e-01 2.500000000000000000e-01 2.500000000000000000e-01
2.500000000000000000e-01 2.500000000000000000e-01 2.500000000000000000e-01 2.500000000000000000e-01
2.500000000000000000e-01 2.500000000000000000e-01 2.500000000000000000e-01 2.500000000000000000e-01
8.250982125261830946e-01 1.482532836780344615e-03 1.002824460203103341e-01 7.313680861672622324e-02
3.892694803504825884e-01 1.146293763481233130e-01 1.658524752216429254e-01 3.302486680797511731e-01
2.500000000000000000e-01 2.500000000000000000e-01 2.500000000000000000e-01 2.500000000000000000e-01
3.428398633441837040e-01 5.214212902578608810e-01 1.153811489868054041e-01 2.035769741115001086e-02
7.175915311688617626e-01 1.400740411996239942e-01 1.245290605253598082e-01 1.780536710615443496e-02
2.988889169038653759e-01 4.533088756007933040e-02 3.208430410561431412e-01 3.349371544799121803e-01
1.349830775154877149e-01 5.789268155297082608e-01 1.383903036938887166e-01 1.476998032609153633e-01
2.500000000000000000e-01 2.500000000000000000e-01 2.500000000000000000e-01 2.500000000000000000e-01
2.500000000000000000e-01 2.500000000000000000e-01 2.500000000000000000e-01 2.500000000000000000e-01
2.500000000000000000e-01 2.500000000000000000e-01 2.500000000000000000e-01 2.500000000000000000e-01
2.500000000000000000e-01 2.500000000000000000e-01 2.500000000000000000e-01 2.500000000000000000e-01
2.500000000000000000e-01 2.500000000000000000e-01 2.500000000000000000e-01 2.500000000000000000e-01
2.500000000000000000e-01 2.500000000000000000e-01 2.500000000000000000e-01 2.500000000000000000e-01
2.500000000000000000e-01 2.500000000000000000e-01 2.500000000000000000e-01 2.500000000000000000e-01
7.824138393154066451e-01 1.513860010583704396e-01 2.604253245271112571e-02 4.015762717351178956e-02
2.500000000000000000e-01 2.500000000000000000e-01 2.500000000000000000e-01 2.500000000000000000e-01
2.500000000000000000e-01 2.500000000000000000e-01 2.500000000000000000e-01 2.500000000000000000e-01
2.487308528345748559e-01 8.151828347161588217e-02 6.344618544944552463e-02 6.063046782443637372e-01
7.861675177258271585e-01 2.754988419126781773e-02 1.843189859422734722e-01 1.963612140631565417e-03
2.500000000000000000e-01 2.500000000000000000e-01 2.500000000000000000e-01 2.500000000000000000e-01
8.027063055111302026e-01 1.131747616713322940e-01 5.701096822043276446e-02 2.710796459710473894e-02
2.500000000000000000e-01 2.500000000000000000e-01 2.500000000000000000e-01 2.500000000000000000e-01
2.500000000000000000e-01 2.500000000000000000e-01 2.500000000000000000e-01 2.500000000000000000e-01
3.279830477304939707e-01 2.424930598736340648e-01 2.941896876523947824e-01 1.353342047434771822e-01
2.500000000000000000e-01 2.500000000000000000e-01 2.500000000000000000e-01 2.500000000000000000e-01
1.067739720951783877e-02 1.077642793307399816e-01 1.330270218759085077e-01 7.485313015838336304e-01
2.500000000000000000e-01 2.500000000000000000e-01 2.500000000000000000e-01 2.500000000000000000e-01
4.229345013637676454e-01 3.887395913346799459e-01 4.393146915712697886e-02 1.443944381444254299e-01
2.500000000000000000e-01 2.500000000000000000e-01 2.500000000000000000e-01 2.500000000000000000e-01
2.500000000000000000e-01 2.500000000000000000e-01 2.500000000000000000e-01 2.500000000000000000e-01
2.500000000000000000e-01 2.500000000000000000e-01 2.500000000000000000e-01 2.500000000000000000e-01
4.742656086147148953e-01 9.870850331518371545e-02 5.628786830199633551e-02 3.707380197681050538e-01
2.500000000000000000e-01 2.500000000000000000e-01 2.500000000000000000e-01 2.500000000000000000e-01
2.203432782822846159e-01 4.423471619090946771e-01 9.511391494220972076e-02 2.421956448664109862e-01
2.500000000000000000e-01 2.500000000000000000e-01 2.500000000000000000e-01 2.500000000000000000e-01
2.500000000000000000e-01 2.500000000000000000e-01 2.500000000000000000e-01 2.500000000000000000e-01
2.500000000000000000e-01 2.500000000000000000e-01 2.500000000000000000e-01 2.500000000000000000e-01
2.500000000000000000e-01 2.500000000000000000e-01 2.500000000000000000e-01 2.500000000000000000e-01
3.663695951234017395e-02 1.616082973902972508e-01 3.962391412447150429e-01 4.055156018526475670e-01
2.500000000000000000e-01 2.500000000000000000e-01 2.500000000000000000e-01 2.500000000000000000e-01
2.500000000000000000e-01 2.500000000000000000e-01 2.500000000000000000e-01 2.500000000000000000e-01
2.500000000000000000e-01 2.500000000000000000e-01 2.500000000000000000e-01 2.500000000000000000e-01
2.500000000000000000e-01 2.500000000000000000e-01 2.500000000000000000e-01 2.500000000000000000e-01
1.614839963209242779e-01 2.792181153162399121e-01 2.699361090660032381e-01 2.893617792968325997e-01
2.500000000000000000e-01 2.500000000000000000e-01 2.500000000000000000e-01 2.500000000000000000e-01
2.500000000000000000e-01 2.500000000000000000e-01 2.500000000000000000e-01 2.500000000000000000e-01
3.928082378842261413e-01 3.257959095692984919e-01 1.109968142989793405e-01 1.703990382474960263e-01
2.500000000000000000e-01 2.500000000000000000e-01 2.500000000000000000e-01 2.500000000000000000e-01
2.500000000000000000e-01 2.500000000000000000e-01 2.500000000000000000e-01 2.500000000000000000e-01
2.816136042094817271e-01 1.367627974071950470e-01 5.437853033982322781e-01 3.783829498509089229e-02
2.500000000000000000e-01 2.500000000000000000e-01 2.500000000000000000e-01 2.500000000000000000e-01
2.500000000000000000e-01 2.500000000000000000e-01 2.500000000000000000e-01 2.500000000000000000e-01
4.838523183166176245e-01 3.825979617304731822e-02 1.779939778230783531e-01 2.998939076872567111e-01
2.500000000000000000e-01 2.500000000000000000e-01 2.500000000000000000e-01 2.500000000000000000e-01
9.530643837125780948e-02 6.450197691062508065e-01 4.778408734406813796e-02 2.118897051784232599e-01
3.193057162921876801e-01 1.308249335618333169e-02 2.956089381039301300e-01 3.720028522476988564e-01
2.500000000000000000e-01 2.500000000000000000e-01 2.500000000000000000e-01 2.500000000000000000e-01
2.500000000000000000e-01 2.500000000000000000e-01 2.500000000000000000e-01 2.500000000000000000e-01
2.500000000000000000e-01 2.500000000000000000e-01 2.500000000000000000e-01 2.500000000000000000e-01
2.500000000000000000e-01 2.500000000000000000e-01 2.500000000000000000e-01 2.500000000000000000e-01
2.500000000000000000e-01 2.500000000000000000e-01 2.500000000000000000e-01 2.500000000000000000e-01
5.415360327574293420e-01 8.789403441097151659e-02 2.659102600065305078e-01 1.046596728250686059e-01
2.500000000000000000e-01 2.500000000000000000e-01 2.500000000000000000e-01 2.500000000000000000e-01
2.500000000000000000e-01 2.500000000000000000e-01 2.500000000000000000e-01 2.500000000000000000e-01
1.191568379002577310e-01 5.991624356874829943e-02 3.066428995218355991e-01 5.142840190091583219e-01
1.706607882604634641e-01 1.496645337783786833e-01 5.493708476698327958e-02 6.247375931941745453e-01
2.500000000000000000e-01 2.500000000000000000e-01 2.500000000000000000e-01 2.500000000000000000e-01
2.500000000000000000e-01 2.500000000000000000e-01 2.500000000000000000e-01 2.500000000000000000e-01
2.500000000000000000e-01 2.500000000000000000e-01 2.500000000000000000e-01 2.500000000000000000e-01
2.500000000000000000e-01 2.500000000000000000e-01 2.500000000000000000e-01 2.500000000000000000e-01
2.500000000000000000e-01 2.500000000000000000e-01 2.500000000000000000e-01 2.500000000000000000e-01
2.500000000000000000e-01 2.500000000000000000e-01 2.500000000000000000e-01 2.500000000000000000e-01
4.428880712255007790e-01 4.305343757940467697e-02 4.989947713385501360e-01 1.506371985654442192e-02
2.500000000000000000e-01 2.500000000000000000e-01 2.500000000000000000e-01 2.500000000000000000e-01
2.500000000000000000e-01 2.500000000000000000e-01 2.500000000000000000e-01 2.500000000000000000e-01
1.265913549830413043e-01 2.078301710886605314e-01 4.781331051082118311e-01 1.874453688200863333e-01
2.500000000000000000e-01 2.500000000000000000e-01 2.500000000000000000e-01 2.500000000000000000e-01
2.500000000000000000e-01 2.500000000000000000e-01 2.500000000000000000e-01 2.500000000000000000e-01
2.500000000000000000e-01 2.500000000000000000e-01 2.500000000000000000e-01 2.500000000000000000e-01
2.500000000000000000e-01 2.500000000000000000e-01 2.500000000000000000e-01 2.500000000000000000e-01
2.500000000000000000e-01 2.500000000000000000e-01 2.500000000000000000e-01 2.500000000000000000e-01
2.500000000000000000e-01 2.500000000000000000e-01 2.500000000000000000e-01 2.500000000000000000e-01
2.500000000000000000e-01 2.500000000000000000e-01 2.500000000000000000e-01 2.500000000000000000e-01
2.500000000000000000e-01 2.500000000000000000e-01 2.500000000000000000e-01 2.500000000000000000e-01
2.500000000000000000e-01 2.500000000000000000e-01 2.500000000000000000e-01 2.500000000000000000e-01
2.500000000000000000e-01 2.500000000000000000e-01 2.500000000000000000e-01 2.500000000000000000e-01
2.500000000000000000e-01 2.500000000000000000e-01 2.500000000000000000e-01 2.500000000000000000e-01
2.500000000000000000e-01 2.500000000000000000e-01 2.500000000000000000e-01 2.500000000000000000e-01
5.446810614132563400e-01 8.494242340291323357e-02 2.157609888691293110e-01 1.546155263147011016e-01
2.500000000000000000e-01 2.500000000000000000e-01 2.500000000000000000e-01 2.500000000000000000e-01
8.052332009009463554e-02 1.317095715858178084e-01 2.836529898976660191e-01 5.041141184264215092e-01
2.500000000000000000e-01 2.500000000000000000e-01 2.500000000000000000e-01 2.500000000000000000e-01
2.500000000000000000e-01 2.500000000000000000e-01 2.500000000000000000e-01 2.500000000000000000e-01
2.500000000000000000e-01 2.500000000000000000e-01 2.500000000000000000e-01 2.500000000000000000e-01
2.500000000000000000e-01 2.500000000000000000e-01 2.500000000000000000e-01 2.500000000000000000e-01
2.500000000000000000e-01 2.500000000000000000e-01 2.500000000000000000e-01 2.500000000000000000e-01
2.500000000000000000e-01 2.500000000000000000e-01 2.500000000000000000e-01 2.500000000000000000e-01
2.500000000000000000e-01 2.500000000000000000e-01 2.500000000000000000e-01 2.500000000000000000e-01
2.500000000000000000e-01 2.500000000000000000e-01 2.500000000000000000e-01 2.500000000000000000e-01
2.500000000000000000e-01 2.500000000000000000e-01 2.500000000000000000e-01 2.500000000000000000e-01
2.218167739759460133e-01 2.225619135809017365e-02 1.006733925639854699e-01 6.552536421019783397e-01
2.305176983570973726e-01 4.138741206846460186e-01 5.046402500523550216e-02 3.051441559530211345e-01
4.564866852900648642e-01 4.905177597607972007e-01 2.703188697728914347e-02 2.596366797184879172e-02
2.500000000000000000e-01 2.500000000000000000e-01 2.500000000000000000e-01 2.500000000000000000e-01
2.500000000000000000e-01 2.500000000000000000e-01 2.500000000000000000e-01 2.500000000000000000e-01
2.500000000000000000e-01 2.500000000000000000e-01 2.500000000000000000e-01 2.500000000000000000e-01
2.866480344201779995e-01 3.721741942180464835e-01 1.956803467791032314e-01 1.454974245826722856e-01
1.358175240876819123e-01 1.031057466680770918e-01 1.649115539780159900e-01 5.961651752662250336e-01
2.500000000000000000e-01 2.500000000000000000e-01 2.500000000000000000e-01 2.500000000000000000e-01
3.606834507794817735e-01 4.433729751866974933e-01 1.157488061625142617e-01 8.019476787130647155e-02
2.453015958262405316e-01 2.018703839293304048e-01 5.207871892024620308e-01 3.204083104196700504e-02
1.239004947773178836e-02 3.900846328203300822e-02 3.381945458773342184e-01 6.104069413629009677e-01
8.851782717779303755e-02 3.267331473703856126e-01 2.188864498497874456e-01 3.658625756020338904e-01
2.500000000000000000e-01 2.500000000000000000e-01 2.500000000000000000e-01 2.500000000000000000e-01
4.676606997275313815e-01 1.125695321894151953e-02 1.482112619572399648e-01 3.728710850962871359e-01
9.881771883278064883e-02 1.289868364180815352e-01 2.720018715824197297e-01 5.001935731667180862e-01
2.500000000000000000e-01 2.500000000000000000e-01 2.500000000000000000e-01 2.500000000000000000e-01
6.563763409387499692e-01 3.335624236919371155e-01 4.787474883386266811e-03 5.273760485926648478e-03
2.500000000000000000e-01 2.500000000000000000e-01 2.500000000000000000e-01 2.500000000000000000e-01
2.217965649257010452e-01 8.916522291202733097e-02 1.990937029506200107e-01 4.899445092116516132e-01
3.179770180713480943e-01 4.541858016767910122e-01 1.989244151162280483e-01 2.891276513563284523e-02
9.849703047232839792e-02 2.537677797453455897e-01 6.883543239588874041e-02 5.788997573864372859e-01
2.500000000000000000e-01 2.500000000000000000e-01 2.500000000000000000e-01 2.500000000000000000e-01
2.500000000000000000e-01 2.500000000000000000e-01 2.500000000000000000e-01 2.500000000000000000e-01
2.500000000000000000e-01 2.500000000000000000e-01 2.500000000000000000e-01 2.500000000000000000e-01
2.500000000000000000e-01 2.500000000000000000e-01 2.500000000000000000e-01 2.500000000000000000e-01
4.260481200719083428e-01 1.204803429646213696e-02 1.064720486284852913e-01 4.554317970031442342e-01
2.500000000000000000e-01 2.500000000000000000e-01 2.500000000000000000e-01 2.500000000000000000e-01
2.500000000000000000e-01 2.500000000000000000e-01 2.500000000000000000e-01 2.500000000000000000e-01
1.488958914551693213e-01 2.520579280918143761e-01 1.939481181756991246e-01 4.050980622773171502e-01
2.500000000000000000e-01 2.500000000000000000e-01 2.500000000000000000e-01 2.500000000000000000e-01
2.500000000000000000e-01 2.500000000000000000e-01 2.500000000000000000e-01 2.500000000000000000e-01
2.500000000000000000e-01 2.500000000000000000e-01 2.500000000000000000e-01 2.500000000000000000e-01
2.500000000000000000e-01 2.500000000000000000e-01 2.500000000000000000e-01 2.500000000000000000e-01
2.453307366477376628e-01 6.248885090462531489e-01 5.932997615920032608e-03 1.238477566900891003e-01
2.500000000000000000e-01 2.500000000000000000e-01 2.500000000000000000e-01 2.500000000000000000e-01
2.500000000000000000e-01 2.500000000000000000e-01 2.500000000000000000e-01 2.500000000000000000e-01
6.034002656636752171e-01 9.604819935336887660e-02 4.331534884905603733e-02 2.572361861338998690e-01
2.500000000000000000e-01 2.500000000000000000e-01 2.500000000000000000e-01 2.500000000000000000e-01
6.941198605529369514e-01 5.357509999613836033e-02 7.338454749879014249e-02 1.789204919521345527e-01
2.500000000000000000e-01 2.500000000000000000e-01 2.500000000000000000e-01 2.500000000000000000e-01
2.679270688327658675e-02 1.001865445149295042e-01 2.529074756606095598e-01 6.201132729411843458e-01
2.500000000000000000e-01 2.500000000000000000e-01 2.500000000000000000e-01 2.500000000000000000e-01
1.674997173062036382e-01 1.824931293786157538e-01 5.721080580400414450e-02 5.927963475111764913e-01
5.133911228606741206e-01 2.618636618032323948e-01 1.006254398555641583e-01 1.241197754805293263e-01
2.500000000000000000e-01 2.500000000000000000e-01 2.500000000000000000e-01 2.500000000000000000e-01
5.256294360722821857e-01 1.931393932882368436e-01 8.238927712831053962e-02 1.988418935111704311e-01
2.500000000000000000e-01 2.500000000000000000e-01 2.500000000000000000e-01 2.500000000000000000e-01
2.500000000000000000e-01 2.500000000000000000e-01 2.500000000000000000e-01 2.500000000000000000e-01
2.500000000000000000e-01 2.500000000000000000e-01 2.500000000000000000e-01 2.500000000000000000e-01
2.500000000000000000e-01 2.500000000000000000e-01 2.500000000000000000e-01 2.500000000000000000e-01
1.817574652362824728e-01 5.457126472416548579e-02 7.362395013467762372e-02 6.900473199048744455e-01
2.500000000000000000e-01 2.500000000000000000e-01 2.500000000000000000e-01 2.500000000000000000e-01
2.500000000000000000e-01 2.500000000000000000e-01 2.500000000000000000e-01 2.500000000000000000e-01
2.309197987912187111e-01 7.472914322877638460e-02 2.849766611004305727e-01 4.093743968795743315e-01
2.500000000000000000e-01 2.500000000000000000e-01 2.500000000000000000e-01 2.500000000000000000e-01
1.321151949387889823e-01 3.235673925140916674e-01 1.315964480411954685e-01 4.127209645059238818e-01
2.642595054403560142e-02 4.369127375506363653e-01 2.515934565345065432e-01 2.850678553708214658e-01
2.500000000000000000e-01 2.500000000000000000e-01 2.500000000000000000e-01 2.500000000000000000e-01
2.500000000000000000e-01 2.500000000000000000e-01 2.500000000000000000e-01 2.500000000000000000e-01
1.550823306968487636e-01 5.058787925823887699e-01 2.678015601251737543e-02 3.122587207082451188e-01
2.500000000000000000e-01 2.500000000000000000e-01 2.500000000000000000e-01 2.500000000000000000e-01
2.500000000000000000e-01 2.500000000000000000e-01 2.500000000000000000e-01 2.500000000000000000e-01
5.441682796918317910e-01 1.838595594092141683e-01 3.751442725854814420e-03 2.682207181730992263e-01
2.500000000000000000e-01 2.500000000000000000e-01 2.500000000000000000e-01 2.500000000000000000e-01
4.348787260006363731e-01 5.818240586253066449e-02 3.119943820185552275e-01 1.949444861182777489e-01
2.520737492980513750e-01 3.609211598907010599e-01 2.790397143915143152e-01 1.079653764197333055e-01
1.383352641573997732e-01 1.862829675882238245e-01 5.291252539743596106e-02 6.224692428569404967e-01
2.500000000000000000e-01 2.500000000000000000e-01 2.500000000000000000e-01 2.500000000000000000e-01
2.500000000000000000e-01 2.500000000000000000e-01 2.500000000000000000e-01 2.500000000000000000e-01
2.500000000000000000e-01 2.500000000000000000e-01 2.500000000000000000e-01 2.500000000000000000e-01
2.500000000000000000e-01 2.500000000000000000e-01 2.500000000000000000e-01 2.500000000000000000e-01
2.500000000000000000e-01 2.500000000000000000e-01 2.500000000000000000e-01 2.500000000000000000e-01
2.500000000000000000e-01 2.500000000000000000e-01 2.500000000000000000e-01 2.500000000000000000e-01
2.500000000000000000e-01 2.500000000000000000e-01 2.500000000000000000e-01 2.500000000000000000e-01
