3.525780188914361957e-01 2.113074621743251114e-01 3.448936667938423684e-02 4.016251522548544561e-01
2.500000000000000000e-01 2.500000000000000000e-01 2.500000000000000000e-01 2.500000000000000000e-01
4.796115791214106139e-01 1.236674121239999119e-01 3.478634494197648808e-01 4.885755933482460733e-02
3.004658442810851371e-01 6.032203172489043475e-01 7.865830376585503103e-04 9.552725543235202066e-02
2.500000000000000000e-01 2.500000000000000000e-01 2.500000000000000000e-01 2.500000000000000000e-01
2.500000000000000000e-01 2.500000000000000000e-01 2.500000000000000000e-01 2.500000000000000000e-01
2.500000000000000000e-01 2.500000000000000000e-01 2.500000000000000000e-01 2.500000000000000000e-01
1.719810284390499988e-01 3.308423049959814954e-01 2.145169636510367295e-01 2.826597029139317763e-01
2.500000000000000000e-01 2.500000000000000000e-01 2.500000000000000000e-01 2.500000000000000000e-01
7.710223849720090894e-02 1.385227189420525640e-01 1.609571251503636724e-01 6.234179174103828824e-01
2.500000000000000000e-01 2.500000000000000000e-01 2.500000000000000000e-01 2.500000000000000000e-01
2.500000000000000000e-01 2.500000000000000000e-01 2.500000000000000000e-01 2.500000000000000000e-01
3.042732021160194922e-01 2.322256421792310010e-01 2.058525028726684580e-01 2.576486528320810487e-01
2.500000000000000000e-01 2.500000000000000000e-01 2.500000000000000000e-01 2.500000000000000000e-01
2.500000000000000000e-01 2.500000000000000000e-01 2.500000000000000000e-01 2.500000000000000000e-01
2.500000000000000000e-01 2.500000000000000000e-01 2.500000000000000000e-01 2.500000000000000000e-01
2.500000000000000000e-01 2.500000000000000000e-01 2.500000000000000000e-01 2.500000000000000000e-01
1.506057548413175518e-01 3.021557112630519557e-02 8.158749496108778920e-02 7.375911790712894600e-01
2.500000000000000000e-01 2.500000000000000000e-01 2.500000000000000000e-01 2.500000000000000000e-01
2.500000000000000000e-01 2.500000000000000000e-01 2.500000000000000000e-01 2.500000000000000000e-01
2.500000000000000000e-01 2.500000000000000000e-01 2.500000000000000000e-01 2.500000000000000000e-01
2.500000000000000000e-01 2.500000000000000000e-01 2.500000000000000000e-01 2.500000000000000000e-01
2.389116427443578050e-01 1.207629952898941483e-01 2.285581075996764855e-01 4.117672543660715334e-01
2.500000000000000000e-01 2.500000000000000000e-01 2.500000000000000000e-01 2.500000000000000000e-01
2.500000000000000000e-01 2.500000000000000000e-01 2.500000000000000000e-01 2.500000000000000000e-01
2.500000000000000000e-01 2.500000000000000000e-01 2.500000000000000000e-01 2.500000000000000000e-01
2.500000000000000000e-01 2.500000000000000000e-01 2.500000000000000000e-01 2.500000000000000000e-01
1.808086622335138283e-01 6.288497618951709167e-02 7.594629047243446618e-02 6.803600711045345584e-01
6.201089679347332462e-02 5.200096350724315863e-01 1.957519654092652051e-01 2.222275027248298840e-01
2.500000000000000000e-01 2.500000000000000000e-01 2.500000000000000000e-01 2.500000000000000000e-01
