2.136491534375379794e-02 1.806566793238972568e-01 5.611736297646829907e-01 2.368047755676659372e-01
2.500000000000000000e-01 2.500000000000000000e-01 2.500000000000000000e-01 2.500000000000000000e-01
2.500000000000000000e-01 2.500000000000000000e-01 2.500000000000000000e-01 2.500000000000000000e-01
2.500000000000000000e-01 2.500000000000000000e-01 2.500000000000000000e-01 2.500000000000000000e-01
2.500000000000000000e-01 2.500000000000000000e-01 2.500000000000000000e-01 2.500000000000000000e-01
2.719536665826826627e-01 5.610534579541101574e-02 5.886239312909051780e-01 8.331705633100106034e-02
2.500000000000000000e-01 2.500000000000000000e-01 2.500000000000000000e-01 2.500000000000000000e-01
2.500000000000000000e-01 2.500000000000000000e-01 2.500000000000000000e-01 2.500000000000000000e-01
2.500000000000000000e-01 2.500000000000000000e-01 2.500000000000000000e-01 2.500000000000000000e-01
2.836352306643599719e-02 5.510491669214496735e-01 1.599743391485488608e-01 2.606129708635653852e-01
4.380386627578877756e-01 2.393303501478588335e-01 5.565810357027337063e-02 2.669728835239800202e-01
2.235734213807952508e-01 2.511699181576801942e-01 4.986063200426309461e-01 2.665034041889360883e-02
2.500000000000000000e-01 2.500000000000000000e-01 2.500000000000000000e-01 2.500000000000000000e-01
2.500000000000000000e-01 2.500000000000000000e-01 2.500000000000000000e-01 2.500000000000000000e-01
2.500000000000000000e-01 2.500000000000000000e-01 2.500000000000000000e-01 2.500000000000000000e-01
2.500000000000000000e-01 2.500000000000000000e-01 2.500000000000000000e-01 2.500000000000000000e-01
2.500000000000000000e-01 2.500000000000000000e-01 2.500000000000000000e-01 2.500000000000000000e-01
2.449062417897322208e-01 2.985489450730863803e-01 3.766739743839740973e-01 7.987083875320724613e-02
2.500000000000000000e-01 2.500000000000000000e-01 2.500000000000000000e-01 2.500000000000000000e-01
1.064628714620572542e-01 2.493672038991324169e-01 3.634025256556815964e-01 2.807673989831287464e-01
2.500000000000000000e-01 2.500000000000000000e-01 2.500000000000000000e-01 2.500000000000000000e-01
2.500000000000000000e-01 2.500000000000000000e-01 2.500000000000000000e-01 2.500000000000000000e-01
2.500000000000000000e-01 2.500000000000000000e-01 2.500000000000000000e-01 2.500000000000000000e-01
2.500000000000000000e-01 2.500000000000000000e-01 2.500000000000000000e-01 2.500000000000000000e-01
2.500000000000000000e-01 2.500000000000000000e-01 2.500000000000000000e-01 2.500000000000000000e-01
2.500000000000000000e-01 2.500000000000000000e-01 2.500000000000000000e-01 2.500000000000000000e-01
3.413843241570062026e-01 1.062542606848334570e-01 5.147022765676052547e-01 3.765913859055508572e-02
8.069674667255523071e-01 7.771256014957961256e-02 4.383442307083218470e-02 7.148555005403589568e-02
2.500000000000000000e-01 2.500000000000000000e-01 2.500000000000000000e-01 2.500000000000000000e-01
2.920669742662219126e-01 3.614397558639064756e-01 2.044870189978255648e-01 1.420062508720461025e-01
2.500000000000000000e-01 2.500000000000000000e-01 2.500000000000000000e-01 2.500000000000000000e-01
2.500000000000000000e-01 2.500000000000000000e-01 2.500000000000000000e-01 2.500000000000000000e-01
3.806253111506068820e-01 1.128569507733976768e-01 1.254671324161960588e-01 3.810506056597993685e-01
8.092802490499948487e-01 1.524645122394412966e-01 1.361882382092710619e-02 2.463641488963674853e-02
2.500000000000000000e-01 2.500000000000000000e-01 2.500000000000000000e-01 2.500000000000000000e-01
1.711928102043060174e-01 3.903101250401846967e-01 3.251214560281129318e-01 1.133756087273963542e-01
2.500000000000000000e-01 2.500000000000000000e-01 2.500000000000000000e-01 2.500000000000000000e-01
2.500000000000000000e-01 2.500000000000000000e-01 2.500000000000000000e-01 2.500000000000000000e-01
7.238449478507316126e-01 1.458378769070713954e-01 2.055352333943216703e-02 1.097636519027648250e-01
4.938189499157534801e-01 1.742370243702428545e-01 1.197618489819221588e-01 2.121821767320815066e-01
2.500000000000000000e-01 2.500000000000000000e-01 2.500000000000000000e-01 2.500000000000000000e-01
2.500000000000000000e-01 2.500000000000000000e-01 2.500000000000000000e-01 2.500000000000000000e-01
1.424810923356908086e-02 8.660325428132685521e-02 5.603158453959679319e-02 8.431170519455072343e-01
2.500000000000000000e-01 2.500000000000000000e-01 2.500000000000000000e-01 2.500000000000000000e-01
2.500000000000000000e-01 2.500000000000000000e-01 2.500000000000000000e-01 2.500000000000000000e-01
2.500000000000000000e-01 2.500000000000000000e-01 2.500000000000000000e-01 2.500000000000000000e-01
7.594171972410128646e-01 6.454339429199018596e-02 1.538952336643414354e-01 2.214417480265551408e-02
3.555303444258790524e-01 4.835509789509901957e-01 1.091232083693098875e-01 5.179546825382091990e-02
1.831983618358501709e-01 9.632547149508584317e-02 2.408605277902695629e-01 4.796156388787944369e-01
2.500000000000000000e-01 2.500000000000000000e-01 2.500000000000000000e-01 2.500000000000000000e-01
2.500000000000000000e-01 2.500000000000000000e-01 2.500000000000000000e-01 2.500000000000000000e-01
4.384830303241151195e-01 1.590524140695265820e-01 9.990749148574890048e-02 3.025570641206093980e-01
2.500000000000000000e-01 2.500000000000000000e-01 2.500000000000000000e-01 2.500000000000000000e-01
3.435320477165552666e-01 2.752256338288018300e-01 3.272476399771051536e-02 3.485175544569323880e-01
3.880562623357183272e-01 1.866303416834663442e-01 1.431215068348316299e-01 2.821918891459836987e-01
2.500000000000000000e-01 2.500000000000000000e-01 2.500000000000000000e-01 2.500000000000000000e-01
2.500000000000000000e-01 2.500000000000000000e-01 2.500000000000000000e-01 2.500000000000000000e-01
2.500000000000000000e-01 2.500000000000000000e-01 2.500000000000000000e-01 2.500000000000000000e-01
2.206220746781149267e-01 4.941563750022561208e-01 3.515042503508064575e-02 2.500711252845483346e-01
2.292954937858373565e-01 1.940278366461358206e-01 4.760128794739467151e-01 1.006637900940801078e-01
2.680459812588597002e-01 4.867546426088871780e-01 7.068239672435944199e-02 1.745169794078936243e-01
2.500000000000000000e-01 2.500000000000000000e-01 2.500000000000000000e-01 2.500000000000000000e-01
2.500000000000000000e-01 2.500000000000000000e-01 2.500000000000000000e-01 2.500000000000000000e-01
2.500000000000000000e-01 2.500000000000000000e-01 2.500000000000000000e-01 2.500000000000000000e-01
2.500000000000000000e-01 2.500000000000000000e-01 2.500000000000000000e-01 2.500000000000000000e-01
1.676284863014863014e-01 3.905261230505933656e-01 2.522689615113192230e-01 1.895764291366011656e-01
1.709280947020164476e-01 2.021251932061522427e-01 5.269716194671958398e-01 9.997509262463541435e-02
2.500000000000000000e-01 2.500000000000000000e-01 2.500000000000000000e-01 2.500000000000000000e-01
2.500000000000000000e-01 2.500000000000000000e-01 2.500000000000000000e-01 2.500000000000000000e-01
2.500000000000000000e-01 2.500000000000000000e-01 2.500000000000000000e-01 2.500000000000000000e-01
2.500000000000000000e-01 2.500000000000000000e-01 2.500000000000000000e-01 2.500000000000000000e-01
2.500000000000000000e-01 2.500000000000000000e-01 2.500000000000000000e-01 2.500000000000000000e-01
2.517985811464172330e-01 5.035390524439902621e-02 1.597470637198707410e-01 5.381004498893129373e-01
2.500000000000000000e-01 2.500000000000000000e-01 2.500000000000000000e-01 2.500000000000000000e-01
2.500000000000000000e-01 2.500000000000000000e-01 2.500000000000000000e-01 2.500000000000000000e-01
2.500000000000000000e-01 2.500000000000000000e-01 2.500000000000000000e-01 2.500000000000000000e-01
1.808487356512093469e-01 8.517922625991743157e-02 3.986804232845961304e-01 3.352916148042771050e-01
2.500000000000000000e-01 2.500000000000000000e-01 2.500000000000000000e-01 2.500000000000000000e-01
2.500000000000000000e-01 2.500000000000000000e-01 2.500000000000000000e-01 2.500000000000000000e-01
2.500000000000000000e-01 2.500000000000000000e-01 2.500000000000000000e-01 2.500000000000000000e-01
2.500000000000000000e-01 2.500000000000000000e-01 2.500000000000000000e-01 2.500000000000000000e-01
2.500000000000000000e-01 2.500000000000000000e-01 2.500000000000000000e-01 2.500000000000000000e-01
2.500000000000000000e-01 2.500000000000000000e-01 2.500000000000000000e-01 2.500000000000000000e-01
5.187113386071452448e-01 3.535108351083861566e-01 9.629358587546305026e-02 3.148424040900554832e-02
2.500000000000000000e-01 2.500000000000000000e-01 2.500000000000000000e-01 2.500000000000000000e-01
2.500000000000000000e-01 2.500000000000000000e-01 2.500000000000000000e-01 2.500000000000000000e-01
5.916116392527674961e-01 1.997230192073315147e-01 7.075657652645270246e-02 1.379087650134482868e-01
2.500000000000000000e-01 2.500000000000000000e-01 2.500000000000000000e-01 2.500000000000000000e-01
2.146561524355249106e-01 3.700899106239384229e-01 1.390774397800350060e-01 2.761764971605016328e-01
2.500000000000000000e-01 2.500000000000000000e-01 2.500000000000000000e-01 2.500000000000000000e-01
3.989698088284631683e-01 6.272372134436723923e-02 1.870184369827978255e-01 3.512880328443717670e-01
2.560650099484327105e-02 3.221706443901147243e-01 3.417770566314159431e-01 3.104457979836260373e-01
2.500000000000000000e-01 2.500000000000000000e-01 2.500000000000000000e-01 2.500000000000000000e-01
2.500000000000000000e-01 2.500000000000000000e-01 2.500000000000000000e-01 2.500000000000000000e-01
2.176323649253764647e-01 2.415648571776926878e-01 5.046453400368404729e-01 3.615743786009040228e-02
2.500000000000000000e-01 2.500000000000000000e-01 2.500000000000000000e-01 2.500000000000000000e-01
2.500000000000000000e-01 2.500000000000000000e-01 2.500000000000000000e-01 2.500000000000000000e-01
2.732151225546431972e-01 4.220092921190028989e-01 1.996528995387508165e-01 1.051226857876030873e-01
1.705462232667910860e-01 5.747408410151769731e-01 9.068467845629246682e-02 1.640282572617394741e-01
2.500000000000000000e-01 2.500000000000000000e-01 2.500000000000000000e-01 2.500000000000000000e-01
2.500000000000000000e-01 2.500000000000000000e-01 2.500000000000000000e-01 2.500000000000000000e-01
2.500000000000000000e-01 2.500000000000000000e-01 2.500000000000000000e-01 2.500000000000000000e-01
1.209813590714246961e-01 3.025550380359521285e-01 2.456504937241025810e-01 3.308131091685205805e-01
2.500000000000000000e-01 2.500000000000000000e-01 2.500000000000000000e-01 2.500000000000000000e-01
2.500000000000000000e-01 2.500000000000000000e-01 2.500000000000000000e-01 2.500000000000000000e-01
2.500000000000000000e-01 2.500000000000000000e-01 2.500000000000000000e-01 2.500000000000000000e-01
7.399252575910192364e-01 1.163069412964460037e-01 3.603665598714991813e-02 1.077311451253848418e-01
2.500000000000000000e-01 2.500000000000000000e-01 2.500000000000000000e-01 2.500000000000000000e-01
2.500000000000000000e-01 2.500000000000000000e-01 2.500000000000000000e-01 2.500000000000000000e-01
2.500000000000000000e-01 2.500000000000000000e-01 2.500000000000000000e-01 2.500000000000000000e-01
2.500000000000000000e-01 2.500000000000000000e-01 2.500000000000000000e-01 2.500000000000000000e-01
2.500000000000000000e-01 2.500000000000000000e-01 2.500000000000000000e-01 2.500000000000000000e-01
2.954553394146878786e-01 2.637394800867196576e-01 2.289028692356727124e-01 2.119023112629197514e-01
2.500000000000000000e-01 2.500000000000000000e-01 2.500000000000000000e-01 2.500000000000000000e-01
2.956589419809614316e-01 2.342785090128789438e-01 2.169689921565502999e-01 2.530935568496093246e-01
2.500000000000000000e-01 2.500000000000000000e-01 2.500000000000000000e-01 2.500000000000000000e-01
2.500000000000000000e-01 2.500000000000000000e-01 2.500000000000000000e-01 2.500000000000000000e-01
2.500000000000000000e-01 2.500000000000000000e-01 2.500000000000000000e-01 2.500000000000000000e-01
2.500000000000000000e-01 2.500000000000000000e-01 2.500000000000000000e-01 2.500000000000000000e-01
2.500000000000000000e-01 2.500000000000000000e-01 2.500000000000000000e-01 2.500000000000000000e-01
2.500000000000000000e-01 2.500000000000000000e-01 2.500000000000000000e-01 2.500000000000000000e-01
2.500000000000000000e-01 2.500000000000000000e-01 2.500000000000000000e-01 2.500000000000000000e-01
2.500000000000000000e-01 2.500000000000000000e-01 2.500000000000000000e-01 2.500000000000000000e-01
2.500000000000000000e-01 2.500000000000000000e-01 2.500000000000000000e-01 2.500000000000000000e-01
2.500000000000000000e-01 2.500000000000000000e-01 2.500000000000000000e-01 2.500000000000000000e-01
2.500000000000000000e-01 2.500000000000000000e-01 2.500000000000000000e-01 2.500000000000000000e-01
3.772485768924558891e-01 5.255699018020792979e-01 1.089995465977866562e-02 8.628156664568614742e-02
2.011890538160953090e-01 3.943819249805021743e-01 4.665225106546544431e-03 3.997637960968559723e-01
2.500000000000000000e-01 2.500000000000000000e-01 2.500000000000000000e-01 2.500000000000000000e-01
2.500000000000000000e-01 2.500000000000000000e-01 2.500000000000000000e-01 2.500000000000000000e-01
4.319634319870289674e-01 2.209560276638897203e-01 1.341922452909975472e-01 2.128882950580837652e-01
2.500000000000000000e-01 2.500000000000000000e-01 2.500000000000000000e-01 2.500000000000000000e-01
2.500000000000000000e-01 2.500000000000000000e-01 2.500000000000000000e-01 2.500000000000000000e-01
2.500000000000000000e-01 2.500000000000000000e-01 2.500000000000000000e-01 2.500000000000000000e-01
6.262472522402804387e-01 1.773173214474720039e-02 9.606851176933663139e-02 2.599525038456357295e-01
2.500000000000000000e-01 2.500000000000000000e-01 2.500000000000000000e-01 2.500000000000000000e-01
2.500000000000000000e-01 2.500000000000000000e-01 2.500000000000000000e-01 2.500000000000000000e-01
2.500000000000000000e-01 2.500000000000000000e-01 2.500000000000000000e-01 2.500000000000000000e-01
2.500000000000000000e-01 2.500000000000000000e-01 2.500000000000000000e-01 2.500000000000000000e-01
2.500000000000000000e-01 2.500000000000000000e-01 2.500000000000000000e-01 2.500000000000000000e-01
2.500000000000000000e-01 2.500000000000000000e-01 2.500000000000000000e-01 2.500000000000000000e-01
2.500000000000000000e-01 2.500000000000000000e-01 2.500000000000000000e-01 2.500000000000000000e-01
2.500000000000000000e-01 2.500000000000000000e-01 2.500000000000000000e-01 2.500000000000000000e-01
1.291586934363134383e-02 3.497958424961578605e-01 2.059672831903641144e-01 4.313210049698466553e-01
2.500000000000000000e-01 2.500000000000000000e-01 2.500000000000000000e-01 2.500000000000000000e-01
2.500000000000000000e-01 2.500000000000000000e-01 2.500000000000000000e-01 2.500000000000000000e-01
2.500000000000000000e-01 2.500000000000000000e-01 2.500000000000000000e-01 2.500000000000000000e-01
3.044224099741505429e-01 1.542312264499750285e-01 2.537451410130017737e-02 5.159718494745741957e-01
2.500000000000000000e-01 2.500000000000000000e-01 2.500000000000000000e-01 2.500000000000000000e-01
7.343590444534003892e-01 1.351555445378645748e-01 1.036366234293446820e-01 2.684878757939035410e-02
5.199635884960552845e-01 3.489342967892948288e-01 1.039869482722401428e-01 2.711516644240974383e-02
2.100439701547183458e-01 1.692388301410693852e-01 1.370834024632311410e-02 6.070088594578891827e-01
2.500000000000000000e-01 2.500000000000000000e-01 2.500000000000000000e-01 2.500000000000000000e-01
2.500000000000000000e-01 2.500000000000000000e-01 2.500000000000000000e-01 2.500000000000000000e-01
2.500000000000000000e-01 2.500000000000000000e-01 2.500000000000000000e-01 2.500000000000000000e-01
4.897594621165780038e-01 3.753735703888207847e-02 2.314456974743100692e-01 2.412574833702298416e-01
3.032055601313453641e-01 5.982922406966690865e-01 3.778347450895491733e-02 6.071872466303068760e-02
2.500000000000000000e-01 2.500000000000000000e-01 2.500000000000000000e-01 2.500000000000000000e-01
2.500000000000000000e-01 2.500000000000000000e-01 2.500000000000000000e-01 2.500000000000000000e-01
2.500000000000000000e-01 2.500000000000000000e-01 2.500000000000000000e-01 2.500000000000000000e-01
2.500000000000000000e-01 2.500000000000000000e-01 2.500000000000000000e-01 2.500000000000000000e-01
2.500000000000000000e-01 2.500000000000000000e-01 2.500000000000000000e-01 2.500000000000000000e-01
2.500000000000000000e-01 2.500000000000000000e-01 2.500000000000000000e-01 2.500000000000000000e-01
2.500000000000000000e-01 2.500000000000000000e-01 2.500000000000000000e-01 2.500000000000000000e-01
2.500000000000000000e-01 2.500000000000000000e-01 2.500000000000000000e-01 2.500000000000000000e-01
2.500000000000000000e-01 2.500000000000000000e-01 2.500000000000000000e-01 2.500000000000000000e-01
2.500000000000000000e-01 2.500000000000000000e-01 2.500000000000000000e-01 2.500000000000000000e-01
2.500000000000000000e-01 2.500000000000000000e-01 2.500000000000000000e-01 2.500000000000000000e-01
2.500000000000000000e-01 2.500000000000000000e-01 2.500000000000000000e-01 2.500000000000000000e-01
2.500000000000000000e-01 2.500000000000000000e-01 2.500000000000000000e-01 2.500000000000000000e-01
4.521423564049900645e-02 1.055935772777076981e-01 3.297101558873581917e-01 5.194820311944351454e-01
3.838288093385425204e-01 1.817338382364200658e-02 5.827943522970059353e-01 1.520345454080956893e-02
1.866731212365361492e-01 2.234185800336627170e-01 9.464774152388483186e-02 4.952605572059163297e-01
2.500000000000000000e-01 2.500000000000000000e-01 2.500000000000000000e-01 2.500000000000000000e-01
2.500000000000000000e-01 2.500000000000000000e-01 2.500000000000000000e-01 2.500000000000000000e-01
4.114598895539096080e-01 5.417354008655460573e-01 4.535678140735743824e-03 4.226903143980859090e-02
7.634007010463983445e-01 9.235028940729765601e-02 1.063169115723994890e-01 3.793209797390451055e-02
2.500000000000000000e-01 2.500000000000000000e-01 2.500000000000000000e-01 2.500000000000000000e-01
2.500000000000000000e-01 2.500000000000000000e-01 2.500000000000000000e-01 2.500000000000000000e-01
2.500000000000000000e-01 2.500000000000000000e-01 2.500000000000000000e-01 2.500000000000000000e-01
2.500000000000000000e-01 2.500000000000000000e-01 2.500000000000000000e-01 2.500000000000000000e-01
2.500000000000000000e-01 2.500000000000000000e-01 2.500000000000000000e-01 2.500000000000000000e-01
2.500000000000000000e-01 2.500000000000000000e-01 2.500000000000000000e-01 2.500000000000000000e-01
6.743560337262914650e-02 2.951983452847889433e-01 3.975086875940866404e-01 2.398573637484952004e-01
2.500000000000000000e-01 2.500000000000000000e-01 2.500000000000000000e-01 2.500000000000000000e-01
1.624472511525949792e-01 4.884853594052762649e-01 5.956513319698841791e-02 2.895022562451403658e-01
1.140486062362197281e-02 2.711781931540394597e-01 4.433033390414985453e-01 2.741136071808401020e-01
2.011398869519040733e-01 1.298150358496862056e-01 3.223483001383334323e-02 6.368102471845763501e-01
2.734995368879103439e-01 2.184627191142645974e-01 2.216084569816232641e-01 2.864292870162017945e-01
2.500000000000000000e-01 2.500000000000000000e-01 2.500000000000000000e-01 2.500000000000000000e-01
5.402941721865919117e-02 6.589768081865563509e-01 8.159126118801884875e-02 2.054025134067656022e-01
2.500000000000000000e-01 2.500000000000000000e-01 2.500000000000000000e-01 2.500000000000000000e-01
1.013603966679509430e-02 1.464769418748786411e-01 2.568480258397546900e-01 5.865389926185715641e-01
2.327531262813931912e-01 1.677454084686430258e-01 5.611046609109670014e-01 3.839680433899680945e-02
2.500000000000000000e-01 2.500000000000000000e-01 2.500000000000000000e-01 2.500000000000000000e-01
2.500000000000000000e-01 2.500000000000000000e-01 2.500000000000000000e-01 2.500000000000000000e-01
5.760565707233492039e-02 2.861581848684774942e-01 6.823184140521237895e-02 5.880043166539752342e-01
1.302586213417326610e-01 1.141981618696482487e-01 6.100853381540464193e-01 1.454578786345726016e-01
2.500000000000000000e-01 2.500000000000000000e-01 2.500000000000000000e-01 2.500000000000000000e-01
2.500000000000000000e-01 2.500000000000000000e-01 2.500000000000000000e-01 2.500000000000000000e-01
2.500000000000000000e-01 2.500000000000000000e-01 2.500000000000000000e-01 2.500000000000000000e-01
2.500000000000000000e-01 2.500000000000000000e-01 2.500000000000000000e-01 2.500000000000000000e-01
2.500000000000000000e-01 2.500000000000000000e-01 2.500000000000000000e-01 2.500000000000000000e-01
2.500000000000000000e-01 2.500000000000000000e-01 2.500000000000000000e-01 2.500000000000000000e-01
2.500000000000000000e-01 2.500000000000000000e-01 2.500000000000000000e-01 2.500000000000000000e-01
2.305773674918377425e-01 3.699780282337093440e-01 2.903037536020351417e-01 1.091408506724177718e-01
2.500000000000000000e-01 2.500000000000000000e-01 2.500000000000000000e-01 2.500000000000000000e-01
2.500000000000000000e-01 2.500000000000000000e-01 2.500000000000000000e-01 2.500000000000000000e-01
1.500563604774331206e-01 3.625744469659311631e-01 1.815795579498900580e-01 3.057896346067456861e-01
2.694980261842647162e-01 2.834584570367949530e-01 5.090594764724731824e-02 3.961375691316930125e-01
2.500000000000000000e-01 2.500000000000000000e-01 2.500000000000000000e-01 2.500000000000000000e-01
2.500000000000000000e-01 2.500000000000000000e-01 2.500000000000000000e-01 2.500000000000000000e-01
2.500000000000000000e-01 2.500000000000000000e-01 2.500000000000000000e-01 2.500000000000000000e-01
2.500000000000000000e-01 2.500000000000000000e-01 2.500000000000000000e-01 2.500000000000000000e-01
6.162694886862358779e-01 2.087186746283900274e-01 2.320332575990821655e-02 1.518085109254658782e-01
2.500000000000000000e-01 2.500000000000000000e-01 2.500000000000000000e-01 2.500000000000000000e-01
2.500000000000000000e-01 2.500000000000000000e-01 2.500000000000000000e-01 2.500000000000000000e-01
5.749750464786839155e-01 1.025605800991580274e-01 1.022674447052210889e-01 2.201969287169369682e-01
2.886916791290855544e-01 3.240531120300573775e-01 2.109928587717503357e-01 1.762623500691067324e-01
2.500000000000000000e-01 2.500000000000000000e-01 2.500000000000000000e-01 2.500000000000000000e-01
2.500000000000000000e-01 2.500000000000000000e-01 2.500000000000000000e-01 2.500000000000000000e-01
5.156855940179251307e-01 5.167247592845371912e-02 3.018366693897696074e-01 1.308052606638515636e-01
1.103707447882529419e-01 3.002186335641628401e-01 1.385597571160661068e-01 4.508508645315181251e-01
2.500000000000000000e-01 2.500000000000000000e-01 2.500000000000000000e-01 2.500000000000000000e-01
2.500000000000000000e-01 2.500000000000000000e-01 2.500000000000000000e-01 2.500000000000000000e-01
2.735463885264903805e-01 2.874109783175516353e-01 1.915858027945738784e-01 2.474568303613841058e-01
2.500000000000000000e-01 2.500000000000000000e-01 2.500000000000000000e-01 2.500000000000000000e-01
7.024617936473519231e-02 8.243324940978127846e-02 1.990064673184155086e-01 6.483141039070680067e-01
2.500000000000000000e-01 2.500000000000000000e-01 2.500000000000000000e-01 2.500000000000000000e-01
2.500000000000000000e-01 2.500000000000000000e-01 2.500000000000000000e-01 2.500000000000000000e-01
2.500000000000000000e-01 2.500000000000000000e-01 2.500000000000000000e-01 2.500000000000000000e-01
2.500000000000000000e-01 2.500000000000000000e-01 2.500000000000000000e-01 2.500000000000000000e-01
2.500000000000000000e-01 2.500000000000000000e-01 2.500000000000000000e-01 2.500000000000000000e-01
2.500000000000000000e-01 2.500000000000000000e-01 2.500000000000000000e-01 2.500000000000000000e-01
2.500000000000000000e-01 2.500000000000000000e-01 2.500000000000000000e-01 2.500000000000000000e-01
5.187750930290490059e-01 1.514880984813977427e-01 1.525429767589984442e-01 1.771938317305548072e-01
2.500000000000000000e-01 2.500000000000000000e-01 2.500000000000000000e-01 2.500000000000000000e-01
2.500000000000000000e-01 2.500000000000000000e-01 2.500000000000000000e-01 2.500000000000000000e-01
3.483251595936812800e-02 5.468129011681808205e-01 1.842132923328860805e-01 2.341412905395649224e-01
2.500000000000000000e-01 2.500000000000000000e-01 2.500000000000000000e-01 2.500000000000000000e-01
2.500000000000000000e-01 2.500000000000000000e-01 2.500000000000000000e-01 2.500000000000000000e-01
2.101868725863045850e-01 6.021202726701146112e-03 2.723026741361523895e-01 5.114892505508419340e-01
2.500000000000000000e-01 2.500000000000000000e-01 2.500000000000000000e-01 2.500000000000000000e-01
6.376907916094585183e-01 4.834586128046296227e-02 1.571753960228650659e-01 1.567879510872134396e-01
2.500000000000000000e-01 2.500000000000000000e-01 2.500000000000000000e-01 2.500000000000000000e-01
2.500000000000000000e-01 2.500000000000000000e-01 2.500000000000000000e-01 2.500000000000000000e-01
2.500000000000000000e-01 2.500000000000000000e-01 2.500000000000000000e-01 2.500000000000000000e-01
3.652031156840792048e-01 2.388478225644327935e-01 2.899922819191338985e-02 3.669498335595746119e-01
2.500000000000000000e-01 2.500000000000000000e-01 2.500000000000000000e-01 2.500000000000000000e-01
2.500000000000000000e-01 2.500000000000000000e-01 2.500000000000000000e-01 2.500000000000000000e-01
1.324503900065557016e-01 2.848420873824965005e-01 4.381105279319130741e-02 5.388964698177565182e-01
2.500000000000000000e-01 2.500000000000000000e-01 2.500000000000000000e-01 2.500000000000000000e-01
2.941346819108091593e-01 9.005708221230886157e-02 5.746521681138807569e-01 4.115606776300118064e-02
2.500000000000000000e-01 2.500000000000000000e-01 2.500000000000000000e-01 2.500000000000000000e-01
2.500000000000000000e-01 2.500000000000000000e-01 2.500000000000000000e-01 2.500000000000000000e-01
2.500000000000000000e-01 2.500000000000000000e-01 2.500000000000000000e-01 2.500000000000000000e-01
2.905103650689954131e-01 1.670916823989511968e-01 2.867385965889420740e-01 2.556593559431112883e-01
3.419785791076294934e-02 1.537255538901658759e-02 5.914429007626380574e-01 3.589866859375823727e-01
1.216793521252155369e-01 2.354239985743400154e-01 4.775019778408949866e-01 1.653946714595494472e-01
2.500000000000000000e-01 2.500000000000000000e-01 2.500000000000000000e-01 2.500000000000000000e-01
2.500000000000000000e-01 2.500000000000000000e-01 2.500000000000000000e-01 2.500000000000000000e-01
2.500000000000000000e-01 2.500000000000000000e-01 2.500000000000000000e-01 2.500000000000000000e-01
2.500000000000000000e-01 2.500000000000000000e-01 2.500000000000000000e-01 2.500000000000000000e-01
2.500000000000000000e-01 2.500000000000000000e-01 2.500000000000000000e-01 2.500000000000000000e-01
3.021745611274420096e-01 1.827260190008868357e-01 3.432632090543755732e-01 1.718362108172956093e-01
2.500000000000000000e-01 2.500000000000000000e-01 2.500000000000000000e-01 2.500000000000000000e-01
3.875196778557244981e-01 2.961076684453413099e-01 2.844653705117943243e-01 3.190728318713986766e-02
1.301330587753389556e-01 3.364714453124528770e-01 3.106055522611484987e-01 2.227899436510596687e-01
2.500000000000000000e-01 2.500000000000000000e-01 2.500000000000000000e-01 2.500000000000000000e-01
2.500000000000000000e-01 2.500000000000000000e-01 2.500000000000000000e-01 2.500000000000000000e-01
3.015654512630270845e-01 5.044369866251390278e-01 2.682153115265850651e-02 1.671760309591753813e-01
2.500000000000000000e-01 2.500000000000000000e-01 2.500000000000000000e-01 2.500000000000000000e-01
1.886863725114674428e-01 2.008699596478481092e-02 2.673860181869474051e-01 5.238406133368003204e-01
3.090541633786373921e-01 1.818260466036139833e-01 5.033822295104035671e-01 5.737560507345029759e-03
2.500000000000000000e-01 2.500000000000000000e-01 2.500000000000000000e-01 2.500000000000000000e-01
2.500000000000000000e-01 2.500000000000000000e-01 2.500000000000000000e-01 2.500000000000000000e-01
2.500000000000000000e-01 2.500000000000000000e-01 2.500000000000000000e-01 2.500000000000000000e-01
2.500000000000000000e-01 2.500000000000000000e-01 2.500000000000000000e-01 2.500000000000000000e-01
2.500000000000000000e-01 2.500000000000000000e-01 2.500000000000000000e-01 2.500000000000000000e-01
2.500000000000000000e-01 2.500000000000000000e-01 2.500000000000000000e-01 2.500000000000000000e-01
2.500000000000000000e-01 2.500000000000000000e-01 2.500000000000000000e-01 2.500000000000000000e-01
2.500000000000000000e-01 2.500000000000000000e-01 2.500000000000000000e-01 2.500000000000000000e-01
2.500000000000000000e-01 2.500000000000000000e-01 2.500000000000000000e-01 2.500000000000000000e-01
1.727198689790430952e-01 4.987788946426418013e-01 5.975301740485561286e-02 2.687482189734594629e-01
2.500000000000000000e-01 2.500000000000000000e-01 2.500000000000000000e-01 2.500000000000000000e-01
2.500000000000000000e-01 2.500000000000000000e-01 2.500000000000000000e-01 2.500000000000000000e-01
2.500000000000000000e-01 2.500000000000000000e-01 2.500000000000000000e-01 2.500000000000000000e-01
2.500000000000000000e-01 2.500000000000000000e-01 2.500000000000000000e-01 2.500000000000000000e-01
6.586366928397610274e-03 2.655260486108319551e-01 2.842103213289763897e-01 4.436772631317940641e-01
2.500000000000000000e-01 2.500000000000000000e-01 2.500000000000000000e-01 2.500000000000000000e-01
3.679468926678660656e-01 2.015978522931128891e-01 7.521897431903556974e-02 3.552362807199854755e-01
2.500000000000000000e-01 2.500000000000000000e-01 2.500000000000000000e-01 2.500000000000000000e-01
2.500000000000000000e-01 2.500000000000000000e-01 2.500000000000000000e-01 2.500000000000000000e-01
2.500000000000000000e-01 2.500000000000000000e-01 2.500000000000000000e-01 2.500000000000000000e-01
2.500000000000000000e-01 2.500000000000000000e-01 2.500000000000000000e-01 2.500000000000000000e-01
4.488459808324579692e-01 2.224582043569882928e-01 1.568906883817864084e-01 1.718051264287673296e-01
3.109199718895394038e-01 1.789809231813805634e-01 5.092947526660578372e-01 8.043522630221677794e-04
2.500000000000000000e-01 2.500000000000000000e-01 2.500000000000000000e-01 2.500000000000000000e-01
1.264861261107717849e-01 5.613894862238880124e-02 4.599941296166241145e-01 3.573807956502152994e-01
2.500000000000000000e-01 2.500000000000000000e-01 2.500000000000000000e-01 2.500000000000000000e-01
2.500000000000000000e-01 2.500000000000000000e-01 2.500000000000000000e-01 2.500000000000000000e-01
2.500000000000000000e-01 2.500000000000000000e-01 2.500000000000000000e-01 2.500000000000000000e-01
1.614397596718201711e-01 5.883036805890404786e-01 7.450330581241371153e-02 1.757532539267256388e-01
2.500000000000000000e-01 2.500000000000000000e-01 2.500000000000000000e-01 2.500000000000000000e-01
2.500000000000000000e-01 2.500000000000000000e-01 2.500000000000000000e-01 2.500000000000000000e-01
2.500000000000000000e-01 2.500000000000000000e-01 2.500000000000000000e-01 2.500000000000000000e-01
2.500000000000000000e-01 2.500000000000000000e-01 2.500000000000000000e-01 2.500000000000000000e-01
2.500000000000000000e-01 2.500000000000000000e-01 2.500000000000000000e-01 2.500000000000000000e-01
2.500000000000000000e-01 2.500000000000000000e-01 2.500000000000000000e-01 2.500000000000000000e-01
2.500000000000000000e-01 2.500000000000000000e-01 2.500000000000000000e-01 2.500000000000000000e-01
2.726708642466855181e-01 9.561728530078222876e-02 4.270358876964342465e-01 2.046759627560980066e-01
2.500000000000000000e-01 2.500000000000000000e-01 2.500000000000000000e-01 2.500000000000000000e-01
3.843501818039024576e-01 7.229067883792329730e-02 1.030458620374980899e-01 4.403132773206761552e-01
7.841044557006651150e-01 8.901597794200559466e-02 3.643639469424882205e-02 9.044317166308046829e-02
2.500000000000000000e-01 2.500000000000000000e-01 2.500000000000000000e-01 2.500000000000000000e-01
2.500000000000000000e-01 2.500000000000000000e-01 2.500000000000000000e-01 2.500000000000000000e-01
2.500000000000000000e-01 2.500000000000000000e-01 2.500000000000000000e-01 2.500000000000000000e-01
2.500000000000000000e-01 2.500000000000000000e-01 2.500000000000000000e-01 2.500000000000000000e-01
2.500000000000000000e-01 2.500000000000000000e-01 2.500000000000000000e-01 2.500000000000000000e-01
2.500000000000000000e-01 2.500000000000000000e-01 2.500000000000000000e-01 2.500000000000000000e-01
2.500000000000000000e-01 2.500000000000000000e-01 2.500000000000000000e-01 2.500000000000000000e-01
2.500000000000000000e-01 2.500000000000000000e-01 2.500000000000000000e-01 2.500000000000000000e-01
6.009017663078326521e-01 7.734857742476215769e-02 2.367077440281262768e-01 8.504191223927892729e-02
7.025713590587482349e-01 1.100718666680465391e-01 1.131423780570027099e-01 7.421439621620251614e-02
2.500000000000000000e-01 2.500000000000000000e-01 2.500000000000000000e-01 2.500000000000000000e-01
2.500000000000000000e-01 2.500000000000000000e-01 2.500000000000000000e-01 2.500000000000000000e-01
2.500000000000000000e-01 2.500000000000000000e-01 2.500000000000000000e-01 2.500000000000000000e-01
2.500000000000000000e-01 2.500000000000000000e-01 2.500000000000000000e-01 2.500000000000000000e-01
9.148291542240141738e-02 1.219996557116544700e-01 2.888338090995601348e-01 4.976836197663839778e-01
1.966687870495941182e-01 1.275884493564766360e-02 2.085675948786552270e-01 5.820047731361029930e-01
2.500000000000000000e-01 2.500000000000000000e-01 2.500000000000000000e-01 2.500000000000000000e-01
6.243432206184258704e-02 3.319700140495170267e-03 2.190584764967018760e-01 7.151875013009603155e-01
2.500000000000000000e-01 2.500000000000000000e-01 2.500000000000000000e-01 2.500000000000000000e-01
2.500000000000000000e-01 2.500000000000000000e-01 2.500000000000000000e-01 2.500000000000000000e-01
4.679692837971264896e-01 1.704997312768142537e-01 1.868849783811149801e-01 1.746460065449442767e-01
2.500000000000000000e-01 2.500000000000000000e-01 2.500000000000000000e-01 2.500000000000000000e-01
2.500000000000000000e-01 2.500000000000000000e-01 2.500000000000000000e-01 2.500000000000000000e-01
7.013686693156800933e-02 1.043903449330807753e-01 3.115830701204002073e-01 5.138897180149510913e-01
2.500000000000000000e-01 2.500000000000000000e-01 2.500000000000000000e-01 2.500000000000000000e-01
2.500000000000000000e-01 2.500000000000000000e-01 2.500000000000000000e-01 2.500000000000000000e-01
2.500000000000000000e-01 2.500000000000000000e-01 2.500000000000000000e-01 2.500000000000000000e-01
2.500000000000000000e-01 2.500000000000000000e-01 2.500000000000000000e-01 2.500000000000000000e-01
2.500000000000000000e-01 2.500000000000000000e-01 2.500000000000000000e-01 2.500000000000000000e-01
2.500000000000000000e-01 2.500000000000000000e-01 2.500000000000000000e-01 2.500000000000000000e-01
2.752385072151987064e-02 2.751202382725970730e-01 1.786530963643230829e-01 5.187028146415599839e-01
2.500000000000000000e-01 2.500000000000000000e-01 2.500000000000000000e-01 2.500000000000000000e-01
2.500000000000000000e-01 2.500000000000000000e-01 2.500000000000000000e-01 2.500000000000000000e-01
2.081697235348426156e-01 1.272849498997593587e-01 4.617750519939182174e-01 2.027702745714798083e-01
2.500000000000000000e-01 2.500000000000000000e-01 2.500000000000000000e-01 2.500000000000000000e-01
2.500000000000000000e-01 2.500000000000000000e-01 2.500000000000000000e-01 2.500000000000000000e-01
2.514101468826765440e-01 1.220681309978710778e-02 3.422737081413406157e-01 3.941093318761957343e-01
2.500000000000000000e-01 2.500000000000000000e-01 2.500000000000000000e-01 2.500000000000000000e-01
2.500000000000000000e-01 2.500000000000000000e-01 2.500000000000000000e-01 2.500000000000000000e-01
2.500000000000000000e-01 2.500000000000000000e-01 2.500000000000000000e-01 2.500000000000000000e-01
1.363198205730664636e-01 2.444181887107793605e-01 3.236434373348447968e-01 2.956185533813094346e-01
2.500000000000000000e-01 2.500000000000000000e-01 2.500000000000000000e-01 2.500000000000000000e-01
5.718206102828334858e-01 1.305080173478046501e-01 2.338613527819995430e-01 6.381001958736232105e-02
2.500000000000000000e-01 2.500000000000000000e-01 2.500000000000000000e-01 2.500000000000000000e-01
2.500000000000000000e-01 2.500000000000000000e-01 2.500000000000000000e-01 2.500000000000000000e-01
2.500000000000000000e-01 2.500000000000000000e-01 2.500000000000000000e-01 2.500000000000000000e-01
3.383885518935607351e-02 1.335857900761635297e-01 2.992635485121459826e-01 5.333118062223344280e-01
2.500000000000000000e-01 2.500000000000000000e-01 2.500000000000000000e-01 2.500000000000000000e-01
2.500000000000000000e-01 2.500000000000000000e-01 2.500000000000000000e-01 2.500000000000000000e-01
1.056097963766491482e-01 3.556024525093202104e-01 4.929740158951245732e-02 4.894903495245181979e-01
2.500000000000000000e-01 2.500000000000000000e-01 2.500000000000000000e-01 2.500000000000000000e-01
2.500000000000000000e-01 2.500000000000000000e-01 2.500000000000000000e-01 2.500000000000000000e-01
9.366299454581199224e-02 4.750411471877016290e-01 2.587342671440306940e-01 1.725615911224557264e-01
2.500000000000000000e-01 2.500000000000000000e-01 2.500000000000000000e-01 2.500000000000000000e-01
2.500000000000000000e-01 2.500000000000000000e-01 2.500000000000000000e-01 2.500000000000000000e-01
2.500000000000000000e-01 2.500000000000000000e-01 2.500000000000000000e-01 2.500000000000000000e-01
2.500000000000000000e-01 2.500000000000000000e-01 2.500000000000000000e-01 2.500000000000000000e-01
3.316350314795905030e-01 3.127094486232178117e-01 2.600572449199659575e-01 9.559827497722572787e-02
3.311778797156993415e-01 3.931250102842235306e-01 2.377225346832528841e-01 3.797457531682418841e-02
2.500000000000000000e-01 2.500000000000000000e-01 2.500000000000000000e-01 2.500000000000000000e-01
2.500000000000000000e-01 2.500000000000000000e-01 2.500000000000000000e-01 2.500000000000000000e-01
1.152825849272474529e-01 2.894428351376144848e-01 4.291553903069095233e-01 1.661191896282285807e-01
2.500000000000000000e-01 2.500000000000000000e-01 2.500000000000000000e-01 2.500000000000000000e-01
2.500000000000000000e-01 2.500000000000000000e-01 2.500000000000000000e-01 2.500000000000000000e-01
2.500000000000000000e-01 2.500000000000000000e-01 2.500000000000000000e-01 2.500000000000000000e-01
2.500000000000000000e-01 2.500000000000000000e-01 2.500000000000000000e-01 2.500000000000000000e-01
2.500000000000000000e-01 2.500000000000000000e-01 2.500000000000000000e-01 2.500000000000000000e-01
2.451092185312630511e-01 3.261677399321146753e-01 4.600548241334967425e-02 3.827175591232725993e-01
1.684059024781502933e-01 1.154189387840553888e-01 7.349894525220480868e-02 6.426762134855894537e-01
2.928371270729425158e-01 3.441402867673840765e-02 4.428613063877008815e-01 2.298875378626181742e-01
2.500000000000000000e-01 2.500000000000000000e-01 2.500000000000000000e-01 2.500000000000000000e-01
2.953847143909381079e-01 7.414483086820309113e-03 5.458106675211499281e-01 1.513901350010916080e-01
2.287316979207859313e-01 2.847186248126452532e-02 4.109132514067697084e-01 3.318831881911797899e-01
2.500000000000000000e-01 2.500000000000000000e-01 2.500000000000000000e-01 2.500000000000000000e-01
2.500000000000000000e-01 2.500000000000000000e-01 2.500000000000000000e-01 2.500000000000000000e-01
2.406146170317471356e-01 3.582869878680085551e-01 2.461791776580977698e-01 1.549192174421465396e-01
2.500000000000000000e-01 2.500000000000000000e-01 2.500000000000000000e-01 2.500000000000000000e-01
2.500000000000000000e-01 2.500000000000000000e-01 2.500000000000000000e-01 2.500000000000000000e-01
2.500000000000000000e-01 2.500000000000000000e-01 2.500000000000000000e-01 2.500000000000000000e-01
2.500000000000000000e-01 2.500000000000000000e-01 2.500000000000000000e-01 2.500000000000000000e-01
2.552978643562720529e-01 2.790647607086189572e-02 8.573689899474139231e-02 6.310587605781246001e-01
2.500000000000000000e-01 2.500000000000000000e-01 2.500000000000000000e-01 2.500000000000000000e-01
1.607250573597369669e-01 5.025577216135507230e-02 1.041031719349170825e-01 6.849159985439908782e-01
3.764734210390756619e-01 1.075305552555895772e-01 1.311665139890467180e-01 3.848295097162880429e-01
2.500000000000000000e-01 2.500000000000000000e-01 2.500000000000000000e-01 2.500000000000000000e-01
2.500000000000000000e-01 2.500000000000000000e-01 2.500000000000000000e-01 2.500000000000000000e-01
2.500000000000000000e-01 2.500000000000000000e-01 2.500000000000000000e-01 2.500000000000000000e-01
5.185981482659891839e-02 2.096157745132971595e-01 4.763839572037402714e-01 2.621404534563636646e-01
9.901423606372028452e-03 4.961984178223963204e-01 1.615997470977165729e-01 3.323004114735150782e-01
2.500000000000000000e-01 2.500000000000000000e-01 2.500000000000000000e-01 2.500000000000000000e-01
4.704129456595804726e-01 5.134451586504636955e-01 1.216867823197143039e-02 3.973217457984401513e-03
2.500000000000000000e-01 2.500000000000000000e-01 2.500000000000000000e-01 2.500000000000000000e-01
2.500000000000000000e-01 2.500000000000000000e-01 2.500000000000000000e-01 2.500000000000000000e-01
2.500000000000000000e-01 2.500000000000000000e-01 2.500000000000000000e-01 2.500000000000000000e-01
1.321150344121732600e-01 3.381938833608113537e-01 2.476722162301778773e-01 2.820188659968375644e-01
3.350879476401080193e-01 5.801732594516897379e-01 4.996942545887361753e-02 3.476936744932862533e-02
2.500000000000000000e-01 2.500000000000000000e-01 2.500000000000000000e-01 2.500000000000000000e-01
3.813198434598411013e-01 9.829042281953449811e-02 3.856014634404967278e-01 1.347882702801276866e-01
3.774276187245922953e-01 4.334940086376977419e-02 3.016502300599256947e-01 2.775727503517122496e-01
5.952874133153535086e-01 9.449334565473796466e-02 3.613437338095928930e-02 2.740848676489492375e-01
2.500000000000000000e-01 2.500000000000000000e-01 2.500000000000000000e-01 2.500000000000000000e-01
2.500000000000000000e-01 2.500000000000000000e-01 2.500000000000000000e-01 2.500000000000000000e-01
2.500000000000000000e-01 2.500000000000000000e-01 2.500000000000000000e-01 2.500000000000000000e-01
2.500000000000000000e-01 2.500000000000000000e-01 2.500000000000000000e-01 2.500000000000000000e-01
4.319483946363293636e-02 5.772507697127023940e-01 6.129452080466957220e-02 3.182598700189950836e-01
2.500000000000000000e-01 2.500000000000000000e-01 2.500000000000000000e-01 2.500000000000000000e-01
2.615936780808610362e-01 5.706699145709872578e-01 4.760934803754968137e-02 1.201270593106020246e-01
2.500000000000000000e-01 2.500000000000000000e-01 2.500000000000000000e-01 2.500000000000000000e-01
2.500000000000000000e-01 2.500000000000000000e-01 2.500000000000000000e-01 2.500000000000000000e-01
1.196393255298716929e-01 4.669257510423163171e-01 4.142740114643844729e-02 3.720075222813735705e-01
2.500000000000000000e-01 2.500000000000000000e-01 2.500000000000000000e-01 2.500000000000000000e-01
4.033226702916142825e-01 1.943071255468316327e-01 2.360889390265030474e-01 1.662812651350510373e-01
2.707519667693455978e-01 4.199679519144775552e-01 1.183725426864505881e-01 1.909075386297262589e-01
1.411359070435695418e-01 8.675737821437295993e-02 6.386638301174205612e-01 1.334428846246369926e-01
2.500000000000000000e-01 2.500000000000000000e-01 2.500000000000000000e-01 2.500000000000000000e-01
2.500000000000000000e-01 2.500000000000000000e-01 2.500000000000000000e-01 2.500000000000000000e-01
2.500000000000000000e-01 2.500000000000000000e-01 2.500000000000000000e-01 2.500000000000000000e-01
2.500000000000000000e-01 2.500000000000000000e-01 2.500000000000000000e-01 2.500000000000000000e-01
5.798740188994965239e-01 2.657187463725588228e-01 1.454184288076701415e-01 8.988805920274511863e-03
2.500000000000000000e-01 2.500000000000000000e-01 2.500000000000000000e-01 2.500000000000000000e-01
2.500000000000000000e-01 2.500000000000000000e-01 2.500000000000000000e-01 2.500000000000000000e-01
1.862059153143530432e-01 8.019129645594144651e-02 4.668490134647265699e-02 6.869178868832328533e-01
2.484763975947955894e-01 1.291553468344832645e-01 4.489155941466663746e-01 1.734526614240547715e-01
2.500000000000000000e-01 2.500000000000000000e-01 2.500000000000000000e-01 2.500000000000000000e-01
2.500000000000000000e-01 2.500000000000000000e-01 2.500000000000000000e-01 2.500000000000000000e-01
2.500000000000000000e-01 2.500000000000000000e-01 2.500000000000000000e-01 2.500000000000000000e-01
2.500000000000000000e-01 2.500000000000000000e-01 2.500000000000000000e-01 2.500000000000000000e-01
4.031387004329980428e-01 5.925900946322049806e-03 1.013410213553207623e-01 4.895943772653591486e-01
2.500000000000000000e-01 2.500000000000000000e-01 2.500000000000000000e-01 2.500000000000000000e-01
2.500000000000000000e-01 2.500000000000000000e-01 2.500000000000000000e-01 2.500000000000000000e-01
2.773765718244286527e-01 6.493694009065550943e-02 5.951167340841089226e-01 6.256975400080683203e-02
6.481231791142720855e-01 1.214005608436307948e-01 1.438276125126576599e-01 8.664864752943945980e-02
2.674055199584498416e-02 5.739683533235891838e-02 1.586704989170878710e-01 7.571921137547081848e-01
2.500000000000000000e-01 2.500000000000000000e-01 2.500000000000000000e-01 2.500000000000000000e-01
2.500000000000000000e-01 2.500000000000000000e-01 2.500000000000000000e-01 2.500000000000000000e-01
2.382491818941004647e-01 2.648501308845661595e-01 3.950838127247790488e-01 1.018168744965543271e-01
7.305135228994950880e-02 1.523016236952979552e-01 2.751480465028385280e-01 4.994989775119139663e-01
2.500000000000000000e-01 2.500000000000000000e-01 2.500000000000000000e-01 2.500000000000000000e-01
2.500000000000000000e-01 2.500000000000000000e-01 2.500000000000000000e-01 2.500000000000000000e-01
2.500000000000000000e-01 2.500000000000000000e-01 2.500000000000000000e-01 2.500000000000000000e-01
4.419503830107313624e-01 1.317208245156166468e-01 1.404035483365960457e-01 2.859252441370559450e-01
2.500000000000000000e-01 2.500000000000000000e-01 2.500000000000000000e-01 2.500000000000000000e-01
2.146249769842671073e-01 6.011254498354744458e-01 1.458607014196497964e-01 3.838887176060865047e-02
2.500000000000000000e-01 2.500000000000000000e-01 2.500000000000000000e-01 2.500000000000000000e-01
2.500000000000000000e-01 2.500000000000000000e-01 2.500000000000000000e-01 2.500000000000000000e-01
2.500000000000000000e-01 2.500000000000000000e-01 2.500000000000000000e-01 2.500000000000000000e-01
2.500000000000000000e-01 2.500000000000000000e-01 2.500000000000000000e-01 2.500000000000000000e-01
1.853086106056454074e-01 1.559455008229708277e-02 2.489460846884621048e-01 5.501507546235954171e-01
2.500000000000000000e-01 2.500000000000000000e-01 2.500000000000000000e-01 2.500000000000000000e-01
2.500000000000000000e-01 2.500000000000000000e-01 2.500000000000000000e-01 2.500000000000000000e-01
2.500000000000000000e-01 2.500000000000000000e-01 2.500000000000000000e-01 2.500000000000000000e-01
3.604063048830064564e-01 8.882506709715488891e-02 1.167140096388079445e-01 4.340546183810307102e-01
1.510170445224006397e-01 2.080076820804875048e-01 1.559674565505546340e-01 4.850078168465572492e-01
2.500000000000000000e-01 2.500000000000000000e-01 2.500000000000000000e-01 2.500000000000000000e-01
2.504295818361896298e-01 4.411695074091693258e-01 1.530993174397371481e-02 2.930909790106673296e-01
2.500000000000000000e-01 2.500000000000000000e-01 2.500000000000000000e-01 2.500000000000000000e-01
2.500000000000000000e-01 2.500000000000000000e-01 2.500000000000000000e-01 2.500000000000000000e-01
2.500000000000000000e-01 2.500000000000000000e-01 2.500000000000000000e-01 2.500000000000000000e-01
2.500000000000000000e-01 2.500000000000000000e-01 2.500000000000000000e-01 2.500000000000000000e-01
2.500000000000000000e-01 2.500000000000000000e-01 2.500000000000000000e-01 2.500000000000000000e-01
2.500000000000000000e-01 2.500000000000000000e-01 2.500000000000000000e-01 2.500000000000000000e-01
2.254859592351163289e-02 3.012983941579977509e-01 3.639999107226910002e-02 6.397530188462214884e-01
1.065243433391162009e-01 2.205025206896352587e-04 5.933489820965655026e-01 2.999061720436286826e-01
4.670627652531115781e-01 1.020300456951797885e-01 1.778547526375190702e-01 2.530524364141895632e-01
2.500000000000000000e-01 2.500000000000000000e-01 2.500000000000000000e-01 2.500000000000000000e-01
2.500000000000000000e-01 2.500000000000000000e-01 2.500000000000000000e-01 2.500000000000000000e-01
2.500000000000000000e-01 2.500000000000000000e-01 2.500000000000000000e-01 2.500000000000000000e-01
2.500000000000000000e-01 2.500000000000000000e-01 2.500000000000000000e-01 2.500000000000000000e-01
2.500000000000000000e-01 2.500000000000000000e-01 2.500000000000000000e-01 2.500000000000000000e-01
2.500000000000000000e-01 2.500000000000000000e-01 2.500000000000000000e-01 2.500000000000000000e-01
2.500000000000000000e-01 2.500000000000000000e-01 2.500000000000000000e-01 2.500000000000000000e-01
2.500000000000000000e-01 2.500000000000000000e-01 2.500000000000000000e-01 2.500000000000000000e-01
2.500000000000000000e-01 2.500000000000000000e-01 2.500000000000000000e-01 2.500000000000000000e-01
2.997951241104479525e-01 3.607758798507544606e-02 6.306619678334897117e-01 3.346532007098684813e-02
2.785027101252697257e-01 2.726827928360485709e-01 1.247265105283723585e-02 4.363418459858444676e-01
2.500000000000000000e-01 2.500000000000000000e-01 2.500000000000000000e-01 2.500000000000000000e-01
2.500000000000000000e-01 2.500000000000000000e-01 2.500000000000000000e-01 2.500000000000000000e-01
2.500000000000000000e-01 2.500000000000000000e-01 2.500000000000000000e-01 2.500000000000000000e-01
2.500000000000000000e-01 2.500000000000000000e-01 2.500000000000000000e-01 2.500000000000000000e-01
3.110617054187858055e-01 4.442111566142286638e-01 4.028177310625452590e-02 2.044453648607310048e-01
2.500000000000000000e-01 2.500000000000000000e-01 2.500000000000000000e-01 2.500000000000000000e-01
2.500000000000000000e-01 2.500000000000000000e-01 2.500000000000000000e-01 2.500000000000000000e-01
2.500000000000000000e-01 2.500000000000000000e-01 2.500000000000000000e-01 2.500000000000000000e-01
2.500000000000000000e-01 2.500000000000000000e-01 2.500000000000000000e-01 2.500000000000000000e-01
8.488439552939223975e-02 2.458560813711830884e-01 2.150819066892956100e-01 4.541776164101290481e-01
5.914805345577133222e-01 7.275890329565357084e-02 1.219000711703377704e-01 2.138604909762953366e-01
