2.500000000000000000e-01 2.500000000000000000e-01 2.500000000000000000e-01 2.500000000000000000e-01
2.500000000000000000e-01 2.500000000000000000e-01 2.500000000000000000e-01 2.500000000000000000e-01
2.500000000000000000e-01 2.500000000000000000e-01 2.500000000000000000e-01 2.500000000000000000e-01
1.394419964487656483e-01 5.736303114966460892e-02 2.404238685161144695e-01 5.627711038854552594e-01
2.500000000000000000e-01 2.500000000000000000e-01 2.500000000000000000e-01 2.500000000000000000e-01
2.500000000000000000e-01 2.500000000000000000e-01 2.500000000000000000e-01 2.500000000000000000e-01
9.184881499334255142e-03 2.171763896703172991e-02 1.551764259962258308e-01 8.139210535374081790e-01
4.293011755531117579e-01 2.577210836501918068e-01 4.555051311562968719e-02 2.674272276810667481e-01
8.744844597519917107e-02 2.270437678079570976e-01 4.649801156710706707e-01 2.205276705457729913e-01
2.500000000000000000e-01 2.500000000000000000e-01 2.500000000000000000e-01 2.500000000000000000e-01
2.500000000000000000e-01 2.500000000000000000e-01 2.500000000000000000e-01 2.500000000000000000e-01
4.002492956523029388e-01 6.126877620113922729e-02 1.646362504550576977e-01 3.738456776915001223e-01
2.465040283116970432e-01 5.811944177842797571e-02 4.252032787630165567e-01 2.701732511468584175e-01
2.500000000000000000e-01 2.500000000000000000e-01 2.500000000000000000e-01 2.500000000000000000e-01
2.500000000000000000e-01 2.500000000000000000e-01 2.500000000000000000e-01 2.500000000000000000e-01
2.500000000000000000e-01 2.500000000000000000e-01 2.500000000000000000e-01 2.500000000000000000e-01
2.500000000000000000e-01 2.500000000000000000e-01 2.500000000000000000e-01 2.500000000000000000e-01
2.500000000000000000e-01 2.500000000000000000e-01 2.500000000000000000e-01 2.500000000000000000e-01
2.500000000000000000e-01 2.500000000000000000e-01 2.500000000000000000e-01 2.500000000000000000e-01
2.500000000000000000e-01 2.500000000000000000e-01 2.500000000000000000e-01 2.500000000000000000e-01
2.500000000000000000e-01 2.500000000000000000e-01 2.500000000000000000e-01 2.500000000000000000e-01
2.500000000000000000e-01 2.500000000000000000e-01 2.500000000000000000e-01 2.500000000000000000e-01
2.500000000000000000e-01 2.500000000000000000e-01 2.500000000000000000e-01 2.500000000000000000e-01
5.028029306406561760e-01 4.123320609305508588e-02 2.985820569370138400e-01 1.573818063292748981e-01
1.618695491906073924e-01 1.637290554824634148e-01 2.923112750914251823e-01 3.820901202355040382e-01
1.112910103553113039e-01 1.092910400044143915e-01 6.060196729424415230e-01 1.733982766978327539e-01
2.500000000000000000e-01 2.500000000000000000e-01 2.500000000000000000e-01 2.500000000000000000e-01
2.500000000000000000e-01 2.500000000000000000e-01 2.500000000000000000e-01 2.500000000000000000e-01
8.357412296162830545e-01 1.556810097079584614e-02 1.132785444355702970e-01 3.541212497735080067e-02
2.112895402902263686e-01 9.603421363222836016e-02 5.892318464157575431e-01 1.034443996617877837e-01
1.564840911039188098e-01 2.493001576059886495e-02 6.237028884357127545e-01 1.948830046997696019e-01
1.100222537804566580e-01 1.432150695708535038e-01 3.266860250320264836e-01 4.200766516166633546e-01
3.090820148202799711e-01 3.354318852598092149e-01 1.819767427285350903e-01 1.735093571913757793e-01
4.464819107629007799e-01 6.875597191683982534e-02 4.381239595698775968e-01 4.663815775038177014e-02
2.500000000000000000e-01 2.500000000000000000e-01 2.500000000000000000e-01 2.500000000000000000e-01
2.500000000000000000e-01 2.500000000000000000e-01 2.500000000000000000e-01 2.500000000000000000e-01
2.500000000000000000e-01 2.500000000000000000e-01 2.500000000000000000e-01 2.500000000000000000e-01
5.951467936713963347e-01 3.055199070154401841e-01 7.219031058001412759e-02 2.714298873314935356e-02
2.500000000000000000e-01 2.500000000000000000e-01 2.500000000000000000e-01 2.500000000000000000e-01
5.009919972529155441e-01 4.099946388755038723e-02 1.847283412778936151e-01 2.732801975816404605e-01
3.970659937854283950e-01 1.238641124762352233e-02 3.438540552147919538e-01 2.466935397521561324e-01
2.500000000000000000e-01 2.500000000000000000e-01 2.500000000000000000e-01 2.500000000000000000e-01
2.500000000000000000e-01 2.500000000000000000e-01 2.500000000000000000e-01 2.500000000000000000e-01
2.500000000000000000e-01 2.500000000000000000e-01 2.500000000000000000e-01 2.500000000000000000e-01
2.500000000000000000e-01 2.500000000000000000e-01 2.500000000000000000e-01 2.500000000000000000e-01
2.500000000000000000e-01 2.500000000000000000e-01 2.500000000000000000e-01 2.500000000000000000e-01
2.500000000000000000e-01 2.500000000000000000e-01 2.500000000000000000e-01 2.500000000000000000e-01
2.500000000000000000e-01 2.500000000000000000e-01 2.500000000000000000e-01 2.500000000000000000e-01
2.500000000000000000e-01 2.500000000000000000e-01 2.500000000000000000e-01 2.500000000000000000e-01
2.500000000000000000e-01 2.500000000000000000e-01 2.500000000000000000e-01 2.500000000000000000e-01
1.059314821119401728e-01 2.741074219177108695e-01 1.117613656941429667e-02 6.087849594009346887e-01
2.500000000000000000e-01 2.500000000000000000e-01 2.500000000000000000e-01 2.500000000000000000e-01
2.500000000000000000e-01 2.500000000000000000e-01 2.500000000000000000e-01 2.500000000000000000e-01
1.663649653856676403e-01 4.848721430640164365e-01 8.678839970151080996e-02 2.619744918488051133e-01
2.497206108774528421e-01 9.466148727989924516e-02 1.071160443960505609e-01 5.485018574465974073e-01
2.500000000000000000e-01 2.500000000000000000e-01 2.500000000000000000e-01 2.500000000000000000e-01
2.067480491467459103e-01 1.008564253020009654e-01 5.520265559534451860e-01 1.403689695978078966e-01
2.500000000000000000e-01 2.500000000000000000e-01 2.500000000000000000e-01 2.500000000000000000e-01
2.207960953275924787e-01 1.571665987158193164e-03 1.134076001612512874e-01 6.642246385239980455e-01
5.014979855261806341e-01 1.519239149320624482e-01 3.192454964436707288e-01 2.733260309808616118e-02
2.500000000000000000e-01 2.500000000000000000e-01 2.500000000000000000e-01 2.500000000000000000e-01
2.500000000000000000e-01 2.500000000000000000e-01 2.500000000000000000e-01 2.500000000000000000e-01
2.500000000000000000e-01 2.500000000000000000e-01 2.500000000000000000e-01 2.500000000000000000e-01
2.500000000000000000e-01 2.500000000000000000e-01 2.500000000000000000e-01 2.500000000000000000e-01
8.691620572277841683e-01 4.004030683359132564e-02 8.084814916392429884e-02 9.949486774700200264e-03
2.500000000000000000e-01 2.500000000000000000e-01 2.500000000000000000e-01 2.500000000000000000e-01
1.288891515336859916e-01 2.253081530554940370e-01 3.740369028167650489e-01 2.717657925940549779e-01
2.500000000000000000e-01 2.500000000000000000e-01 2.500000000000000000e-01 2.500000000000000000e-01
2.500000000000000000e-01 2.500000000000000000e-01 2.500000000000000000e-01 2.500000000000000000e-01
4.750271399160989338e-02 3.595133178958445641e-01 8.107618124215093536e-02 5.119077868703946210e-01
4.266424301823670828e-01 1.693381061254284337e-01 3.432857349199358588e-02 3.696908902002108976e-01
2.500000000000000000e-01 2.500000000000000000e-01 2.500000000000000000e-01 2.500000000000000000e-01
2.500000000000000000e-01 2.500000000000000000e-01 2.500000000000000000e-01 2.500000000000000000e-01
2.500000000000000000e-01 2.500000000000000000e-01 2.500000000000000000e-01 2.500000000000000000e-01
3.260996592706681685e-02 1.194805800505594900e-01 2.436990484111396515e-01 6.042104056112340693e-01
2.500000000000000000e-01 2.500000000000000000e-01 2.500000000000000000e-01 2.500000000000000000e-01
2.500000000000000000e-01 2.500000000000000000e-01 2.500000000000000000e-01 2.500000000000000000e-01
2.500000000000000000e-01 2.500000000000000000e-01 2.500000000000000000e-01 2.500000000000000000e-01
2.500000000000000000e-01 2.500000000000000000e-01 2.500000000000000000e-01 2.500000000000000000e-01
2.500000000000000000e-01 2.500000000000000000e-01 2.500000000000000000e-01 2.500000000000000000e-01
2.500000000000000000e-01 2.500000000000000000e-01 2.500000000000000000e-01 2.500000000000000000e-01
2.500000000000000000e-01 2.500000000000000000e-01 2.500000000000000000e-01 2.500000000000000000e-01
2.986323181669685578e-01 3.931583973065557597e-02 1.651837136170485054e-01 4.968681284853273539e-01
3.762550328333266747e-02 7.468014187597235565e-02 4.980406737686193797e-01 3.896536810720755417e-01
2.500000000000000000e-01 2.500000000000000000e-01 2.500000000000000000e-01 2.500000000000000000e-01
2.500000000000000000e-01 2.500000000000000000e-01 2.500000000000000000e-01 2.500000000000000000e-01
2.500000000000000000e-01 2.500000000000000000e-01 2.500000000000000000e-01 2.500000000000000000e-01
2.500000000000000000e-01 2.500000000000000000e-01 2.500000000000000000e-01 2.500000000000000000e-01
6.260121157273897952e-01 6.854099482368487817e-02 9.828798445891710756e-02 2.071589049900082191e-01
2.500000000000000000e-01 2.500000000000000000e-01 2.500000000000000000e-01 2.500000000000000000e-01
2.500000000000000000e-01 2.500000000000000000e-01 2.500000000000000000e-01 2.500000000000000000e-01
1.083477110193184836e-02 1.137251896212050778e-01 1.690363254460709730e-02 8.585364067322559523e-01
2.500000000000000000e-01 2.500000000000000000e-01 2.500000000000000000e-01 2.500000000000000000e-01
2.500000000000000000e-01 2.500000000000000000e-01 2.500000000000000000e-01 2.500000000000000000e-01
6.873413300440699425e-01 1.135943380012281179e-01 8.904042062053027506e-02 1.100239113341716646e-01
2.500000000000000000e-01 2.500000000000000000e-01 2.500000000000000000e-01 2.500000000000000000e-01
2.500000000000000000e-01 2.500000000000000000e-01 2.500000000000000000e-01 2.500000000000000000e-01
2.500000000000000000e-01 2.500000000000000000e-01 2.500000000000000000e-01 2.500000000000000000e-01
2.500000000000000000e-01 2.500000000000000000e-01 2.500000000000000000e-01 2.500000000000000000e-01
2.500000000000000000e-01 2.500000000000000000e-01 2.500000000000000000e-01 2.500000000000000000e-01
