7.390231991435374237e-01 1.246583834515688355e-01 1.297955577490864099e-01 6.522859655807344836e-03
2.500000000000000000e-01 2.500000000000000000e-01 2.500000000000000000e-01 2.500000000000000000e-01
2.500000000000000000e-01 2.500000000000000000e-01 2.500000000000000000e-01 2.500000000000000000e-01
2.500000000000000000e-01 2.500000000000000000e-01 2.500000000000000000e-01 2.500000000000000000e-01
2.500000000000000000e-01 2.500000000000000000e-01 2.500000000000000000e-01 2.500000000000000000e-01
2.500000000000000000e-01 2.500000000000000000e-01 2.500000000000000000e-01 2.500000000000000000e-01
6.039127146092663212e-01 1.395608499462019647e-01 2.225408348835922479e-01 3.398560056093946624e-02
2.500000000000000000e-01 2.500000000000000000e-01 2.500000000000000000e-01 2.500000000000000000e-01
5.595148493050994265e-01 6.783377089624274825e-02 1.338472932376459923e-01 2.388040865610118191e-01
2.500000000000000000e-01 2.500000000000000000e-01 2.500000000000000000e-01 2.500000000000000000e-01
5.683169855715986679e-02 6.177451878991500195e-02 5.058131875289592072e-01 3.755805951239659102e-01
2.500000000000000000e-01 2.500000000000000000e-01 2.500000000000000000e-01 2.500000000000000000e-01
2.095967334999771503e-01 5.105565102987418349e-03 2.361757154351569188e-01 5.491219859618785559e-01
5.393489604041603602e-01 1.066875972656002036e-01 3.230319803230422560e-01 3.093146200719720795e-02
2.500000000000000000e-01 2.500000000000000000e-01 2.500000000000000000e-01 2.500000000000000000e-01
2.500000000000000000e-01 2.500000000000000000e-01 2.500000000000000000e-01 2.500000000000000000e-01
2.500000000000000000e-01 2.500000000000000000e-01 2.500000000000000000e-01 2.500000000000000000e-01
2.500000000000000000e-01 2.500000000000000000e-01 2.500000000000000000e-01 2.500000000000000000e-01
2.500000000000000000e-01 2.500000000000000000e-01 2.500000000000000000e-01 2.500000000000000000e-01
2.500000000000000000e-01 2.500000000000000000e-01 2.500000000000000000e-01 2.500000000000000000e-01
2.500000000000000000e-01 2.500000000000000000e-01 2.500000000000000000e-01 2.500000000000000000e-01
5.566819193410491584e-01 2.466676075688673253e-01 1.373668411753391216e-01 5.928363191474439464e-02
2.500000000000000000e-01 2.500000000000000000e-01 2.500000000000000000e-01 2.500000000000000000e-01
2.500000000000000000e-01 2.500000000000000000e-01 2.500000000000000000e-01 2.500000000000000000e-01
2.500000000000000000e-01 2.500000000000000000e-01 2.500000000000000000e-01 2.500000000000000000e-01
2.500000000000000000e-01 2.500000000000000000e-01 2.500000000000000000e-01 2.500000000000000000e-01
2.500000000000000000e-01 2.500000000000000000e-01 2.500000000000000000e-01 2.500000000000000000e-01
4.647022782180869616e-01 1.319123329004224902e-02 4.126512135693369832e-01 1.094552749225338184e-01
2.500000000000000000e-01 2.500000000000000000e-01 2.500000000000000000e-01 2.500000000000000000e-01
9.910839718606631599e-02 3.424882263607746391e-01 2.068805680122220436e-01 3.515228084409369735e-01
2.500000000000000000e-01 2.500000000000000000e-01 2.500000000000000000e-01 2.500000000000000000e-01
6.453962595081488285e-01 3.415108238964047194e-02 1.072943070037481045e-01 2.131583510984625951e-01
1.605615377867695981e-01 2.615525577298299931e-01 1.722840956738546092e-01 4.056018088095457719e-01
2.500000000000000000e-01 2.500000000000000000e-01 2.500000000000000000e-01 2.500000000000000000e-01
1.615584190924083952e-01 1.202678019515306118e-01 2.809086231155786262e-01 4.372651558404823113e-01
2.500000000000000000e-01 2.500000000000000000e-01 2.500000000000000000e-01 2.500000000000000000e-01
2.500000000000000000e-01 2.500000000000000000e-01 2.500000000000000000e-01 2.500000000000000000e-01
2.500000000000000000e-01 2.500000000000000000e-01 2.500000000000000000e-01 2.500000000000000000e-01
2.500000000000000000e-01 2.500000000000000000e-01 2.500000000000000000e-01 2.500000000000000000e-01
2.500000000000000000e-01 2.500000000000000000e-01 2.500000000000000000e-01 2.500000000000000000e-01
2.500000000000000000e-01 2.500000000000000000e-01 2.500000000000000000e-01 2.500000000000000000e-01
2.500000000000000000e-01 2.500000000000000000e-01 2.500000000000000000e-01 2.500000000000000000e-01
2.500000000000000000e-01 2.500000000000000000e-01 2.500000000000000000e-01 2.500000000000000000e-01
6.120595751469862789e-01 1.850487769616360467e-01 1.359160729597450046e-02 1.893000405954031740e-01
2.500000000000000000e-01 2.500000000000000000e-01 2.500000000000000000e-01 2.500000000000000000e-01
2.500000000000000000e-01 2.500000000000000000e-01 2.500000000000000000e-01 2.500000000000000000e-01
2.167458110273323413e-01 1.568409847397946033e-01 2.255797904496651130e-01 4.008334137832079147e-01
2.479872840755444618e-01 4.712543456929633723e-01 8.101888511998583953e-02 1.997394851115063263e-01
2.500000000000000000e-01 2.500000000000000000e-01 2.500000000000000000e-01 2.500000000000000000e-01
2.500000000000000000e-01 2.500000000000000000e-01 2.500000000000000000e-01 2.500000000000000000e-01
2.500000000000000000e-01 2.500000000000000000e-01 2.500000000000000000e-01 2.500000000000000000e-01
2.500000000000000000e-01 2.500000000000000000e-01 2.500000000000000000e-01 2.500000000000000000e-01
2.500000000000000000e-01 2.500000000000000000e-01 2.500000000000000000e-01 2.500000000000000000e-01
2.500000000000000000e-01 2.500000000000000000e-01 2.500000000000000000e-01 2.500000000000000000e-01
2.500000000000000000e-01 2.500000000000000000e-01 2.500000000000000000e-01 2.500000000000000000e-01
2.500000000000000000e-01 2.500000000000000000e-01 2.500000000000000000e-01 2.500000000000000000e-01
6.656999182331722886e-02 1.224591494659428709e-01 5.652474890809902064e-01 2.457233696297497216e-01
2.500000000000000000e-01 2.500000000000000000e-01 2.500000000000000000e-01 2.500000000000000000e-01
2.500000000000000000e-01 2.500000000000000000e-01 2.500000000000000000e-01 2.500000000000000000e-01
2.081312152691247586e-01 3.311904222211660698e-01 1.598919512246049779e-02 4.446891673872486739e-01
2.500000000000000000e-01 2.500000000000000000e-01 2.500000000000000000e-01 2.500000000000000000e-01
2.500000000000000000e-01 2.500000000000000000e-01 2.500000000000000000e-01 2.500000000000000000e-01
2.500000000000000000e-01 2.500000000000000000e-01 2.500000000000000000e-01 2.500000000000000000e-01
1.722067137774987711e-01 7.287492108880887220e-02 1.807871651819141778e-01 5.741311999517781928e-01
4.296151528493894478e-01 1.132982916735793544e-01 3.603806760097015283e-01 9.670587946732966955e-02
2.500000000000000000e-01 2.500000000000000000e-01 2.500000000000000000e-01 2.500000000000000000e-01
3.204637396648679637e-02 2.545103817326062612e-01 3.005599504670977695e-01 4.128832938338091729e-01
2.500000000000000000e-01 2.500000000000000000e-01 2.500000000000000000e-01 2.500000000000000000e-01
4.570409562200598574e-01 3.168593067760646503e-02 2.541682762783071259e-01 2.571048368240265725e-01
2.500000000000000000e-01 2.500000000000000000e-01 2.500000000000000000e-01 2.500000000000000000e-01
3.552898941731685856e-01 1.875314892712721115e-01 2.362952212170840727e-01 2.208833953384752302e-01
6.601540586455583171e-01 7.535976940376291899e-02 1.824081577527765785e-01 8.207801419790217157e-02
1.676102992702691585e-01 1.097113265483510430e-01 5.772975977062568820e-01 1.453807764751229303e-01
1.450412796788872749e-01 4.255910344733885853e-01 2.459905749385809526e-01 1.833771109091431317e-01
2.500000000000000000e-01 2.500000000000000000e-01 2.500000000000000000e-01 2.500000000000000000e-01
2.500000000000000000e-01 2.500000000000000000e-01 2.500000000000000000e-01 2.500000000000000000e-01
2.500000000000000000e-01 2.500000000000000000e-01 2.500000000000000000e-01 2.500000000000000000e-01
3.467599981338797543e-01 3.370210674078210067e-01 6.644568506007897390e-02 2.497732493982202651e-01
2.500000000000000000e-01 2.500000000000000000e-01 2.500000000000000000e-01 2.500000000000000000e-01
2.500000000000000000e-01 2.500000000000000000e-01 2.500000000000000000e-01 2.500000000000000000e-01
2.500000000000000000e-01 2.500000000000000000e-01 2.500000000000000000e-01 2.500000000000000000e-01
2.500000000000000000e-01 2.500000000000000000e-01 2.500000000000000000e-01 2.500000000000000000e-01
5.983803276817483141e-01 2.394607310825631278e-03 2.565547439253712536e-01 1.426703210820547962e-01
2.500000000000000000e-01 2.500000000000000000e-01 2.500000000000000000e-01 2.500000000000000000e-01
2.500000000000000000e-01 2.500000000000000000e-01 2.500000000000000000e-01 2.500000000000000000e-01
2.500000000000000000e-01 2.500000000000000000e-01 2.500000000000000000e-01 2.500000000000000000e-01
2.357687937008081103e-01 1.482446598982842534e-01 3.388521226366459915e-01 2.771344237642616171e-01
2.500000000000000000e-01 2.500000000000000000e-01 2.500000000000000000e-01 2.500000000000000000e-01
5.366179967578166288e-01 1.130662526843292520e-01 7.607802813408647002e-02 2.742377224237676492e-01
2.500000000000000000e-01 2.500000000000000000e-01 2.500000000000000000e-01 2.500000000000000000e-01
2.500000000000000000e-01 2.500000000000000000e-01 2.500000000000000000e-01 2.500000000000000000e-01
7.175464899548820996e-02 4.499372382088426270e-01 1.946588720679828799e-01 2.836492407276862693e-01
4.843179505944133351e-02 4.263133254189146459e-01 2.401419864535241366e-01 2.851128930681198215e-01
2.500000000000000000e-01 2.500000000000000000e-01 2.500000000000000000e-01 2.500000000000000000e-01
3.516599938787776103e-01 3.277426822705625797e-01 1.622672697547788978e-03 3.189746511531120210e-01
1.529246110281214377e-01 1.593265306571821083e-01 8.897688725604152582e-02 5.987719710586549837e-01
2.500000000000000000e-01 2.500000000000000000e-01 2.500000000000000000e-01 2.500000000000000000e-01
2.500000000000000000e-01 2.500000000000000000e-01 2.500000000000000000e-01 2.500000000000000000e-01
2.500000000000000000e-01 2.500000000000000000e-01 2.500000000000000000e-01 2.500000000000000000e-01
2.500000000000000000e-01 2.500000000000000000e-01 2.500000000000000000e-01 2.500000000000000000e-01
2.500000000000000000e-01 2.500000000000000000e-01 2.500000000000000000e-01 2.500000000000000000e-01
2.500000000000000000e-01 2.500000000000000000e-01 2.500000000000000000e-01 2.500000000000000000e-01
2.500000000000000000e-01 2.500000000000000000e-01 2.500000000000000000e-01 2.500000000000000000e-01
2.500000000000000000e-01 2.500000000000000000e-01 2.500000000000000000e-01 2.500000000000000000e-01
2.500000000000000000e-01 2.500000000000000000e-01 2.500000000000000000e-01 2.500000000000000000e-01
2.500000000000000000e-01 2.500000000000000000e-01 2.500000000000000000e-01 2.500000000000000000e-01
2.500000000000000000e-01 2.500000000000000000e-01 2.500000000000000000e-01 2.500000000000000000e-01
6.575913510046162980e-01 2.033879023742473854e-02 1.675710180812620131e-01 1.544988406766969469e-01
2.500000000000000000e-01 2.500000000000000000e-01 2.500000000000000000e-01 2.500000000000000000e-01
2.500000000000000000e-01 2.500000000000000000e-01 2.500000000000000000e-01 2.500000000000000000e-01
2.500000000000000000e-01 2.500000000000000000e-01 2.500000000000000000e-01 2.500000000000000000e-01
2.500000000000000000e-01 2.500000000000000000e-01 2.500000000000000000e-01 2.500000000000000000e-01
1.617089677460340214e-01 1.423387789115551361e-01 3.810541824266160393e-01 3.148980709157949143e-01
2.500000000000000000e-01 2.500000000000000000e-01 2.500000000000000000e-01 2.500000000000000000e-01
2.500000000000000000e-01 2.500000000000000000e-01 2.500000000000000000e-01 2.500000000000000000e-01
3.976354975651194557e-01 1.230291144402753320e-02 3.551506460226391271e-01 2.349109449682139084e-01
2.500000000000000000e-01 2.500000000000000000e-01 2.500000000000000000e-01 2.500000000000000000e-01
2.500000000000000000e-01 2.500000000000000000e-01 2.500000000000000000e-01 2.500000000000000000e-01
2.500000000000000000e-01 2.500000000000000000e-01 2.500000000000000000e-01 2.500000000000000000e-01
2.576093149172387631e-01 6.967981063645579953e-02 5.932857237613496648e-02 6.133823020701705264e-01
2.500000000000000000e-01 2.500000000000000000e-01 2.500000000000000000e-01 2.500000000000000000e-01
2.500000000000000000e-01 2.500000000000000000e-01 2.500000000000000000e-01 2.500000000000000000e-01
2.500000000000000000e-01 2.500000000000000000e-01 2.500000000000000000e-01 2.500000000000000000e-01
2.500000000000000000e-01 2.500000000000000000e-01 2.500000000000000000e-01 2.500000000000000000e-01
1.130871418135147438e-01 4.042569952453314297e-01 3.450224763303508801e-01 1.376333866108029325e-01
8.175524134096168183e-02 2.926028473218854065e-01 1.159672031566702510e-01 5.096747081804826607e-01
2.500000000000000000e-01 2.500000000000000000e-01 2.500000000000000000e-01 2.500000000000000000e-01
2.500000000000000000e-01 2.500000000000000000e-01 2.500000000000000000e-01 2.500000000000000000e-01
6.630995054139657841e-01 1.663132308444750518e-01 1.891360811673756248e-02 1.516736556248216017e-01
2.116658653360383169e-01 1.678003741599412846e-01 8.480201073865739625e-03 6.120535594301546034e-01
2.500000000000000000e-01 2.500000000000000000e-01 2.500000000000000000e-01 2.500000000000000000e-01
9.269407406861787657e-02 3.569780317892460864e-01 3.280783715478925999e-01 2.222495225942434927e-01
2.500000000000000000e-01 2.500000000000000000e-01 2.500000000000000000e-01 2.500000000000000000e-01
2.500000000000000000e-01 2.500000000000000000e-01 2.500000000000000000e-01 2.500000000000000000e-01
2.500000000000000000e-01 2.500000000000000000e-01 2.500000000000000000e-01 2.500000000000000000e-01
2.500000000000000000e-01 2.500000000000000000e-01 2.500000000000000000e-01 2.500000000000000000e-01
6.288996274810552956e-02 1.678705103211545202e-01 4.891032010371069161e-01 2.801363258936330203e-01
3.039648774454338787e-01 7.352076937773727172e-02 3.391967314183659821e-01 2.833176217584628676e-01
2.500000000000000000e-01 2.500000000000000000e-01 2.500000000000000000e-01 2.500000000000000000e-01
2.555088624164572608e-01 4.750160824063616172e-01 1.163275855889924770e-01 1.531474695881887005e-01
2.500000000000000000e-01 2.500000000000000000e-01 2.500000000000000000e-01 2.500000000000000000e-01
2.500000000000000000e-01 2.500000000000000000e-01 2.500000000000000000e-01 2.500000000000000000e-01
5.502442797376992933e-01 6.133689653023982440e-03 2.931231072682114469e-01 1.504989233410652938e-01
2.500000000000000000e-01 2.500000000000000000e-01 2.500000000000000000e-01 2.500000000000000000e-01
2.500000000000000000e-01 2.500000000000000000e-01 2.500000000000000000e-01 2.500000000000000000e-01
2.500000000000000000e-01 2.500000000000000000e-01 2.500000000000000000e-01 2.500000000000000000e-01
2.500000000000000000e-01 2.500000000000000000e-01 2.500000000000000000e-01 2.500000000000000000e-01
2.500000000000000000e-01 2.500000000000000000e-01 2.500000000000000000e-01 2.500000000000000000e-01
2.500000000000000000e-01 2.500000000000000000e-01 2.500000000000000000e-01 2.500000000000000000e-01
2.500000000000000000e-01 2.500000000000000000e-01 2.500000000000000000e-01 2.500000000000000000e-01
3.795961674946919384e-01 2.217801723041995243e-01 8.306181179513774659e-02 3.155618484059707907e-01
2.500000000000000000e-01 2.500000000000000000e-01 2.500000000000000000e-01 2.500000000000000000e-01
2.500000000000000000e-01 2.500000000000000000e-01 2.500000000000000000e-01 2.500000000000000000e-01
2.500000000000000000e-01 2.500000000000000000e-01 2.500000000000000000e-01 2.500000000000000000e-01
2.500000000000000000e-01 2.500000000000000000e-01 2.500000000000000000e-01 2.500000000000000000e-01
2.500000000000000000e-01 2.500000000000000000e-01 2.500000000000000000e-01 2.500000000000000000e-01
9.143887129526784285e-02 4.098482896538152565e-01 3.991153043479411799e-03 4.947216860074374889e-01
2.500000000000000000e-01 2.500000000000000000e-01 2.500000000000000000e-01 2.500000000000000000e-01
1.559317191944027126e-01 2.212494122568105237e-01 4.509492957948137981e-01 1.718695727539730489e-01
5.872695106922861674e-01 1.142617840943603857e-01 1.230521823065300335e-01 1.754165229068234133e-01
2.500000000000000000e-01 2.500000000000000000e-01 2.500000000000000000e-01 2.500000000000000000e-01
2.500000000000000000e-01 2.500000000000000000e-01 2.500000000000000000e-01 2.500000000000000000e-01
2.500000000000000000e-01 2.500000000000000000e-01 2.500000000000000000e-01 2.500000000000000000e-01
2.739645578218786737e-01 3.799306083008501811e-01 2.095940500472888712e-01 1.365107838299823295e-01
2.500000000000000000e-01 2.500000000000000000e-01 2.500000000000000000e-01 2.500000000000000000e-01
2.500000000000000000e-01 2.500000000000000000e-01 2.500000000000000000e-01 2.500000000000000000e-01
2.500000000000000000e-01 2.500000000000000000e-01 2.500000000000000000e-01 2.500000000000000000e-01
2.500000000000000000e-01 2.500000000000000000e-01 2.500000000000000000e-01 2.500000000000000000e-01
2.500000000000000000e-01 2.500000000000000000e-01 2.500000000000000000e-01 2.500000000000000000e-01
1.510848081458703029e-01 2.658155851006225798e-02 3.958615593868292093e-01 4.264720739572381847e-01
2.500000000000000000e-01 2.500000000000000000e-01 2.500000000000000000e-01 2.500000000000000000e-01
1.383902978448329490e-01 6.182033680752906379e-01 1.203850020578004498e-01 1.230213320220759632e-01
2.500000000000000000e-01 2.500000000000000000e-01 2.500000000000000000e-01 2.500000000000000000e-01
3.421439383685226376e-01 5.740076333737173520e-02 4.861971299358842646e-01 1.142581683582213348e-01
6.550677255533506882e-01 1.863951123597536730e-01 1.606789153320667407e-02 1.424692705536889648e-01
3.381391910564405245e-01 1.156615513559459268e-01 4.706314489360303721e-01 7.556780865158319038e-02
2.500000000000000000e-01 2.500000000000000000e-01 2.500000000000000000e-01 2.500000000000000000e-01
2.500000000000000000e-01 2.500000000000000000e-01 2.500000000000000000e-01 2.500000000000000000e-01
2.500000000000000000e-01 2.500000000000000000e-01 2.500000000000000000e-01 2.500000000000000000e-01
2.500000000000000000e-01 2.500000000000000000e-01 2.500000000000000000e-01 2.500000000000000000e-01
2.500000000000000000e-01 2.500000000000000000e-01 2.500000000000000000e-01 2.500000000000000000e-01
2.597981074216739183e-01 5.084957074024247792e-01 5.938033720386026726e-02 1.723258479720410352e-01
2.500000000000000000e-01 2.500000000000000000e-01 2.500000000000000000e-01 2.500000000000000000e-01
1.442161078154714227e-01 1.721421721893890422e-01 2.666866482651887860e-01 4.169550717299507214e-01
3.147211242805061926e-01 1.217697031682540565e-01 5.598267894808331979e-01 3.682383070406525238e-03
8.869432585493806920e-02 1.352778291290127610e-01 2.316171574501341146e-01 5.444106875659150413e-01
2.500000000000000000e-01 2.500000000000000000e-01 2.500000000000000000e-01 2.500000000000000000e-01
2.500000000000000000e-01 2.500000000000000000e-01 2.500000000000000000e-01 2.500000000000000000e-01
2.500000000000000000e-01 2.500000000000000000e-01 2.500000000000000000e-01 2.500000000000000000e-01
2.500000000000000000e-01 2.500000000000000000e-01 2.500000000000000000e-01 2.500000000000000000e-01
2.500000000000000000e-01 2.500000000000000000e-01 2.500000000000000000e-01 2.500000000000000000e-01
2.500000000000000000e-01 2.500000000000000000e-01 2.500000000000000000e-01 2.500000000000000000e-01
2.500000000000000000e-01 2.500000000000000000e-01 2.500000000000000000e-01 2.500000000000000000e-01
8.371290922538483781e-02 1.187702360805808349e-01 3.830200013581202545e-01 4.144968533359140728e-01
3.249374538719828065e-01 4.045239313625995647e-01 5.191887837172592945e-02 2.186197363936916993e-01
2.500000000000000000e-01 2.500000000000000000e-01 2.500000000000000000e-01 2.500000000000000000e-01
2.500000000000000000e-01 2.500000000000000000e-01 2.500000000000000000e-01 2.500000000000000000e-01
6.475937534494841108e-01 2.951284045511549155e-03 2.352416276394217465e-01 1.142133348655826053e-01
2.500000000000000000e-01 2.500000000000000000e-01 2.500000000000000000e-01 2.500000000000000000e-01
3.231155923628244997e-01 3.108111634509546639e-01 1.950820898805348258e-01 1.709911543056860106e-01
2.427201230540263210e-01 2.496549485585586037e-01 3.207723887204990687e-01 1.868525396669159788e-01
2.500000000000000000e-01 2.500000000000000000e-01 2.500000000000000000e-01 2.500000000000000000e-01
2.500000000000000000e-01 2.500000000000000000e-01 2.500000000000000000e-01 2.500000000000000000e-01
1.406821246161014949e-01 2.764780296894954748e-01 4.172978623128581477e-02 5.411100594631171878e-01
2.500000000000000000e-01 2.500000000000000000e-01 2.500000000000000000e-01 2.500000000000000000e-01
7.183754176275761183e-02 1.913360038745713643e-01 5.545461379453623385e-01 1.822803164173086021e-01
2.500000000000000000e-01 2.500000000000000000e-01 2.500000000000000000e-01 2.500000000000000000e-01
2.500000000000000000e-01 2.500000000000000000e-01 2.500000000000000000e-01 2.500000000000000000e-01
2.500000000000000000e-01 2.500000000000000000e-01 2.500000000000000000e-01 2.500000000000000000e-01
3.799603186380954289e-01 2.133803103875617502e-01 3.935158036308942231e-01 1.314356734344857003e-02
2.500000000000000000e-01 2.500000000000000000e-01 2.500000000000000000e-01 2.500000000000000000e-01
4.441505254693097447e-03 5.424192143421716628e-01 1.716742466647788179e-01 2.814650337383563516e-01
2.235817229003137785e-01 8.888756064593426875e-02 1.587395989925880491e-01 5.287911174611639176e-01
2.500000000000000000e-01 2.500000000000000000e-01 2.500000000000000000e-01 2.500000000000000000e-01
2.500000000000000000e-01 2.500000000000000000e-01 2.500000000000000000e-01 2.500000000000000000e-01
5.708196004524488387e-01 1.366943123130756332e-01 1.242702319417782197e-03 2.912433849150577458e-01
2.500000000000000000e-01 2.500000000000000000e-01 2.500000000000000000e-01 2.500000000000000000e-01
3.921955684141524290e-01 4.441657396175449080e-01 1.416600092944257927e-01 2.197868267387687036e-02
2.500000000000000000e-01 2.500000000000000000e-01 2.500000000000000000e-01 2.500000000000000000e-01
2.500000000000000000e-01 2.500000000000000000e-01 2.500000000000000000e-01 2.500000000000000000e-01
2.667251879001026893e-01 4.496522678640825776e-01 1.046560955089069211e-01 1.789664487269077564e-01
2.500000000000000000e-01 2.500000000000000000e-01 2.500000000000000000e-01 2.500000000000000000e-01
2.500000000000000000e-01 2.500000000000000000e-01 2.500000000000000000e-01 2.500000000000000000e-01
2.500000000000000000e-01 2.500000000000000000e-01 2.500000000000000000e-01 2.500000000000000000e-01
2.500000000000000000e-01 2.500000000000000000e-01 2.500000000000000000e-01 2.500000000000000000e-01
2.500000000000000000e-01 2.500000000000000000e-01 2.500000000000000000e-01 2.500000000000000000e-01
2.500000000000000000e-01 2.500000000000000000e-01 2.500000000000000000e-01 2.500000000000000000e-01
1.602789254364652416e-01 1.800502224469157919e-01 5.031453268530414746e-01 1.565255252635774086e-01
2.500000000000000000e-01 2.500000000000000000e-01 2.500000000000000000e-01 2.500000000000000000e-01
4.234391799445998972e-01 1.839717519122336942e-01 3.669153368859361386e-01 2.567373125723027005e-02
2.500000000000000000e-01 2.500000000000000000e-01 2.500000000000000000e-01 2.500000000000000000e-01
9.370871134508002021e-02 4.938715830433280662e-01 2.048761820768634778e-01 2.075435235347284357e-01
1.659718541958696003e-01 1.014187693132219403e-01 2.562096395352290168e-01 4.763997369556794981e-01
2.500000000000000000e-01 2.500000000000000000e-01 2.500000000000000000e-01 2.500000000000000000e-01
2.533816158678288688e-01 4.598598007269845689e-01 2.167248050468500442e-01 7.003377835833651810e-02
2.500000000000000000e-01 2.500000000000000000e-01 2.500000000000000000e-01 2.500000000000000000e-01
2.500000000000000000e-01 2.500000000000000000e-01 2.500000000000000000e-01 2.500000000000000000e-01
2.500000000000000000e-01 2.500000000000000000e-01 2.500000000000000000e-01 2.500000000000000000e-01
2.651518495459037061e-01 2.148968967721572865e-01 1.866175850409945713e-02 5.012894951778394947e-01
2.500000000000000000e-01 2.500000000000000000e-01 2.500000000000000000e-01 2.500000000000000000e-01
2.500000000000000000e-01 2.500000000000000000e-01 2.500000000000000000e-01 2.500000000000000000e-01
5.398909134205819305e-01 7.241150588204811611e-02 3.035652932302047580e-01 8.413228746716516770e-02
2.500000000000000000e-01 2.500000000000000000e-01 2.500000000000000000e-01 2.500000000000000000e-01
2.500000000000000000e-01 2.500000000000000000e-01 2.500000000000000000e-01 2.500000000000000000e-01
2.500000000000000000e-01 2.500000000000000000e-01 2.500000000000000000e-01 2.500000000000000000e-01
2.500000000000000000e-01 2.500000000000000000e-01 2.500000000000000000e-01 2.500000000000000000e-01
2.500000000000000000e-01 2.500000000000000000e-01 2.500000000000000000e-01 2.500000000000000000e-01
8.302016079834855233e-01 1.238139167256296636e-01 4.319457921702055114e-02 2.789896073864261972e-03
2.500000000000000000e-01 2.500000000000000000e-01 2.500000000000000000e-01 2.500000000000000000e-01
2.500000000000000000e-01 2.500000000000000000e-01 2.500000000000000000e-01 2.500000000000000000e-01
4.999741984551119844e-01 7.822524450438944621e-02 2.457089170953689616e-01 1.760916399451296077e-01
5.181542792546068865e-01 3.351273255410886498e-01 1.317293022283078097e-02 1.335454649814736827e-01
2.343983659665189456e-01 4.177855712368727659e-02 3.549184934228297728e-01 3.689045834869639773e-01
1.065685372817647830e-02 5.356647824845681138e-02 7.432744604579025194e-02 8.614492219775764514e-01
2.439176973227706047e-01 5.001227181114531462e-01 4.225843068610557474e-02 2.137011538796707300e-01
2.500000000000000000e-01 2.500000000000000000e-01 2.500000000000000000e-01 2.500000000000000000e-01
2.500000000000000000e-01 2.500000000000000000e-01 2.500000000000000000e-01 2.500000000000000000e-01
2.500000000000000000e-01 2.500000000000000000e-01 2.500000000000000000e-01 2.500000000000000000e-01
2.500000000000000000e-01 2.500000000000000000e-01 2.500000000000000000e-01 2.500000000000000000e-01
2.500000000000000000e-01 2.500000000000000000e-01 2.500000000000000000e-01 2.500000000000000000e-01
2.500000000000000000e-01 2.500000000000000000e-01 2.500000000000000000e-01 2.500000000000000000e-01
2.500000000000000000e-01 2.500000000000000000e-01 2.500000000000000000e-01 2.500000000000000000e-01
2.500000000000000000e-01 2.500000000000000000e-01 2.500000000000000000e-01 2.500000000000000000e-01
2.500000000000000000e-01 2.500000000000000000e-01 2.500000000000000000e-01 2.500000000000000000e-01
2.500000000000000000e-01 2.500000000000000000e-01 2.500000000000000000e-01 2.500000000000000000e-01
2.500000000000000000e-01 2.500000000000000000e-01 2.500000000000000000e-01 2.500000000000000000e-01
2.500000000000000000e-01 2.500000000000000000e-01 2.500000000000000000e-01 2.500000000000000000e-01
2.500000000000000000e-01 2.500000000000000000e-01 2.500000000000000000e-01 2.500000000000000000e-01
2.751095747006129244e-01 6.657457478672569769e-03 3.321708578943636803e-01 3.860621099263508160e-01
2.040172023297612547e-01 6.924349027503299281e-01 4.792975854013670212e-02 5.561813637977217062e-02
2.500000000000000000e-01 2.500000000000000000e-01 2.500000000000000000e-01 2.500000000000000000e-01
2.500000000000000000e-01 2.500000000000000000e-01 2.500000000000000000e-01 2.500000000000000000e-01
2.500000000000000000e-01 2.500000000000000000e-01 2.500000000000000000e-01 2.500000000000000000e-01
2.500000000000000000e-01 2.500000000000000000e-01 2.500000000000000000e-01 2.500000000000000000e-01
2.656366489911887174e-01 7.111275104473761821e-02 6.378634392929496411e-01 2.538716067112400943e-02
2.500000000000000000e-01 2.500000000000000000e-01 2.500000000000000000e-01 2.500000000000000000e-01
2.500000000000000000e-01 2.500000000000000000e-01 2.500000000000000000e-01 2.500000000000000000e-01
2.500000000000000000e-01 2.500000000000000000e-01 2.500000000000000000e-01 2.500000000000000000e-01
2.500000000000000000e-01 2.500000000000000000e-01 2.500000000000000000e-01 2.500000000000000000e-01
2.500000000000000000e-01 2.500000000000000000e-01 2.500000000000000000e-01 2.500000000000000000e-01
2.500000000000000000e-01 2.500000000000000000e-01 2.500000000000000000e-01 2.500000000000000000e-01
2.500000000000000000e-01 2.500000000000000000e-01 2.500000000000000000e-01 2.500000000000000000e-01
2.500000000000000000e-01 2.500000000000000000e-01 2.500000000000000000e-01 2.500000000000000000e-01
2.500000000000000000e-01 2.500000000000000000e-01 2.500000000000000000e-01 2.500000000000000000e-01
2.500000000000000000e-01 2.500000000000000000e-01 2.500000000000000000e-01 2.500000000000000000e-01
3.847173998244897697e-01 1.927588351427048929e-01 3.121585458502961208e-01 1.103652191825091888e-01
2.500000000000000000e-01 2.500000000000000000e-01 2.500000000000000000e-01 2.500000000000000000e-01
2.500000000000000000e-01 2.500000000000000000e-01 2.500000000000000000e-01 2.500000000000000000e-01
2.500000000000000000e-01 2.500000000000000000e-01 2.500000000000000000e-01 2.500000000000000000e-01
2.318911471664629187e-01 1.736273012714157071e-01 2.226483470532921449e-01 3.718332045088292293e-01
2.307832262931369116e-01 1.303694115808316234e-01 1.906817595015628253e-01 4.481656026244686397e-01
1.847401891818687969e-01 2.338355837753189892e-01 1.109412020704062529e-01 4.704830249724059610e-01
2.500000000000000000e-01 2.500000000000000000e-01 2.500000000000000000e-01 2.500000000000000000e-01
1.328373362156239079e-01 1.080615581625666149e-01 5.625632182620922128e-01 1.965378873597173059e-01
2.500000000000000000e-01 2.500000000000000000e-01 2.500000000000000000e-01 2.500000000000000000e-01
3.367524368021644898e-01 3.823549220181781116e-01 2.689953434557902368e-01 1.189729772386716178e-02
2.500000000000000000e-01 2.500000000000000000e-01 2.500000000000000000e-01 2.500000000000000000e-01
2.500000000000000000e-01 2.500000000000000000e-01 2.500000000000000000e-01 2.500000000000000000e-01
2.500000000000000000e-01 2.500000000000000000e-01 2.500000000000000000e-01 2.500000000000000000e-01
1.962728651496936372e-01 4.419122611120845368e-01 2.477970527258220312e-01 1.140178210123997948e-01
2.500000000000000000e-01 2.500000000000000000e-01 2.500000000000000000e-01 2.500000000000000000e-01
2.500000000000000000e-01 2.500000000000000000e-01 2.500000000000000000e-01 2.500000000000000000e-01
2.500000000000000000e-01 2.500000000000000000e-01 2.500000000000000000e-01 2.500000000000000000e-01
1.412611784406129223e-01 4.561525772359219522e-01 3.834873982187880781e-02 3.642375045015863178e-01
2.500000000000000000e-01 2.500000000000000000e-01 2.500000000000000000e-01 2.500000000000000000e-01
7.334192346802763662e-01 8.452913938248818315e-02 3.014270499355409250e-02 1.519089209436813581e-01
2.500000000000000000e-01 2.500000000000000000e-01 2.500000000000000000e-01 2.500000000000000000e-01
2.500000000000000000e-01 2.500000000000000000e-01 2.500000000000000000e-01 2.500000000000000000e-01
1.390827684743245196e-01 5.118054786970841624e-02 2.884415232607813739e-01 5.212951603951856416e-01
4.320861708820925018e-01 1.347583243383177476e-01 1.422901509532903952e-01 2.908653538262993554e-01
2.500000000000000000e-01 2.500000000000000000e-01 2.500000000000000000e-01 2.500000000000000000e-01
2.500000000000000000e-01 2.500000000000000000e-01 2.500000000000000000e-01 2.500000000000000000e-01
3.319666919200879307e-01 1.063496375942477729e-01 3.377304428415468518e-01 2.239532276441174585e-01
9.343671287689151589e-03 4.692900700943703485e-01 4.619623472453276980e-02 4.751700238934076781e-01
2.500000000000000000e-01 2.500000000000000000e-01 2.500000000000000000e-01 2.500000000000000000e-01
4.320318342005838863e-01 5.769230753248082155e-02 3.576769547438118368e-01 1.525989035231234414e-01
2.277834310200791412e-01 5.437498309721178202e-01 1.007378926620496884e-01 1.277288453457533501e-01
2.500000000000000000e-01 2.500000000000000000e-01 2.500000000000000000e-01 2.500000000000000000e-01
4.231214252962305356e-01 1.918304736179815839e-01 1.383437239347219128e-01 2.467043771510659678e-01
2.500000000000000000e-01 2.500000000000000000e-01 2.500000000000000000e-01 2.500000000000000000e-01
4.427422454862482981e-01 1.625892821516127240e-01 2.464745658908177317e-01 1.481939064713212462e-01
2.500000000000000000e-01 2.500000000000000000e-01 2.500000000000000000e-01 2.500000000000000000e-01
2.500000000000000000e-01 2.500000000000000000e-01 2.500000000000000000e-01 2.500000000000000000e-01
2.544732356634308856e-01 1.204898094932416452e-01 4.243695376066743963e-01 2.006674172366531006e-01
2.500000000000000000e-01 2.500000000000000000e-01 2.500000000000000000e-01 2.500000000000000000e-01
2.500000000000000000e-01 2.500000000000000000e-01 2.500000000000000000e-01 2.500000000000000000e-01
2.500000000000000000e-01 2.500000000000000000e-01 2.500000000000000000e-01 2.500000000000000000e-01
3.885140350631962614e-01 2.525614364029515890e-01 2.920257584328391776e-01 6.689877010101291654e-02
2.500000000000000000e-01 2.500000000000000000e-01 2.500000000000000000e-01 2.500000000000000000e-01
2.500000000000000000e-01 2.500000000000000000e-01 2.500000000000000000e-01 2.500000000000000000e-01
2.500000000000000000e-01 2.500000000000000000e-01 2.500000000000000000e-01 2.500000000000000000e-01
3.697463006110451866e-01 3.553058285177305153e-01 8.280211446434304623e-02 1.921457564068812518e-01
2.500000000000000000e-01 2.500000000000000000e-01 2.500000000000000000e-01 2.500000000000000000e-01
2.500000000000000000e-01 2.500000000000000000e-01 2.500000000000000000e-01 2.500000000000000000e-01
3.820550314151436311e-01 4.684504588711128209e-02 3.756140499007926681e-01 1.954858727969523979e-01
2.500000000000000000e-01 2.500000000000000000e-01 2.500000000000000000e-01 2.500000000000000000e-01
2.500000000000000000e-01 2.500000000000000000e-01 2.500000000000000000e-01 2.500000000000000000e-01
2.500000000000000000e-01 2.500000000000000000e-01 2.500000000000000000e-01 2.500000000000000000e-01
2.500000000000000000e-01 2.500000000000000000e-01 2.500000000000000000e-01 2.500000000000000000e-01
2.500000000000000000e-01 2.500000000000000000e-01 2.500000000000000000e-01 2.500000000000000000e-01
2.500000000000000000e-01 2.500000000000000000e-01 2.500000000000000000e-01 2.500000000000000000e-01
2.285191603131858928e-01 4.480259316948043830e-02 2.615320278290658162e-01 4.651462186882678873e-01
6.740453292636332527e-01 1.866194285980809497e-01 9.038519379363257888e-02 4.895004834465321863e-02
6.330232083783267349e-02 1.845200692675340037e-01 1.788351462539567449e-01 5.733424636406765362e-01
1.377946373885625131e-01 1.690465639081247251e-01 1.602476242143530683e-01 5.329111744889596380e-01
2.500000000000000000e-01 2.500000000000000000e-01 2.500000000000000000e-01 2.500000000000000000e-01
2.500000000000000000e-01 2.500000000000000000e-01 2.500000000000000000e-01 2.500000000000000000e-01
4.479964544182983566e-02 6.240701675955779848e-01 4.350150187033841043e-02 2.876286850922536997e-01
1.657536616183652167e-01 8.517301478927737091e-02 1.470662501009841194e-01 6.020070734913732791e-01
2.500000000000000000e-01 2.500000000000000000e-01 2.500000000000000000e-01 2.500000000000000000e-01
2.500000000000000000e-01 2.500000000000000000e-01 2.500000000000000000e-01 2.500000000000000000e-01
2.500000000000000000e-01 2.500000000000000000e-01 2.500000000000000000e-01 2.500000000000000000e-01
2.500000000000000000e-01 2.500000000000000000e-01 2.500000000000000000e-01 2.500000000000000000e-01
2.500000000000000000e-01 2.500000000000000000e-01 2.500000000000000000e-01 2.500000000000000000e-01
2.500000000000000000e-01 2.500000000000000000e-01 2.500000000000000000e-01 2.500000000000000000e-01
2.500000000000000000e-01 2.500000000000000000e-01 2.500000000000000000e-01 2.500000000000000000e-01
8.669130710914067783e-02 1.932519859213061852e-01 3.140526693123565360e-01 4.060040376571965592e-01
2.500000000000000000e-01 2.500000000000000000e-01 2.500000000000000000e-01 2.500000000000000000e-01
2.500000000000000000e-01 2.500000000000000000e-01 2.500000000000000000e-01 2.500000000000000000e-01
2.500000000000000000e-01 2.500000000000000000e-01 2.500000000000000000e-01 2.500000000000000000e-01
2.500000000000000000e-01 2.500000000000000000e-01 2.500000000000000000e-01 2.500000000000000000e-01
2.830805010309232067e-02 8.344616318601637273e-02 3.387316787791263550e-01 5.495141079317649169e-01
1.065861019281268696e-01 2.716786619630564854e-03 6.731979623345881736e-01 2.174991491176543612e-01
2.500000000000000000e-01 2.500000000000000000e-01 2.500000000000000000e-01 2.500000000000000000e-01
2.500000000000000000e-01 2.500000000000000000e-01 2.500000000000000000e-01 2.500000000000000000e-01
2.500000000000000000e-01 2.500000000000000000e-01 2.500000000000000000e-01 2.500000000000000000e-01
2.006603376601255873e-01 4.663902831260288151e-01 1.149389643482658929e-01 2.180104148655797047e-01
2.531717566894084448e-01 2.040632404669502353e-01 4.191964473036036143e-02 5.008453581132810140e-01
2.500000000000000000e-01 2.500000000000000000e-01 2.500000000000000000e-01 2.500000000000000000e-01
1.751030944921679045e-01 5.258927657242259412e-01 1.754337571110324845e-01 1.235703826725736698e-01
8.233186584483951354e-01 8.990868316693270690e-02 2.435271425568238945e-02 6.241994412898976829e-02
2.500000000000000000e-01 2.500000000000000000e-01 2.500000000000000000e-01 2.500000000000000000e-01
2.500000000000000000e-01 2.500000000000000000e-01 2.500000000000000000e-01 2.500000000000000000e-01
2.500000000000000000e-01 2.500000000000000000e-01 2.500000000000000000e-01 2.500000000000000000e-01
1.690660094585283157e-01 3.313393548654524623e-01 1.855430880256198067e-02 4.810403268734572135e-01
2.500000000000000000e-01 2.500000000000000000e-01 2.500000000000000000e-01 2.500000000000000000e-01
2.500000000000000000e-01 2.500000000000000000e-01 2.500000000000000000e-01 2.500000000000000000e-01
2.500000000000000000e-01 2.500000000000000000e-01 2.500000000000000000e-01 2.500000000000000000e-01
2.500000000000000000e-01 2.500000000000000000e-01 2.500000000000000000e-01 2.500000000000000000e-01
2.500000000000000000e-01 2.500000000000000000e-01 2.500000000000000000e-01 2.500000000000000000e-01
2.500000000000000000e-01 2.500000000000000000e-01 2.500000000000000000e-01 2.500000000000000000e-01
6.723624178389396577e-02 2.272531247981061375e-01 5.012271331018757214e-01 2.042835003161241891e-01
2.500000000000000000e-01 2.500000000000000000e-01 2.500000000000000000e-01 2.500000000000000000e-01
2.500000000000000000e-01 2.500000000000000000e-01 2.500000000000000000e-01 2.500000000000000000e-01
2.500000000000000000e-01 2.500000000000000000e-01 2.500000000000000000e-01 2.500000000000000000e-01
2.500000000000000000e-01 2.500000000000000000e-01 2.500000000000000000e-01 2.500000000000000000e-01
3.390696713821180625e-02 6.601094432210626028e-02 5.669282484618851647e-01 3.331538400777967479e-01
3.459766336965451883e-01 1.294485920301500781e-01 2.920505394922821574e-01 2.325242347810225763e-01
2.500000000000000000e-01 2.500000000000000000e-01 2.500000000000000000e-01 2.500000000000000000e-01
2.500000000000000000e-01 2.500000000000000000e-01 2.500000000000000000e-01 2.500000000000000000e-01
2.500000000000000000e-01 2.500000000000000000e-01 2.500000000000000000e-01 2.500000000000000000e-01
2.500000000000000000e-01 2.500000000000000000e-01 2.500000000000000000e-01 2.500000000000000000e-01
2.500000000000000000e-01 2.500000000000000000e-01 2.500000000000000000e-01 2.500000000000000000e-01
2.500000000000000000e-01 2.500000000000000000e-01 2.500000000000000000e-01 2.500000000000000000e-01
2.099502321286481066e-02 4.625202996306091441e-01 2.414650882642680463e-01 2.750195888922580822e-01
5.267186272906205780e-01 1.395768302262948013e-01 5.395115260947286329e-02 2.797533898736117575e-01
2.500000000000000000e-01 2.500000000000000000e-01 2.500000000000000000e-01 2.500000000000000000e-01
2.500000000000000000e-01 2.500000000000000000e-01 2.500000000000000000e-01 2.500000000000000000e-01
2.500000000000000000e-01 2.500000000000000000e-01 2.500000000000000000e-01 2.500000000000000000e-01
2.107887212272086253e-01 4.128003881309982859e-01 1.299467539599574728e-01 2.464641366818356716e-01
2.500000000000000000e-01 2.500000000000000000e-01 2.500000000000000000e-01 2.500000000000000000e-01
2.892879825640649605e-01 2.405288038945735396e-01 1.510231749642709786e-03 4.686729817917187901e-01
8.389679716933333697e-01 1.077046509741456659e-01 3.218438838297948967e-02 2.114298894954147467e-02
5.632060742643019147e-01 3.474475653593137731e-02 6.768332339710855794e-02 3.343658458026581570e-01
2.500000000000000000e-01 2.500000000000000000e-01 2.500000000000000000e-01 2.500000000000000000e-01
1.146305169419880726e-01 9.955466566674131546e-02 2.789902766574449133e-01 5.068245407338256570e-01
2.500000000000000000e-01 2.500000000000000000e-01 2.500000000000000000e-01 2.500000000000000000e-01
2.500000000000000000e-01 2.500000000000000000e-01 2.500000000000000000e-01 2.500000000000000000e-01
2.500000000000000000e-01 2.500000000000000000e-01 2.500000000000000000e-01 2.500000000000000000e-01
6.106510830682777557e-01 2.467618532448171559e-02 2.978466979182269880e-01 6.682603368901351981e-02
1.868721229934965089e-01 1.228041127331422760e-01 1.369002225901663206e-01 5.534235416831948529e-01
2.500000000000000000e-01 2.500000000000000000e-01 2.500000000000000000e-01 2.500000000000000000e-01
2.500000000000000000e-01 2.500000000000000000e-01 2.500000000000000000e-01 2.500000000000000000e-01
2.500000000000000000e-01 2.500000000000000000e-01 2.500000000000000000e-01 2.500000000000000000e-01
2.500000000000000000e-01 2.500000000000000000e-01 2.500000000000000000e-01 2.500000000000000000e-01
2.500000000000000000e-01 2.500000000000000000e-01 2.500000000000000000e-01 2.500000000000000000e-01
2.500000000000000000e-01 2.500000000000000000e-01 2.500000000000000000e-01 2.500000000000000000e-01
2.500000000000000000e-01 2.500000000000000000e-01 2.500000000000000000e-01 2.500000000000000000e-01
2.500000000000000000e-01 2.500000000000000000e-01 2.500000000000000000e-01 2.500000000000000000e-01
2.500000000000000000e-01 2.500000000000000000e-01 2.500000000000000000e-01 2.500000000000000000e-01
2.500000000000000000e-01 2.500000000000000000e-01 2.500000000000000000e-01 2.500000000000000000e-01
3.281669883257771758e-01 3.561586110498348723e-01 6.098286234680144746e-02 2.546915382775865044e-01
2.500000000000000000e-01 2.500000000000000000e-01 2.500000000000000000e-01 2.500000000000000000e-01
5.434071923156716943e-01 1.135902940097089676e-02 4.397898681468614956e-01 5.443910136495921925e-03
2.500000000000000000e-01 2.500000000000000000e-01 2.500000000000000000e-01 2.500000000000000000e-01
2.500000000000000000e-01 2.500000000000000000e-01 2.500000000000000000e-01 2.500000000000000000e-01
2.500000000000000000e-01 2.500000000000000000e-01 2.500000000000000000e-01 2.500000000000000000e-01
2.500000000000000000e-01 2.500000000000000000e-01 2.500000000000000000e-01 2.500000000000000000e-01
2.500000000000000000e-01 2.500000000000000000e-01 2.500000000000000000e-01 2.500000000000000000e-01
2.500000000000000000e-01 2.500000000000000000e-01 2.500000000000000000e-01 2.500000000000000000e-01
8.555501481976052203e-02 1.989642345103825091e-03 5.656305652445419163e-01 3.468247775905937136e-01
2.500000000000000000e-01 2.500000000000000000e-01 2.500000000000000000e-01 2.500000000000000000e-01
2.500000000000000000e-01 2.500000000000000000e-01 2.500000000000000000e-01 2.500000000000000000e-01
2.500000000000000000e-01 2.500000000000000000e-01 2.500000000000000000e-01 2.500000000000000000e-01
2.923829507185607413e-01 1.640723037384926308e-01 2.741678427371868065e-01 2.693769028057598214e-01
2.500000000000000000e-01 2.500000000000000000e-01 2.500000000000000000e-01 2.500000000000000000e-01
2.500000000000000000e-01 2.500000000000000000e-01 2.500000000000000000e-01 2.500000000000000000e-01
5.060509235686722063e-01 1.155478305470281812e-03 3.599051795152241051e-01 1.328884186106333853e-01
2.500000000000000000e-01 2.500000000000000000e-01 2.500000000000000000e-01 2.500000000000000000e-01
2.500000000000000000e-01 2.500000000000000000e-01 2.500000000000000000e-01 2.500000000000000000e-01
5.328600067276097196e-02 5.116110106439867300e-01 7.706584117924375477e-02 3.580371475040085572e-01
2.500000000000000000e-01 2.500000000000000000e-01 2.500000000000000000e-01 2.500000000000000000e-01
3.214396890240159288e-01 3.509446612800105059e-01 2.154230921805772025e-02 3.060733404779158451e-01
4.871994339477284663e-01 3.370425585482046404e-01 1.542601452248320015e-01 2.149786227923489168e-02
2.500000000000000000e-01 2.500000000000000000e-01 2.500000000000000000e-01 2.500000000000000000e-01
2.500000000000000000e-01 2.500000000000000000e-01 2.500000000000000000e-01 2.500000000000000000e-01
4.042503761698053588e-01 2.221915182937177768e-01 2.208455156426681609e-01 1.527125898938087034e-01
2.500000000000000000e-01 2.500000000000000000e-01 2.500000000000000000e-01 2.500000000000000000e-01
2.500000000000000000e-01 2.500000000000000000e-01 2.500000000000000000e-01 2.500000000000000000e-01
2.500000000000000000e-01 2.500000000000000000e-01 2.500000000000000000e-01 2.500000000000000000e-01
2.463597002467647346e-01 1.318132768021512968e-01 1.319878033336770728e-01 4.898392196174068958e-01
2.500000000000000000e-01 2.500000000000000000e-01 2.500000000000000000e-01 2.500000000000000000e-01
2.140805215868244460e-01 2.637085971211619584e-01 8.379880057816485595e-02 4.384120807138487397e-01
2.500000000000000000e-01 2.500000000000000000e-01 2.500000000000000000e-01 2.500000000000000000e-01
2.500000000000000000e-01 2.500000000000000000e-01 2.500000000000000000e-01 2.500000000000000000e-01
2.500000000000000000e-01 2.500000000000000000e-01 2.500000000000000000e-01 2.500000000000000000e-01
2.500000000000000000e-01 2.500000000000000000e-01 2.500000000000000000e-01 2.500000000000000000e-01
4.754980737839314964e-01 2.822498084688679701e-02 4.959810789653661955e-01 2.958664038155145448e-04
2.500000000000000000e-01 2.500000000000000000e-01 2.500000000000000000e-01 2.500000000000000000e-01
1.119352565875329775e-01 5.912420842093069062e-02 3.294076397237803988e-01 4.995328952677559053e-01
2.500000000000000000e-01 2.500000000000000000e-01 2.500000000000000000e-01 2.500000000000000000e-01
2.500000000000000000e-01 2.500000000000000000e-01 2.500000000000000000e-01 2.500000000000000000e-01
1.493927755972085381e-01 3.928337525208082381e-03 3.697090770317455477e-01 4.769698098458378110e-01
4.207418096536139074e-02 6.280430130859271376e-01 9.287281990179097058e-02 2.370099860469204456e-01
6.408484944124019922e-01 2.610343459987510828e-01 7.737893322965494480e-02 2.073822635919198021e-02
2.500000000000000000e-01 2.500000000000000000e-01 2.500000000000000000e-01 2.500000000000000000e-01
5.051764965661911244e-01 1.473303968281414744e-01 1.605871982175470225e-01 1.869059083881203787e-01
2.500000000000000000e-01 2.500000000000000000e-01 2.500000000000000000e-01 2.500000000000000000e-01
2.499234392155592066e-01 2.445605740812613338e-01 3.796631711768425066e-02 4.675496695854952089e-01
4.672075633231900782e-01 2.397827977289629653e-01 1.112803109828699177e-01 1.817293279649770388e-01
2.500000000000000000e-01 2.500000000000000000e-01 2.500000000000000000e-01 2.500000000000000000e-01
1.454995396845278344e-01 5.411846906426525522e-02 1.624071119602035762e-01 6.379748792910033828e-01
2.203488855498392240e-01 6.726805980984211508e-02 9.604369273069020274e-02 6.163393619096284581e-01
2.500000000000000000e-01 2.500000000000000000e-01 2.500000000000000000e-01 2.500000000000000000e-01
2.500000000000000000e-01 2.500000000000000000e-01 2.500000000000000000e-01 2.500000000000000000e-01
2.500000000000000000e-01 2.500000000000000000e-01 2.500000000000000000e-01 2.500000000000000000e-01
6.302555286693296843e-02 1.495579592237405997e-01 3.926583356190480600e-01 3.947581522902783857e-01
2.500000000000000000e-01 2.500000000000000000e-01 2.500000000000000000e-01 2.500000000000000000e-01
7.466117769027379447e-01 1.204073183810913938e-01 5.508029468471789536e-02 7.790061003145276608e-02
2.500000000000000000e-01 2.500000000000000000e-01 2.500000000000000000e-01 2.500000000000000000e-01
2.500000000000000000e-01 2.500000000000000000e-01 2.500000000000000000e-01 2.500000000000000000e-01
2.500000000000000000e-01 2.500000000000000000e-01 2.500000000000000000e-01 2.500000000000000000e-01
2.500000000000000000e-01 2.500000000000000000e-01 2.500000000000000000e-01 2.500000000000000000e-01
3.962111309287719152e-02 1.949921289250455547e-01 4.690714478477360228e-01 2.963153101343412033e-01
2.500000000000000000e-01 2.500000000000000000e-01 2.500000000000000000e-01 2.500000000000000000e-01
9.487383230584145455e-02 9.763498816716684181e-02 8.781164655013912190e-03 7.987100148719777915e-01
4.959465484797837553e-01 6.585523510133432790e-02 4.212454495524374232e-01 1.695276686644447972e-02
4.515357599243043918e-01 6.887495225050188630e-02 2.641579848290911414e-01 2.154313029961025805e-01
1.965024877311328799e-01 2.839026166742719681e-02 1.497734090421690700e-01 6.253338415592708532e-01
2.500000000000000000e-01 2.500000000000000000e-01 2.500000000000000000e-01 2.500000000000000000e-01
4.709274426683421333e-02 2.008357582757921422e-01 3.935971045110835398e-01 3.584743929462901324e-01
2.500000000000000000e-01 2.500000000000000000e-01 2.500000000000000000e-01 2.500000000000000000e-01
6.882385696172834688e-01 4.991805615800315454e-02 2.067202858132447529e-01 5.512308841146862370e-02
2.500000000000000000e-01 2.500000000000000000e-01 2.500000000000000000e-01 2.500000000000000000e-01
2.500000000000000000e-01 2.500000000000000000e-01 2.500000000000000000e-01 2.500000000000000000e-01
2.500000000000000000e-01 2.500000000000000000e-01 2.500000000000000000e-01 2.500000000000000000e-01
2.500000000000000000e-01 2.500000000000000000e-01 2.500000000000000000e-01 2.500000000000000000e-01
2.500000000000000000e-01 2.500000000000000000e-01 2.500000000000000000e-01 2.500000000000000000e-01
4.542211962550091742e-01 5.063848256531932046e-01 6.450168359117380845e-03 3.294380973268024038e-02
2.500000000000000000e-01 2.500000000000000000e-01 2.500000000000000000e-01 2.500000000000000000e-01
