4.234479241149337048e-01 5.753939241516389802e-02 2.279182928585017642e-01 2.910943906114006330e-01
2.500000000000000000e-01 2.500000000000000000e-01 2.500000000000000000e-01 2.500000000000000000e-01
5.224218032185798943e-01 3.580120029214554911e-02 2.889512380662301871e-01 1.528257584230443555e-01
1.304006592897403727e-01 3.647355349403544333e-02 7.098322038240562071e-01 1.232935833921679492e-01
2.500000000000000000e-01 2.500000000000000000e-01 2.500000000000000000e-01 2.500000000000000000e-01
2.500000000000000000e-01 2.500000000000000000e-01 2.500000000000000000e-01 2.500000000000000000e-01
2.500000000000000000e-01 2.500000000000000000e-01 2.500000000000000000e-01 2.500000000000000000e-01
1.982945559550441383e-01 1.579784366902577120e-01 3.607804377060028767e-01 2.829465696486953563e-01
2.500000000000000000e-01 2.500000000000000000e-01 2.500000000000000000e-01 2.500000000000000000e-01
2.500000000000000000e-01 2.500000000000000000e-01 2.500000000000000000e-01 2.500000000000000000e-01
6.574251799904809457e-02 2.965370538404066281e-01 2.399542207641440772e-01 3.977662073964012279e-01
2.500000000000000000e-01 2.500000000000000000e-01 2.500000000000000000e-01 2.500000000000000000e-01
2.500000000000000000e-01 2.500000000000000000e-01 2.500000000000000000e-01 2.500000000000000000e-01
2.500000000000000000e-01 2.500000000000000000e-01 2.500000000000000000e-01 2.500000000000000000e-01
2.500000000000000000e-01 2.500000000000000000e-01 2.500000000000000000e-01 2.500000000000000000e-01
2.500000000000000000e-01 2.500000000000000000e-01 2.500000000000000000e-01 2.500000000000000000e-01
2.500000000000000000e-01 2.500000000000000000e-01 2.500000000000000000e-01 2.500000000000000000e-01
3.041286714002667813e-01 2.453157549844867946e-01 6.725912674100861799e-02 3.832964468742378061e-01
2.500000000000000000e-01 2.500000000000000000e-01 2.500000000000000000e-01 2.500000000000000000e-01
2.500000000000000000e-01 2.500000000000000000e-01 2.500000000000000000e-01 2.500000000000000000e-01
2.500000000000000000e-01 2.500000000000000000e-01 2.500000000000000000e-01 2.500000000000000000e-01
2.500000000000000000e-01 2.500000000000000000e-01 2.500000000000000000e-01 2.500000000000000000e-01
3.118781900742167434e-01 1.044647270390098442e-01 6.424816843621576623e-02 5.194089144505575906e-01
2.500000000000000000e-01 2.500000000000000000e-01 2.500000000000000000e-01 2.500000000000000000e-01
4.788180671912758285e-02 2.537177490553045311e-01 4.633808263007319628e-01 2.350196179248359163e-01
5.673998509358380016e-01 7.264417897410127556e-02 3.488338279273277553e-01 1.112214216273299527e-02
3.224978402032820379e-01 1.919989838263435333e-01 3.915063046772462307e-01 9.399687129312822575e-02
2.592286968081569110e-01 6.399857308491443963e-02 6.100984106819729025e-01 6.667431942495577468e-02
2.500000000000000000e-01 2.500000000000000000e-01 2.500000000000000000e-01 2.500000000000000000e-01
2.500000000000000000e-01 2.500000000000000000e-01 2.500000000000000000e-01 2.500000000000000000e-01
2.500000000000000000e-01 2.500000000000000000e-01 2.500000000000000000e-01 2.500000000000000000e-01
2.500000000000000000e-01 2.500000000000000000e-01 2.500000000000000000e-01 2.500000000000000000e-01
2.500000000000000000e-01 2.500000000000000000e-01 2.500000000000000000e-01 2.500000000000000000e-01
1.417240544420268200e-01 5.450102499908757725e-01 7.455098476478583258e-02 2.387147108023116304e-01
2.500000000000000000e-01 2.500000000000000000e-01 2.500000000000000000e-01 2.500000000000000000e-01
2.500000000000000000e-01 2.500000000000000000e-01 2.500000000000000000e-01 2.500000000000000000e-01
2.500000000000000000e-01 2.500000000000000000e-01 2.500000000000000000e-01 2.500000000000000000e-01
2.500000000000000000e-01 2.500000000000000000e-01 2.500000000000000000e-01 2.500000000000000000e-01
7.176147321771760845e-01 1.874577460105671112e-01 8.339595603325775097e-02 1.153156577899905333e-02
2.500000000000000000e-01 2.500000000000000000e-01 2.500000000000000000e-01 2.500000000000000000e-01
6.634890538125776116e-01 1.026322895123330942e-01 9.821834383732504226e-02 1.356603128377642520e-01
2.201256726434942246e-01 3.100508131660728028e-01 4.315984791610368299e-01 3.822503502939614273e-02
2.500000000000000000e-01 2.500000000000000000e-01 2.500000000000000000e-01 2.500000000000000000e-01
2.735432544409301947e-01 6.212077141242126066e-01 7.929987687412254349e-02 2.594915456073465521e-02
2.500000000000000000e-01 2.500000000000000000e-01 2.500000000000000000e-01 2.500000000000000000e-01
4.065541425382986906e-01 1.094941406233970460e-01 2.161729786808146148e-01 2.677787381574896486e-01
2.500000000000000000e-01 2.500000000000000000e-01 2.500000000000000000e-01 2.500000000000000000e-01
2.500000000000000000e-01 2.500000000000000000e-01 2.500000000000000000e-01 2.500000000000000000e-01
1.022424638184675633e-01 3.037306045921434050e-01 1.254555647174045996e-01 4.685713668719844183e-01
2.395895595081189433e-01 1.260183642090827866e-02 6.152889721424903424e-01 1.325196319284824287e-01
2.500000000000000000e-01 2.500000000000000000e-01 2.500000000000000000e-01 2.500000000000000000e-01
2.500000000000000000e-01 2.500000000000000000e-01 2.500000000000000000e-01 2.500000000000000000e-01
5.638922924967738615e-01 2.278137428206075954e-01 4.129821666194302687e-02 1.669957480206755163e-01
2.500000000000000000e-01 2.500000000000000000e-01 2.500000000000000000e-01 2.500000000000000000e-01
2.036230388010889236e-01 2.640805880290676422e-01 3.039487473261178740e-01 2.283476258437255602e-01
2.293088736095844626e-01 3.562197716265700920e-01 3.158882945478314608e-01 9.858306021601398461e-02
2.500000000000000000e-01 2.500000000000000000e-01 2.500000000000000000e-01 2.500000000000000000e-01
2.500000000000000000e-01 2.500000000000000000e-01 2.500000000000000000e-01 2.500000000000000000e-01
2.500000000000000000e-01 2.500000000000000000e-01 2.500000000000000000e-01 2.500000000000000000e-01
2.500000000000000000e-01 2.500000000000000000e-01 2.500000000000000000e-01 2.500000000000000000e-01
2.500000000000000000e-01 2.500000000000000000e-01 2.500000000000000000e-01 2.500000000000000000e-01
2.500000000000000000e-01 2.500000000000000000e-01 2.500000000000000000e-01 2.500000000000000000e-01
2.500000000000000000e-01 2.500000000000000000e-01 2.500000000000000000e-01 2.500000000000000000e-01
1.983239712503910290e-01 2.286839073662783484e-03 7.466293466060669459e-01 5.275984306987924199e-02
4.260000772117985002e-01 2.972270741820496470e-02 2.091849069040308817e-01 3.350923084659656603e-01
8.043264759952196974e-02 2.913011716259191197e-01 5.201228284945585978e-02 5.762538979251030646e-01
2.500000000000000000e-01 2.500000000000000000e-01 2.500000000000000000e-01 2.500000000000000000e-01
2.500000000000000000e-01 2.500000000000000000e-01 2.500000000000000000e-01 2.500000000000000000e-01
2.385313192079611955e-01 1.065982718496070458e-01 1.738327496600193534e-01 4.810376592824123776e-01
2.134514245171340308e-01 1.768249767649326650e-03 2.512377452189341609e-01 5.335425804962824481e-01
2.500000000000000000e-01 2.500000000000000000e-01 2.500000000000000000e-01 2.500000000000000000e-01
3.376608593017971782e-01 9.535774382204710575e-02 1.613403333934227968e-01 4.056410634827329331e-01
2.500000000000000000e-01 2.500000000000000000e-01 2.500000000000000000e-01 2.500000000000000000e-01
2.500000000000000000e-01 2.500000000000000000e-01 2.500000000000000000e-01 2.500000000000000000e-01
2.500000000000000000e-01 2.500000000000000000e-01 2.500000000000000000e-01 2.500000000000000000e-01
2.500000000000000000e-01 2.500000000000000000e-01 2.500000000000000000e-01 2.500000000000000000e-01
2.500000000000000000e-01 2.500000000000000000e-01 2.500000000000000000e-01 2.500000000000000000e-01
2.500000000000000000e-01 2.500000000000000000e-01 2.500000000000000000e-01 2.500000000000000000e-01
2.691128325392682097e-01 8.254116761573986050e-02 1.385235119170687423e-01 5.098224879279231736e-01
6.578622584773426984e-01 9.885291833089926428e-02 2.450646503995579373e-02 2.187783581518022435e-01
2.500000000000000000e-01 2.500000000000000000e-01 2.500000000000000000e-01 2.500000000000000000e-01
3.683861255185957861e-01 2.403873306555185663e-01 3.118165145219827794e-01 7.941002930390289594e-02
2.500000000000000000e-01 2.500000000000000000e-01 2.500000000000000000e-01 2.500000000000000000e-01
1.181542994178980122e-01 1.734184584613721325e-01 4.329444477378386891e-01 2.754827943828911940e-01
2.500000000000000000e-01 2.500000000000000000e-01 2.500000000000000000e-01 2.500000000000000000e-01
2.500000000000000000e-01 2.500000000000000000e-01 2.500000000000000000e-01 2.500000000000000000e-01
2.729021821234001166e-01 2.338047717593243757e-01 7.680303471746116606e-02 4.164900113998143416e-01
2.500000000000000000e-01 2.500000000000000000e-01 2.500000000000000000e-01 2.500000000000000000e-01
2.500000000000000000e-01 2.500000000000000000e-01 2.500000000000000000e-01 2.500000000000000000e-01
2.500000000000000000e-01 2.500000000000000000e-01 2.500000000000000000e-01 2.500000000000000000e-01
2.500000000000000000e-01 2.500000000000000000e-01 2.500000000000000000e-01 2.500000000000000000e-01
2.500000000000000000e-01 2.500000000000000000e-01 2.500000000000000000e-01 2.500000000000000000e-01
2.500000000000000000e-01 2.500000000000000000e-01 2.500000000000000000e-01 2.500000000000000000e-01
9.009246131293596055e-03 1.083280174879137220e-01 6.070698430932250922e-01 2.755928932875675308e-01
2.500000000000000000e-01 2.500000000000000000e-01 2.500000000000000000e-01 2.500000000000000000e-01
2.500000000000000000e-01 2.500000000000000000e-01 2.500000000000000000e-01 2.500000000000000000e-01
3.102651926114611824e-01 2.201382434456470583e-01 1.817487715070017218e-01 2.878477924358900375e-01
2.500000000000000000e-01 2.500000000000000000e-01 2.500000000000000000e-01 2.500000000000000000e-01
2.500000000000000000e-01 2.500000000000000000e-01 2.500000000000000000e-01 2.500000000000000000e-01
2.500000000000000000e-01 2.500000000000000000e-01 2.500000000000000000e-01 2.500000000000000000e-01
2.500000000000000000e-01 2.500000000000000000e-01 2.500000000000000000e-01 2.500000000000000000e-01
2.500000000000000000e-01 2.500000000000000000e-01 2.500000000000000000e-01 2.500000000000000000e-01
2.782256398398520458e-01 2.046087150268751098e-01 6.081639389393772577e-02 4.563492512393351186e-01
2.500000000000000000e-01 2.500000000000000000e-01 2.500000000000000000e-01 2.500000000000000000e-01
2.500000000000000000e-01 2.500000000000000000e-01 2.500000000000000000e-01 2.500000000000000000e-01
1.718151672359791715e-01 4.965124564862864048e-02 3.420383556933133118e-01 4.364952314220788554e-01
2.500000000000000000e-01 2.500000000000000000e-01 2.500000000000000000e-01 2.500000000000000000e-01
2.500000000000000000e-01 2.500000000000000000e-01 2.500000000000000000e-01 2.500000000000000000e-01
2.500000000000000000e-01 2.500000000000000000e-01 2.500000000000000000e-01 2.500000000000000000e-01
2.076679474302513539e-01 6.568247365102853896e-01 6.201864824134240006e-02 7.348866781812091187e-02
4.681672830044547040e-01 8.375732435991690983e-03 3.538161305494857412e-01 1.696408540100678430e-01
2.500000000000000000e-01 2.500000000000000000e-01 2.500000000000000000e-01 2.500000000000000000e-01
2.500000000000000000e-01 2.500000000000000000e-01 2.500000000000000000e-01 2.500000000000000000e-01
4.223648382224791664e-01 4.945269963753133602e-02 2.521944800744033155e-01 2.759879820655861682e-01
1.038436146770772492e-02 5.034891687716466779e-02 3.668378603413934291e-01 5.724288613137341608e-01
2.500000000000000000e-01 2.500000000000000000e-01 2.500000000000000000e-01 2.500000000000000000e-01
3.472067218243370945e-01 7.922096996681714243e-02 4.891793672269126869e-01 8.439294098193306226e-02
2.500000000000000000e-01 2.500000000000000000e-01 2.500000000000000000e-01 2.500000000000000000e-01
5.918846025047369563e-01 2.547760435074764712e-02 3.671492884829419268e-01 1.548850466157347672e-02
2.500000000000000000e-01 2.500000000000000000e-01 2.500000000000000000e-01 2.500000000000000000e-01
2.500000000000000000e-01 2.500000000000000000e-01 2.500000000000000000e-01 2.500000000000000000e-01
6.210446550974145774e-01 1.160927479764042730e-01 1.407986429987913568e-01 1.220639539273897789e-01
2.500000000000000000e-01 2.500000000000000000e-01 2.500000000000000000e-01 2.500000000000000000e-01
4.054554120487665475e-02 3.194937211708855362e-01 2.495115445334889492e-01 3.904491930907488251e-01
2.343741505285719118e-01 1.212261262826319352e-01 5.056074706764293047e-01 1.387922525123668205e-01
2.500000000000000000e-01 2.500000000000000000e-01 2.500000000000000000e-01 2.500000000000000000e-01
2.500000000000000000e-01 2.500000000000000000e-01 2.500000000000000000e-01 2.500000000000000000e-01
1.777843566031028222e-01 4.372144935441094615e-01 2.078310953856329357e-01 1.771700544671547251e-01
2.500000000000000000e-01 2.500000000000000000e-01 2.500000000000000000e-01 2.500000000000000000e-01
2.500000000000000000e-01 2.500000000000000000e-01 2.500000000000000000e-01 2.500000000000000000e-01
2.500000000000000000e-01 2.500000000000000000e-01 2.500000000000000000e-01 2.500000000000000000e-01
4.895916272258885593e-01 9.588009557001543615e-02 2.951423592053468159e-01 1.193859179987492025e-01
2.452041733797921674e-01 4.359823453610991995e-02 5.786980055875661222e-01 1.324995864965318737e-01
2.500000000000000000e-01 2.500000000000000000e-01 2.500000000000000000e-01 2.500000000000000000e-01
2.500000000000000000e-01 2.500000000000000000e-01 2.500000000000000000e-01 2.500000000000000000e-01
2.500000000000000000e-01 2.500000000000000000e-01 2.500000000000000000e-01 2.500000000000000000e-01
2.500000000000000000e-01 2.500000000000000000e-01 2.500000000000000000e-01 2.500000000000000000e-01
2.911300660524651640e-01 1.875391430988668229e-01 4.257030406036477754e-01 9.562775024502029320e-02
1.769471232881292266e-01 3.659689256731983864e-01 6.707941659995986239e-02 3.900045344387125246e-01
2.500000000000000000e-01 2.500000000000000000e-01 2.500000000000000000e-01 2.500000000000000000e-01
2.500000000000000000e-01 2.500000000000000000e-01 2.500000000000000000e-01 2.500000000000000000e-01
7.233617804024549541e-03 2.644319657551566505e-01 1.890789211088477750e-01 5.392554953319710354e-01
1.731793769304849351e-01 1.184980440701170756e-01 2.039012792524839413e-01 5.044212997469140758e-01
2.500000000000000000e-01 2.500000000000000000e-01 2.500000000000000000e-01 2.500000000000000000e-01
2.500000000000000000e-01 2.500000000000000000e-01 2.500000000000000000e-01 2.500000000000000000e-01
3.479222633413130983e-01 1.089951212479046416e-01 2.355500241202222178e-01 3.075325912905600423e-01
2.500000000000000000e-01 2.500000000000000000e-01 2.500000000000000000e-01 2.500000000000000000e-01
2.500000000000000000e-01 2.500000000000000000e-01 2.500000000000000000e-01 2.500000000000000000e-01
4.809769236281990490e-01 9.131593124027702346e-02 2.802970584859930669e-01 1.474100866455308467e-01
1.195488363586706820e-01 7.741569898766369195e-02 6.943612525914973077e-02 7.335993393945159369e-01
2.500000000000000000e-01 2.500000000000000000e-01 2.500000000000000000e-01 2.500000000000000000e-01
3.653525512006865483e-01 1.092082741014409886e-01 5.958853960958493401e-03 5.194803207369139697e-01
2.500000000000000000e-01 2.500000000000000000e-01 2.500000000000000000e-01 2.500000000000000000e-01
3.079674727978883864e-01 3.712462083193004969e-01 3.718958669032351727e-02 2.835967321924875995e-01
2.500000000000000000e-01 2.500000000000000000e-01 2.500000000000000000e-01 2.500000000000000000e-01
2.500000000000000000e-01 2.500000000000000000e-01 2.500000000000000000e-01 2.500000000000000000e-01
2.500000000000000000e-01 2.500000000000000000e-01 2.500000000000000000e-01 2.500000000000000000e-01
3.001608688170715258e-02 5.359822855829639021e-01 2.673344891557971614e-02 4.072681786197491771e-01
2.500000000000000000e-01 2.500000000000000000e-01 2.500000000000000000e-01 2.500000000000000000e-01
2.500000000000000000e-01 2.500000000000000000e-01 2.500000000000000000e-01 2.500000000000000000e-01
2.939769818411220870e-01 1.349772437783890722e-01 9.322223842321294973e-02 4.778235359572758911e-01
2.500000000000000000e-01 2.500000000000000000e-01 2.500000000000000000e-01 2.500000000000000000e-01
2.500000000000000000e-01 2.500000000000000000e-01 2.500000000000000000e-01 2.500000000000000000e-01
1.674382615814855313e-01 2.248844681217437025e-01 1.516895837565243876e-01 4.559876865402463508e-01
2.500000000000000000e-01 2.500000000000000000e-01 2.500000000000000000e-01 2.500000000000000000e-01
2.500000000000000000e-01 2.500000000000000000e-01 2.500000000000000000e-01 2.500000000000000000e-01
2.500000000000000000e-01 2.500000000000000000e-01 2.500000000000000000e-01 2.500000000000000000e-01
2.500000000000000000e-01 2.500000000000000000e-01 2.500000000000000000e-01 2.500000000000000000e-01
2.500000000000000000e-01 2.500000000000000000e-01 2.500000000000000000e-01 2.500000000000000000e-01
2.500000000000000000e-01 2.500000000000000000e-01 2.500000000000000000e-01 2.500000000000000000e-01
2.500000000000000000e-01 2.500000000000000000e-01 2.500000000000000000e-01 2.500000000000000000e-01
2.500000000000000000e-01 2.500000000000000000e-01 2.500000000000000000e-01 2.500000000000000000e-01
2.500000000000000000e-01 2.500000000000000000e-01 2.500000000000000000e-01 2.500000000000000000e-01
2.500000000000000000e-01 2.500000000000000000e-01 2.500000000000000000e-01 2.500000000000000000e-01
2.462816876195164928e-01 1.183896095549338140e-01 2.682815252173263998e-01 3.670471776082232518e-01
2.500000000000000000e-01 2.500000000000000000e-01 2.500000000000000000e-01 2.500000000000000000e-01
2.500000000000000000e-01 2.500000000000000000e-01 2.500000000000000000e-01 2.500000000000000000e-01
2.500000000000000000e-01 2.500000000000000000e-01 2.500000000000000000e-01 2.500000000000000000e-01
8.740419427467302146e-03 3.674277823274043620e-01 2.868854105876690319e-01 3.369463876574593231e-01
2.235315550444232358e-01 3.809262052331698328e-03 1.216804197830236578e-01 6.509787631202214042e-01
5.329140318207151727e-01 3.388863277765566950e-01 8.264596604177010253e-02 4.555367436095802969e-02
5.296375588730322104e-01 4.507983174516526081e-01 3.251688799700114263e-03 1.631243487561506722e-02
2.500000000000000000e-01 2.500000000000000000e-01 2.500000000000000000e-01 2.500000000000000000e-01
2.500000000000000000e-01 2.500000000000000000e-01 2.500000000000000000e-01 2.500000000000000000e-01
2.500000000000000000e-01 2.500000000000000000e-01 2.500000000000000000e-01 2.500000000000000000e-01
1.279341262955326908e-01 2.033954208244362905e-01 9.602987244157745739e-02 5.726405804384535614e-01
2.500000000000000000e-01 2.500000000000000000e-01 2.500000000000000000e-01 2.500000000000000000e-01
2.500000000000000000e-01 2.500000000000000000e-01 2.500000000000000000e-01 2.500000000000000000e-01
2.500000000000000000e-01 2.500000000000000000e-01 2.500000000000000000e-01 2.500000000000000000e-01
2.110078384027385678e-01 1.268197977644421569e-02 7.183027561778584369e-01 5.800742564295874315e-02
2.500000000000000000e-01 2.500000000000000000e-01 2.500000000000000000e-01 2.500000000000000000e-01
1.760868090274632647e-01 3.832333031144902202e-01 3.213399310229434480e-01 1.193399568351030671e-01
2.500000000000000000e-01 2.500000000000000000e-01 2.500000000000000000e-01 2.500000000000000000e-01
1.942985976787337254e-01 5.991672232985999491e-01 8.038956892842563651e-02 1.261446100942406889e-01
2.500000000000000000e-01 2.500000000000000000e-01 2.500000000000000000e-01 2.500000000000000000e-01
2.996420432921599875e-01 4.280350610301961178e-01 3.241354548218550180e-02 2.399093501954583929e-01
3.225074893129438736e-01 1.872144600295543027e-01 1.995847352639155414e-01 2.906933153935862824e-01
2.500000000000000000e-01 2.500000000000000000e-01 2.500000000000000000e-01 2.500000000000000000e-01
2.500000000000000000e-01 2.500000000000000000e-01 2.500000000000000000e-01 2.500000000000000000e-01
1.134237389834353987e-01 1.146754185509382407e-01 2.228699677304195326e-01 5.490308747352068419e-01
2.162854270635600762e-01 2.881232534570453072e-02 3.264167199009817555e-01 4.284855276897536203e-01
2.500000000000000000e-01 2.500000000000000000e-01 2.500000000000000000e-01 2.500000000000000000e-01
2.500000000000000000e-01 2.500000000000000000e-01 2.500000000000000000e-01 2.500000000000000000e-01
2.500000000000000000e-01 2.500000000000000000e-01 2.500000000000000000e-01 2.500000000000000000e-01
2.500000000000000000e-01 2.500000000000000000e-01 2.500000000000000000e-01 2.500000000000000000e-01
2.500000000000000000e-01 2.500000000000000000e-01 2.500000000000000000e-01 2.500000000000000000e-01
2.500000000000000000e-01 2.500000000000000000e-01 2.500000000000000000e-01 2.500000000000000000e-01
1.555545703310486361e-01 1.210543893657665959e-01 2.011032555225737151e-01 5.222877847806111085e-01
2.500000000000000000e-01 2.500000000000000000e-01 2.500000000000000000e-01 2.500000000000000000e-01
3.681073750532246613e-01 5.254066957553527040e-02 4.255983560963392254e-01 1.537535992749008429e-01
2.500000000000000000e-01 2.500000000000000000e-01 2.500000000000000000e-01 2.500000000000000000e-01
2.500000000000000000e-01 2.500000000000000000e-01 2.500000000000000000e-01 2.500000000000000000e-01
5.131892353578088040e-01 1.931937087044851564e-01 7.783493854096057429e-02 2.157821173967454653e-01
3.791425839199571435e-01 1.981068841303573747e-01 3.521497517911011954e-01 7.060078015858428646e-02
2.500000000000000000e-01 2.500000000000000000e-01 2.500000000000000000e-01 2.500000000000000000e-01
2.500000000000000000e-01 2.500000000000000000e-01 2.500000000000000000e-01 2.500000000000000000e-01
2.500000000000000000e-01 2.500000000000000000e-01 2.500000000000000000e-01 2.500000000000000000e-01
3.770224003070762886e-01 1.658765044675022393e-01 9.532258285256833830e-03 4.475688369401646383e-01
3.565386447678207671e-01 1.427842438968311700e-02 4.744428189065089119e-01 1.547401119359871902e-01
2.500000000000000000e-01 2.500000000000000000e-01 2.500000000000000000e-01 2.500000000000000000e-01
2.569931073230100615e-01 4.222825590760465736e-02 4.503450304784866742e-01 2.504336062908986138e-01
2.500000000000000000e-01 2.500000000000000000e-01 2.500000000000000000e-01 2.500000000000000000e-01
2.500000000000000000e-01 2.500000000000000000e-01 2.500000000000000000e-01 2.500000000000000000e-01
2.500000000000000000e-01 2.500000000000000000e-01 2.500000000000000000e-01 2.500000000000000000e-01
2.500000000000000000e-01 2.500000000000000000e-01 2.500000000000000000e-01 2.500000000000000000e-01
2.500000000000000000e-01 2.500000000000000000e-01 2.500000000000000000e-01 2.500000000000000000e-01
2.500000000000000000e-01 2.500000000000000000e-01 2.500000000000000000e-01 2.500000000000000000e-01
2.500000000000000000e-01 2.500000000000000000e-01 2.500000000000000000e-01 2.500000000000000000e-01
2.500000000000000000e-01 2.500000000000000000e-01 2.500000000000000000e-01 2.500000000000000000e-01
3.146994005245586090e-02 6.801058803459325564e-02 8.838105608086466169e-02 8.121384158320862356e-01
3.172192566980729100e-02 5.930588611909909380e-01 4.638096549632320098e-02 3.288382476428785561e-01
2.500000000000000000e-01 2.500000000000000000e-01 2.500000000000000000e-01 2.500000000000000000e-01
2.500000000000000000e-01 2.500000000000000000e-01 2.500000000000000000e-01 2.500000000000000000e-01
3.497588877925032480e-01 9.698488227942254902e-02 9.159669779831951242e-02 4.616595321297546906e-01
2.500000000000000000e-01 2.500000000000000000e-01 2.500000000000000000e-01 2.500000000000000000e-01
2.500000000000000000e-01 2.500000000000000000e-01 2.500000000000000000e-01 2.500000000000000000e-01
2.349652748923971024e-01 2.431131305894297379e-01 3.752326523092438526e-01 1.466889422089292516e-01
1.823184314407927664e-01 2.422690101967534676e-02 6.735556442588936932e-01 1.198990232806380896e-01
2.500000000000000000e-01 2.500000000000000000e-01 2.500000000000000000e-01 2.500000000000000000e-01
2.500000000000000000e-01 2.500000000000000000e-01 2.500000000000000000e-01 2.500000000000000000e-01
2.500000000000000000e-01 2.500000000000000000e-01 2.500000000000000000e-01 2.500000000000000000e-01
1.136914815858967309e-01 8.276546799577269575e-02 2.181130770903421945e-01 5.854299733279884066e-01
2.500000000000000000e-01 2.500000000000000000e-01 2.500000000000000000e-01 2.500000000000000000e-01
2.500000000000000000e-01 2.500000000000000000e-01 2.500000000000000000e-01 2.500000000000000000e-01
2.500000000000000000e-01 2.500000000000000000e-01 2.500000000000000000e-01 2.500000000000000000e-01
2.500000000000000000e-01 2.500000000000000000e-01 2.500000000000000000e-01 2.500000000000000000e-01
2.500000000000000000e-01 2.500000000000000000e-01 2.500000000000000000e-01 2.500000000000000000e-01
2.500000000000000000e-01 2.500000000000000000e-01 2.500000000000000000e-01 2.500000000000000000e-01
2.500000000000000000e-01 2.500000000000000000e-01 2.500000000000000000e-01 2.500000000000000000e-01
2.500000000000000000e-01 2.500000000000000000e-01 2.500000000000000000e-01 2.500000000000000000e-01
2.500000000000000000e-01 2.500000000000000000e-01 2.500000000000000000e-01 2.500000000000000000e-01
2.500000000000000000e-01 2.500000000000000000e-01 2.500000000000000000e-01 2.500000000000000000e-01
2.500000000000000000e-01 2.500000000000000000e-01 2.500000000000000000e-01 2.500000000000000000e-01
2.500000000000000000e-01 2.500000000000000000e-01 2.500000000000000000e-01 2.500000000000000000e-01
2.500000000000000000e-01 2.500000000000000000e-01 2.500000000000000000e-01 2.500000000000000000e-01
2.500000000000000000e-01 2.500000000000000000e-01 2.500000000000000000e-01 2.500000000000000000e-01
3.536070459415210365e-01 1.739726107306344693e-01 2.036392294422091909e-01 2.687811138856353033e-01
2.352933543586754328e-01 6.026014572054229357e-02 2.138632680051111290e-01 4.905832319156711585e-01
1.862882285464467769e-01 2.146635923875140906e-01 1.483035774554893882e-01 4.507446016105497444e-01
2.500000000000000000e-01 2.500000000000000000e-01 2.500000000000000000e-01 2.500000000000000000e-01
2.309769499609087284e-01 8.283036768676688144e-02 4.100919685210241417e-01 2.761007138313002485e-01
2.500000000000000000e-01 2.500000000000000000e-01 2.500000000000000000e-01 2.500000000000000000e-01
2.500000000000000000e-01 2.500000000000000000e-01 2.500000000000000000e-01 2.500000000000000000e-01
2.500000000000000000e-01 2.500000000000000000e-01 2.500000000000000000e-01 2.500000000000000000e-01
4.426307345100234832e-03 2.299940893499600736e-01 2.047387887435397902e-02 7.451057244305857585e-01
2.500000000000000000e-01 2.500000000000000000e-01 2.500000000000000000e-01 2.500000000000000000e-01
2.500000000000000000e-01 2.500000000000000000e-01 2.500000000000000000e-01 2.500000000000000000e-01
2.500000000000000000e-01 2.500000000000000000e-01 2.500000000000000000e-01 2.500000000000000000e-01
2.500000000000000000e-01 2.500000000000000000e-01 2.500000000000000000e-01 2.500000000000000000e-01
2.090109707824570895e-01 2.689547446936811914e-01 3.573956787606006325e-01 1.646386057632610866e-01
2.500000000000000000e-01 2.500000000000000000e-01 2.500000000000000000e-01 2.500000000000000000e-01
1.327956474633278650e-01 2.276716068242246593e-01 4.724004502143810957e-01 1.671322954980663800e-01
2.500000000000000000e-01 2.500000000000000000e-01 2.500000000000000000e-01 2.500000000000000000e-01
2.500000000000000000e-01 2.500000000000000000e-01 2.500000000000000000e-01 2.500000000000000000e-01
2.500000000000000000e-01 2.500000000000000000e-01 2.500000000000000000e-01 2.500000000000000000e-01
1.798924223464160865e-01 4.157508228983524123e-01 2.076274242911507750e-01 1.967293304640807261e-01
6.727017354435563257e-02 3.538689829549195726e-02 3.389322212610243468e-01 5.584107068991280842e-01
2.500000000000000000e-01 2.500000000000000000e-01 2.500000000000000000e-01 2.500000000000000000e-01
2.500000000000000000e-01 2.500000000000000000e-01 2.500000000000000000e-01 2.500000000000000000e-01
7.104287205372205039e-01 1.371575319446868835e-01 9.314739853189774044e-02 5.926634898619487224e-02
2.500000000000000000e-01 2.500000000000000000e-01 2.500000000000000000e-01 2.500000000000000000e-01
1.968474828732006132e-01 1.604144958841165203e-01 7.929267208219878404e-02 5.634453491604840547e-01
1.307792815813501597e-01 2.273229826559272915e-01 1.827893585850839664e-01 4.591083771776385825e-01
2.500000000000000000e-01 2.500000000000000000e-01 2.500000000000000000e-01 2.500000000000000000e-01
4.104976594980114246e-01 2.313434763520016979e-01 2.379577881810686080e-01 1.202010759689182695e-01
2.500000000000000000e-01 2.500000000000000000e-01 2.500000000000000000e-01 2.500000000000000000e-01
2.500000000000000000e-01 2.500000000000000000e-01 2.500000000000000000e-01 2.500000000000000000e-01
2.500000000000000000e-01 2.500000000000000000e-01 2.500000000000000000e-01 2.500000000000000000e-01
2.500000000000000000e-01 2.500000000000000000e-01 2.500000000000000000e-01 2.500000000000000000e-01
2.500000000000000000e-01 2.500000000000000000e-01 2.500000000000000000e-01 2.500000000000000000e-01
2.500000000000000000e-01 2.500000000000000000e-01 2.500000000000000000e-01 2.500000000000000000e-01
2.500000000000000000e-01 2.500000000000000000e-01 2.500000000000000000e-01 2.500000000000000000e-01
2.500000000000000000e-01 2.500000000000000000e-01 2.500000000000000000e-01 2.500000000000000000e-01
2.500000000000000000e-01 2.500000000000000000e-01 2.500000000000000000e-01 2.500000000000000000e-01
4.614228437355389345e-01 1.030672193212677779e-01 3.185633650568858721e-02 4.036536004375047004e-01
2.500000000000000000e-01 2.500000000000000000e-01 2.500000000000000000e-01 2.500000000000000000e-01
2.500000000000000000e-01 2.500000000000000000e-01 2.500000000000000000e-01 2.500000000000000000e-01
3.037807612968683735e-01 4.668639471544896308e-02 6.174815135067678318e-01 3.205133048091479697e-02
2.500000000000000000e-01 2.500000000000000000e-01 2.500000000000000000e-01 2.500000000000000000e-01
2.500000000000000000e-01 2.500000000000000000e-01 2.500000000000000000e-01 2.500000000000000000e-01
2.500000000000000000e-01 2.500000000000000000e-01 2.500000000000000000e-01 2.500000000000000000e-01
2.500000000000000000e-01 2.500000000000000000e-01 2.500000000000000000e-01 2.500000000000000000e-01
3.450348393005698844e-01 3.740093172145179667e-01 2.467894143978313637e-01 3.416642908708078519e-02
2.500000000000000000e-01 2.500000000000000000e-01 2.500000000000000000e-01 2.500000000000000000e-01
1.642564036683319961e-01 5.835211004187187411e-01 1.195638372341657485e-01 1.326586586787835143e-01
1.147312891051373296e-01 5.576559319539363402e-02 4.830895415316138752e-01 3.464135761678551750e-01
2.500000000000000000e-01 2.500000000000000000e-01 2.500000000000000000e-01 2.500000000000000000e-01
2.500000000000000000e-01 2.500000000000000000e-01 2.500000000000000000e-01 2.500000000000000000e-01
2.705914421563851424e-01 3.131791979972325390e-01 3.469643378183795979e-01 6.926502202800272068e-02
2.500000000000000000e-01 2.500000000000000000e-01 2.500000000000000000e-01 2.500000000000000000e-01
2.500000000000000000e-01 2.500000000000000000e-01 2.500000000000000000e-01 2.500000000000000000e-01
2.500000000000000000e-01 2.500000000000000000e-01 2.500000000000000000e-01 2.500000000000000000e-01
2.500000000000000000e-01 2.500000000000000000e-01 2.500000000000000000e-01 2.500000000000000000e-01
2.500000000000000000e-01 2.500000000000000000e-01 2.500000000000000000e-01 2.500000000000000000e-01
2.500000000000000000e-01 2.500000000000000000e-01 2.500000000000000000e-01 2.500000000000000000e-01
2.500000000000000000e-01 2.500000000000000000e-01 2.500000000000000000e-01 2.500000000000000000e-01
2.500000000000000000e-01 2.500000000000000000e-01 2.500000000000000000e-01 2.500000000000000000e-01
2.500000000000000000e-01 2.500000000000000000e-01 2.500000000000000000e-01 2.500000000000000000e-01
2.500000000000000000e-01 2.500000000000000000e-01 2.500000000000000000e-01 2.500000000000000000e-01
1.362758647154286261e-02 3.767017385213369124e-02 3.702402153804932317e-01 5.784620242958302683e-01
2.500000000000000000e-01 2.500000000000000000e-01 2.500000000000000000e-01 2.500000000000000000e-01
2.500000000000000000e-01 2.500000000000000000e-01 2.500000000000000000e-01 2.500000000000000000e-01
4.269355961374493580e-01 2.631648884013974496e-02 3.946000129195865180e-01 1.521479021028243617e-01
2.500000000000000000e-01 2.500000000000000000e-01 2.500000000000000000e-01 2.500000000000000000e-01
2.500000000000000000e-01 2.500000000000000000e-01 2.500000000000000000e-01 2.500000000000000000e-01
2.500000000000000000e-01 2.500000000000000000e-01 2.500000000000000000e-01 2.500000000000000000e-01
2.500000000000000000e-01 2.500000000000000000e-01 2.500000000000000000e-01 2.500000000000000000e-01
1.798207987783418116e-01 3.690408811917024745e-01 4.106603766344529838e-04 4.507276596533212887e-01
6.144105995679068899e-01 5.607453139238612050e-02 1.633343489761591161e-01 1.661805200635478874e-01
2.520486886129760795e-01 1.038926401647268516e-01 5.726613915239899821e-01 7.139727969830705900e-02
2.500000000000000000e-01 2.500000000000000000e-01 2.500000000000000000e-01 2.500000000000000000e-01
2.500000000000000000e-01 2.500000000000000000e-01 2.500000000000000000e-01 2.500000000000000000e-01
4.878392018712321421e-01 2.070529550165976507e-01 1.434253497544308309e-01 1.616824933577393764e-01
2.500000000000000000e-01 2.500000000000000000e-01 2.500000000000000000e-01 2.500000000000000000e-01
2.500000000000000000e-01 2.500000000000000000e-01 2.500000000000000000e-01 2.500000000000000000e-01
2.500000000000000000e-01 2.500000000000000000e-01 2.500000000000000000e-01 2.500000000000000000e-01
1.187036670452746301e-01 1.187133316480619011e-01 5.589183122409908944e-02 7.066911700825644349e-01
2.500000000000000000e-01 2.500000000000000000e-01 2.500000000000000000e-01 2.500000000000000000e-01
2.500000000000000000e-01 2.500000000000000000e-01 2.500000000000000000e-01 2.500000000000000000e-01
2.500000000000000000e-01 2.500000000000000000e-01 2.500000000000000000e-01 2.500000000000000000e-01
3.142212415129087555e-01 1.548147480417388921e-01 5.133900479496075198e-01 1.757396249574488811e-02
2.500000000000000000e-01 2.500000000000000000e-01 2.500000000000000000e-01 2.500000000000000000e-01
3.826562107127752521e-02 1.913563134179897818e-01 4.481655845199671306e-01 3.222124809907655485e-01
2.509664304809990365e-01 4.461004436892360148e-01 2.770089346564894028e-01 2.592419117327560141e-02
2.500000000000000000e-01 2.500000000000000000e-01 2.500000000000000000e-01 2.500000000000000000e-01
2.500000000000000000e-01 2.500000000000000000e-01 2.500000000000000000e-01 2.500000000000000000e-01
2.573774765413451831e-03 3.937730497067903901e-01 1.477995920593589974e-01 4.558535834684371846e-01
2.291550565665171624e-01 6.122238070962290196e-02 1.456543180895814305e-01 5.639682446342785260e-01
3.291356078480535130e-01 2.268125031709519179e-01 1.694920497646190682e-03 4.423569684833483784e-01
7.674102064455980143e-02 1.118078561107868803e-02 3.413041930727419571e-01 5.707740006716195413e-01
2.786617499766605999e-01 6.958337216299931294e-03 4.780343124398630517e-01 2.363456003671764449e-01
5.202760572585867216e-01 7.728975291381889878e-02 1.332610282932767953e-01 2.691731615343175843e-01
1.468517898706945546e-01 6.092632449524917893e-02 5.056436516047270180e-01 2.865782340293292485e-01
2.500000000000000000e-01 2.500000000000000000e-01 2.500000000000000000e-01 2.500000000000000000e-01
5.576124619783688896e-01 2.594059178705151059e-03 2.104567780322479376e-01 2.293367008106780291e-01
2.500000000000000000e-01 2.500000000000000000e-01 2.500000000000000000e-01 2.500000000000000000e-01
1.143849812752353867e-01 5.856817388576094352e-01 1.131885654694295695e-01 1.867447143977256641e-01
6.651283931402750260e-02 5.755819426757489976e-02 2.010440588602874223e-01 6.748849075581101475e-01
2.500000000000000000e-01 2.500000000000000000e-01 2.500000000000000000e-01 2.500000000000000000e-01
2.500000000000000000e-01 2.500000000000000000e-01 2.500000000000000000e-01 2.500000000000000000e-01
7.584077561280123947e-02 2.799367802758126467e-01 2.147615565032705010e-01 4.294608876081156268e-01
2.500000000000000000e-01 2.500000000000000000e-01 2.500000000000000000e-01 2.500000000000000000e-01
4.959998471524872804e-02 2.385097200441672616e-01 2.304027508377122224e-01 4.814875444028717810e-01
2.500000000000000000e-01 2.500000000000000000e-01 2.500000000000000000e-01 2.500000000000000000e-01
2.500000000000000000e-01 2.500000000000000000e-01 2.500000000000000000e-01 2.500000000000000000e-01
4.732364314569716957e-01 1.449428856770898222e-01 2.340878697205144021e-01 1.477328131454240800e-01
2.500000000000000000e-01 2.500000000000000000e-01 2.500000000000000000e-01 2.500000000000000000e-01
1.166227894811653204e-01 2.970544649832244644e-01 1.604099248020234847e-01 4.259128207335867167e-01
2.500000000000000000e-01 2.500000000000000000e-01 2.500000000000000000e-01 2.500000000000000000e-01
1.386818052276030389e-01 4.403393981024002479e-01 2.121562807146410434e-01 2.088225159553556698e-01
2.500000000000000000e-01 2.500000000000000000e-01 2.500000000000000000e-01 2.500000000000000000e-01
2.500000000000000000e-01 2.500000000000000000e-01 2.500000000000000000e-01 2.500000000000000000e-01
2.500000000000000000e-01 2.500000000000000000e-01 2.500000000000000000e-01 2.500000000000000000e-01
3.347564581131197703e-01 3.020633033478517526e-01 3.034140271371911779e-01 5.976621140183729919e-02
6.268319288328968453e-01 1.294128867093942148e-01 2.277762692473107586e-01 1.597891521039818130e-02
2.500000000000000000e-01 2.500000000000000000e-01 2.500000000000000000e-01 2.500000000000000000e-01
2.500000000000000000e-01 2.500000000000000000e-01 2.500000000000000000e-01 2.500000000000000000e-01
2.500000000000000000e-01 2.500000000000000000e-01 2.500000000000000000e-01 2.500000000000000000e-01
7.667075698955069241e-01 1.307807023128555457e-01 1.234319272755479702e-02 9.016853506408273322e-02
2.500000000000000000e-01 2.500000000000000000e-01 2.500000000000000000e-01 2.500000000000000000e-01
2.500000000000000000e-01 2.500000000000000000e-01 2.500000000000000000e-01 2.500000000000000000e-01
2.500000000000000000e-01 2.500000000000000000e-01 2.500000000000000000e-01 2.500000000000000000e-01
2.500000000000000000e-01 2.500000000000000000e-01 2.500000000000000000e-01 2.500000000000000000e-01
2.500000000000000000e-01 2.500000000000000000e-01 2.500000000000000000e-01 2.500000000000000000e-01
2.500000000000000000e-01 2.500000000000000000e-01 2.500000000000000000e-01 2.500000000000000000e-01
2.500000000000000000e-01 2.500000000000000000e-01 2.500000000000000000e-01 2.500000000000000000e-01
2.500000000000000000e-01 2.500000000000000000e-01 2.500000000000000000e-01 2.500000000000000000e-01
3.296575905442555299e-01 1.786368237753482857e-01 1.329420689446875192e-01 3.587635167357086652e-01
2.500000000000000000e-01 2.500000000000000000e-01 2.500000000000000000e-01 2.500000000000000000e-01
2.500000000000000000e-01 2.500000000000000000e-01 2.500000000000000000e-01 2.500000000000000000e-01
4.605618208188951290e-01 2.232505371784083703e-01 3.953975371037810049e-03 3.122336666316586906e-01
2.500000000000000000e-01 2.500000000000000000e-01 2.500000000000000000e-01 2.500000000000000000e-01
2.500000000000000000e-01 2.500000000000000000e-01 2.500000000000000000e-01 2.500000000000000000e-01
2.500000000000000000e-01 2.500000000000000000e-01 2.500000000000000000e-01 2.500000000000000000e-01
2.500000000000000000e-01 2.500000000000000000e-01 2.500000000000000000e-01 2.500000000000000000e-01
1.435365003629175684e-01 3.106737317365744488e-02 5.581321430047028187e-01 2.672639834587221541e-01
2.500000000000000000e-01 2.500000000000000000e-01 2.500000000000000000e-01 2.500000000000000000e-01
1.201358529831650541e-02 1.986685354392818126e-01 1.644407273162850625e-01 6.248771519461165935e-01
2.500000000000000000e-01 2.500000000000000000e-01 2.500000000000000000e-01 2.500000000000000000e-01
2.500000000000000000e-01 2.500000000000000000e-01 2.500000000000000000e-01 2.500000000000000000e-01
2.500000000000000000e-01 2.500000000000000000e-01 2.500000000000000000e-01 2.500000000000000000e-01
2.500000000000000000e-01 2.500000000000000000e-01 2.500000000000000000e-01 2.500000000000000000e-01
2.500000000000000000e-01 2.500000000000000000e-01 2.500000000000000000e-01 2.500000000000000000e-01
1.598065818462013621e-01 3.762442995272901602e-01 3.713365045893335936e-01 9.261261403717488405e-02
2.500000000000000000e-01 2.500000000000000000e-01 2.500000000000000000e-01 2.500000000000000000e-01
2.500000000000000000e-01 2.500000000000000000e-01 2.500000000000000000e-01 2.500000000000000000e-01
2.493265081357725066e-01 6.492416786234160575e-02 2.737625383689075709e-01 4.119867856329783029e-01
2.500000000000000000e-01 2.500000000000000000e-01 2.500000000000000000e-01 2.500000000000000000e-01
2.500000000000000000e-01 2.500000000000000000e-01 2.500000000000000000e-01 2.500000000000000000e-01
2.440388738614150954e-01 4.791618282912743498e-01 2.056639891927297126e-01 7.113530865458084218e-02
2.500000000000000000e-01 2.500000000000000000e-01 2.500000000000000000e-01 2.500000000000000000e-01
2.500000000000000000e-01 2.500000000000000000e-01 2.500000000000000000e-01 2.500000000000000000e-01
2.500000000000000000e-01 2.500000000000000000e-01 2.500000000000000000e-01 2.500000000000000000e-01
2.500000000000000000e-01 2.500000000000000000e-01 2.500000000000000000e-01 2.500000000000000000e-01
2.728360723753518388e-02 2.210885048047706858e-01 4.601821362256901526e-01 2.914457517320039326e-01
2.500000000000000000e-01 2.500000000000000000e-01 2.500000000000000000e-01 2.500000000000000000e-01
2.500000000000000000e-01 2.500000000000000000e-01 2.500000000000000000e-01 2.500000000000000000e-01
2.500000000000000000e-01 2.500000000000000000e-01 2.500000000000000000e-01 2.500000000000000000e-01
3.260213538964584767e-01 2.882399511020349858e-01 1.000654154417351394e-01 2.856732795597713981e-01
4.024672457928760855e-02 4.959366771328633239e-01 7.440831166352773751e-02 3.894082866243213092e-01
5.858488062189566581e-02 2.678763538917409148e-01 2.893673731858728004e-01 3.841713923004906328e-01
3.737602473983539508e-01 1.525316747896071079e-01 1.515696334952911228e-01 3.221384443167478184e-01
2.500000000000000000e-01 2.500000000000000000e-01 2.500000000000000000e-01 2.500000000000000000e-01
2.500000000000000000e-01 2.500000000000000000e-01 2.500000000000000000e-01 2.500000000000000000e-01
2.500000000000000000e-01 2.500000000000000000e-01 2.500000000000000000e-01 2.500000000000000000e-01
2.500000000000000000e-01 2.500000000000000000e-01 2.500000000000000000e-01 2.500000000000000000e-01
2.500000000000000000e-01 2.500000000000000000e-01 2.500000000000000000e-01 2.500000000000000000e-01
2.500000000000000000e-01 2.500000000000000000e-01 2.500000000000000000e-01 2.500000000000000000e-01
3.155916835965533740e-01 1.242966835919772500e-01 4.680150486761805451e-03 5.554314823247075150e-01
6.049564599988724867e-01 1.222402798236384841e-01 1.086206243108401998e-01 1.641826358666488295e-01
2.500000000000000000e-01 2.500000000000000000e-01 2.500000000000000000e-01 2.500000000000000000e-01
4.905464783418730934e-01 5.099369838241772646e-02 8.639497045644319029e-02 3.720648528192659898e-01
3.749416102024425990e-01 2.464157582858034212e-01 2.518471938524403653e-01 1.267954376593136145e-01
2.500000000000000000e-01 2.500000000000000000e-01 2.500000000000000000e-01 2.500000000000000000e-01
2.500000000000000000e-01 2.500000000000000000e-01 2.500000000000000000e-01 2.500000000000000000e-01
2.500000000000000000e-01 2.500000000000000000e-01 2.500000000000000000e-01 2.500000000000000000e-01
5.213502108349107322e-01 3.809836903603311953e-01 7.087751064497060938e-02 2.678858815978746311e-02
2.500000000000000000e-01 2.500000000000000000e-01 2.500000000000000000e-01 2.500000000000000000e-01
2.500000000000000000e-01 2.500000000000000000e-01 2.500000000000000000e-01 2.500000000000000000e-01
2.500000000000000000e-01 2.500000000000000000e-01 2.500000000000000000e-01 2.500000000000000000e-01
1.869022968663001660e-01 1.383597359152131112e-01 1.648109575170002561e-01 5.099270097014865222e-01
2.500000000000000000e-01 2.500000000000000000e-01 2.500000000000000000e-01 2.500000000000000000e-01
2.500000000000000000e-01 2.500000000000000000e-01 2.500000000000000000e-01 2.500000000000000000e-01
1.216321353756309870e-01 2.166140013159793265e-01 4.635957484269078721e-01 1.981581148814818838e-01
2.500000000000000000e-01 2.500000000000000000e-01 2.500000000000000000e-01 2.500000000000000000e-01
4.613042656121915108e-01 4.832411122952508242e-02 4.321813196918280475e-01 5.819030346645537310e-02
2.500000000000000000e-01 2.500000000000000000e-01 2.500000000000000000e-01 2.500000000000000000e-01
2.500000000000000000e-01 2.500000000000000000e-01 2.500000000000000000e-01 2.500000000000000000e-01
2.500000000000000000e-01 2.500000000000000000e-01 2.500000000000000000e-01 2.500000000000000000e-01
2.500000000000000000e-01 2.500000000000000000e-01 2.500000000000000000e-01 2.500000000000000000e-01
2.500000000000000000e-01 2.500000000000000000e-01 2.500000000000000000e-01 2.500000000000000000e-01
5.699177689174345779e-02 3.292846115910352117e-02 3.602994918538163782e-01 5.497802700953365873e-01
2.500000000000000000e-01 2.500000000000000000e-01 2.500000000000000000e-01 2.500000000000000000e-01
2.500000000000000000e-01 2.500000000000000000e-01 2.500000000000000000e-01 2.500000000000000000e-01
2.500000000000000000e-01 2.500000000000000000e-01 2.500000000000000000e-01 2.500000000000000000e-01
2.500000000000000000e-01 2.500000000000000000e-01 2.500000000000000000e-01 2.500000000000000000e-01
3.587847982152572168e-01 4.357978930729759504e-01 6.233922809259123676e-02 1.430780806191755961e-01
3.383274014634518601e-01 3.103633023144285463e-01 3.226937808613800085e-01 2.861551536073958513e-02
2.500000000000000000e-01 2.500000000000000000e-01 2.500000000000000000e-01 2.500000000000000000e-01
2.500000000000000000e-01 2.500000000000000000e-01 2.500000000000000000e-01 2.500000000000000000e-01
2.500000000000000000e-01 2.500000000000000000e-01 2.500000000000000000e-01 2.500000000000000000e-01
2.500000000000000000e-01 2.500000000000000000e-01 2.500000000000000000e-01 2.500000000000000000e-01
2.500000000000000000e-01 2.500000000000000000e-01 2.500000000000000000e-01 2.500000000000000000e-01
2.500000000000000000e-01 2.500000000000000000e-01 2.500000000000000000e-01 2.500000000000000000e-01
2.210056368777658931e-01 3.896697755722216411e-02 1.545369740002627279e-01 5.854904115647492358e-01
2.500000000000000000e-01 2.500000000000000000e-01 2.500000000000000000e-01 2.500000000000000000e-01
2.500000000000000000e-01 2.500000000000000000e-01 2.500000000000000000e-01 2.500000000000000000e-01
2.500000000000000000e-01 2.500000000000000000e-01 2.500000000000000000e-01 2.500000000000000000e-01
2.500000000000000000e-01 2.500000000000000000e-01 2.500000000000000000e-01 2.500000000000000000e-01
2.500000000000000000e-01 2.500000000000000000e-01 2.500000000000000000e-01 2.500000000000000000e-01
2.500000000000000000e-01 2.500000000000000000e-01 2.500000000000000000e-01 2.500000000000000000e-01
7.379922912928374434e-02 4.851894064612940483e-01 2.735189472948929001e-02 4.136594696799329451e-01
2.500000000000000000e-01 2.500000000000000000e-01 2.500000000000000000e-01 2.500000000000000000e-01
2.500000000000000000e-01 2.500000000000000000e-01 2.500000000000000000e-01 2.500000000000000000e-01
2.500000000000000000e-01 2.500000000000000000e-01 2.500000000000000000e-01 2.500000000000000000e-01
2.500000000000000000e-01 2.500000000000000000e-01 2.500000000000000000e-01 2.500000000000000000e-01
2.500000000000000000e-01 2.500000000000000000e-01 2.500000000000000000e-01 2.500000000000000000e-01
2.500000000000000000e-01 2.500000000000000000e-01 2.500000000000000000e-01 2.500000000000000000e-01
2.500000000000000000e-01 2.500000000000000000e-01 2.500000000000000000e-01 2.500000000000000000e-01
2.914888232552454994e-01 2.197939373586981771e-01 1.787758771293302407e-01 3.099413622567260829e-01
2.500000000000000000e-01 2.500000000000000000e-01 2.500000000000000000e-01 2.500000000000000000e-01
5.728015716932747387e-02 2.051984433038336053e-01 7.130134245874633625e-02 6.662200570680926193e-01
1.554535280444898082e-01 4.348958760554746394e-01 1.690997357638837073e-01 2.405508601361518450e-01
2.500000000000000000e-01 2.500000000000000000e-01 2.500000000000000000e-01 2.500000000000000000e-01
2.142867021356352764e-01 4.497947811000527762e-01 7.814963736690960783e-02 2.577688793974023396e-01
2.500000000000000000e-01 2.500000000000000000e-01 2.500000000000000000e-01 2.500000000000000000e-01
2.500000000000000000e-01 2.500000000000000000e-01 2.500000000000000000e-01 2.500000000000000000e-01
2.500000000000000000e-01 2.500000000000000000e-01 2.500000000000000000e-01 2.500000000000000000e-01
2.500000000000000000e-01 2.500000000000000000e-01 2.500000000000000000e-01 2.500000000000000000e-01
2.500000000000000000e-01 2.500000000000000000e-01 2.500000000000000000e-01 2.500000000000000000e-01
5.662668570764976123e-02 1.436316145820477064e-01 5.097989016840618337e-01 2.899427980262406224e-01
2.500000000000000000e-01 2.500000000000000000e-01 2.500000000000000000e-01 2.500000000000000000e-01
2.500000000000000000e-01 2.500000000000000000e-01 2.500000000000000000e-01 2.500000000000000000e-01
2.500000000000000000e-01 2.500000000000000000e-01 2.500000000000000000e-01 2.500000000000000000e-01
2.473024458015065860e-02 5.622797093349982123e-02 5.555636837948214612e-01 3.634781006915280277e-01
6.170833307773739701e-02 9.658375225837011191e-02 5.259348093517758616e-02 7.891144337287149257e-01
2.500000000000000000e-01 2.500000000000000000e-01 2.500000000000000000e-01 2.500000000000000000e-01
2.500000000000000000e-01 2.500000000000000000e-01 2.500000000000000000e-01 2.500000000000000000e-01
2.500000000000000000e-01 2.500000000000000000e-01 2.500000000000000000e-01 2.500000000000000000e-01
3.895581691394215396e-01 1.491313687299260782e-01 3.823941991165944465e-01 7.891626301405796351e-02
