2.500000000000000000e-01 2.500000000000000000e-01 2.500000000000000000e-01 2.500000000000000000e-01
2.500000000000000000e-01 2.500000000000000000e-01 2.500000000000000000e-01 2.500000000000000000e-01
2.500000000000000000e-01 2.500000000000000000e-01 2.500000000000000000e-01 2.500000000000000000e-01
2.500000000000000000e-01 2.500000000000000000e-01 2.500000000000000000e-01 2.500000000000000000e-01
2.500000000000000000e-01 2.500000000000000000e-01 2.500000000000000000e-01 2.500000000000000000e-01
2.500000000000000000e-01 2.500000000000000000e-01 2.500000000000000000e-01 2.500000000000000000e-01
2.500000000000000000e-01 2.500000000000000000e-01 2.500000000000000000e-01 2.500000000000000000e-01
6.392663560140184054e-02 5.006930119619541070e-02 1.559533369044828199e-01 7.300507262979198941e-01
2.500000000000000000e-01 2.500000000000000000e-01 2.500000000000000000e-01 2.500000000000000000e-01
2.500000000000000000e-01 2.500000000000000000e-01 2.500000000000000000e-01 2.500000000000000000e-01
2.500000000000000000e-01 2.500000000000000000e-01 2.500000000000000000e-01 2.500000000000000000e-01
1.238153991961517403e-01 4.771689953725322675e-01 2.332037636972674188e-01 1.658118417340485595e-01
2.500000000000000000e-01 2.500000000000000000e-01 2.500000000000000000e-01 2.500000000000000000e-01
1.794951285255788898e-01 3.666421283857750346e-01 1.253323589628529966e-01 3.285303841257930513e-01
2.500000000000000000e-01 2.500000000000000000e-01 2.500000000000000000e-01 2.500000000000000000e-01
2.500000000000000000e-01 2.500000000000000000e-01 2.500000000000000000e-01 2.500000000000000000e-01
2.128013660158699083e-01 6.885651756886180044e-03 4.747727581582902312e-01 3.055402240689537030e-01
2.500000000000000000e-01 2.500000000000000000e-01 2.500000000000000000e-01 2.500000000000000000e-01
2.500000000000000000e-01 2.500000000000000000e-01 2.500000000000000000e-01 2.500000000000000000e-01
1.977878053657680657e-01 1.529595897513695221e-03 1.132651045806201962e-01 6.874174941560979857e-01
2.500000000000000000e-01 2.500000000000000000e-01 2.500000000000000000e-01 2.500000000000000000e-01
2.500000000000000000e-01 2.500000000000000000e-01 2.500000000000000000e-01 2.500000000000000000e-01
8.459337017407092194e-03 5.085314768690992748e-01 4.041440512934213469e-02 4.425947809841515590e-01
2.500000000000000000e-01 2.500000000000000000e-01 2.500000000000000000e-01 2.500000000000000000e-01
2.774985551363067238e-01 2.389396258645491988e-01 3.353070855197549660e-01 1.482547334793891669e-01
4.147370511095775647e-02 7.507852567458567217e-02 1.832200726703256399e-01 7.002276965441309731e-01
2.500000000000000000e-01 2.500000000000000000e-01 2.500000000000000000e-01 2.500000000000000000e-01
2.500000000000000000e-01 2.500000000000000000e-01 2.500000000000000000e-01 2.500000000000000000e-01
2.500000000000000000e-01 2.500000000000000000e-01 2.500000000000000000e-01 2.500000000000000000e-01
2.500000000000000000e-01 2.500000000000000000e-01 2.500000000000000000e-01 2.500000000000000000e-01
2.500000000000000000e-01 2.500000000000000000e-01 2.500000000000000000e-01 2.500000000000000000e-01
3.189271992718744619e-01 1.086714035148070995e-03 1.813830942539640112e-01 4.986029924390134593e-01
2.500000000000000000e-01 2.500000000000000000e-01 2.500000000000000000e-01 2.500000000000000000e-01
2.500000000000000000e-01 2.500000000000000000e-01 2.500000000000000000e-01 2.500000000000000000e-01
3.020471055767691704e-01 1.890705801854146717e-01 4.361100639200492513e-01 7.277225031776696218e-02
2.500000000000000000e-01 2.500000000000000000e-01 2.500000000000000000e-01 2.500000000000000000e-01
2.500000000000000000e-01 2.500000000000000000e-01 2.500000000000000000e-01 2.500000000000000000e-01
3.890600274032947059e-01 2.647488971993275722e-02 2.639971896813118613e-01 3.204678931954606513e-01
6.786265859964119018e-02 1.346096532628937026e-01 5.365178402629153798e-01 2.610098478745497830e-01
2.500000000000000000e-01 2.500000000000000000e-01 2.500000000000000000e-01 2.500000000000000000e-01
2.500000000000000000e-01 2.500000000000000000e-01 2.500000000000000000e-01 2.500000000000000000e-01
4.697525812682036839e-01 2.547606962580155066e-01 7.098441976870645265e-02 2.045023027050743569e-01
2.500000000000000000e-01 2.500000000000000000e-01 2.500000000000000000e-01 2.500000000000000000e-01
1.226000449554414395e-01 7.954759276561484960e-02 9.208836965904387828e-02 7.057639926198998603e-01
5.225876267627087568e-01 1.594836302027651809e-01 1.912783065205014288e-01 1.266504365140246335e-01
2.500000000000000000e-01 2.500000000000000000e-01 2.500000000000000000e-01 2.500000000000000000e-01
2.500000000000000000e-01 2.500000000000000000e-01 2.500000000000000000e-01 2.500000000000000000e-01
2.500000000000000000e-01 2.500000000000000000e-01 2.500000000000000000e-01 2.500000000000000000e-01
2.500000000000000000e-01 2.500000000000000000e-01 2.500000000000000000e-01 2.500000000000000000e-01
2.500000000000000000e-01 2.500000000000000000e-01 2.500000000000000000e-01 2.500000000000000000e-01
2.500000000000000000e-01 2.500000000000000000e-01 2.500000000000000000e-01 2.500000000000000000e-01
2.500000000000000000e-01 2.500000000000000000e-01 2.500000000000000000e-01 2.500000000000000000e-01
2.827667393102308857e-01 3.649386861333310805e-01 1.166018162820791626e-01 2.356927582743588712e-01
2.354584488109015827e-01 1.853959190711086669e-01 4.721812088268212415e-01 1.069644232911684811e-01
2.500000000000000000e-01 2.500000000000000000e-01 2.500000000000000000e-01 2.500000000000000000e-01
9.368798866547940751e-02 3.851805454426156239e-02 3.742861001102917862e-01 4.935078566799672717e-01
2.500000000000000000e-01 2.500000000000000000e-01 2.500000000000000000e-01 2.500000000000000000e-01
4.260679401849503667e-01 9.431779026668882238e-02 9.887240319295168001e-02 3.807418663554091309e-01
2.500000000000000000e-01 2.500000000000000000e-01 2.500000000000000000e-01 2.500000000000000000e-01
2.500000000000000000e-01 2.500000000000000000e-01 2.500000000000000000e-01 2.500000000000000000e-01
2.500000000000000000e-01 2.500000000000000000e-01 2.500000000000000000e-01 2.500000000000000000e-01
2.500000000000000000e-01 2.500000000000000000e-01 2.500000000000000000e-01 2.500000000000000000e-01
2.500000000000000000e-01 2.500000000000000000e-01 2.500000000000000000e-01 2.500000000000000000e-01
4.713115811517946674e-01 1.223695027556854498e-01 1.331635140534928596e-02 3.930025646871705969e-01
2.500000000000000000e-01 2.500000000000000000e-01 2.500000000000000000e-01 2.500000000000000000e-01
3.514385710159578097e-02 6.797963921172521518e-02 8.229862641708408921e-02 8.145778772695949632e-01
7.156823508228239428e-01 1.348179900378829177e-01 8.805016369504387042e-02 6.144949544424926913e-02
3.276166340589417025e-01 1.840666669331603167e-01 4.877140760992871860e-01 6.026229086107948163e-04
2.500000000000000000e-01 2.500000000000000000e-01 2.500000000000000000e-01 2.500000000000000000e-01
2.500000000000000000e-01 2.500000000000000000e-01 2.500000000000000000e-01 2.500000000000000000e-01
2.500000000000000000e-01 2.500000000000000000e-01 2.500000000000000000e-01 2.500000000000000000e-01
2.500000000000000000e-01 2.500000000000000000e-01 2.500000000000000000e-01 2.500000000000000000e-01
4.656085091578979762e-01 1.940716810328292075e-01 7.768693759981762370e-02 2.626328722094551926e-01
2.500000000000000000e-01 2.500000000000000000e-01 2.500000000000000000e-01 2.500000000000000000e-01
2.500000000000000000e-01 2.500000000000000000e-01 2.500000000000000000e-01 2.500000000000000000e-01
2.500000000000000000e-01 2.500000000000000000e-01 2.500000000000000000e-01 2.500000000000000000e-01
3.551712254903693911e-01 2.240612764562665282e-01 3.065422450983820157e-01 1.142252529549821483e-01
2.500000000000000000e-01 2.500000000000000000e-01 2.500000000000000000e-01 2.500000000000000000e-01
3.420943284302301879e-01 2.837140578373329447e-01 3.040933494108450930e-01 7.009826432159177445e-02
2.500000000000000000e-01 2.500000000000000000e-01 2.500000000000000000e-01 2.500000000000000000e-01
2.500000000000000000e-01 2.500000000000000000e-01 2.500000000000000000e-01 2.500000000000000000e-01
2.500000000000000000e-01 2.500000000000000000e-01 2.500000000000000000e-01 2.500000000000000000e-01
2.500000000000000000e-01 2.500000000000000000e-01 2.500000000000000000e-01 2.500000000000000000e-01
2.500000000000000000e-01 2.500000000000000000e-01 2.500000000000000000e-01 2.500000000000000000e-01
2.500000000000000000e-01 2.500000000000000000e-01 2.500000000000000000e-01 2.500000000000000000e-01
2.500000000000000000e-01 2.500000000000000000e-01 2.500000000000000000e-01 2.500000000000000000e-01
2.500000000000000000e-01 2.500000000000000000e-01 2.500000000000000000e-01 2.500000000000000000e-01
1.707081225296085691e-01 6.832038237728457752e-02 6.349182457409764391e-01 1.260532493521304420e-01
2.500000000000000000e-01 2.500000000000000000e-01 2.500000000000000000e-01 2.500000000000000000e-01
1.982673793946558849e-01 2.940897866351953049e-01 2.136449130358158421e-01 2.939979209343329680e-01
2.500000000000000000e-01 2.500000000000000000e-01 2.500000000000000000e-01 2.500000000000000000e-01
5.191535898698375062e-01 8.197157367885850310e-02 8.697489335127621402e-02 3.118999431000277767e-01
4.236003520371267594e-01 4.321935523152088954e-01 1.421346588012370460e-01 2.071436846427299194e-03
2.500000000000000000e-01 2.500000000000000000e-01 2.500000000000000000e-01 2.500000000000000000e-01
5.337816313802035140e-01 4.800348195202902568e-02 3.187244333226820214e-01 9.949045334508543892e-02
2.500000000000000000e-01 2.500000000000000000e-01 2.500000000000000000e-01 2.500000000000000000e-01
5.558549591562120251e-02 5.110182647644539999e-01 5.347200915034744373e-02 3.799242301695774371e-01
8.096858620936056572e-02 1.179985199730201328e-01 2.221528437558986102e-01 5.788800500617207190e-01
4.651115213190976649e-01 9.816487951616542640e-02 7.844239549163140035e-02 3.582812036731055083e-01
2.500000000000000000e-01 2.500000000000000000e-01 2.500000000000000000e-01 2.500000000000000000e-01
