2.500000000000000000e-01 2.500000000000000000e-01 2.500000000000000000e-01 2.500000000000000000e-01
3.804227439030131164e-01 2.038952922409016932e-01 4.615781811336649998e-03 4.110661820447485404e-01
4.104447849223774591e-01 4.820170012986602082e-01 1.067689997770260302e-01 7.692140019363580272e-04
2.500000000000000000e-01 2.500000000000000000e-01 2.500000000000000000e-01 2.500000000000000000e-01
2.500000000000000000e-01 2.500000000000000000e-01 2.500000000000000000e-01 2.500000000000000000e-01
2.500000000000000000e-01 2.500000000000000000e-01 2.500000000000000000e-01 2.500000000000000000e-01
4.140308907842644159e-01 7.381591044405201585e-02 6.775989497613708890e-02 4.443933037955464793e-01
1.480776837344774666e-01 7.039791176199018674e-02 4.273100922959900405e-01 3.542143122075422923e-01
2.500000000000000000e-01 2.500000000000000000e-01 2.500000000000000000e-01 2.500000000000000000e-01
2.500000000000000000e-01 2.500000000000000000e-01 2.500000000000000000e-01 2.500000000000000000e-01
2.500000000000000000e-01 2.500000000000000000e-01 2.500000000000000000e-01 2.500000000000000000e-01
2.500000000000000000e-01 2.500000000000000000e-01 2.500000000000000000e-01 2.500000000000000000e-01
2.500000000000000000e-01 2.500000000000000000e-01 2.500000000000000000e-01 2.500000000000000000e-01
2.500000000000000000e-01 2.500000000000000000e-01 2.500000000000000000e-01 2.500000000000000000e-01
2.500000000000000000e-01 2.500000000000000000e-01 2.500000000000000000e-01 2.500000000000000000e-01
4.418410773333341091e-01 2.621595891364234335e-02 4.640631954535140435e-01 6.787976829950947977e-02
3.176781071589566685e-01 2.671742664561456704e-01 1.264000412143505003e-01 2.887475851705471608e-01
2.500000000000000000e-01 2.500000000000000000e-01 2.500000000000000000e-01 2.500000000000000000e-01
2.500000000000000000e-01 2.500000000000000000e-01 2.500000000000000000e-01 2.500000000000000000e-01
5.058443113316239970e-01 2.454708352234714064e-01 3.126151198033183531e-02 2.174233414645727613e-01
3.450646159030154592e-02 1.359134948987663072e-01 3.983941933009292335e-01 4.311858502100029966e-01
2.500000000000000000e-01 2.500000000000000000e-01 2.500000000000000000e-01 2.500000000000000000e-01
2.500000000000000000e-01 2.500000000000000000e-01 2.500000000000000000e-01 2.500000000000000000e-01
2.500000000000000000e-01 2.500000000000000000e-01 2.500000000000000000e-01 2.500000000000000000e-01
2.500000000000000000e-01 2.500000000000000000e-01 2.500000000000000000e-01 2.500000000000000000e-01
2.500000000000000000e-01 2.500000000000000000e-01 2.500000000000000000e-01 2.500000000000000000e-01
2.009555966651161707e-01 2.775504838949969799e-01 4.308429208091967832e-01 9.065099863069001063e-02
2.500000000000000000e-01 2.500000000000000000e-01 2.500000000000000000e-01 2.500000000000000000e-01
2.500000000000000000e-01 2.500000000000000000e-01 2.500000000000000000e-01 2.500000000000000000e-01
7.201315998721035117e-01 1.779908936053814783e-01 4.661269946499344008e-02 5.526480705752156997e-02
6.219574881192965199e-01 7.144079691234848928e-02 1.565025289771145856e-01 1.500991859912403914e-01
2.500000000000000000e-01 2.500000000000000000e-01 2.500000000000000000e-01 2.500000000000000000e-01
1.799223770697209457e-01 2.537676195176259350e-02 1.517520743471514888e-01 6.429487866313650102e-01
2.367188382944722391e-01 7.602931416774420803e-02 8.401588699606839239e-02 6.032359605417151327e-01
2.500000000000000000e-01 2.500000000000000000e-01 2.500000000000000000e-01 2.500000000000000000e-01
2.500000000000000000e-01 2.500000000000000000e-01 2.500000000000000000e-01 2.500000000000000000e-01
2.500000000000000000e-01 2.500000000000000000e-01 2.500000000000000000e-01 2.500000000000000000e-01
2.500000000000000000e-01 2.500000000000000000e-01 2.500000000000000000e-01 2.500000000000000000e-01
1.647070920350199585e-01 3.543332844294391770e-01 2.103481005109984481e-01 2.706115230245423886e-01
6.105488694155471879e-02 1.442902643534645923e-01 2.539431963208654830e-01 5.407116523841152267e-01
2.500000000000000000e-01 2.500000000000000000e-01 2.500000000000000000e-01 2.500000000000000000e-01
2.500000000000000000e-01 2.500000000000000000e-01 2.500000000000000000e-01 2.500000000000000000e-01
2.500000000000000000e-01 2.500000000000000000e-01 2.500000000000000000e-01 2.500000000000000000e-01
2.541077585273377459e-01 3.774651374188152109e-01 2.135326787654462377e-02 3.470738361773024194e-01
2.500000000000000000e-01 2.500000000000000000e-01 2.500000000000000000e-01 2.500000000000000000e-01
2.500000000000000000e-01 2.500000000000000000e-01 2.500000000000000000e-01 2.500000000000000000e-01
7.037841946780655222e-01 9.906141476109874000e-02 5.614115878223004119e-02 1.410132317786056966e-01
3.235192149396435290e-01 3.252846316077921962e-01 3.282709630600398887e-01 2.292519039252438606e-02
2.500000000000000000e-01 2.500000000000000000e-01 2.500000000000000000e-01 2.500000000000000000e-01
2.500000000000000000e-01 2.500000000000000000e-01 2.500000000000000000e-01 2.500000000000000000e-01
2.500000000000000000e-01 2.500000000000000000e-01 2.500000000000000000e-01 2.500000000000000000e-01
5.102649894304291944e-01 1.261501001342965056e-01 3.384100236107356885e-03 3.602008101991669431e-01
2.500000000000000000e-01 2.500000000000000000e-01 2.500000000000000000e-01 2.500000000000000000e-01
2.500000000000000000e-01 2.500000000000000000e-01 2.500000000000000000e-01 2.500000000000000000e-01
1.142233364309401707e-02 5.418650675944586270e-01 1.025854820079415974e-01 3.441271167545057463e-01
2.500000000000000000e-01 2.500000000000000000e-01 2.500000000000000000e-01 2.500000000000000000e-01
2.500000000000000000e-01 2.500000000000000000e-01 2.500000000000000000e-01 2.500000000000000000e-01
2.500000000000000000e-01 2.500000000000000000e-01 2.500000000000000000e-01 2.500000000000000000e-01
2.500000000000000000e-01 2.500000000000000000e-01 2.500000000000000000e-01 2.500000000000000000e-01
2.500000000000000000e-01 2.500000000000000000e-01 2.500000000000000000e-01 2.500000000000000000e-01
1.681699455759810558e-01 4.750131716851372365e-01 1.806960062908369302e-03 3.550099226759733106e-01
2.500000000000000000e-01 2.500000000000000000e-01 2.500000000000000000e-01 2.500000000000000000e-01
2.500000000000000000e-01 2.500000000000000000e-01 2.500000000000000000e-01 2.500000000000000000e-01
2.500000000000000000e-01 2.500000000000000000e-01 2.500000000000000000e-01 2.500000000000000000e-01
2.784769402400075894e-02 7.929375836606995798e-02 4.287350182384262465e-01 4.641235293715030297e-01
1.258335040201402077e-01 4.986249121931916883e-02 1.183262251372867585e-01 7.059777796232538094e-01
3.743950886362790720e-01 4.711521880162053422e-01 7.219933602713723975e-03 1.472327897448018619e-01
2.500000000000000000e-01 2.500000000000000000e-01 2.500000000000000000e-01 2.500000000000000000e-01
2.500000000000000000e-01 2.500000000000000000e-01 2.500000000000000000e-01 2.500000000000000000e-01
2.500000000000000000e-01 2.500000000000000000e-01 2.500000000000000000e-01 2.500000000000000000e-01
2.500000000000000000e-01 2.500000000000000000e-01 2.500000000000000000e-01 2.500000000000000000e-01
2.500000000000000000e-01 2.500000000000000000e-01 2.500000000000000000e-01 2.500000000000000000e-01
2.500000000000000000e-01 2.500000000000000000e-01 2.500000000000000000e-01 2.500000000000000000e-01
2.500000000000000000e-01 2.500000000000000000e-01 2.500000000000000000e-01 2.500000000000000000e-01
4.286286120389927179e-01 1.419295231922071132e-01 3.419354573098898342e-01 8.750640745891036243e-02
2.543926350437680090e-02 6.938870295111868591e-01 5.223842793667421436e-02 2.284352790477621187e-01
2.055378411488445189e-01 2.945510192917731307e-01 3.213535072221619937e-01 1.785576323372203567e-01
2.500000000000000000e-01 2.500000000000000000e-01 2.500000000000000000e-01 2.500000000000000000e-01
2.500000000000000000e-01 2.500000000000000000e-01 2.500000000000000000e-01 2.500000000000000000e-01
2.304163654089860236e-01 1.647568673067077716e-01 3.348615391611425851e-01 2.699652281231635920e-01
2.500000000000000000e-01 2.500000000000000000e-01 2.500000000000000000e-01 2.500000000000000000e-01
8.497811034360945592e-02 2.597750591384955995e-03 4.780753571238692268e-01 4.343487819411363526e-01
2.500000000000000000e-01 2.500000000000000000e-01 2.500000000000000000e-01 2.500000000000000000e-01
2.500000000000000000e-01 2.500000000000000000e-01 2.500000000000000000e-01 2.500000000000000000e-01
2.500000000000000000e-01 2.500000000000000000e-01 2.500000000000000000e-01 2.500000000000000000e-01
3.620846233266422631e-01 2.495810306963413272e-01 1.550675529021736387e-01 2.332667930748427709e-01
2.500000000000000000e-01 2.500000000000000000e-01 2.500000000000000000e-01 2.500000000000000000e-01
2.500000000000000000e-01 2.500000000000000000e-01 2.500000000000000000e-01 2.500000000000000000e-01
5.784565041380009820e-01 2.696327946500597927e-01 1.213604153028993715e-01 3.055028590903985375e-02
2.500000000000000000e-01 2.500000000000000000e-01 2.500000000000000000e-01 2.500000000000000000e-01
2.500000000000000000e-01 2.500000000000000000e-01 2.500000000000000000e-01 2.500000000000000000e-01
2.500000000000000000e-01 2.500000000000000000e-01 2.500000000000000000e-01 2.500000000000000000e-01
2.500000000000000000e-01 2.500000000000000000e-01 2.500000000000000000e-01 2.500000000000000000e-01
2.500000000000000000e-01 2.500000000000000000e-01 2.500000000000000000e-01 2.500000000000000000e-01
2.500000000000000000e-01 2.500000000000000000e-01 2.500000000000000000e-01 2.500000000000000000e-01
4.160805685581640129e-03 9.086467150179270910e-03 2.004884916445629217e-01 7.862642355196761690e-01
2.500000000000000000e-01 2.500000000000000000e-01 2.500000000000000000e-01 2.500000000000000000e-01
4.403901563124918428e-01 1.801476508257192077e-01 1.611992122523372983e-01 2.182629806094516511e-01
2.500000000000000000e-01 2.500000000000000000e-01 2.500000000000000000e-01 2.500000000000000000e-01
2.500000000000000000e-01 2.500000000000000000e-01 2.500000000000000000e-01 2.500000000000000000e-01
7.648459017150784911e-01 1.986247520344792128e-01 2.523150657959710719e-02 1.129783967084518892e-02
2.500000000000000000e-01 2.500000000000000000e-01 2.500000000000000000e-01 2.500000000000000000e-01
2.500000000000000000e-01 2.500000000000000000e-01 2.500000000000000000e-01 2.500000000000000000e-01
2.500000000000000000e-01 2.500000000000000000e-01 2.500000000000000000e-01 2.500000000000000000e-01
2.500000000000000000e-01 2.500000000000000000e-01 2.500000000000000000e-01 2.500000000000000000e-01
2.500000000000000000e-01 2.500000000000000000e-01 2.500000000000000000e-01 2.500000000000000000e-01
2.500000000000000000e-01 2.500000000000000000e-01 2.500000000000000000e-01 2.500000000000000000e-01
2.500000000000000000e-01 2.500000000000000000e-01 2.500000000000000000e-01 2.500000000000000000e-01
2.500000000000000000e-01 2.500000000000000000e-01 2.500000000000000000e-01 2.500000000000000000e-01
1.652319538107896724e-01 4.659322194985008464e-02 6.442377634439392375e-01 1.439370607954209846e-01
2.500000000000000000e-01 2.500000000000000000e-01 2.500000000000000000e-01 2.500000000000000000e-01
2.500000000000000000e-01 2.500000000000000000e-01 2.500000000000000000e-01 2.500000000000000000e-01
2.500000000000000000e-01 2.500000000000000000e-01 2.500000000000000000e-01 2.500000000000000000e-01
2.500000000000000000e-01 2.500000000000000000e-01 2.500000000000000000e-01 2.500000000000000000e-01
2.500000000000000000e-01 2.500000000000000000e-01 2.500000000000000000e-01 2.500000000000000000e-01
7.332370002130412789e-01 2.271951185722417554e-01 1.083738357565164345e-02 2.873049763906532217e-02
2.500000000000000000e-01 2.500000000000000000e-01 2.500000000000000000e-01 2.500000000000000000e-01
3.775492892214803442e-01 8.234245083649663344e-02 2.575548904750493140e-01 2.825533694669737361e-01
3.578178456553236519e-01 7.707309381109649082e-02 4.164583651202319325e-01 1.486506954133479108e-01
2.767885463626110765e-01 2.936341409452861151e-01 3.998468914548575226e-02 3.895926235466170562e-01
2.500000000000000000e-01 2.500000000000000000e-01 2.500000000000000000e-01 2.500000000000000000e-01
2.500000000000000000e-01 2.500000000000000000e-01 2.500000000000000000e-01 2.500000000000000000e-01
2.500000000000000000e-01 2.500000000000000000e-01 2.500000000000000000e-01 2.500000000000000000e-01
2.500000000000000000e-01 2.500000000000000000e-01 2.500000000000000000e-01 2.500000000000000000e-01
2.500000000000000000e-01 2.500000000000000000e-01 2.500000000000000000e-01 2.500000000000000000e-01
2.500000000000000000e-01 2.500000000000000000e-01 2.500000000000000000e-01 2.500000000000000000e-01
3.375005188178159532e-01 4.521572080450064063e-02 1.359462099607480212e-01 4.813375504169353780e-01
2.500000000000000000e-01 2.500000000000000000e-01 2.500000000000000000e-01 2.500000000000000000e-01
6.180092611835881489e-02 1.444366853251253247e-01 3.573283855532282116e-01 4.364340030032876627e-01
2.500000000000000000e-01 2.500000000000000000e-01 2.500000000000000000e-01 2.500000000000000000e-01
6.086339268507947597e-01 2.029375304475652120e-01 5.114072513944892262e-02 1.372878175621911057e-01
4.199881001755250698e-01 4.454170565085519007e-01 1.250951991332809321e-01 9.499644182642097423e-03
2.500000000000000000e-01 2.500000000000000000e-01 2.500000000000000000e-01 2.500000000000000000e-01
2.500000000000000000e-01 2.500000000000000000e-01 2.500000000000000000e-01 2.500000000000000000e-01
2.500000000000000000e-01 2.500000000000000000e-01 2.500000000000000000e-01 2.500000000000000000e-01
1.992118622784481152e-01 2.583844391836295773e-02 1.487207690603032095e-01 6.262289247428857175e-01
4.324392950129413715e-01 2.292295184483338910e-01 3.452953889156790135e-02 3.038016476471568361e-01
2.675427203081578442e-01 2.971071656485658186e-01 2.824987014091304149e-01 1.528514126341459223e-01
2.500000000000000000e-01 2.500000000000000000e-01 2.500000000000000000e-01 2.500000000000000000e-01
2.500000000000000000e-01 2.500000000000000000e-01 2.500000000000000000e-01 2.500000000000000000e-01
2.500000000000000000e-01 2.500000000000000000e-01 2.500000000000000000e-01 2.500000000000000000e-01
2.500000000000000000e-01 2.500000000000000000e-01 2.500000000000000000e-01 2.500000000000000000e-01
2.500000000000000000e-01 2.500000000000000000e-01 2.500000000000000000e-01 2.500000000000000000e-01
2.500000000000000000e-01 2.500000000000000000e-01 2.500000000000000000e-01 2.500000000000000000e-01
2.500000000000000000e-01 2.500000000000000000e-01 2.500000000000000000e-01 2.500000000000000000e-01
2.500000000000000000e-01 2.500000000000000000e-01 2.500000000000000000e-01 2.500000000000000000e-01
2.953151236916312095e-01 4.907792048881871871e-02 5.706859644399125964e-01 8.492099137963743383e-02
1.232308050358917051e-01 2.346862843215162253e-01 7.141489115047622294e-02 5.706680194921158744e-01
2.500000000000000000e-01 2.500000000000000000e-01 2.500000000000000000e-01 2.500000000000000000e-01
2.500000000000000000e-01 2.500000000000000000e-01 2.500000000000000000e-01 2.500000000000000000e-01
2.500000000000000000e-01 2.500000000000000000e-01 2.500000000000000000e-01 2.500000000000000000e-01
2.500000000000000000e-01 2.500000000000000000e-01 2.500000000000000000e-01 2.500000000000000000e-01
2.500000000000000000e-01 2.500000000000000000e-01 2.500000000000000000e-01 2.500000000000000000e-01
2.500000000000000000e-01 2.500000000000000000e-01 2.500000000000000000e-01 2.500000000000000000e-01
3.620743036827571704e-01 1.259777788599530414e-02 4.354520285864472151e-01 1.898758898448003052e-01
2.500000000000000000e-01 2.500000000000000000e-01 2.500000000000000000e-01 2.500000000000000000e-01
2.500000000000000000e-01 2.500000000000000000e-01 2.500000000000000000e-01 2.500000000000000000e-01
2.500000000000000000e-01 2.500000000000000000e-01 2.500000000000000000e-01 2.500000000000000000e-01
2.500000000000000000e-01 2.500000000000000000e-01 2.500000000000000000e-01 2.500000000000000000e-01
2.500000000000000000e-01 2.500000000000000000e-01 2.500000000000000000e-01 2.500000000000000000e-01
2.500000000000000000e-01 2.500000000000000000e-01 2.500000000000000000e-01 2.500000000000000000e-01
2.500000000000000000e-01 2.500000000000000000e-01 2.500000000000000000e-01 2.500000000000000000e-01
2.500000000000000000e-01 2.500000000000000000e-01 2.500000000000000000e-01 2.500000000000000000e-01
2.500000000000000000e-01 2.500000000000000000e-01 2.500000000000000000e-01 2.500000000000000000e-01
2.500000000000000000e-01 2.500000000000000000e-01 2.500000000000000000e-01 2.500000000000000000e-01
2.500000000000000000e-01 2.500000000000000000e-01 2.500000000000000000e-01 2.500000000000000000e-01
2.500000000000000000e-01 2.500000000000000000e-01 2.500000000000000000e-01 2.500000000000000000e-01
2.500000000000000000e-01 2.500000000000000000e-01 2.500000000000000000e-01 2.500000000000000000e-01
2.500000000000000000e-01 2.500000000000000000e-01 2.500000000000000000e-01 2.500000000000000000e-01
2.500000000000000000e-01 2.500000000000000000e-01 2.500000000000000000e-01 2.500000000000000000e-01
2.500000000000000000e-01 2.500000000000000000e-01 2.500000000000000000e-01 2.500000000000000000e-01
2.500000000000000000e-01 2.500000000000000000e-01 2.500000000000000000e-01 2.500000000000000000e-01
2.500000000000000000e-01 2.500000000000000000e-01 2.500000000000000000e-01 2.500000000000000000e-01
2.500000000000000000e-01 2.500000000000000000e-01 2.500000000000000000e-01 2.500000000000000000e-01
1.316535852086095637e-01 4.968017087349350658e-01 8.794723978814461551e-02 2.835974662683107272e-01
2.500000000000000000e-01 2.500000000000000000e-01 2.500000000000000000e-01 2.500000000000000000e-01
2.718664527385595761e-02 1.300560261124624195e-01 5.014620392223456680e-01 3.412952893913359098e-01
2.500000000000000000e-01 2.500000000000000000e-01 2.500000000000000000e-01 2.500000000000000000e-01
2.500000000000000000e-01 2.500000000000000000e-01 2.500000000000000000e-01 2.500000000000000000e-01
2.500000000000000000e-01 2.500000000000000000e-01 2.500000000000000000e-01 2.500000000000000000e-01
2.500000000000000000e-01 2.500000000000000000e-01 2.500000000000000000e-01 2.500000000000000000e-01
5.852421368675379820e-02 7.011324140678260042e-02 5.000994500576233515e-02 8.213525999007013079e-01
2.500000000000000000e-01 2.500000000000000000e-01 2.500000000000000000e-01 2.500000000000000000e-01
2.500000000000000000e-01 2.500000000000000000e-01 2.500000000000000000e-01 2.500000000000000000e-01
1.419948823170224528e-01 1.299116184293916121e-01 1.459292899374406427e-02 7.135005702598418154e-01
2.500000000000000000e-01 2.500000000000000000e-01 2.500000000000000000e-01 2.500000000000000000e-01
3.018740661226837485e-01 4.254121937532546749e-01 1.185405696019882216e-01 1.541731705220733550e-01
2.997741345806634872e-01 7.987839982351420745e-03 2.096227629697738903e-01 4.826152624672112035e-01
2.500000000000000000e-01 2.500000000000000000e-01 2.500000000000000000e-01 2.500000000000000000e-01
1.460609290113961956e-01 1.038555351457026155e-01 1.215967686160651651e-02 7.379238589812946447e-01
1.941627266977796751e-02 4.129835884206357888e-02 7.920698257250245733e-02 8.600783859156559963e-01
2.500000000000000000e-01 2.500000000000000000e-01 2.500000000000000000e-01 2.500000000000000000e-01
5.685940467417659461e-01 8.340270401322597005e-02 5.971088825023823654e-02 2.882923609947698473e-01
2.080032753022900138e-01 3.110808640022653115e-01 3.101336919871033881e-01 1.707821687083412310e-01
1.481401234179994253e-01 1.596210864516219574e-01 9.613029918208476632e-03 6.826257602121701407e-01
1.672188414540566603e-01 2.018435331213003225e-01 2.909020301199630731e-01 3.400355953046799717e-01
8.056599404901607087e-02 1.349723617076856452e-01 2.250607380384322953e-03 7.822110368629139332e-01
2.500000000000000000e-01 2.500000000000000000e-01 2.500000000000000000e-01 2.500000000000000000e-01
1.457533909226015056e-01 3.263750933009704203e-01 1.797138340041247173e-01 3.481576817723033290e-01
2.500000000000000000e-01 2.500000000000000000e-01 2.500000000000000000e-01 2.500000000000000000e-01
2.500000000000000000e-01 2.500000000000000000e-01 2.500000000000000000e-01 2.500000000000000000e-01
2.500000000000000000e-01 2.500000000000000000e-01 2.500000000000000000e-01 2.500000000000000000e-01
2.500000000000000000e-01 2.500000000000000000e-01 2.500000000000000000e-01 2.500000000000000000e-01
2.500000000000000000e-01 2.500000000000000000e-01 2.500000000000000000e-01 2.500000000000000000e-01
2.044353739274642756e-01 3.680076514853933833e-01 2.226006432881659780e-01 2.049563312989763630e-01
1.025672716647428040e-01 6.467214437624305146e-02 6.657113112682153111e-02 7.661894528321926412e-01
2.500000000000000000e-01 2.500000000000000000e-01 2.500000000000000000e-01 2.500000000000000000e-01
2.500000000000000000e-01 2.500000000000000000e-01 2.500000000000000000e-01 2.500000000000000000e-01
2.500000000000000000e-01 2.500000000000000000e-01 2.500000000000000000e-01 2.500000000000000000e-01
2.500000000000000000e-01 2.500000000000000000e-01 2.500000000000000000e-01 2.500000000000000000e-01
6.474245927388261324e-01 9.165245497330433422e-02 2.372628720190348428e-01 2.366008026883470450e-02
2.500000000000000000e-01 2.500000000000000000e-01 2.500000000000000000e-01 2.500000000000000000e-01
5.274276694848397673e-01 2.119625441756235740e-01 2.451365286395225940e-01 1.547325770001406475e-02
2.657249914312827532e-01 3.358193935094264115e-01 3.807487404413665844e-01 1.770687461792425088e-02
2.500000000000000000e-01 2.500000000000000000e-01 2.500000000000000000e-01 2.500000000000000000e-01
2.500000000000000000e-01 2.500000000000000000e-01 2.500000000000000000e-01 2.500000000000000000e-01
2.500000000000000000e-01 2.500000000000000000e-01 2.500000000000000000e-01 2.500000000000000000e-01
2.500000000000000000e-01 2.500000000000000000e-01 2.500000000000000000e-01 2.500000000000000000e-01
4.317515368537277326e-02 5.718253363206299636e-03 3.560450790596908499e-01 5.950615138917301206e-01
2.290313129314675844e-01 1.935475810400454078e-01 3.931874916208935589e-02 5.381023568663976242e-01
3.006281526166688645e-01 5.785121853468187109e-02 1.841579079701934074e-01 4.573627208784558640e-01
4.206255380130845545e-01 5.126157482496157547e-01 1.583378224589515604e-02 5.092493149140453479e-02
2.500000000000000000e-01 2.500000000000000000e-01 2.500000000000000000e-01 2.500000000000000000e-01
2.500000000000000000e-01 2.500000000000000000e-01 2.500000000000000000e-01 2.500000000000000000e-01
2.500000000000000000e-01 2.500000000000000000e-01 2.500000000000000000e-01 2.500000000000000000e-01
2.500000000000000000e-01 2.500000000000000000e-01 2.500000000000000000e-01 2.500000000000000000e-01
2.710879673929922906e-01 2.142825566880088572e-01 2.479935471190611307e-02 4.898301212070927391e-01
6.483287301578919415e-01 1.413492724028927172e-01 1.646716565090093065e-01 4.565034093020603478e-02
3.784534608689875124e-01 4.903053406978914452e-01 2.967582235513188671e-02 1.015653760779891557e-01
5.107161505152730818e-01 1.511311106165168228e-01 1.736848766321783810e-01 1.644678622360317144e-01
2.500000000000000000e-01 2.500000000000000000e-01 2.500000000000000000e-01 2.500000000000000000e-01
2.500000000000000000e-01 2.500000000000000000e-01 2.500000000000000000e-01 2.500000000000000000e-01
2.500000000000000000e-01 2.500000000000000000e-01 2.500000000000000000e-01 2.500000000000000000e-01
4.908791635389252450e-01 4.848411201571053292e-02 6.390436298119964165e-02 3.967323614641645735e-01
9.210247436501517448e-02 1.821736842873338535e-01 2.594524065756276254e-04 7.254643889410753443e-01
2.500000000000000000e-01 2.500000000000000000e-01 2.500000000000000000e-01 2.500000000000000000e-01
2.500000000000000000e-01 2.500000000000000000e-01 2.500000000000000000e-01 2.500000000000000000e-01
2.500000000000000000e-01 2.500000000000000000e-01 2.500000000000000000e-01 2.500000000000000000e-01
1.283335254868170350e-01 1.819081801648210484e-01 4.818630249877742244e-01 2.078952693605877755e-01
2.500000000000000000e-01 2.500000000000000000e-01 2.500000000000000000e-01 2.500000000000000000e-01
2.500000000000000000e-01 2.500000000000000000e-01 2.500000000000000000e-01 2.500000000000000000e-01
7.611583464263529386e-01 6.858604819646536843e-02 3.997111735453799664e-02 1.302844880226436963e-01
7.017168492829419790e-01 1.071135218874892936e-01 1.445940407506901559e-02 1.767102247544997118e-01
7.546677466584861271e-02 1.077303165995445317e-01 2.489184620864743347e-01 5.678844466481325348e-01
2.500000000000000000e-01 2.500000000000000000e-01 2.500000000000000000e-01 2.500000000000000000e-01
2.500000000000000000e-01 2.500000000000000000e-01 2.500000000000000000e-01 2.500000000000000000e-01
2.319592495998044623e-01 1.038778147240172062e-01 7.090630071121521716e-02 5.932566349649630588e-01
1.595715931837974610e-01 6.602949166575793061e-02 4.751540047745357598e-02 7.268835146729910601e-01
2.500000000000000000e-01 2.500000000000000000e-01 2.500000000000000000e-01 2.500000000000000000e-01
2.500000000000000000e-01 2.500000000000000000e-01 2.500000000000000000e-01 2.500000000000000000e-01
1.472239729740875205e-02 1.900184662728295615e-01 3.665685948029376862e-01 4.286905416268239621e-01
2.500000000000000000e-01 2.500000000000000000e-01 2.500000000000000000e-01 2.500000000000000000e-01
2.579060033649909767e-01 2.865675933471802939e-01 3.806351334780435636e-01 7.489126980978511039e-02
1.354909775543093609e-01 2.294599346128453274e-02 1.315481009866422968e-01 7.100149279977637784e-01
2.500000000000000000e-01 2.500000000000000000e-01 2.500000000000000000e-01 2.500000000000000000e-01
2.500000000000000000e-01 2.500000000000000000e-01 2.500000000000000000e-01 2.500000000000000000e-01
2.500000000000000000e-01 2.500000000000000000e-01 2.500000000000000000e-01 2.500000000000000000e-01
3.574884594354800771e-01 4.531479581715975313e-01 8.716801540576185614e-02 1.021955669871605354e-01
2.500000000000000000e-01 2.500000000000000000e-01 2.500000000000000000e-01 2.500000000000000000e-01
1.114545341124622418e-01 4.090442749561869484e-01 1.222220346306295835e-01 3.572791563007212123e-01
2.500000000000000000e-01 2.500000000000000000e-01 2.500000000000000000e-01 2.500000000000000000e-01
3.220412368997513930e-01 2.798816064511221446e-01 1.386211312373308857e-02 3.842150435253933738e-01
2.500000000000000000e-01 2.500000000000000000e-01 2.500000000000000000e-01 2.500000000000000000e-01
1.264146095238745660e-01 2.325533545673148239e-01 1.087516402678928851e-01 5.322803956409176696e-01
2.500000000000000000e-01 2.500000000000000000e-01 2.500000000000000000e-01 2.500000000000000000e-01
2.500000000000000000e-01 2.500000000000000000e-01 2.500000000000000000e-01 2.500000000000000000e-01
2.500000000000000000e-01 2.500000000000000000e-01 2.500000000000000000e-01 2.500000000000000000e-01
6.723529129185319697e-02 5.436666635854715546e-01 4.812947464622618909e-02 3.409685704764490732e-01
2.500000000000000000e-01 2.500000000000000000e-01 2.500000000000000000e-01 2.500000000000000000e-01
2.500000000000000000e-01 2.500000000000000000e-01 2.500000000000000000e-01 2.500000000000000000e-01
2.500000000000000000e-01 2.500000000000000000e-01 2.500000000000000000e-01 2.500000000000000000e-01
2.500000000000000000e-01 2.500000000000000000e-01 2.500000000000000000e-01 2.500000000000000000e-01
2.500000000000000000e-01 2.500000000000000000e-01 2.500000000000000000e-01 2.500000000000000000e-01
2.500000000000000000e-01 2.500000000000000000e-01 2.500000000000000000e-01 2.500000000000000000e-01
2.500000000000000000e-01 2.500000000000000000e-01 2.500000000000000000e-01 2.500000000000000000e-01
2.500000000000000000e-01 2.500000000000000000e-01 2.500000000000000000e-01 2.500000000000000000e-01
2.500000000000000000e-01 2.500000000000000000e-01 2.500000000000000000e-01 2.500000000000000000e-01
2.500000000000000000e-01 2.500000000000000000e-01 2.500000000000000000e-01 2.500000000000000000e-01
2.500000000000000000e-01 2.500000000000000000e-01 2.500000000000000000e-01 2.500000000000000000e-01
2.500000000000000000e-01 2.500000000000000000e-01 2.500000000000000000e-01 2.500000000000000000e-01
2.686601296945740347e-01 7.978370721830760348e-03 3.778276531230040924e-01 3.455338464605910986e-01
2.500000000000000000e-01 2.500000000000000000e-01 2.500000000000000000e-01 2.500000000000000000e-01
2.500000000000000000e-01 2.500000000000000000e-01 2.500000000000000000e-01 2.500000000000000000e-01
2.500000000000000000e-01 2.500000000000000000e-01 2.500000000000000000e-01 2.500000000000000000e-01
4.957403563071569041e-01 2.447308638446405449e-01 1.702980228737854262e-01 8.923075697441712473e-02
2.500000000000000000e-01 2.500000000000000000e-01 2.500000000000000000e-01 2.500000000000000000e-01
2.500000000000000000e-01 2.500000000000000000e-01 2.500000000000000000e-01 2.500000000000000000e-01
2.500000000000000000e-01 2.500000000000000000e-01 2.500000000000000000e-01 2.500000000000000000e-01
2.500000000000000000e-01 2.500000000000000000e-01 2.500000000000000000e-01 2.500000000000000000e-01
2.500000000000000000e-01 2.500000000000000000e-01 2.500000000000000000e-01 2.500000000000000000e-01
1.078195001544740989e-01 5.599570979933399251e-02 1.149368459796317188e-01 7.212479440665602315e-01
2.500000000000000000e-01 2.500000000000000000e-01 2.500000000000000000e-01 2.500000000000000000e-01
3.469967644117219474e-01 3.130606185183488210e-01 5.718990813589347466e-02 2.827527089340357569e-01
2.500000000000000000e-01 2.500000000000000000e-01 2.500000000000000000e-01 2.500000000000000000e-01
2.500000000000000000e-01 2.500000000000000000e-01 2.500000000000000000e-01 2.500000000000000000e-01
4.327434250496475787e-01 1.316452149144070605e-01 1.505380109911813591e-02 4.205575589368272249e-01
2.500000000000000000e-01 2.500000000000000000e-01 2.500000000000000000e-01 2.500000000000000000e-01
2.500000000000000000e-01 2.500000000000000000e-01 2.500000000000000000e-01 2.500000000000000000e-01
2.500000000000000000e-01 2.500000000000000000e-01 2.500000000000000000e-01 2.500000000000000000e-01
2.929064123394998220e-01 2.509501852676978562e-01 5.944820489263591412e-02 3.966951975001664077e-01
2.500000000000000000e-01 2.500000000000000000e-01 2.500000000000000000e-01 2.500000000000000000e-01
2.500000000000000000e-01 2.500000000000000000e-01 2.500000000000000000e-01 2.500000000000000000e-01
2.500000000000000000e-01 2.500000000000000000e-01 2.500000000000000000e-01 2.500000000000000000e-01
2.500000000000000000e-01 2.500000000000000000e-01 2.500000000000000000e-01 2.500000000000000000e-01
2.500000000000000000e-01 2.500000000000000000e-01 2.500000000000000000e-01 2.500000000000000000e-01
2.500000000000000000e-01 2.500000000000000000e-01 2.500000000000000000e-01 2.500000000000000000e-01
6.162459367074165639e-01 8.550086533143631817e-02 9.578528738845447366e-02 2.024679105726926442e-01
2.500000000000000000e-01 2.500000000000000000e-01 2.500000000000000000e-01 2.500000000000000000e-01
5.190113115292874779e-01 7.248221730088499903e-02 3.718479200214375169e-02 3.713216791676837714e-01
2.500000000000000000e-01 2.500000000000000000e-01 2.500000000000000000e-01 2.500000000000000000e-01
2.500000000000000000e-01 2.500000000000000000e-01 2.500000000000000000e-01 2.500000000000000000e-01
2.265317306607147474e-01 5.509522095448711188e-01 1.115086638990406831e-01 1.110073958953734508e-01
2.500000000000000000e-01 2.500000000000000000e-01 2.500000000000000000e-01 2.500000000000000000e-01
3.496899597740280030e-01 3.626473106217057429e-01 8.283803742422446437e-02 2.048246921800417897e-01
4.547026146251968437e-01 1.156635904290296279e-01 3.416183642885350924e-01 8.801543065723843595e-02
2.500000000000000000e-01 2.500000000000000000e-01 2.500000000000000000e-01 2.500000000000000000e-01
1.414881356549869129e-01 1.375539772017320139e-01 8.115132271792724339e-03 7.128427548714884043e-01
2.500000000000000000e-01 2.500000000000000000e-01 2.500000000000000000e-01 2.500000000000000000e-01
2.500000000000000000e-01 2.500000000000000000e-01 2.500000000000000000e-01 2.500000000000000000e-01
2.500000000000000000e-01 2.500000000000000000e-01 2.500000000000000000e-01 2.500000000000000000e-01
2.500000000000000000e-01 2.500000000000000000e-01 2.500000000000000000e-01 2.500000000000000000e-01
2.500000000000000000e-01 2.500000000000000000e-01 2.500000000000000000e-01 2.500000000000000000e-01
1.580852387636373091e-01 3.711176478336335460e-01 1.502296078124133460e-01 3.205675055903157711e-01
2.500000000000000000e-01 2.500000000000000000e-01 2.500000000000000000e-01 2.500000000000000000e-01
2.500000000000000000e-01 2.500000000000000000e-01 2.500000000000000000e-01 2.500000000000000000e-01
2.500000000000000000e-01 2.500000000000000000e-01 2.500000000000000000e-01 2.500000000000000000e-01
2.500000000000000000e-01 2.500000000000000000e-01 2.500000000000000000e-01 2.500000000000000000e-01
2.500000000000000000e-01 2.500000000000000000e-01 2.500000000000000000e-01 2.500000000000000000e-01
2.500000000000000000e-01 2.500000000000000000e-01 2.500000000000000000e-01 2.500000000000000000e-01
2.500000000000000000e-01 2.500000000000000000e-01 2.500000000000000000e-01 2.500000000000000000e-01
1.223852134658878488e-01 1.014914077677451232e-01 5.887712312722231944e-01 1.873521474941438336e-01
1.953277842045057777e-01 2.564333066933586758e-01 4.795229200978652906e-01 6.871598900427025591e-02
2.500000000000000000e-01 2.500000000000000000e-01 2.500000000000000000e-01 2.500000000000000000e-01
4.111351958764389303e-01 3.016035017855754896e-01 7.420735588766602664e-02 2.130539464503195535e-01
8.484207651787402105e-01 4.759827668626846753e-02 9.291170252849868805e-02 1.106925560649263396e-02
2.500000000000000000e-01 2.500000000000000000e-01 2.500000000000000000e-01 2.500000000000000000e-01
2.500000000000000000e-01 2.500000000000000000e-01 2.500000000000000000e-01 2.500000000000000000e-01
2.500000000000000000e-01 2.500000000000000000e-01 2.500000000000000000e-01 2.500000000000000000e-01
2.500000000000000000e-01 2.500000000000000000e-01 2.500000000000000000e-01 2.500000000000000000e-01
2.638468521343885764e-01 5.189742494191234429e-02 5.202665697308060944e-01 1.639891531928930890e-01
2.500000000000000000e-01 2.500000000000000000e-01 2.500000000000000000e-01 2.500000000000000000e-01
3.210047954208274934e-01 1.044487151643898604e-01 5.513625788603464528e-01 2.318391055443613791e-02
2.323987342837220693e-01 1.312290628398720127e-01 4.803527916291200350e-01 1.560194112472858829e-01
2.500000000000000000e-01 2.500000000000000000e-01 2.500000000000000000e-01 2.500000000000000000e-01
4.190859418248877866e-01 4.680150919189896702e-02 4.758525759441762926e-01 5.825997303903690527e-02
6.170691951375200102e-01 2.049789494277784174e-01 1.566703874173434874e-01 2.128146801735808502e-02
2.500000000000000000e-01 2.500000000000000000e-01 2.500000000000000000e-01 2.500000000000000000e-01
5.153307678214704701e-01 4.375640612815499125e-02 1.977778976806267297e-01 2.431349283697478159e-01
2.500000000000000000e-01 2.500000000000000000e-01 2.500000000000000000e-01 2.500000000000000000e-01
2.500000000000000000e-01 2.500000000000000000e-01 2.500000000000000000e-01 2.500000000000000000e-01
2.500000000000000000e-01 2.500000000000000000e-01 2.500000000000000000e-01 2.500000000000000000e-01
1.486596032068340234e-01 3.216477744293466667e-02 1.684630062800681616e-01 6.507126130701631483e-01
1.336787826267257229e-01 1.084953197137923436e-03 2.027263672374778891e-01 6.625098969386584713e-01
2.500000000000000000e-01 2.500000000000000000e-01 2.500000000000000000e-01 2.500000000000000000e-01
2.500000000000000000e-01 2.500000000000000000e-01 2.500000000000000000e-01 2.500000000000000000e-01
2.500000000000000000e-01 2.500000000000000000e-01 2.500000000000000000e-01 2.500000000000000000e-01
2.500000000000000000e-01 2.500000000000000000e-01 2.500000000000000000e-01 2.500000000000000000e-01
2.500000000000000000e-01 2.500000000000000000e-01 2.500000000000000000e-01 2.500000000000000000e-01
2.500000000000000000e-01 2.500000000000000000e-01 2.500000000000000000e-01 2.500000000000000000e-01
1.750068920582523169e-01 3.021845736765731427e-01 1.498778453616886885e-01 3.729306889034858519e-01
2.500000000000000000e-01 2.500000000000000000e-01 2.500000000000000000e-01 2.500000000000000000e-01
2.500000000000000000e-01 2.500000000000000000e-01 2.500000000000000000e-01 2.500000000000000000e-01
4.781160255376351587e-03 2.401541836189158008e-01 9.393418231151898223e-02 6.611304738141888793e-01
2.500000000000000000e-01 2.500000000000000000e-01 2.500000000000000000e-01 2.500000000000000000e-01
2.987345110557066974e-01 1.267017350629724148e-01 2.113793142268263758e-02 5.534258224586382502e-01
2.500000000000000000e-01 2.500000000000000000e-01 2.500000000000000000e-01 2.500000000000000000e-01
2.500000000000000000e-01 2.500000000000000000e-01 2.500000000000000000e-01 2.500000000000000000e-01
2.500000000000000000e-01 2.500000000000000000e-01 2.500000000000000000e-01 2.500000000000000000e-01
3.701666102678009551e-01 3.856211925626462644e-01 2.497152733975038785e-02 2.192406698298023926e-01
2.500000000000000000e-01 2.500000000000000000e-01 2.500000000000000000e-01 2.500000000000000000e-01
2.500000000000000000e-01 2.500000000000000000e-01 2.500000000000000000e-01 2.500000000000000000e-01
3.684451972033528366e-01 7.697159570232926795e-02 2.730174843619432856e-01 2.815657227323746237e-01
2.500000000000000000e-01 2.500000000000000000e-01 2.500000000000000000e-01 2.500000000000000000e-01
3.798296151876262017e-01 1.521251703928719334e-01 3.390444430460874403e-01 1.290007713734144246e-01
6.681307024290400465e-02 1.496298221769669021e-02 4.419625025475459323e-01 4.762614449918533555e-01
4.700079676176176502e-01 1.344817657931923933e-02 9.732946087752930575e-02 4.192143949255338065e-01
2.500000000000000000e-01 2.500000000000000000e-01 2.500000000000000000e-01 2.500000000000000000e-01
2.689473887792381834e-01 4.026092699969488486e-02 6.314817425895244418e-02 6.276435099621144875e-01
2.500000000000000000e-01 2.500000000000000000e-01 2.500000000000000000e-01 2.500000000000000000e-01
2.500000000000000000e-01 2.500000000000000000e-01 2.500000000000000000e-01 2.500000000000000000e-01
2.500000000000000000e-01 2.500000000000000000e-01 2.500000000000000000e-01 2.500000000000000000e-01
2.500000000000000000e-01 2.500000000000000000e-01 2.500000000000000000e-01 2.500000000000000000e-01
2.202157727399803588e-01 3.042504878237262123e-01 4.174876033671821585e-01 5.804613606911121493e-02
2.500000000000000000e-01 2.500000000000000000e-01 2.500000000000000000e-01 2.500000000000000000e-01
2.861404316285679483e-01 4.728150804332772461e-01 2.403171042172942418e-01 7.273837208605637983e-04
1.660626340402182877e-01 5.252868194766494581e-01 2.171113161285611604e-01 9.153923035457109392e-02
2.500000000000000000e-01 2.500000000000000000e-01 2.500000000000000000e-01 2.500000000000000000e-01
1.232905322866110626e-01 3.682677428683063803e-01 2.658658061405275164e-01 2.425759187045550269e-01
2.500000000000000000e-01 2.500000000000000000e-01 2.500000000000000000e-01 2.500000000000000000e-01
6.752180345952768503e-02 9.866382369303029753e-02 4.179672505822922268e-01 4.158471222651498045e-01
1.373582602248785423e-01 2.728436744833807048e-01 1.782332718274388106e-01 4.115647934643019701e-01
2.500000000000000000e-01 2.500000000000000000e-01 2.500000000000000000e-01 2.500000000000000000e-01
2.500000000000000000e-01 2.500000000000000000e-01 2.500000000000000000e-01 2.500000000000000000e-01
2.405314928928276030e-01 1.299462823652992316e-01 4.864535177389937015e-01 1.430687070028793806e-01
6.770230858214455472e-01 1.457243796447105777e-01 3.792512623248145420e-03 1.734600219105957297e-01
2.500000000000000000e-01 2.500000000000000000e-01 2.500000000000000000e-01 2.500000000000000000e-01
2.500000000000000000e-01 2.500000000000000000e-01 2.500000000000000000e-01 2.500000000000000000e-01
2.500000000000000000e-01 2.500000000000000000e-01 2.500000000000000000e-01 2.500000000000000000e-01
2.500000000000000000e-01 2.500000000000000000e-01 2.500000000000000000e-01 2.500000000000000000e-01
2.500000000000000000e-01 2.500000000000000000e-01 2.500000000000000000e-01 2.500000000000000000e-01
2.500000000000000000e-01 2.500000000000000000e-01 2.500000000000000000e-01 2.500000000000000000e-01
2.500000000000000000e-01 2.500000000000000000e-01 2.500000000000000000e-01 2.500000000000000000e-01
2.500000000000000000e-01 2.500000000000000000e-01 2.500000000000000000e-01 2.500000000000000000e-01
2.500000000000000000e-01 2.500000000000000000e-01 2.500000000000000000e-01 2.500000000000000000e-01
2.500000000000000000e-01 2.500000000000000000e-01 2.500000000000000000e-01 2.500000000000000000e-01
4.300428075693452645e-01 9.632514721852120099e-02 5.128253698634949176e-02 4.223495082257840427e-01
2.500000000000000000e-01 2.500000000000000000e-01 2.500000000000000000e-01 2.500000000000000000e-01
2.500000000000000000e-01 2.500000000000000000e-01 2.500000000000000000e-01 2.500000000000000000e-01
2.463576930575552271e-01 4.441105797023575108e-01 1.580692652095540551e-01 1.514624620305332070e-01
9.939152169990352059e-02 2.485695301660633960e-01 7.224576835454613044e-02 5.797931797794869668e-01
2.500000000000000000e-01 2.500000000000000000e-01 2.500000000000000000e-01 2.500000000000000000e-01
2.277480850764973530e-01 6.441274049650543843e-01 6.635226543646688402e-02 6.177224452198137872e-02
2.500000000000000000e-01 2.500000000000000000e-01 2.500000000000000000e-01 2.500000000000000000e-01
3.737095249132403318e-01 2.369589622929622330e-01 6.953501668988423812e-02 3.197964961039131970e-01
2.500000000000000000e-01 2.500000000000000000e-01 2.500000000000000000e-01 2.500000000000000000e-01
2.500000000000000000e-01 2.500000000000000000e-01 2.500000000000000000e-01 2.500000000000000000e-01
2.500000000000000000e-01 2.500000000000000000e-01 2.500000000000000000e-01 2.500000000000000000e-01
2.500000000000000000e-01 2.500000000000000000e-01 2.500000000000000000e-01 2.500000000000000000e-01
1.904685139229750079e-01 6.508764771851429654e-01 5.058892216544486065e-02 1.080660867264371661e-01
2.500000000000000000e-01 2.500000000000000000e-01 2.500000000000000000e-01 2.500000000000000000e-01
3.565843156490456356e-01 3.158529334708673475e-01 1.119954610717913135e-01 2.155672898082957034e-01
2.500000000000000000e-01 2.500000000000000000e-01 2.500000000000000000e-01 2.500000000000000000e-01
1.435442591652068556e-01 1.412667801435183723e-01 3.702665085209888574e-01 3.449224521702859425e-01
2.500000000000000000e-01 2.500000000000000000e-01 2.500000000000000000e-01 2.500000000000000000e-01
2.500000000000000000e-01 2.500000000000000000e-01 2.500000000000000000e-01 2.500000000000000000e-01
2.804245561297320499e-01 1.056483804759267980e-02 1.058146977052708548e-01 6.031959081174044224e-01
2.500000000000000000e-01 2.500000000000000000e-01 2.500000000000000000e-01 2.500000000000000000e-01
2.500000000000000000e-01 2.500000000000000000e-01 2.500000000000000000e-01 2.500000000000000000e-01
2.500000000000000000e-01 2.500000000000000000e-01 2.500000000000000000e-01 2.500000000000000000e-01
3.495542357752307039e-01 1.968272947959016361e-01 2.203185099313501039e-02 4.315866184357326496e-01
4.698937298513337080e-01 6.323073811839518589e-03 2.652553218167145177e-01 2.585278745201122774e-01
3.521469704628678588e-01 3.130850825486293787e-01 6.096870367231971288e-02 2.737992433161830497e-01
2.500000000000000000e-01 2.500000000000000000e-01 2.500000000000000000e-01 2.500000000000000000e-01
2.500000000000000000e-01 2.500000000000000000e-01 2.500000000000000000e-01 2.500000000000000000e-01
2.500000000000000000e-01 2.500000000000000000e-01 2.500000000000000000e-01 2.500000000000000000e-01
4.180431799008763050e-02 3.650890085094754545e-01 7.002606763818930435e-02 5.230806058622475829e-01
2.500000000000000000e-01 2.500000000000000000e-01 2.500000000000000000e-01 2.500000000000000000e-01
2.500000000000000000e-01 2.500000000000000000e-01 2.500000000000000000e-01 2.500000000000000000e-01
2.500000000000000000e-01 2.500000000000000000e-01 2.500000000000000000e-01 2.500000000000000000e-01
2.500000000000000000e-01 2.500000000000000000e-01 2.500000000000000000e-01 2.500000000000000000e-01
2.500000000000000000e-01 2.500000000000000000e-01 2.500000000000000000e-01 2.500000000000000000e-01
2.500000000000000000e-01 2.500000000000000000e-01 2.500000000000000000e-01 2.500000000000000000e-01
2.965767820428886203e-01 2.155233218927488648e-01 4.453173713023911851e-01 4.258252476197127434e-02
2.500000000000000000e-01 2.500000000000000000e-01 2.500000000000000000e-01 2.500000000000000000e-01
2.500000000000000000e-01 2.500000000000000000e-01 2.500000000000000000e-01 2.500000000000000000e-01
2.500000000000000000e-01 2.500000000000000000e-01 2.500000000000000000e-01 2.500000000000000000e-01
2.809311718488336496e-01 1.568780030395696967e-01 1.345326464182730886e-01 4.276581786933235652e-01
2.500000000000000000e-01 2.500000000000000000e-01 2.500000000000000000e-01 2.500000000000000000e-01
5.294478313208113122e-03 2.793044985163680716e-01 7.483838472697557087e-02 6.405626384434482956e-01
2.887111256147019689e-01 1.603008476102690261e-01 1.008471416736946291e-01 4.501408851013343759e-01
2.500000000000000000e-01 2.500000000000000000e-01 2.500000000000000000e-01 2.500000000000000000e-01
5.129146463147905566e-01 4.332238291860709967e-02 6.790904742027184526e-02 3.758539233463304985e-01
2.500000000000000000e-01 2.500000000000000000e-01 2.500000000000000000e-01 2.500000000000000000e-01
2.500000000000000000e-01 2.500000000000000000e-01 2.500000000000000000e-01 2.500000000000000000e-01
2.478109237380471952e-01 7.225443444510137869e-02 6.649578308272757754e-01 1.497681098957565071e-02
2.500000000000000000e-01 2.500000000000000000e-01 2.500000000000000000e-01 2.500000000000000000e-01
2.500000000000000000e-01 2.500000000000000000e-01 2.500000000000000000e-01 2.500000000000000000e-01
2.500000000000000000e-01 2.500000000000000000e-01 2.500000000000000000e-01 2.500000000000000000e-01
2.500000000000000000e-01 2.500000000000000000e-01 2.500000000000000000e-01 2.500000000000000000e-01
1.016050556201951796e-03 2.294150533434062278e-01 2.825127321928316282e-01 4.870561639075601801e-01
7.851575744219826403e-01 5.818332369309207885e-02 7.385877012470289105e-02 8.280033176022238983e-02
2.500000000000000000e-01 2.500000000000000000e-01 2.500000000000000000e-01 2.500000000000000000e-01
1.084420935825282650e-01 3.875294346515854027e-01 3.169341107166377958e-01 1.870943610492485365e-01
2.500000000000000000e-01 2.500000000000000000e-01 2.500000000000000000e-01 2.500000000000000000e-01
2.500000000000000000e-01 2.500000000000000000e-01 2.500000000000000000e-01 2.500000000000000000e-01
3.315032849096037348e-01 1.707977653348327074e-01 4.153509448263261739e-01 8.234800492923738391e-02
2.500000000000000000e-01 2.500000000000000000e-01 2.500000000000000000e-01 2.500000000000000000e-01
5.473972823574544400e-01 2.301328498746428308e-01 6.247782965718762238e-03 2.162220848021839670e-01
2.500000000000000000e-01 2.500000000000000000e-01 2.500000000000000000e-01 2.500000000000000000e-01
2.576249585544894138e-01 1.457220788723709859e-01 5.951237474202444311e-01 1.529215152895113672e-03
1.776847799767357350e-02 2.232322907860781191e-01 5.039016018580019796e-02 7.086090710304481233e-01
2.500000000000000000e-01 2.500000000000000000e-01 2.500000000000000000e-01 2.500000000000000000e-01
2.500000000000000000e-01 2.500000000000000000e-01 2.500000000000000000e-01 2.500000000000000000e-01
2.500000000000000000e-01 2.500000000000000000e-01 2.500000000000000000e-01 2.500000000000000000e-01
2.500000000000000000e-01 2.500000000000000000e-01 2.500000000000000000e-01 2.500000000000000000e-01
2.500000000000000000e-01 2.500000000000000000e-01 2.500000000000000000e-01 2.500000000000000000e-01
2.500000000000000000e-01 2.500000000000000000e-01 2.500000000000000000e-01 2.500000000000000000e-01
2.500000000000000000e-01 2.500000000000000000e-01 2.500000000000000000e-01 2.500000000000000000e-01
8.879897103423602112e-02 3.719352333615518758e-01 1.291122577379903991e-01 4.101535378662217179e-01
2.500000000000000000e-01 2.500000000000000000e-01 2.500000000000000000e-01 2.500000000000000000e-01
3.111447688011278329e-02 3.176465137543508788e-01 1.054412062236415037e-02 6.406948887431721529e-01
6.407815942061045877e-01 7.088909747125937688e-02 1.619718886970824556e-01 1.263574196255535798e-01
2.500000000000000000e-01 2.500000000000000000e-01 2.500000000000000000e-01 2.500000000000000000e-01
2.500000000000000000e-01 2.500000000000000000e-01 2.500000000000000000e-01 2.500000000000000000e-01
2.500000000000000000e-01 2.500000000000000000e-01 2.500000000000000000e-01 2.500000000000000000e-01
2.500000000000000000e-01 2.500000000000000000e-01 2.500000000000000000e-01 2.500000000000000000e-01
2.500000000000000000e-01 2.500000000000000000e-01 2.500000000000000000e-01 2.500000000000000000e-01
2.500000000000000000e-01 2.500000000000000000e-01 2.500000000000000000e-01 2.500000000000000000e-01
7.069685037686285201e-02 1.366689441799208982e-01 7.764220403768587464e-02 7.149920014055304307e-01
2.500000000000000000e-01 2.500000000000000000e-01 2.500000000000000000e-01 2.500000000000000000e-01
2.906826056305105710e-01 6.264571023772282088e-02 5.254825994202106942e-01 1.211890847115559278e-01
2.500000000000000000e-01 2.500000000000000000e-01 2.500000000000000000e-01 2.500000000000000000e-01
2.500000000000000000e-01 2.500000000000000000e-01 2.500000000000000000e-01 2.500000000000000000e-01
2.500000000000000000e-01 2.500000000000000000e-01 2.500000000000000000e-01 2.500000000000000000e-01
2.500000000000000000e-01 2.500000000000000000e-01 2.500000000000000000e-01 2.500000000000000000e-01
2.959956277790867091e-02 3.341677218247902648e-01 1.099455870833055959e-01 5.262871283139954892e-01
8.962907252451451923e-02 4.525590934498537332e-01 1.544192315528821191e-01 3.033926024727496285e-01
2.500000000000000000e-01 2.500000000000000000e-01 2.500000000000000000e-01 2.500000000000000000e-01
2.500000000000000000e-01 2.500000000000000000e-01 2.500000000000000000e-01 2.500000000000000000e-01
2.500000000000000000e-01 2.500000000000000000e-01 2.500000000000000000e-01 2.500000000000000000e-01
