4.957502869470151730e-01 4.032432623455707854e-01 1.033902506664291510e-02 9.066742564077112654e-02
2.500000000000000000e-01 2.500000000000000000e-01 2.500000000000000000e-01 2.500000000000000000e-01
2.673324098699219054e-01 1.744436299562978354e-01 2.644492998971423314e-02 5.317790301840660261e-01
2.500000000000000000e-01 2.500000000000000000e-01 2.500000000000000000e-01 2.500000000000000000e-01
2.500000000000000000e-01 2.500000000000000000e-01 2.500000000000000000e-01 2.500000000000000000e-01
5.016854886702405425e-01 9.483619923953332670e-03 3.151137669679723863e-01 1.737171244378337143e-01
2.500000000000000000e-01 2.500000000000000000e-01 2.500000000000000000e-01 2.500000000000000000e-01
2.500000000000000000e-01 2.500000000000000000e-01 2.500000000000000000e-01 2.500000000000000000e-01
2.500000000000000000e-01 2.500000000000000000e-01 2.500000000000000000e-01 2.500000000000000000e-01
2.500000000000000000e-01 2.500000000000000000e-01 2.500000000000000000e-01 2.500000000000000000e-01
2.500000000000000000e-01 2.500000000000000000e-01 2.500000000000000000e-01 2.500000000000000000e-01
2.500000000000000000e-01 2.500000000000000000e-01 2.500000000000000000e-01 2.500000000000000000e-01
2.500000000000000000e-01 2.500000000000000000e-01 2.500000000000000000e-01 2.500000000000000000e-01
2.500000000000000000e-01 2.500000000000000000e-01 2.500000000000000000e-01 2.500000000000000000e-01
1.938116747173515286e-01 5.878660472888355137e-01 1.558134535770938633e-01 6.250882441671909429e-02
2.500000000000000000e-01 2.500000000000000000e-01 2.500000000000000000e-01 2.500000000000000000e-01
2.348380908582579363e-01 4.349514179087504706e-01 2.454811445635243228e-01 8.472934666946727034e-02
2.500000000000000000e-01 2.500000000000000000e-01 2.500000000000000000e-01 2.500000000000000000e-01
3.802545717814962423e-01 8.791383758738278986e-02 4.347015318292936359e-02 4.883614374481916043e-01
3.940835693514153915e-02 3.443817413029917618e-02 4.273259020145713238e-01 4.988275669199879747e-01
2.500000000000000000e-01 2.500000000000000000e-01 2.500000000000000000e-01 2.500000000000000000e-01
2.500000000000000000e-01 2.500000000000000000e-01 2.500000000000000000e-01 2.500000000000000000e-01
7.059500175192251481e-01 1.152610031086859083e-01 1.545445839974468605e-01 2.424439537464206929e-02
1.110606102434349290e-01 1.099185349982105542e-01 1.084021383038014374e-01 6.706187164545530655e-01
2.500000000000000000e-01 2.500000000000000000e-01 2.500000000000000000e-01 2.500000000000000000e-01
1.094771819143778302e-01 2.286988067040023331e-01 4.731408415558782110e-01 1.886831698257415701e-01
2.500000000000000000e-01 2.500000000000000000e-01 2.500000000000000000e-01 2.500000000000000000e-01
2.500000000000000000e-01 2.500000000000000000e-01 2.500000000000000000e-01 2.500000000000000000e-01
2.500000000000000000e-01 2.500000000000000000e-01 2.500000000000000000e-01 2.500000000000000000e-01
2.500000000000000000e-01 2.500000000000000000e-01 2.500000000000000000e-01 2.500000000000000000e-01
2.500000000000000000e-01 2.500000000000000000e-01 2.500000000000000000e-01 2.500000000000000000e-01
2.500000000000000000e-01 2.500000000000000000e-01 2.500000000000000000e-01 2.500000000000000000e-01
1.346065021275500151e-01 5.290777061182017071e-01 1.397045561308796202e-01 1.966112356233686020e-01
2.507483277950680114e-02 1.119225503439881947e-01 1.228062544873147199e-02 8.507219914277734940e-01
2.500000000000000000e-01 2.500000000000000000e-01 2.500000000000000000e-01 2.500000000000000000e-01
2.500000000000000000e-01 2.500000000000000000e-01 2.500000000000000000e-01 2.500000000000000000e-01
2.500000000000000000e-01 2.500000000000000000e-01 2.500000000000000000e-01 2.500000000000000000e-01
2.500000000000000000e-01 2.500000000000000000e-01 2.500000000000000000e-01 2.500000000000000000e-01
2.500000000000000000e-01 2.500000000000000000e-01 2.500000000000000000e-01 2.500000000000000000e-01
2.500000000000000000e-01 2.500000000000000000e-01 2.500000000000000000e-01 2.500000000000000000e-01
4.246988943836940700e-01 2.004673303949852103e-01 3.214967858601326389e-01 5.333698936118802525e-02
3.640444662649724994e-01 5.784224380191870241e-01 3.620763906173385394e-02 2.132545665410662261e-02
2.500000000000000000e-01 2.500000000000000000e-01 2.500000000000000000e-01 2.500000000000000000e-01
4.190212412018078370e-01 1.530113318499950470e-01 2.267821776687422020e-01 2.011852492794549141e-01
2.500000000000000000e-01 2.500000000000000000e-01 2.500000000000000000e-01 2.500000000000000000e-01
2.571521338317425687e-01 2.067904465607626335e-02 9.939206018208049387e-02 6.227767613301007366e-01
2.816450459046619392e-01 9.347747692533572850e-02 1.906744289867583209e-01 4.342030481832440114e-01
2.500000000000000000e-01 2.500000000000000000e-01 2.500000000000000000e-01 2.500000000000000000e-01
2.500000000000000000e-01 2.500000000000000000e-01 2.500000000000000000e-01 2.500000000000000000e-01
2.500000000000000000e-01 2.500000000000000000e-01 2.500000000000000000e-01 2.500000000000000000e-01
2.500000000000000000e-01 2.500000000000000000e-01 2.500000000000000000e-01 2.500000000000000000e-01
2.500000000000000000e-01 2.500000000000000000e-01 2.500000000000000000e-01 2.500000000000000000e-01
2.500000000000000000e-01 2.500000000000000000e-01 2.500000000000000000e-01 2.500000000000000000e-01
2.500000000000000000e-01 2.500000000000000000e-01 2.500000000000000000e-01 2.500000000000000000e-01
2.500000000000000000e-01 2.500000000000000000e-01 2.500000000000000000e-01 2.500000000000000000e-01
2.500000000000000000e-01 2.500000000000000000e-01 2.500000000000000000e-01 2.500000000000000000e-01
1.656501621936774249e-01 5.474203534412801497e-01 1.492184983292069722e-01 1.377109860358353977e-01
2.500000000000000000e-01 2.500000000000000000e-01 2.500000000000000000e-01 2.500000000000000000e-01
2.500000000000000000e-01 2.500000000000000000e-01 2.500000000000000000e-01 2.500000000000000000e-01
3.437174703905053197e-01 3.614691023789873281e-01 2.819258767581707126e-01 1.288755047233658413e-02
2.500000000000000000e-01 2.500000000000000000e-01 2.500000000000000000e-01 2.500000000000000000e-01
2.500000000000000000e-01 2.500000000000000000e-01 2.500000000000000000e-01 2.500000000000000000e-01
2.500000000000000000e-01 2.500000000000000000e-01 2.500000000000000000e-01 2.500000000000000000e-01
2.500000000000000000e-01 2.500000000000000000e-01 2.500000000000000000e-01 2.500000000000000000e-01
7.287905271899484116e-01 1.955098565243137410e-01 4.404663102106409767e-03 7.129495318363143763e-02
2.500000000000000000e-01 2.500000000000000000e-01 2.500000000000000000e-01 2.500000000000000000e-01
2.500000000000000000e-01 2.500000000000000000e-01 2.500000000000000000e-01 2.500000000000000000e-01
2.500000000000000000e-01 2.500000000000000000e-01 2.500000000000000000e-01 2.500000000000000000e-01
2.500000000000000000e-01 2.500000000000000000e-01 2.500000000000000000e-01 2.500000000000000000e-01
2.500000000000000000e-01 2.500000000000000000e-01 2.500000000000000000e-01 2.500000000000000000e-01
2.500000000000000000e-01 2.500000000000000000e-01 2.500000000000000000e-01 2.500000000000000000e-01
2.500000000000000000e-01 2.500000000000000000e-01 2.500000000000000000e-01 2.500000000000000000e-01
8.172929286039379293e-02 2.111185951071033184e-01 1.171195207960590012e-01 5.900325912364439152e-01
2.500000000000000000e-01 2.500000000000000000e-01 2.500000000000000000e-01 2.500000000000000000e-01
2.500000000000000000e-01 2.500000000000000000e-01 2.500000000000000000e-01 2.500000000000000000e-01
2.500000000000000000e-01 2.500000000000000000e-01 2.500000000000000000e-01 2.500000000000000000e-01
2.500000000000000000e-01 2.500000000000000000e-01 2.500000000000000000e-01 2.500000000000000000e-01
2.500000000000000000e-01 2.500000000000000000e-01 2.500000000000000000e-01 2.500000000000000000e-01
2.500000000000000000e-01 2.500000000000000000e-01 2.500000000000000000e-01 2.500000000000000000e-01
5.749535913415277921e-01 1.858353722928186846e-01 2.252916934225626944e-01 1.391934294309082887e-02
2.500000000000000000e-01 2.500000000000000000e-01 2.500000000000000000e-01 2.500000000000000000e-01
2.500000000000000000e-01 2.500000000000000000e-01 2.500000000000000000e-01 2.500000000000000000e-01
2.500000000000000000e-01 2.500000000000000000e-01 2.500000000000000000e-01 2.500000000000000000e-01
3.981317882983134160e-01 3.957268700157138830e-01 1.431728140029041030e-01 6.296852768306859804e-02
2.165734760017803961e-02 2.938585057502224873e-01 2.697300874981424790e-01 4.147540591514570218e-01
8.724816445510510943e-02 1.501765908620127654e-01 5.896798369782245697e-01 1.728954077046576387e-01
2.500000000000000000e-01 2.500000000000000000e-01 2.500000000000000000e-01 2.500000000000000000e-01
2.500000000000000000e-01 2.500000000000000000e-01 2.500000000000000000e-01 2.500000000000000000e-01
5.329637692315583042e-01 8.770480433268655618e-02 2.238480992452899221e-01 1.554833271904652037e-01
2.500000000000000000e-01 2.500000000000000000e-01 2.500000000000000000e-01 2.500000000000000000e-01
2.500000000000000000e-01 2.500000000000000000e-01 2.500000000000000000e-01 2.500000000000000000e-01
2.500000000000000000e-01 2.500000000000000000e-01 2.500000000000000000e-01 2.500000000000000000e-01
2.500000000000000000e-01 2.500000000000000000e-01 2.500000000000000000e-01 2.500000000000000000e-01
2.500000000000000000e-01 2.500000000000000000e-01 2.500000000000000000e-01 2.500000000000000000e-01
2.500000000000000000e-01 2.500000000000000000e-01 2.500000000000000000e-01 2.500000000000000000e-01
3.130273951260290621e-01 2.025308973006068602e-01 2.881400026560371752e-01 1.963017049173269024e-01
2.500000000000000000e-01 2.500000000000000000e-01 2.500000000000000000e-01 2.500000000000000000e-01
2.500000000000000000e-01 2.500000000000000000e-01 2.500000000000000000e-01 2.500000000000000000e-01
5.093405563433612421e-02 1.062628143952823734e-01 4.108843366614204351e-01 4.319187933089610465e-01
2.251203966203070561e-01 3.702659991373277032e-02 1.352094265547626739e-01 6.026435769111975205e-01
2.500000000000000000e-01 2.500000000000000000e-01 2.500000000000000000e-01 2.500000000000000000e-01
4.894847971881495230e-01 1.287283640155902076e-01 1.886506211245312092e-01 1.931362176717290602e-01
2.500000000000000000e-01 2.500000000000000000e-01 2.500000000000000000e-01 2.500000000000000000e-01
2.500000000000000000e-01 2.500000000000000000e-01 2.500000000000000000e-01 2.500000000000000000e-01
2.500000000000000000e-01 2.500000000000000000e-01 2.500000000000000000e-01 2.500000000000000000e-01
1.336738226536412499e-01 4.011737535853703018e-02 3.721008382052187202e-01 4.541079637826029858e-01
2.533399651962933707e-01 2.167796484178569905e-01 7.451129174072604333e-02 4.553690946451235955e-01
2.500000000000000000e-01 2.500000000000000000e-01 2.500000000000000000e-01 2.500000000000000000e-01
4.677354824514046161e-01 1.128188574205429839e-01 6.147119778705834037e-02 3.579744623409940596e-01
1.879365870137603145e-01 4.059978947838133179e-02 6.373022783907362765e-01 1.341613451171221327e-01
1.644998735503515330e-01 5.665397173331442326e-01 4.564720468566652034e-02 2.233132044308376585e-01
2.500000000000000000e-01 2.500000000000000000e-01 2.500000000000000000e-01 2.500000000000000000e-01
2.500000000000000000e-01 2.500000000000000000e-01 2.500000000000000000e-01 2.500000000000000000e-01
4.897916464572430462e-01 3.955084322676961084e-01 2.653655292183138004e-02 8.816336835322946541e-02
4.530202228720724977e-01 2.956251291589069297e-01 2.138419532639506127e-01 3.751269470507001547e-02
2.500000000000000000e-01 2.500000000000000000e-01 2.500000000000000000e-01 2.500000000000000000e-01
3.976424967694912604e-01 3.004150574491574188e-01 1.536658423653048944e-01 1.482766034160464264e-01
2.500000000000000000e-01 2.500000000000000000e-01 2.500000000000000000e-01 2.500000000000000000e-01
2.500000000000000000e-01 2.500000000000000000e-01 2.500000000000000000e-01 2.500000000000000000e-01
2.500000000000000000e-01 2.500000000000000000e-01 2.500000000000000000e-01 2.500000000000000000e-01
2.500000000000000000e-01 2.500000000000000000e-01 2.500000000000000000e-01 2.500000000000000000e-01
4.648302415859645875e-01 2.472437715331262109e-01 3.561614142611685407e-02 2.523098454547923475e-01
2.500000000000000000e-01 2.500000000000000000e-01 2.500000000000000000e-01 2.500000000000000000e-01
2.500000000000000000e-01 2.500000000000000000e-01 2.500000000000000000e-01 2.500000000000000000e-01
3.847043362643658426e-01 3.138979428757568413e-01 1.117789839863320700e-01 1.896187368735452461e-01
3.564397402596798936e-01 2.947263608623537298e-02 5.160696155898223392e-01 9.801800806426230750e-02
2.372175671228118343e-01 1.521027773376087966e-02 1.362360707776429369e-01 6.113360843657843491e-01
5.571264361804857401e-01 1.259974238650375389e-01 9.993524920984209192e-02 2.169408907446346291e-01
2.500000000000000000e-01 2.500000000000000000e-01 2.500000000000000000e-01 2.500000000000000000e-01
2.500000000000000000e-01 2.500000000000000000e-01 2.500000000000000000e-01 2.500000000000000000e-01
4.999137998697484875e-01 7.106138351105391847e-03 3.636015729707462452e-01 1.293784888083998608e-01
2.901825741326225505e-01 1.875025181574092870e-01 1.076279811793154351e-02 5.115521095920365635e-01
2.500000000000000000e-01 2.500000000000000000e-01 2.500000000000000000e-01 2.500000000000000000e-01
2.500000000000000000e-01 2.500000000000000000e-01 2.500000000000000000e-01 2.500000000000000000e-01
2.500000000000000000e-01 2.500000000000000000e-01 2.500000000000000000e-01 2.500000000000000000e-01
2.500000000000000000e-01 2.500000000000000000e-01 2.500000000000000000e-01 2.500000000000000000e-01
2.500000000000000000e-01 2.500000000000000000e-01 2.500000000000000000e-01 2.500000000000000000e-01
2.500000000000000000e-01 2.500000000000000000e-01 2.500000000000000000e-01 2.500000000000000000e-01
5.504278857259585767e-01 2.564356187503053497e-01 1.810124027271799441e-01 1.212409279655612959e-02
9.486917550276542654e-02 1.020416568254275680e-01 2.331963195238179187e-03 8.007572044765688402e-01
1.034233237320273252e-01 9.656249289897332611e-02 5.611814327098249011e-01 2.388327506591743643e-01
2.500000000000000000e-01 2.500000000000000000e-01 2.500000000000000000e-01 2.500000000000000000e-01
5.316036568907090976e-01 7.405051264296946822e-02 2.401157864653619134e-01 1.542300440009595208e-01
2.500000000000000000e-01 2.500000000000000000e-01 2.500000000000000000e-01 2.500000000000000000e-01
1.887354831167808444e-01 2.931467035881609173e-01 3.710626189954240872e-01 1.470551942996341510e-01
2.500000000000000000e-01 2.500000000000000000e-01 2.500000000000000000e-01 2.500000000000000000e-01
2.500000000000000000e-01 2.500000000000000000e-01 2.500000000000000000e-01 2.500000000000000000e-01
2.500000000000000000e-01 2.500000000000000000e-01 2.500000000000000000e-01 2.500000000000000000e-01
2.500000000000000000e-01 2.500000000000000000e-01 2.500000000000000000e-01 2.500000000000000000e-01
2.865396573581319856e-02 5.892464818024379936e-01 7.409835986587742784e-02 3.080011925958713870e-01
1.613203670341122609e-01 1.939423980694401639e-01 4.183416969773343652e-01 2.263955379191132933e-01
2.500000000000000000e-01 2.500000000000000000e-01 2.500000000000000000e-01 2.500000000000000000e-01
2.281438156898040748e-01 5.576109336950758888e-02 2.192675754862234982e-01 4.968275154544648520e-01
2.500000000000000000e-01 2.500000000000000000e-01 2.500000000000000000e-01 2.500000000000000000e-01
2.500000000000000000e-01 2.500000000000000000e-01 2.500000000000000000e-01 2.500000000000000000e-01
6.154484790115296589e-01 1.544170939422570832e-01 2.088667277281308909e-01 2.126769931808236702e-02
2.500000000000000000e-01 2.500000000000000000e-01 2.500000000000000000e-01 2.500000000000000000e-01
2.728016765258075016e-01 1.340094751444753929e-01 1.420154199281162544e-01 4.511734284016008512e-01
2.470827124168154809e-01 6.769742046390254675e-01 5.436772872291695258e-02 2.157535422124209901e-02
2.500000000000000000e-01 2.500000000000000000e-01 2.500000000000000000e-01 2.500000000000000000e-01
2.500000000000000000e-01 2.500000000000000000e-01 2.500000000000000000e-01 2.500000000000000000e-01
2.500000000000000000e-01 2.500000000000000000e-01 2.500000000000000000e-01 2.500000000000000000e-01
2.640667985718498367e-01 1.939955122216796279e-01 5.174229087273930494e-01 2.451478047907745816e-02
2.500000000000000000e-01 2.500000000000000000e-01 2.500000000000000000e-01 2.500000000000000000e-01
2.500000000000000000e-01 2.500000000000000000e-01 2.500000000000000000e-01 2.500000000000000000e-01
2.500000000000000000e-01 2.500000000000000000e-01 2.500000000000000000e-01 2.500000000000000000e-01
2.500000000000000000e-01 2.500000000000000000e-01 2.500000000000000000e-01 2.500000000000000000e-01
2.500000000000000000e-01 2.500000000000000000e-01 2.500000000000000000e-01 2.500000000000000000e-01
2.500000000000000000e-01 2.500000000000000000e-01 2.500000000000000000e-01 2.500000000000000000e-01
7.908310579228153281e-02 4.661638917272475924e-01 3.958914626842080509e-02 4.151638562120500975e-01
2.500000000000000000e-01 2.500000000000000000e-01 2.500000000000000000e-01 2.500000000000000000e-01
6.544960821523856387e-01 3.192185350436908542e-01 2.061573409261102663e-02 5.669648711312480494e-03
2.500000000000000000e-01 2.500000000000000000e-01 2.500000000000000000e-01 2.500000000000000000e-01
1.058136403121712546e-03 2.801182160988238135e-01 1.308154074066281147e-01 5.880082400914263818e-01
2.500000000000000000e-01 2.500000000000000000e-01 2.500000000000000000e-01 2.500000000000000000e-01
2.500000000000000000e-01 2.500000000000000000e-01 2.500000000000000000e-01 2.500000000000000000e-01
2.500000000000000000e-01 2.500000000000000000e-01 2.500000000000000000e-01 2.500000000000000000e-01
2.500000000000000000e-01 2.500000000000000000e-01 2.500000000000000000e-01 2.500000000000000000e-01
2.500000000000000000e-01 2.500000000000000000e-01 2.500000000000000000e-01 2.500000000000000000e-01
2.500000000000000000e-01 2.500000000000000000e-01 2.500000000000000000e-01 2.500000000000000000e-01
3.614019694022979623e-02 4.368359223846677436e-02 5.492201256914657215e-01 3.709560851298377426e-01
2.500000000000000000e-01 2.500000000000000000e-01 2.500000000000000000e-01 2.500000000000000000e-01
1.463561948971060442e-02 2.150759122621511560e-02 8.890009994479999844e-02 8.749566893392742850e-01
2.500000000000000000e-01 2.500000000000000000e-01 2.500000000000000000e-01 2.500000000000000000e-01
1.020363042979516438e-01 1.975939071882524267e-01 1.123498251739782905e-01 5.880199633398176529e-01
2.500000000000000000e-01 2.500000000000000000e-01 2.500000000000000000e-01 2.500000000000000000e-01
2.500000000000000000e-01 2.500000000000000000e-01 2.500000000000000000e-01 2.500000000000000000e-01
2.500000000000000000e-01 2.500000000000000000e-01 2.500000000000000000e-01 2.500000000000000000e-01
2.500000000000000000e-01 2.500000000000000000e-01 2.500000000000000000e-01 2.500000000000000000e-01
2.674986747353849670e-02 3.203385562869619507e-01 3.910768877013433009e-01 2.618346885381562794e-01
7.681495912366610446e-01 1.446580048573929134e-01 5.900094062994851174e-02 2.819146327599753032e-02
2.500000000000000000e-01 2.500000000000000000e-01 2.500000000000000000e-01 2.500000000000000000e-01
2.500000000000000000e-01 2.500000000000000000e-01 2.500000000000000000e-01 2.500000000000000000e-01
2.500000000000000000e-01 2.500000000000000000e-01 2.500000000000000000e-01 2.500000000000000000e-01
2.260816124702242358e-01 4.849703266519821837e-02 1.675175540937431373e-01 5.579038007708343461e-01
2.500000000000000000e-01 2.500000000000000000e-01 2.500000000000000000e-01 2.500000000000000000e-01
2.500000000000000000e-01 2.500000000000000000e-01 2.500000000000000000e-01 2.500000000000000000e-01
2.500000000000000000e-01 2.500000000000000000e-01 2.500000000000000000e-01 2.500000000000000000e-01
2.500000000000000000e-01 2.500000000000000000e-01 2.500000000000000000e-01 2.500000000000000000e-01
2.500000000000000000e-01 2.500000000000000000e-01 2.500000000000000000e-01 2.500000000000000000e-01
2.500000000000000000e-01 2.500000000000000000e-01 2.500000000000000000e-01 2.500000000000000000e-01
3.959934298183759305e-01 2.407013306118569174e-01 2.515161460523220871e-01 1.117890935174450373e-01
2.500000000000000000e-01 2.500000000000000000e-01 2.500000000000000000e-01 2.500000000000000000e-01
3.122478228351405760e-01 4.729013067772679102e-02 2.758903374148532484e-01 3.645717090722793707e-01
2.500000000000000000e-01 2.500000000000000000e-01 2.500000000000000000e-01 2.500000000000000000e-01
5.034342132737434916e-01 7.783015421021234614e-02 1.417865529032463767e-01 2.769490796127977994e-01
2.500000000000000000e-01 2.500000000000000000e-01 2.500000000000000000e-01 2.500000000000000000e-01
2.500000000000000000e-01 2.500000000000000000e-01 2.500000000000000000e-01 2.500000000000000000e-01
3.671446776010993118e-01 1.707028593719363552e-01 3.889708631945421602e-01 7.318159983242217281e-02
2.500000000000000000e-01 2.500000000000000000e-01 2.500000000000000000e-01 2.500000000000000000e-01
1.849412607254202409e-02 4.082270328326795816e-01 2.088502015513002963e-01 3.644286395434781500e-01
9.957574862629312018e-02 5.811068095885417728e-01 1.590234906242312674e-01 1.602939511609338397e-01
2.500000000000000000e-01 2.500000000000000000e-01 2.500000000000000000e-01 2.500000000000000000e-01
2.500000000000000000e-01 2.500000000000000000e-01 2.500000000000000000e-01 2.500000000000000000e-01
2.500000000000000000e-01 2.500000000000000000e-01 2.500000000000000000e-01 2.500000000000000000e-01
2.500000000000000000e-01 2.500000000000000000e-01 2.500000000000000000e-01 2.500000000000000000e-01
2.500000000000000000e-01 2.500000000000000000e-01 2.500000000000000000e-01 2.500000000000000000e-01
1.413889464617404668e-01 3.075901802798447493e-01 1.473962766925304146e-01 4.036245965658843415e-01
2.500000000000000000e-01 2.500000000000000000e-01 2.500000000000000000e-01 2.500000000000000000e-01
2.500000000000000000e-01 2.500000000000000000e-01 2.500000000000000000e-01 2.500000000000000000e-01
8.365485561170616924e-01 5.276676963442321344e-02 8.345239881007034122e-02 2.723227543844475296e-02
2.500000000000000000e-01 2.500000000000000000e-01 2.500000000000000000e-01 2.500000000000000000e-01
2.500000000000000000e-01 2.500000000000000000e-01 2.500000000000000000e-01 2.500000000000000000e-01
2.500000000000000000e-01 2.500000000000000000e-01 2.500000000000000000e-01 2.500000000000000000e-01
2.500000000000000000e-01 2.500000000000000000e-01 2.500000000000000000e-01 2.500000000000000000e-01
2.500000000000000000e-01 2.500000000000000000e-01 2.500000000000000000e-01 2.500000000000000000e-01
2.108092416018921278e-01 1.470578378817457843e-01 1.158550261015320604e-01 5.262778944148300830e-01
2.500000000000000000e-01 2.500000000000000000e-01 2.500000000000000000e-01 2.500000000000000000e-01
1.460967957980419119e-01 1.635519732574317042e-02 1.463130196113551496e-01 6.912349872648597682e-01
4.730705512060094931e-01 2.328373446270304015e-01 2.837051311456312286e-01 1.038697302132884914e-02
2.500000000000000000e-01 2.500000000000000000e-01 2.500000000000000000e-01 2.500000000000000000e-01
2.720229926980932134e-01 3.223154573063098383e-01 4.904668775554377191e-02 3.566148622400531765e-01
2.864920793079917538e-01 2.488879472746453048e-01 4.946698630040752276e-02 4.151529871169554187e-01
3.764950152474016293e-02 5.674800005410207682e-01 1.411608780930808660e-01 2.537096198411581405e-01
2.500000000000000000e-01 2.500000000000000000e-01 2.500000000000000000e-01 2.500000000000000000e-01
2.500000000000000000e-01 2.500000000000000000e-01 2.500000000000000000e-01 2.500000000000000000e-01
2.500000000000000000e-01 2.500000000000000000e-01 2.500000000000000000e-01 2.500000000000000000e-01
2.500000000000000000e-01 2.500000000000000000e-01 2.500000000000000000e-01 2.500000000000000000e-01
2.500000000000000000e-01 2.500000000000000000e-01 2.500000000000000000e-01 2.500000000000000000e-01
2.500000000000000000e-01 2.500000000000000000e-01 2.500000000000000000e-01 2.500000000000000000e-01
2.500000000000000000e-01 2.500000000000000000e-01 2.500000000000000000e-01 2.500000000000000000e-01
2.500000000000000000e-01 2.500000000000000000e-01 2.500000000000000000e-01 2.500000000000000000e-01
2.500000000000000000e-01 2.500000000000000000e-01 2.500000000000000000e-01 2.500000000000000000e-01
2.500000000000000000e-01 2.500000000000000000e-01 2.500000000000000000e-01 2.500000000000000000e-01
2.500000000000000000e-01 2.500000000000000000e-01 2.500000000000000000e-01 2.500000000000000000e-01
2.500000000000000000e-01 2.500000000000000000e-01 2.500000000000000000e-01 2.500000000000000000e-01
3.983163970250231944e-01 3.606816102421561698e-01 2.163941763120706963e-01 2.460781642074993947e-02
2.500000000000000000e-01 2.500000000000000000e-01 2.500000000000000000e-01 2.500000000000000000e-01
2.500000000000000000e-01 2.500000000000000000e-01 2.500000000000000000e-01 2.500000000000000000e-01
2.500000000000000000e-01 2.500000000000000000e-01 2.500000000000000000e-01 2.500000000000000000e-01
2.500000000000000000e-01 2.500000000000000000e-01 2.500000000000000000e-01 2.500000000000000000e-01
4.438599784542530680e-01 4.082660872856413298e-02 2.672271751998952505e-01 2.480862376172875416e-01
2.500000000000000000e-01 2.500000000000000000e-01 2.500000000000000000e-01 2.500000000000000000e-01
2.500000000000000000e-01 2.500000000000000000e-01 2.500000000000000000e-01 2.500000000000000000e-01
2.500000000000000000e-01 2.500000000000000000e-01 2.500000000000000000e-01 2.500000000000000000e-01
2.500000000000000000e-01 2.500000000000000000e-01 2.500000000000000000e-01 2.500000000000000000e-01
2.500000000000000000e-01 2.500000000000000000e-01 2.500000000000000000e-01 2.500000000000000000e-01
2.500000000000000000e-01 2.500000000000000000e-01 2.500000000000000000e-01 2.500000000000000000e-01
1.313154703107771160e-01 2.741681412688248484e-02 5.968542213856021794e-01 2.444134941767382441e-01
5.493818054594810235e-02 3.409179749335258802e-02 3.202797630198987999e-01 5.906902589408005166e-01
2.925985265387913703e-01 4.224202012163722486e-01 1.430112843883653007e-01 1.419699878564710804e-01
2.500000000000000000e-01 2.500000000000000000e-01 2.500000000000000000e-01 2.500000000000000000e-01
2.684579715306747646e-02 1.830897619476483662e-01 4.172985215094566769e-01 3.727659193898275602e-01
2.500000000000000000e-01 2.500000000000000000e-01 2.500000000000000000e-01 2.500000000000000000e-01
2.837360410285761914e-01 3.281371492713452270e-02 5.691086700718561708e-01 1.143415739724331637e-01
2.500000000000000000e-01 2.500000000000000000e-01 2.500000000000000000e-01 2.500000000000000000e-01
3.584078627552518825e-01 3.306849019865290007e-01 1.249192596943136113e-01 1.859879755639055054e-01
3.210969134344666687e-01 1.772340972572175599e-01 3.618042108931853185e-01 1.398647784151303974e-01
4.950312459587000863e-02 1.285623165845954374e-01 4.119121187505402903e-01 4.100224400689942428e-01
6.333547256049705532e-02 4.587789518662612753e-01 2.554026000595635004e-01 2.224829755136781273e-01
9.292970854410987497e-03 5.511654343638975294e-03 4.853271753314204462e-01 4.998681994705295728e-01
2.500000000000000000e-01 2.500000000000000000e-01 2.500000000000000000e-01 2.500000000000000000e-01
2.500000000000000000e-01 2.500000000000000000e-01 2.500000000000000000e-01 2.500000000000000000e-01
2.500000000000000000e-01 2.500000000000000000e-01 2.500000000000000000e-01 2.500000000000000000e-01
6.967437569403510389e-02 2.148959579398436806e-02 4.400752255624417186e-01 4.687608029495388129e-01
2.452251830818643896e-01 2.970511640973612366e-02 1.339610937558939896e-01 5.911086067525055388e-01
2.500000000000000000e-01 2.500000000000000000e-01 2.500000000000000000e-01 2.500000000000000000e-01
2.276100749916025734e-01 3.692079866867740284e-02 1.801830112379358695e-01 5.552861151017841612e-01
9.106273152433234930e-02 4.507249399985043259e-01 1.790547050106518490e-01 2.791576234665114620e-01
2.500000000000000000e-01 2.500000000000000000e-01 2.500000000000000000e-01 2.500000000000000000e-01
2.500000000000000000e-01 2.500000000000000000e-01 2.500000000000000000e-01 2.500000000000000000e-01
2.500000000000000000e-01 2.500000000000000000e-01 2.500000000000000000e-01 2.500000000000000000e-01
2.500000000000000000e-01 2.500000000000000000e-01 2.500000000000000000e-01 2.500000000000000000e-01
2.421494104626358279e-01 6.807204489364336586e-02 1.246854251261223651e-01 5.650931195175984412e-01
2.500000000000000000e-01 2.500000000000000000e-01 2.500000000000000000e-01 2.500000000000000000e-01
2.500000000000000000e-01 2.500000000000000000e-01 2.500000000000000000e-01 2.500000000000000000e-01
2.500000000000000000e-01 2.500000000000000000e-01 2.500000000000000000e-01 2.500000000000000000e-01
1.253485220651261861e-02 3.772944601645938922e-01 8.259074993909376605e-02 5.275799376897997162e-01
2.500000000000000000e-01 2.500000000000000000e-01 2.500000000000000000e-01 2.500000000000000000e-01
2.500000000000000000e-01 2.500000000000000000e-01 2.500000000000000000e-01 2.500000000000000000e-01
4.970891375402649581e-01 4.213462660562612427e-01 7.415227538953694797e-02 7.412321013936851166e-03
5.158489128372025778e-01 1.369559233161704581e-01 2.301939672744278687e-01 1.170011965721990954e-01
2.500000000000000000e-01 2.500000000000000000e-01 2.500000000000000000e-01 2.500000000000000000e-01
2.500000000000000000e-01 2.500000000000000000e-01 2.500000000000000000e-01 2.500000000000000000e-01
2.500000000000000000e-01 2.500000000000000000e-01 2.500000000000000000e-01 2.500000000000000000e-01
2.500000000000000000e-01 2.500000000000000000e-01 2.500000000000000000e-01 2.500000000000000000e-01
4.351363222458564106e-01 6.198330797185369612e-02 3.015357906681797040e-01 2.013445791141101893e-01
7.977407894262001919e-01 3.165079197787459137e-02 7.222690050077038015e-02 9.838151809515482960e-02
2.500000000000000000e-01 2.500000000000000000e-01 2.500000000000000000e-01 2.500000000000000000e-01
2.331404907507738378e-01 1.073317363209804753e-01 3.245616918555024322e-01 3.349660810727432825e-01
1.021445418555367961e-02 3.941915744833656560e-02 6.075952883455494336e-01 3.427711000205603264e-01
1.198249462977479252e-01 2.741760745126803345e-01 3.277961805370995796e-01 2.782027986524721053e-01
1.618730408220012407e-01 1.852065311353228994e-01 1.976394828962799999e-01 4.552809451463958323e-01
2.500000000000000000e-01 2.500000000000000000e-01 2.500000000000000000e-01 2.500000000000000000e-01
2.507417834858465845e-03 5.055054042248670332e-02 1.165521839850907487e-01 8.303898577575641315e-01
2.500000000000000000e-01 2.500000000000000000e-01 2.500000000000000000e-01 2.500000000000000000e-01
2.500000000000000000e-01 2.500000000000000000e-01 2.500000000000000000e-01 2.500000000000000000e-01
2.500000000000000000e-01 2.500000000000000000e-01 2.500000000000000000e-01 2.500000000000000000e-01
2.500000000000000000e-01 2.500000000000000000e-01 2.500000000000000000e-01 2.500000000000000000e-01
2.500000000000000000e-01 2.500000000000000000e-01 2.500000000000000000e-01 2.500000000000000000e-01
4.118060416166280935e-01 4.612857386453030062e-02 7.778670664516738886e-02 4.642786778736742170e-01
2.500000000000000000e-01 2.500000000000000000e-01 2.500000000000000000e-01 2.500000000000000000e-01
2.500000000000000000e-01 2.500000000000000000e-01 2.500000000000000000e-01 2.500000000000000000e-01
1.834438077810864320e-01 5.699069169229896703e-01 1.372406079797461320e-02 2.329252144979492845e-01
7.431862214958701029e-01 4.715907351225873123e-02 6.680489634533198773e-02 1.428498086465391781e-01
2.639855970648433137e-01 2.723498353118702919e-01 1.224606516269299838e-02 4.514185024605933960e-01
2.500000000000000000e-01 2.500000000000000000e-01 2.500000000000000000e-01 2.500000000000000000e-01
2.500000000000000000e-01 2.500000000000000000e-01 2.500000000000000000e-01 2.500000000000000000e-01
1.212026693260564031e-01 1.923525182082829466e-01 4.216222777347609085e-01 2.648225347308997835e-01
2.357827306052094896e-01 2.116424734215175685e-01 2.831152782366283538e-02 5.242632681496101066e-01
2.500000000000000000e-01 2.500000000000000000e-01 2.500000000000000000e-01 2.500000000000000000e-01
2.800275890982402149e-01 3.818965090375565224e-02 6.513350975771671214e-01 3.044766242083701835e-02
2.718267320436585158e-02 1.224309692756932050e-01 3.586134609909806814e-01 4.917728965289602794e-01
3.694259520657298679e-01 1.485134915580711701e-01 3.540407276881663012e-01 1.280198286880326886e-01
2.500000000000000000e-01 2.500000000000000000e-01 2.500000000000000000e-01 2.500000000000000000e-01
2.500000000000000000e-01 2.500000000000000000e-01 2.500000000000000000e-01 2.500000000000000000e-01
2.500000000000000000e-01 2.500000000000000000e-01 2.500000000000000000e-01 2.500000000000000000e-01
2.500000000000000000e-01 2.500000000000000000e-01 2.500000000000000000e-01 2.500000000000000000e-01
2.500000000000000000e-01 2.500000000000000000e-01 2.500000000000000000e-01 2.500000000000000000e-01
2.500000000000000000e-01 2.500000000000000000e-01 2.500000000000000000e-01 2.500000000000000000e-01
2.588862465020455028e-01 4.823829207873284730e-01 1.380079356792527356e-01 1.207228970313732885e-01
2.500000000000000000e-01 2.500000000000000000e-01 2.500000000000000000e-01 2.500000000000000000e-01
2.500000000000000000e-01 2.500000000000000000e-01 2.500000000000000000e-01 2.500000000000000000e-01
2.500000000000000000e-01 2.500000000000000000e-01 2.500000000000000000e-01 2.500000000000000000e-01
2.500000000000000000e-01 2.500000000000000000e-01 2.500000000000000000e-01 2.500000000000000000e-01
8.412851182497568248e-01 1.475368994052055349e-01 4.897728247365451537e-03 6.280254097672188784e-03
2.500000000000000000e-01 2.500000000000000000e-01 2.500000000000000000e-01 2.500000000000000000e-01
2.500000000000000000e-01 2.500000000000000000e-01 2.500000000000000000e-01 2.500000000000000000e-01
1.504397281432904576e-01 3.207525734195999512e-01 4.099051039535250851e-02 4.878171880417571105e-01
2.500000000000000000e-01 2.500000000000000000e-01 2.500000000000000000e-01 2.500000000000000000e-01
2.500000000000000000e-01 2.500000000000000000e-01 2.500000000000000000e-01 2.500000000000000000e-01
2.500000000000000000e-01 2.500000000000000000e-01 2.500000000000000000e-01 2.500000000000000000e-01
2.500000000000000000e-01 2.500000000000000000e-01 2.500000000000000000e-01 2.500000000000000000e-01
2.602804659918268593e-01 1.765262354329878158e-01 3.314223878035639226e-01 2.317709107716213190e-01
2.500000000000000000e-01 2.500000000000000000e-01 2.500000000000000000e-01 2.500000000000000000e-01
3.068246322049622901e-02 4.550117209886176406e-01 2.535028449070045875e-01 2.608029708838814908e-01
2.500000000000000000e-01 2.500000000000000000e-01 2.500000000000000000e-01 2.500000000000000000e-01
2.500000000000000000e-01 2.500000000000000000e-01 2.500000000000000000e-01 2.500000000000000000e-01
2.500000000000000000e-01 2.500000000000000000e-01 2.500000000000000000e-01 2.500000000000000000e-01
2.500000000000000000e-01 2.500000000000000000e-01 2.500000000000000000e-01 2.500000000000000000e-01
2.500000000000000000e-01 2.500000000000000000e-01 2.500000000000000000e-01 2.500000000000000000e-01
5.238685647857226069e-02 1.950384858776489649e-01 3.079901280063729319e-01 4.445845296374058564e-01
2.500000000000000000e-01 2.500000000000000000e-01 2.500000000000000000e-01 2.500000000000000000e-01
2.500000000000000000e-01 2.500000000000000000e-01 2.500000000000000000e-01 2.500000000000000000e-01
2.500000000000000000e-01 2.500000000000000000e-01 2.500000000000000000e-01 2.500000000000000000e-01
2.500000000000000000e-01 2.500000000000000000e-01 2.500000000000000000e-01 2.500000000000000000e-01
3.563508760029385214e-01 3.206159698824618265e-01 2.735143523156395307e-01 4.951880179896012146e-02
2.500000000000000000e-01 2.500000000000000000e-01 2.500000000000000000e-01 2.500000000000000000e-01
1.726082617738012789e-02 4.264912538169843836e-01 6.889216974577083707e-02 4.873557502598646618e-01
3.667414404417907448e-01 4.459995454324632846e-01 6.042714939095528148e-03 1.812162991866504425e-01
2.500000000000000000e-01 2.500000000000000000e-01 2.500000000000000000e-01 2.500000000000000000e-01
2.500000000000000000e-01 2.500000000000000000e-01 2.500000000000000000e-01 2.500000000000000000e-01
2.500000000000000000e-01 2.500000000000000000e-01 2.500000000000000000e-01 2.500000000000000000e-01
2.058849641955740606e-01 1.601919178632146227e-03 1.043058688197377182e-01 6.882072478060561327e-01
2.500000000000000000e-01 2.500000000000000000e-01 2.500000000000000000e-01 2.500000000000000000e-01
3.087313923637077795e-01 3.836763526958956727e-01 2.563111052433669212e-01 5.128114969702962656e-02
1.918004201405748566e-01 1.786126088832911407e-01 1.986988755028354647e-01 4.308880954732985380e-01
2.500000000000000000e-01 2.500000000000000000e-01 2.500000000000000000e-01 2.500000000000000000e-01
2.500000000000000000e-01 2.500000000000000000e-01 2.500000000000000000e-01 2.500000000000000000e-01
5.904391151806747534e-02 4.550181554848707344e-01 1.190976171566443531e-02 4.740281712813973480e-01
2.500000000000000000e-01 2.500000000000000000e-01 2.500000000000000000e-01 2.500000000000000000e-01
3.311258743105318092e-01 1.899351788821281722e-02 4.829130030368050663e-01 1.669676047644503281e-01
1.167556674662851429e-01 4.443007369995441436e-01 2.795367570085168230e-01 1.594068385256538489e-01
2.500000000000000000e-01 2.500000000000000000e-01 2.500000000000000000e-01 2.500000000000000000e-01
2.500000000000000000e-01 2.500000000000000000e-01 2.500000000000000000e-01 2.500000000000000000e-01
6.591507585710255912e-02 2.647612480991528433e-02 2.653380820265943130e-01 6.422707173063878505e-01
2.500000000000000000e-01 2.500000000000000000e-01 2.500000000000000000e-01 2.500000000000000000e-01
2.500000000000000000e-01 2.500000000000000000e-01 2.500000000000000000e-01 2.500000000000000000e-01
2.500000000000000000e-01 2.500000000000000000e-01 2.500000000000000000e-01 2.500000000000000000e-01
2.500000000000000000e-01 2.500000000000000000e-01 2.500000000000000000e-01 2.500000000000000000e-01
2.500000000000000000e-01 2.500000000000000000e-01 2.500000000000000000e-01 2.500000000000000000e-01
2.500000000000000000e-01 2.500000000000000000e-01 2.500000000000000000e-01 2.500000000000000000e-01
2.500000000000000000e-01 2.500000000000000000e-01 2.500000000000000000e-01 2.500000000000000000e-01
2.500000000000000000e-01 2.500000000000000000e-01 2.500000000000000000e-01 2.500000000000000000e-01
1.547644064052454138e-01 1.403282359181536876e-01 5.133749221949399644e-01 1.915324354816608787e-01
2.500000000000000000e-01 2.500000000000000000e-01 2.500000000000000000e-01 2.500000000000000000e-01
2.500000000000000000e-01 2.500000000000000000e-01 2.500000000000000000e-01 2.500000000000000000e-01
2.500000000000000000e-01 2.500000000000000000e-01 2.500000000000000000e-01 2.500000000000000000e-01
2.500000000000000000e-01 2.500000000000000000e-01 2.500000000000000000e-01 2.500000000000000000e-01
2.500000000000000000e-01 2.500000000000000000e-01 2.500000000000000000e-01 2.500000000000000000e-01
2.500000000000000000e-01 2.500000000000000000e-01 2.500000000000000000e-01 2.500000000000000000e-01
2.500000000000000000e-01 2.500000000000000000e-01 2.500000000000000000e-01 2.500000000000000000e-01
2.500000000000000000e-01 2.500000000000000000e-01 2.500000000000000000e-01 2.500000000000000000e-01
2.500000000000000000e-01 2.500000000000000000e-01 2.500000000000000000e-01 2.500000000000000000e-01
2.500000000000000000e-01 2.500000000000000000e-01 2.500000000000000000e-01 2.500000000000000000e-01
2.500000000000000000e-01 2.500000000000000000e-01 2.500000000000000000e-01 2.500000000000000000e-01
6.285705129137436620e-01 2.477010295429903364e-01 1.172891800926204597e-01 6.439277450645541911e-03
2.500000000000000000e-01 2.500000000000000000e-01 2.500000000000000000e-01 2.500000000000000000e-01
3.938163313169856239e-01 1.291038858331202688e-01 3.826052563524804384e-01 9.447452649741366892e-02
2.500000000000000000e-01 2.500000000000000000e-01 2.500000000000000000e-01 2.500000000000000000e-01
1.086489304391317634e-01 1.080456678333716475e-01 3.761974365440757806e-01 4.071079651834207946e-01
2.500000000000000000e-01 2.500000000000000000e-01 2.500000000000000000e-01 2.500000000000000000e-01
1.874931584048916688e-01 9.415615379158810694e-03 5.696322251586874996e-01 2.334590010572620278e-01
2.500000000000000000e-01 2.500000000000000000e-01 2.500000000000000000e-01 2.500000000000000000e-01
2.500000000000000000e-01 2.500000000000000000e-01 2.500000000000000000e-01 2.500000000000000000e-01
2.500000000000000000e-01 2.500000000000000000e-01 2.500000000000000000e-01 2.500000000000000000e-01
2.916146629764391207e-01 4.890202073666487514e-01 1.388343888981684593e-01 8.053074075874361304e-02
2.500000000000000000e-01 2.500000000000000000e-01 2.500000000000000000e-01 2.500000000000000000e-01
2.500000000000000000e-01 2.500000000000000000e-01 2.500000000000000000e-01 2.500000000000000000e-01
2.500000000000000000e-01 2.500000000000000000e-01 2.500000000000000000e-01 2.500000000000000000e-01
1.985226916246514151e-01 4.086175364310342534e-02 2.725241455757813069e-01 4.880914091564638735e-01
2.500000000000000000e-01 2.500000000000000000e-01 2.500000000000000000e-01 2.500000000000000000e-01
6.136456698566783441e-02 2.680921778817009771e-01 1.712902257075560319e-02 6.534142325618755853e-01
2.500000000000000000e-01 2.500000000000000000e-01 2.500000000000000000e-01 2.500000000000000000e-01
9.439020652019385060e-02 1.514488839185136326e-01 5.427273406578415615e-01 2.114335689034509969e-01
2.500000000000000000e-01 2.500000000000000000e-01 2.500000000000000000e-01 2.500000000000000000e-01
8.536954443181801744e-02 1.906348714549679357e-01 1.077292577293745834e-01 6.162663263838394911e-01
2.500000000000000000e-01 2.500000000000000000e-01 2.500000000000000000e-01 2.500000000000000000e-01
2.500000000000000000e-01 2.500000000000000000e-01 2.500000000000000000e-01 2.500000000000000000e-01
2.500000000000000000e-01 2.500000000000000000e-01 2.500000000000000000e-01 2.500000000000000000e-01
2.500000000000000000e-01 2.500000000000000000e-01 2.500000000000000000e-01 2.500000000000000000e-01
2.500000000000000000e-01 2.500000000000000000e-01 2.500000000000000000e-01 2.500000000000000000e-01
2.500000000000000000e-01 2.500000000000000000e-01 2.500000000000000000e-01 2.500000000000000000e-01
2.500000000000000000e-01 2.500000000000000000e-01 2.500000000000000000e-01 2.500000000000000000e-01
1.118104382060958468e-01 3.329587652514940377e-01 2.358239604399141598e-01 3.194068361024959835e-01
2.500000000000000000e-01 2.500000000000000000e-01 2.500000000000000000e-01 2.500000000000000000e-01
4.614358435418266513e-01 9.485317456909815592e-02 1.591336020811993934e-02 4.277976216809552534e-01
9.854954115511668777e-02 3.914756654088821231e-01 1.739086013297306277e-01 3.360661921062705337e-01
2.500000000000000000e-01 2.500000000000000000e-01 2.500000000000000000e-01 2.500000000000000000e-01
8.205682150677050535e-01 8.155264793054620154e-02 4.768553357807089887e-02 5.019360342367784611e-02
2.500000000000000000e-01 2.500000000000000000e-01 2.500000000000000000e-01 2.500000000000000000e-01
2.500000000000000000e-01 2.500000000000000000e-01 2.500000000000000000e-01 2.500000000000000000e-01
2.636043125422985467e-01 5.911825613233708671e-02 4.675102556536619436e-01 2.097671756717024438e-01
2.500000000000000000e-01 2.500000000000000000e-01 2.500000000000000000e-01 2.500000000000000000e-01
2.500000000000000000e-01 2.500000000000000000e-01 2.500000000000000000e-01 2.500000000000000000e-01
1.547340957377669329e-02 3.471406829531187843e-01 2.234380433965501012e-01 4.139478640765544282e-01
2.500000000000000000e-01 2.500000000000000000e-01 2.500000000000000000e-01 2.500000000000000000e-01
2.500000000000000000e-01 2.500000000000000000e-01 2.500000000000000000e-01 2.500000000000000000e-01
1.923388412241973655e-01 8.441171998282022068e-03 2.970586523966107229e-01 5.021613343809099295e-01
2.500000000000000000e-01 2.500000000000000000e-01 2.500000000000000000e-01 2.500000000000000000e-01
2.500000000000000000e-01 2.500000000000000000e-01 2.500000000000000000e-01 2.500000000000000000e-01
2.500000000000000000e-01 2.500000000000000000e-01 2.500000000000000000e-01 2.500000000000000000e-01
4.099151489784671476e-01 2.471279188633951907e-01 1.331777331614950044e-01 2.097791989966426573e-01
2.500000000000000000e-01 2.500000000000000000e-01 2.500000000000000000e-01 2.500000000000000000e-01
2.500000000000000000e-01 2.500000000000000000e-01 2.500000000000000000e-01 2.500000000000000000e-01
2.500000000000000000e-01 2.500000000000000000e-01 2.500000000000000000e-01 2.500000000000000000e-01
2.500000000000000000e-01 2.500000000000000000e-01 2.500000000000000000e-01 2.500000000000000000e-01
2.500000000000000000e-01 2.500000000000000000e-01 2.500000000000000000e-01 2.500000000000000000e-01
2.500000000000000000e-01 2.500000000000000000e-01 2.500000000000000000e-01 2.500000000000000000e-01
2.198157444271984715e-02 7.033787115735529172e-02 1.476434914282411248e-01 7.600370629716837190e-01
2.500000000000000000e-01 2.500000000000000000e-01 2.500000000000000000e-01 2.500000000000000000e-01
2.500000000000000000e-01 2.500000000000000000e-01 2.500000000000000000e-01 2.500000000000000000e-01
2.500000000000000000e-01 2.500000000000000000e-01 2.500000000000000000e-01 2.500000000000000000e-01
2.500000000000000000e-01 2.500000000000000000e-01 2.500000000000000000e-01 2.500000000000000000e-01
2.500000000000000000e-01 2.500000000000000000e-01 2.500000000000000000e-01 2.500000000000000000e-01
2.500000000000000000e-01 2.500000000000000000e-01 2.500000000000000000e-01 2.500000000000000000e-01
2.500000000000000000e-01 2.500000000000000000e-01 2.500000000000000000e-01 2.500000000000000000e-01
2.500000000000000000e-01 2.500000000000000000e-01 2.500000000000000000e-01 2.500000000000000000e-01
1.877578261989140407e-01 4.548449840045046266e-01 1.562739786063777614e-01 2.011232111902035713e-01
2.500000000000000000e-01 2.500000000000000000e-01 2.500000000000000000e-01 2.500000000000000000e-01
2.500000000000000000e-01 2.500000000000000000e-01 2.500000000000000000e-01 2.500000000000000000e-01
2.500000000000000000e-01 2.500000000000000000e-01 2.500000000000000000e-01 2.500000000000000000e-01
2.500000000000000000e-01 2.500000000000000000e-01 2.500000000000000000e-01 2.500000000000000000e-01
2.500000000000000000e-01 2.500000000000000000e-01 2.500000000000000000e-01 2.500000000000000000e-01
2.500000000000000000e-01 2.500000000000000000e-01 2.500000000000000000e-01 2.500000000000000000e-01
2.500000000000000000e-01 2.500000000000000000e-01 2.500000000000000000e-01 2.500000000000000000e-01
2.500000000000000000e-01 2.500000000000000000e-01 2.500000000000000000e-01 2.500000000000000000e-01
2.500000000000000000e-01 2.500000000000000000e-01 2.500000000000000000e-01 2.500000000000000000e-01
9.183584000555523874e-02 9.097399497311829675e-02 1.651341741557132980e-01 6.520559908656131665e-01
2.812036407066806909e-01 2.915192817049798157e-01 2.157929796498608832e-02 4.056977796233534050e-01
2.500000000000000000e-01 2.500000000000000000e-01 2.500000000000000000e-01 2.500000000000000000e-01
1.226057783724823214e-01 4.633443323726493812e-02 2.169450679890806422e-01 6.141147204011720984e-01
2.500000000000000000e-01 2.500000000000000000e-01 2.500000000000000000e-01 2.500000000000000000e-01
5.016545173071600416e-01 1.264496709501543026e-01 2.769595252865125201e-01 9.493628645617313566e-02
2.500000000000000000e-01 2.500000000000000000e-01 2.500000000000000000e-01 2.500000000000000000e-01
7.413495340466511596e-01 1.835910541731989448e-02 9.232114171121119650e-02 1.479702188248177563e-01
2.500000000000000000e-01 2.500000000000000000e-01 2.500000000000000000e-01 2.500000000000000000e-01
6.095587536816839958e-01 1.979876826613976848e-01 4.243288237755590830e-02 1.500206812793624112e-01
2.500000000000000000e-01 2.500000000000000000e-01 2.500000000000000000e-01 2.500000000000000000e-01
2.500000000000000000e-01 2.500000000000000000e-01 2.500000000000000000e-01 2.500000000000000000e-01
2.500000000000000000e-01 2.500000000000000000e-01 2.500000000000000000e-01 2.500000000000000000e-01
2.500000000000000000e-01 2.500000000000000000e-01 2.500000000000000000e-01 2.500000000000000000e-01
1.220558660919370264e-01 2.998978628774277566e-01 4.181870097251578211e-01 1.598592613054773959e-01
1.830631098487759123e-01 5.150711147603488360e-01 1.521068054579273188e-01 1.497589699329478774e-01
6.020296836144860275e-02 4.939192709878726939e-01 1.265991114441645804e-01 3.192786492065141646e-01
2.500000000000000000e-01 2.500000000000000000e-01 2.500000000000000000e-01 2.500000000000000000e-01
2.500000000000000000e-01 2.500000000000000000e-01 2.500000000000000000e-01 2.500000000000000000e-01
2.500000000000000000e-01 2.500000000000000000e-01 2.500000000000000000e-01 2.500000000000000000e-01
2.500000000000000000e-01 2.500000000000000000e-01 2.500000000000000000e-01 2.500000000000000000e-01
3.853964999365719901e-01 4.330467175038277966e-02 1.391518315433307729e-01 4.321469967697144643e-01
2.500000000000000000e-01 2.500000000000000000e-01 2.500000000000000000e-01 2.500000000000000000e-01
2.500000000000000000e-01 2.500000000000000000e-01 2.500000000000000000e-01 2.500000000000000000e-01
1.090307020408049499e-01 4.549902180545750685e-01 2.713940654949150710e-01 1.645850144097049106e-01
2.890259598457887158e-01 1.577926825501091701e-01 5.169362824674378354e-01 3.624507513666430647e-02
4.060047529520289245e-01 2.320925670330594714e-01 1.005950603032451651e-01 2.613076197116664390e-01
2.500000000000000000e-01 2.500000000000000000e-01 2.500000000000000000e-01 2.500000000000000000e-01
4.408207079036848830e-01 8.447493903411875185e-03 3.063874001485875076e-01 2.443443980443157360e-01
5.199398397668045790e-01 4.296421640309264212e-01 1.591541149899061702e-02 3.450258470327838278e-02
2.500000000000000000e-01 2.500000000000000000e-01 2.500000000000000000e-01 2.500000000000000000e-01
2.500000000000000000e-01 2.500000000000000000e-01 2.500000000000000000e-01 2.500000000000000000e-01
