2.500000000000000000e-01 2.500000000000000000e-01 2.500000000000000000e-01 2.500000000000000000e-01
2.500000000000000000e-01 2.500000000000000000e-01 2.500000000000000000e-01 2.500000000000000000e-01
2.500000000000000000e-01 2.500000000000000000e-01 2.500000000000000000e-01 2.500000000000000000e-01
2.500000000000000000e-01 2.500000000000000000e-01 2.500000000000000000e-01 2.500000000000000000e-01
2.500000000000000000e-01 2.500000000000000000e-01 2.500000000000000000e-01 2.500000000000000000e-01
1.760284850469181206e-01 5.823000365438172343e-01 3.447414477034671521e-03 2.382240639322299736e-01
5.091087245595612432e-01 7.547576065513872390e-02 1.941259569737119328e-01 2.212895578115881001e-01
2.500000000000000000e-01 2.500000000000000000e-01 2.500000000000000000e-01 2.500000000000000000e-01
2.500000000000000000e-01 2.500000000000000000e-01 2.500000000000000000e-01 2.500000000000000000e-01
2.500000000000000000e-01 2.500000000000000000e-01 2.500000000000000000e-01 2.500000000000000000e-01
2.500000000000000000e-01 2.500000000000000000e-01 2.500000000000000000e-01 2.500000000000000000e-01
2.500000000000000000e-01 2.500000000000000000e-01 2.500000000000000000e-01 2.500000000000000000e-01
6.446875933716529616e-02 2.443758317765589438e-01 1.442737386287651635e-01 5.468816702575105548e-01
2.500000000000000000e-01 2.500000000000000000e-01 2.500000000000000000e-01 2.500000000000000000e-01
2.500000000000000000e-01 2.500000000000000000e-01 2.500000000000000000e-01 2.500000000000000000e-01
2.500000000000000000e-01 2.500000000000000000e-01 2.500000000000000000e-01 2.500000000000000000e-01
2.500000000000000000e-01 2.500000000000000000e-01 2.500000000000000000e-01 2.500000000000000000e-01
2.500000000000000000e-01 2.500000000000000000e-01 2.500000000000000000e-01 2.500000000000000000e-01
3.204702491834147682e-01 3.721215679698368084e-01 1.585027202837046567e-01 1.489054625630437112e-01
3.480004554291137864e-01 2.480825279234504521e-01 1.077817892635133112e-01 2.961352273839224503e-01
2.500000000000000000e-01 2.500000000000000000e-01 2.500000000000000000e-01 2.500000000000000000e-01
2.500000000000000000e-01 2.500000000000000000e-01 2.500000000000000000e-01 2.500000000000000000e-01
2.500000000000000000e-01 2.500000000000000000e-01 2.500000000000000000e-01 2.500000000000000000e-01
1.645133432161940135e-01 1.645746828761650016e-01 4.398441644363257352e-01 2.310678094713152497e-01
2.500000000000000000e-01 2.500000000000000000e-01 2.500000000000000000e-01 2.500000000000000000e-01
2.500000000000000000e-01 2.500000000000000000e-01 2.500000000000000000e-01 2.500000000000000000e-01
2.597722557668191712e-01 4.743544566669063989e-01 2.184113165175821658e-02 2.440321559145162134e-01
1.083827426135161934e-02 3.049872448505377975e-01 9.659036591764774693e-02 5.875841149704628119e-01
2.500000000000000000e-01 2.500000000000000000e-01 2.500000000000000000e-01 2.500000000000000000e-01
3.118230943883743000e-01 3.704046803643608055e-01 2.143399032168341600e-01 1.034323220304307345e-01
2.500000000000000000e-01 2.500000000000000000e-01 2.500000000000000000e-01 2.500000000000000000e-01
2.500000000000000000e-01 2.500000000000000000e-01 2.500000000000000000e-01 2.500000000000000000e-01
2.500000000000000000e-01 2.500000000000000000e-01 2.500000000000000000e-01 2.500000000000000000e-01
2.500000000000000000e-01 2.500000000000000000e-01 2.500000000000000000e-01 2.500000000000000000e-01
2.500000000000000000e-01 2.500000000000000000e-01 2.500000000000000000e-01 2.500000000000000000e-01
2.500000000000000000e-01 2.500000000000000000e-01 2.500000000000000000e-01 2.500000000000000000e-01
8.395368285808404440e-01 5.773814999449754931e-02 8.018419186956537992e-02 2.254082955509661979e-02
1.657995901375790282e-01 1.776107311894357943e-01 5.405931081209954803e-01 1.159965705519896695e-01
2.500000000000000000e-01 2.500000000000000000e-01 2.500000000000000000e-01 2.500000000000000000e-01
2.500000000000000000e-01 2.500000000000000000e-01 2.500000000000000000e-01 2.500000000000000000e-01
5.793928710127150827e-01 3.699635376057640035e-01 4.611087296608279429e-02 4.532718415438119486e-03
2.500000000000000000e-01 2.500000000000000000e-01 2.500000000000000000e-01 2.500000000000000000e-01
2.500000000000000000e-01 2.500000000000000000e-01 2.500000000000000000e-01 2.500000000000000000e-01
2.500000000000000000e-01 2.500000000000000000e-01 2.500000000000000000e-01 2.500000000000000000e-01
1.392590950465807387e-01 3.618450161621332706e-01 2.845616664570738141e-02 4.704397221455786093e-01
5.601259658630202143e-01 1.786274148495433922e-01 1.275800506705092319e-01 1.336665686169271616e-01
2.500000000000000000e-01 2.500000000000000000e-01 2.500000000000000000e-01 2.500000000000000000e-01
2.500000000000000000e-01 2.500000000000000000e-01 2.500000000000000000e-01 2.500000000000000000e-01
2.500000000000000000e-01 2.500000000000000000e-01 2.500000000000000000e-01 2.500000000000000000e-01
2.500000000000000000e-01 2.500000000000000000e-01 2.500000000000000000e-01 2.500000000000000000e-01
2.500000000000000000e-01 2.500000000000000000e-01 2.500000000000000000e-01 2.500000000000000000e-01
2.497622778159020174e-01 5.250506197362002636e-01 1.975993593442837426e-01 2.758774310361397641e-02
2.500000000000000000e-01 2.500000000000000000e-01 2.500000000000000000e-01 2.500000000000000000e-01
2.580953488234791759e-01 4.266469157865990409e-03 3.960081422997108191e-01 3.416300397189440119e-01
5.452750240058342746e-01 4.187239436304143747e-01 7.301945212554283859e-03 2.869908715119706688e-02
2.500000000000000000e-01 2.500000000000000000e-01 2.500000000000000000e-01 2.500000000000000000e-01
4.030902385912749630e-01 4.976783058801175219e-01 8.700826006082151842e-02 1.222319546778599664e-02
2.500000000000000000e-01 2.500000000000000000e-01 2.500000000000000000e-01 2.500000000000000000e-01
2.500000000000000000e-01 2.500000000000000000e-01 2.500000000000000000e-01 2.500000000000000000e-01
2.500000000000000000e-01 2.500000000000000000e-01 2.500000000000000000e-01 2.500000000000000000e-01
4.241300599297093132e-01 1.713468082600874687e-02 1.515182593023936264e-01 4.072169999418883135e-01
1.767444417947629520e-01 4.064043730743944205e-01 2.960407171357864464e-01 1.208104679950561255e-01
4.952978095940333558e-01 8.347963759131644956e-02 3.949108804087625990e-01 2.631167240588760947e-02
2.449069602339128404e-01 6.004075596792554093e-01 5.613324063733815539e-02 9.855223944949359494e-02
7.175681708406152215e-02 5.460155926991383524e-01 1.912813611572403705e-01 1.909462290595597134e-01
1.824976144082008922e-01 4.055415215427861653e-01 2.252178378476843990e-01 1.867430262013285991e-01
1.868793933679187003e-01 4.507974334452554549e-02 6.815482440491946736e-01 8.649261923836104593e-02
2.042833483283656298e-02 2.691672958041635422e-01 4.011737779296097317e-01 3.092305914333901562e-01
2.500000000000000000e-01 2.500000000000000000e-01 2.500000000000000000e-01 2.500000000000000000e-01
2.500000000000000000e-01 2.500000000000000000e-01 2.500000000000000000e-01 2.500000000000000000e-01
4.371188570734696466e-02 7.165705031412682446e-01 7.962441938801023689e-03 2.317551692125837670e-01
2.004697677623714092e-01 2.213177864876012257e-01 1.594253639848715320e-01 4.187870817651558331e-01
3.303421003044312854e-01 4.053439958618736821e-02 5.110325619611120196e-01 1.180909381482694309e-01
1.640195808316131584e-02 6.598876187642350732e-01 7.720809911129400405e-02 2.465023240413095618e-01
2.500000000000000000e-01 2.500000000000000000e-01 2.500000000000000000e-01 2.500000000000000000e-01
2.500000000000000000e-01 2.500000000000000000e-01 2.500000000000000000e-01 2.500000000000000000e-01
2.500000000000000000e-01 2.500000000000000000e-01 2.500000000000000000e-01 2.500000000000000000e-01
2.500000000000000000e-01 2.500000000000000000e-01 2.500000000000000000e-01 2.500000000000000000e-01
2.500000000000000000e-01 2.500000000000000000e-01 2.500000000000000000e-01 2.500000000000000000e-01
2.500000000000000000e-01 2.500000000000000000e-01 2.500000000000000000e-01 2.500000000000000000e-01
2.500000000000000000e-01 2.500000000000000000e-01 2.500000000000000000e-01 2.500000000000000000e-01
2.500000000000000000e-01 2.500000000000000000e-01 2.500000000000000000e-01 2.500000000000000000e-01
2.500000000000000000e-01 2.500000000000000000e-01 2.500000000000000000e-01 2.500000000000000000e-01
2.500000000000000000e-01 2.500000000000000000e-01 2.500000000000000000e-01 2.500000000000000000e-01
3.161949982268525416e-01 4.976281381439244811e-01 8.233745817029247682e-02 1.038394054589305004e-01
1.946783843481835752e-01 2.604245225914290640e-01 3.974326642027163348e-01 1.474644288576710260e-01
5.429236201875127232e-01 1.042519579812584444e-03 3.804845366817796171e-01 7.554932355089505336e-02
2.500000000000000000e-01 2.500000000000000000e-01 2.500000000000000000e-01 2.500000000000000000e-01
2.500000000000000000e-01 2.500000000000000000e-01 2.500000000000000000e-01 2.500000000000000000e-01
2.500000000000000000e-01 2.500000000000000000e-01 2.500000000000000000e-01 2.500000000000000000e-01
4.223509240185852054e-01 2.626953953669676212e-01 1.339670390395510946e-01 1.809866415748960788e-01
3.541095263517620717e-01 2.459712292372694675e-01 3.877646830076632023e-01 1.215456140330534174e-02
2.500000000000000000e-01 2.500000000000000000e-01 2.500000000000000000e-01 2.500000000000000000e-01
5.791659988821705740e-01 3.116280697564411395e-01 2.273787171116942174e-02 8.646805965021886475e-02
2.500000000000000000e-01 2.500000000000000000e-01 2.500000000000000000e-01 2.500000000000000000e-01
5.965958389397503329e-03 7.210408010860018535e-02 1.104956562337136711e-01 8.114343052682886359e-01
2.500000000000000000e-01 2.500000000000000000e-01 2.500000000000000000e-01 2.500000000000000000e-01
2.500000000000000000e-01 2.500000000000000000e-01 2.500000000000000000e-01 2.500000000000000000e-01
2.500000000000000000e-01 2.500000000000000000e-01 2.500000000000000000e-01 2.500000000000000000e-01
2.500000000000000000e-01 2.500000000000000000e-01 2.500000000000000000e-01 2.500000000000000000e-01
1.806364318516724965e-01 4.091044992745943021e-01 2.041130033603642535e-01 2.061460655133689479e-01
2.500000000000000000e-01 2.500000000000000000e-01 2.500000000000000000e-01 2.500000000000000000e-01
2.500000000000000000e-01 2.500000000000000000e-01 2.500000000000000000e-01 2.500000000000000000e-01
2.500000000000000000e-01 2.500000000000000000e-01 2.500000000000000000e-01 2.500000000000000000e-01
2.500000000000000000e-01 2.500000000000000000e-01 2.500000000000000000e-01 2.500000000000000000e-01
2.500000000000000000e-01 2.500000000000000000e-01 2.500000000000000000e-01 2.500000000000000000e-01
2.500000000000000000e-01 2.500000000000000000e-01 2.500000000000000000e-01 2.500000000000000000e-01
2.500000000000000000e-01 2.500000000000000000e-01 2.500000000000000000e-01 2.500000000000000000e-01
2.500000000000000000e-01 2.500000000000000000e-01 2.500000000000000000e-01 2.500000000000000000e-01
2.500000000000000000e-01 2.500000000000000000e-01 2.500000000000000000e-01 2.500000000000000000e-01
2.500000000000000000e-01 2.500000000000000000e-01 2.500000000000000000e-01 2.500000000000000000e-01
2.500000000000000000e-01 2.500000000000000000e-01 2.500000000000000000e-01 2.500000000000000000e-01
2.963927030082187386e-01 2.836536776841776519e-01 9.822544245705161492e-02 3.217281768505519945e-01
2.500000000000000000e-01 2.500000000000000000e-01 2.500000000000000000e-01 2.500000000000000000e-01
7.356612587435746864e-01 2.754148602452210354e-02 7.969705419370654020e-02 1.571002010381966629e-01
2.500000000000000000e-01 2.500000000000000000e-01 2.500000000000000000e-01 2.500000000000000000e-01
2.500000000000000000e-01 2.500000000000000000e-01 2.500000000000000000e-01 2.500000000000000000e-01
2.500000000000000000e-01 2.500000000000000000e-01 2.500000000000000000e-01 2.500000000000000000e-01
2.500000000000000000e-01 2.500000000000000000e-01 2.500000000000000000e-01 2.500000000000000000e-01
2.500000000000000000e-01 2.500000000000000000e-01 2.500000000000000000e-01 2.500000000000000000e-01
1.427216196280310101e-01 2.606376708681629739e-01 1.052347047247931267e-02 5.861172390313267311e-01
4.240942345279116177e-01 2.053564959687114722e-01 1.097864357705705118e-01 2.607628337328063983e-01
2.500000000000000000e-01 2.500000000000000000e-01 2.500000000000000000e-01 2.500000000000000000e-01
2.500000000000000000e-01 2.500000000000000000e-01 2.500000000000000000e-01 2.500000000000000000e-01
2.500000000000000000e-01 2.500000000000000000e-01 2.500000000000000000e-01 2.500000000000000000e-01
2.500000000000000000e-01 2.500000000000000000e-01 2.500000000000000000e-01 2.500000000000000000e-01
2.106159314943491789e-01 2.138988656535390498e-01 4.870957353938831225e-01 8.838946745822859330e-02
2.071095376708918245e-01 2.453024768036436154e-01 4.507664739911005913e-01 9.682151153436394098e-02
2.500000000000000000e-01 2.500000000000000000e-01 2.500000000000000000e-01 2.500000000000000000e-01
2.500000000000000000e-01 2.500000000000000000e-01 2.500000000000000000e-01 2.500000000000000000e-01
2.500000000000000000e-01 2.500000000000000000e-01 2.500000000000000000e-01 2.500000000000000000e-01
1.300571457081207138e-01 7.900990889753810309e-02 1.404883131996225165e-01 6.504446321947185972e-01
2.265229704097222740e-01 8.433749391144866603e-02 1.879594136507099500e-01 5.011801220281191238e-01
2.500000000000000000e-01 2.500000000000000000e-01 2.500000000000000000e-01 2.500000000000000000e-01
3.563667181005277657e-02 2.239278390150896692e-01 3.019599457647154095e-02 7.102394945983859786e-01
4.508013735144282830e-01 3.788290158887494541e-01 1.483738286320615551e-01 2.199578196476070779e-02
2.139698002652964948e-01 1.969166218748938380e-01 1.251831382808038517e-02 5.765952640317293376e-01
2.500000000000000000e-01 2.500000000000000000e-01 2.500000000000000000e-01 2.500000000000000000e-01
2.500000000000000000e-01 2.500000000000000000e-01 2.500000000000000000e-01 2.500000000000000000e-01
2.500000000000000000e-01 2.500000000000000000e-01 2.500000000000000000e-01 2.500000000000000000e-01
5.606525973142033603e-01 2.529368578375928434e-01 1.672351031382583453e-01 1.917544170994545105e-02
2.500000000000000000e-01 2.500000000000000000e-01 2.500000000000000000e-01 2.500000000000000000e-01
2.500000000000000000e-01 2.500000000000000000e-01 2.500000000000000000e-01 2.500000000000000000e-01
2.500000000000000000e-01 2.500000000000000000e-01 2.500000000000000000e-01 2.500000000000000000e-01
2.212072453041267761e-01 3.464793413153710588e-01 6.850394343493682037e-02 3.638094699455653447e-01
2.458831000652821897e-01 1.383394399497016869e-01 7.359362142273970231e-02 5.421838385622763656e-01
6.484803413196109645e-01 6.808155566328610853e-02 4.552579551938751301e-02 2.379123074977154140e-01
5.982640957236076140e-01 7.457991295137074428e-02 1.059269023398843740e-01 2.212290889851372677e-01
2.500000000000000000e-01 2.500000000000000000e-01 2.500000000000000000e-01 2.500000000000000000e-01
2.500000000000000000e-01 2.500000000000000000e-01 2.500000000000000000e-01 2.500000000000000000e-01
2.500000000000000000e-01 2.500000000000000000e-01 2.500000000000000000e-01 2.500000000000000000e-01
1.054472236688106107e-01 7.814562347575462059e-03 6.706086885598151470e-01 2.161295254237988184e-01
2.500000000000000000e-01 2.500000000000000000e-01 2.500000000000000000e-01 2.500000000000000000e-01
2.627464657624744016e-01 1.396161694970998457e-01 2.923815915210368210e-01 3.052557732193889040e-01
8.576031119770909095e-02 4.602499609263983604e-01 1.571174671249067067e-01 2.968722607509858280e-01
6.235230343980843748e-02 1.192815534826231110e-03 1.422315462676550790e-01 7.942233347577102309e-01
1.145187974337193715e-01 4.551943728702004810e-01 1.601057619292556300e-01 2.701810677668244898e-01
2.500000000000000000e-01 2.500000000000000000e-01 2.500000000000000000e-01 2.500000000000000000e-01
2.500000000000000000e-01 2.500000000000000000e-01 2.500000000000000000e-01 2.500000000000000000e-01
2.500000000000000000e-01 2.500000000000000000e-01 2.500000000000000000e-01 2.500000000000000000e-01
4.835909559407906566e-01 1.071603529446737112e-02 4.660944476226066002e-01 3.959856114213539113e-02
2.500000000000000000e-01 2.500000000000000000e-01 2.500000000000000000e-01 2.500000000000000000e-01
2.500000000000000000e-01 2.500000000000000000e-01 2.500000000000000000e-01 2.500000000000000000e-01
2.500000000000000000e-01 2.500000000000000000e-01 2.500000000000000000e-01 2.500000000000000000e-01
2.500000000000000000e-01 2.500000000000000000e-01 2.500000000000000000e-01 2.500000000000000000e-01
2.500000000000000000e-01 2.500000000000000000e-01 2.500000000000000000e-01 2.500000000000000000e-01
2.500000000000000000e-01 2.500000000000000000e-01 2.500000000000000000e-01 2.500000000000000000e-01
2.500000000000000000e-01 2.500000000000000000e-01 2.500000000000000000e-01 2.500000000000000000e-01
2.500000000000000000e-01 2.500000000000000000e-01 2.500000000000000000e-01 2.500000000000000000e-01
2.500000000000000000e-01 2.500000000000000000e-01 2.500000000000000000e-01 2.500000000000000000e-01
2.500000000000000000e-01 2.500000000000000000e-01 2.500000000000000000e-01 2.500000000000000000e-01
2.500000000000000000e-01 2.500000000000000000e-01 2.500000000000000000e-01 2.500000000000000000e-01
2.500000000000000000e-01 2.500000000000000000e-01 2.500000000000000000e-01 2.500000000000000000e-01
4.058669311161837157e-01 3.714052349033004630e-01 2.708361613468890372e-02 1.956442178458269177e-01
4.576592106595687159e-01 2.926436559753518574e-01 6.454376025956382046e-02 1.851533731055156062e-01
4.324617050662296625e-02 3.355378775542942615e-01 2.661643644246056151e-01 3.550515875144771849e-01
2.500000000000000000e-01 2.500000000000000000e-01 2.500000000000000000e-01 2.500000000000000000e-01
7.147382596247318920e-02 2.258161062595964719e-01 3.921458963872908043e-01 3.105641713906395207e-01
2.500000000000000000e-01 2.500000000000000000e-01 2.500000000000000000e-01 2.500000000000000000e-01
2.500000000000000000e-01 2.500000000000000000e-01 2.500000000000000000e-01 2.500000000000000000e-01
2.500000000000000000e-01 2.500000000000000000e-01 2.500000000000000000e-01 2.500000000000000000e-01
3.376611390774186816e-01 3.023824213310634113e-01 8.177422561335856432e-02 2.781822139781593428e-01
2.500000000000000000e-01 2.500000000000000000e-01 2.500000000000000000e-01 2.500000000000000000e-01
4.474489729093773516e-01 6.259655857332252493e-02 4.485668890551643417e-01 4.138757946213578176e-02
2.500000000000000000e-01 2.500000000000000000e-01 2.500000000000000000e-01 2.500000000000000000e-01
1.574597727162077576e-01 2.154777813834484190e-01 3.415651577245693016e-02 5.929059301278869487e-01
2.500000000000000000e-01 2.500000000000000000e-01 2.500000000000000000e-01 2.500000000000000000e-01
3.459477329788490652e-01 1.444044687110214876e-03 1.886980310109243331e-01 4.639101913231163943e-01
2.179248963365509051e-01 3.357779660243255249e-01 1.000738284503227549e-01 3.462233091888008429e-01
2.500000000000000000e-01 2.500000000000000000e-01 2.500000000000000000e-01 2.500000000000000000e-01
7.899388130605995706e-02 2.020660778105313748e-01 6.719540832339238046e-02 6.517446325600162460e-01
2.500000000000000000e-01 2.500000000000000000e-01 2.500000000000000000e-01 2.500000000000000000e-01
2.500000000000000000e-01 2.500000000000000000e-01 2.500000000000000000e-01 2.500000000000000000e-01
4.482773550010490382e-01 2.224077890911888566e-01 1.512533155785199535e-01 1.780615403292421517e-01
2.500000000000000000e-01 2.500000000000000000e-01 2.500000000000000000e-01 2.500000000000000000e-01
2.500000000000000000e-01 2.500000000000000000e-01 2.500000000000000000e-01 2.500000000000000000e-01
2.500000000000000000e-01 2.500000000000000000e-01 2.500000000000000000e-01 2.500000000000000000e-01
2.500000000000000000e-01 2.500000000000000000e-01 2.500000000000000000e-01 2.500000000000000000e-01
2.500000000000000000e-01 2.500000000000000000e-01 2.500000000000000000e-01 2.500000000000000000e-01
8.106209028259704630e-02 1.588835881225702795e-01 3.401722514476714920e-01 4.198820701471611683e-01
2.500000000000000000e-01 2.500000000000000000e-01 2.500000000000000000e-01 2.500000000000000000e-01
1.337176759203750620e-01 1.598266434897875621e-02 7.322378240843852026e-01 1.180618356462609653e-01
3.162626707171955487e-01 2.789664672454661987e-01 8.927362818209111373e-02 3.154972338552471389e-01
2.500000000000000000e-01 2.500000000000000000e-01 2.500000000000000000e-01 2.500000000000000000e-01
1.932724608878101658e-01 1.466709998066485603e-02 1.329769796392374914e-01 6.590834594922875267e-01
4.946051625549084674e-02 2.052476421697561615e-01 5.185061817440437260e-01 2.267856598307093074e-01
1.946820755217832377e-01 5.942982900965267101e-02 2.782718057365509701e-01 4.676162897320131351e-01
1.785599863334467463e-01 7.359152397332167916e-02 2.096261373441428155e-01 5.382223523490887729e-01
2.500000000000000000e-01 2.500000000000000000e-01 2.500000000000000000e-01 2.500000000000000000e-01
2.500000000000000000e-01 2.500000000000000000e-01 2.500000000000000000e-01 2.500000000000000000e-01
2.037915395759493445e-02 1.128042248445506740e-01 6.213853788518124421e-01 2.454312423460420223e-01
3.809138920666012007e-01 4.532554847513289853e-02 5.198579294815277585e-01 5.390262997673811451e-02
3.515238681189323255e-01 2.557037923520969480e-01 2.778764124277598446e-01 1.148959271012109373e-01
2.500000000000000000e-01 2.500000000000000000e-01 2.500000000000000000e-01 2.500000000000000000e-01
2.077278636668503098e-01 4.139632179568750736e-01 1.009415964563413759e-01 2.773673219199332407e-01
7.080543305611194937e-02 3.941833788720321974e-01 1.913881470290956233e-01 3.436230410427602022e-01
2.500000000000000000e-01 2.500000000000000000e-01 2.500000000000000000e-01 2.500000000000000000e-01
2.500000000000000000e-01 2.500000000000000000e-01 2.500000000000000000e-01 2.500000000000000000e-01
2.500000000000000000e-01 2.500000000000000000e-01 2.500000000000000000e-01 2.500000000000000000e-01
2.500000000000000000e-01 2.500000000000000000e-01 2.500000000000000000e-01 2.500000000000000000e-01
2.500000000000000000e-01 2.500000000000000000e-01 2.500000000000000000e-01 2.500000000000000000e-01
2.500000000000000000e-01 2.500000000000000000e-01 2.500000000000000000e-01 2.500000000000000000e-01
2.500000000000000000e-01 2.500000000000000000e-01 2.500000000000000000e-01 2.500000000000000000e-01
2.500000000000000000e-01 2.500000000000000000e-01 2.500000000000000000e-01 2.500000000000000000e-01
2.500000000000000000e-01 2.500000000000000000e-01 2.500000000000000000e-01 2.500000000000000000e-01
2.500000000000000000e-01 2.500000000000000000e-01 2.500000000000000000e-01 2.500000000000000000e-01
1.965875737043781477e-02 3.441100760172329798e-01 4.160780556051746348e-02 5.946233610518117940e-01
3.789037044131730037e-01 1.610503077986896181e-01 1.032796776178416809e-01 3.567663101702956974e-01
2.500000000000000000e-01 2.500000000000000000e-01 2.500000000000000000e-01 2.500000000000000000e-01
2.500000000000000000e-01 2.500000000000000000e-01 2.500000000000000000e-01 2.500000000000000000e-01
2.500000000000000000e-01 2.500000000000000000e-01 2.500000000000000000e-01 2.500000000000000000e-01
1.957789116176966160e-01 3.447212452683592887e-02 2.326786066547706644e-01 5.370703572006967352e-01
2.500000000000000000e-01 2.500000000000000000e-01 2.500000000000000000e-01 2.500000000000000000e-01
2.500000000000000000e-01 2.500000000000000000e-01 2.500000000000000000e-01 2.500000000000000000e-01
4.104665346298955741e-01 1.221244519204009310e-01 1.621426935561852134e-01 3.052663198935182676e-01
2.500000000000000000e-01 2.500000000000000000e-01 2.500000000000000000e-01 2.500000000000000000e-01
2.500000000000000000e-01 2.500000000000000000e-01 2.500000000000000000e-01 2.500000000000000000e-01
2.500000000000000000e-01 2.500000000000000000e-01 2.500000000000000000e-01 2.500000000000000000e-01
4.784964696753199465e-01 1.722197429795581658e-01 2.683006078191339516e-01 8.098317952598793612e-02
2.500000000000000000e-01 2.500000000000000000e-01 2.500000000000000000e-01 2.500000000000000000e-01
2.500000000000000000e-01 2.500000000000000000e-01 2.500000000000000000e-01 2.500000000000000000e-01
5.704514116048647887e-01 9.798442117471529988e-02 6.114027599621217612e-02 2.704238912242077353e-01
2.500000000000000000e-01 2.500000000000000000e-01 2.500000000000000000e-01 2.500000000000000000e-01
3.412377786127039625e-02 9.407519173236490728e-02 5.996069090443477412e-02 8.118403395019299085e-01
2.500000000000000000e-01 2.500000000000000000e-01 2.500000000000000000e-01 2.500000000000000000e-01
2.500000000000000000e-01 2.500000000000000000e-01 2.500000000000000000e-01 2.500000000000000000e-01
2.500000000000000000e-01 2.500000000000000000e-01 2.500000000000000000e-01 2.500000000000000000e-01
2.500000000000000000e-01 2.500000000000000000e-01 2.500000000000000000e-01 2.500000000000000000e-01
3.064649209751504344e-01 3.118456611307341420e-01 2.962704687819504579e-01 8.541894911216496578e-02
2.765839679097991666e-01 6.069544063034763015e-01 2.024952413721259337e-02 9.621210164951199406e-02
2.500000000000000000e-01 2.500000000000000000e-01 2.500000000000000000e-01 2.500000000000000000e-01
2.500000000000000000e-01 2.500000000000000000e-01 2.500000000000000000e-01 2.500000000000000000e-01
2.500000000000000000e-01 2.500000000000000000e-01 2.500000000000000000e-01 2.500000000000000000e-01
2.500000000000000000e-01 2.500000000000000000e-01 2.500000000000000000e-01 2.500000000000000000e-01
7.894554942413486431e-01 1.132163481345472983e-01 2.930878220029763115e-02 6.801937542380642743e-02
2.500000000000000000e-01 2.500000000000000000e-01 2.500000000000000000e-01 2.500000000000000000e-01
2.500000000000000000e-01 2.500000000000000000e-01 2.500000000000000000e-01 2.500000000000000000e-01
2.171275318148951083e-01 9.058516164887665117e-03 1.456445508880685469e-01 6.281694011321486970e-01
2.500000000000000000e-01 2.500000000000000000e-01 2.500000000000000000e-01 2.500000000000000000e-01
7.599529402240966514e-01 1.187930757313147706e-01 9.807931032493459600e-02 2.317467371965398204e-02
9.847932392726332917e-02 1.829192578286126802e-01 1.424455630689767660e-01 5.761558551751472246e-01
2.500000000000000000e-01 2.500000000000000000e-01 2.500000000000000000e-01 2.500000000000000000e-01
2.500000000000000000e-01 2.500000000000000000e-01 2.500000000000000000e-01 2.500000000000000000e-01
2.500000000000000000e-01 2.500000000000000000e-01 2.500000000000000000e-01 2.500000000000000000e-01
1.790591834218669964e-01 8.109608325112001304e-02 5.715041755134813162e-01 1.683405578135316882e-01
2.088860728516868381e-01 5.026782713720315821e-01 2.326948365435642652e-01 5.574081923271731465e-02
2.500000000000000000e-01 2.500000000000000000e-01 2.500000000000000000e-01 2.500000000000000000e-01
2.500000000000000000e-01 2.500000000000000000e-01 2.500000000000000000e-01 2.500000000000000000e-01
2.500000000000000000e-01 2.500000000000000000e-01 2.500000000000000000e-01 2.500000000000000000e-01
2.500000000000000000e-01 2.500000000000000000e-01 2.500000000000000000e-01 2.500000000000000000e-01
2.500000000000000000e-01 2.500000000000000000e-01 2.500000000000000000e-01 2.500000000000000000e-01
2.500000000000000000e-01 2.500000000000000000e-01 2.500000000000000000e-01 2.500000000000000000e-01
2.500000000000000000e-01 2.500000000000000000e-01 2.500000000000000000e-01 2.500000000000000000e-01
1.428770614051148580e-01 4.203489856827947735e-01 4.074962417045513430e-02 3.960243287416352342e-01
2.500000000000000000e-01 2.500000000000000000e-01 2.500000000000000000e-01 2.500000000000000000e-01
2.500000000000000000e-01 2.500000000000000000e-01 2.500000000000000000e-01 2.500000000000000000e-01
2.500000000000000000e-01 2.500000000000000000e-01 2.500000000000000000e-01 2.500000000000000000e-01
2.500000000000000000e-01 2.500000000000000000e-01 2.500000000000000000e-01 2.500000000000000000e-01
2.500000000000000000e-01 2.500000000000000000e-01 2.500000000000000000e-01 2.500000000000000000e-01
5.320933841785984164e-01 2.261781539528605056e-01 1.507343466664229914e-01 9.099411520211808657e-02
2.500000000000000000e-01 2.500000000000000000e-01 2.500000000000000000e-01 2.500000000000000000e-01
4.604652633953348895e-01 1.429910491914764270e-01 1.483791439598763917e-01 2.481645434533122918e-01
1.017241570103419174e-01 7.261472141419332560e-03 6.837690483912138850e-01 2.072453224570247610e-01
2.500000000000000000e-01 2.500000000000000000e-01 2.500000000000000000e-01 2.500000000000000000e-01
2.500000000000000000e-01 2.500000000000000000e-01 2.500000000000000000e-01 2.500000000000000000e-01
2.500000000000000000e-01 2.500000000000000000e-01 2.500000000000000000e-01 2.500000000000000000e-01
4.121410787555257471e-01 2.159224997343774100e-01 6.171564784227787093e-02 3.102207736678189720e-01
2.500000000000000000e-01 2.500000000000000000e-01 2.500000000000000000e-01 2.500000000000000000e-01
2.583649581021553177e-01 3.701537578932164729e-01 3.043476962228151006e-01 6.713358778181310882e-02
2.500000000000000000e-01 2.500000000000000000e-01 2.500000000000000000e-01 2.500000000000000000e-01
4.105680128803274043e-01 1.547638017247686126e-01 1.010369101322236562e-01 3.336312752626803269e-01
2.500000000000000000e-01 2.500000000000000000e-01 2.500000000000000000e-01 2.500000000000000000e-01
2.263182056627309202e-01 2.536210136007852056e-01 3.918749201113078118e-01 1.281858606251760624e-01
2.500000000000000000e-01 2.500000000000000000e-01 2.500000000000000000e-01 2.500000000000000000e-01
2.500000000000000000e-01 2.500000000000000000e-01 2.500000000000000000e-01 2.500000000000000000e-01
7.530612513011533116e-01 5.375601491694895206e-02 7.807090860105045382e-02 1.151118251808472825e-01
2.500000000000000000e-01 2.500000000000000000e-01 2.500000000000000000e-01 2.500000000000000000e-01
2.500000000000000000e-01 2.500000000000000000e-01 2.500000000000000000e-01 2.500000000000000000e-01
2.500000000000000000e-01 2.500000000000000000e-01 2.500000000000000000e-01 2.500000000000000000e-01
2.500000000000000000e-01 2.500000000000000000e-01 2.500000000000000000e-01 2.500000000000000000e-01
2.500000000000000000e-01 2.500000000000000000e-01 2.500000000000000000e-01 2.500000000000000000e-01
2.500000000000000000e-01 2.500000000000000000e-01 2.500000000000000000e-01 2.500000000000000000e-01
2.500000000000000000e-01 2.500000000000000000e-01 2.500000000000000000e-01 2.500000000000000000e-01
2.500000000000000000e-01 2.500000000000000000e-01 2.500000000000000000e-01 2.500000000000000000e-01
2.500000000000000000e-01 2.500000000000000000e-01 2.500000000000000000e-01 2.500000000000000000e-01
7.971040441262756959e-02 3.384860953657260751e-02 1.530417143639883348e-01 7.333992716868115158e-01
1.849094726168524216e-01 2.508745225784044242e-01 1.995763537178068536e-01 3.646396510869363006e-01
2.500000000000000000e-01 2.500000000000000000e-01 2.500000000000000000e-01 2.500000000000000000e-01
3.314853396052934165e-01 1.721118865025320910e-01 1.707062831459205954e-01 3.256964907462538972e-01
2.855408726058830324e-02 1.733478071871508708e-01 3.918433961308027125e-01 4.062547094214581378e-01
2.500000000000000000e-01 2.500000000000000000e-01 2.500000000000000000e-01 2.500000000000000000e-01
3.544953293658163751e-02 5.589820864712770065e-01 1.164266394363491219e-01 2.891417411557922201e-01
4.619579212294571691e-01 8.556560504325487482e-02 2.508203378889720114e-01 2.016561358383159308e-01
2.500000000000000000e-01 2.500000000000000000e-01 2.500000000000000000e-01 2.500000000000000000e-01
2.343329538921061772e-01 7.250048954690315739e-01 9.182665237862153162e-03 3.147948540100015125e-02
2.500000000000000000e-01 2.500000000000000000e-01 2.500000000000000000e-01 2.500000000000000000e-01
2.500000000000000000e-01 2.500000000000000000e-01 2.500000000000000000e-01 2.500000000000000000e-01
2.500000000000000000e-01 2.500000000000000000e-01 2.500000000000000000e-01 2.500000000000000000e-01
2.500000000000000000e-01 2.500000000000000000e-01 2.500000000000000000e-01 2.500000000000000000e-01
2.500000000000000000e-01 2.500000000000000000e-01 2.500000000000000000e-01 2.500000000000000000e-01
1.322201237376378347e-01 1.799182981189454203e-02 2.092326778687089994e-01 6.405553685817586551e-01
2.500000000000000000e-01 2.500000000000000000e-01 2.500000000000000000e-01 2.500000000000000000e-01
7.178969399311815325e-01 1.597873828586801048e-01 7.687662731332922661e-03 1.146280144788054400e-01
2.500000000000000000e-01 2.500000000000000000e-01 2.500000000000000000e-01 2.500000000000000000e-01
2.500000000000000000e-01 2.500000000000000000e-01 2.500000000000000000e-01 2.500000000000000000e-01
2.500000000000000000e-01 2.500000000000000000e-01 2.500000000000000000e-01 2.500000000000000000e-01
8.424038072735885729e-02 1.073259557395267877e-01 3.084453348170741738e-02 7.775891300514069515e-01
1.928621543623323942e-01 4.727542684732883443e-02 1.113713055688498321e-01 6.484911132214890017e-01
2.500000000000000000e-01 2.500000000000000000e-01 2.500000000000000000e-01 2.500000000000000000e-01
2.469120800029444562e-01 4.760289067933455298e-01 7.891374343295132210e-02 1.981452697707586363e-01
2.500000000000000000e-01 2.500000000000000000e-01 2.500000000000000000e-01 2.500000000000000000e-01
2.500000000000000000e-01 2.500000000000000000e-01 2.500000000000000000e-01 2.500000000000000000e-01
1.501610962811358585e-01 3.871400261201832782e-01 1.053858315497205878e-01 3.573130460489603033e-01
2.500000000000000000e-01 2.500000000000000000e-01 2.500000000000000000e-01 2.500000000000000000e-01
2.500000000000000000e-01 2.500000000000000000e-01 2.500000000000000000e-01 2.500000000000000000e-01
2.500000000000000000e-01 2.500000000000000000e-01 2.500000000000000000e-01 2.500000000000000000e-01
2.500000000000000000e-01 2.500000000000000000e-01 2.500000000000000000e-01 2.500000000000000000e-01
2.500000000000000000e-01 2.500000000000000000e-01 2.500000000000000000e-01 2.500000000000000000e-01
2.500000000000000000e-01 2.500000000000000000e-01 2.500000000000000000e-01 2.500000000000000000e-01
2.500000000000000000e-01 2.500000000000000000e-01 2.500000000000000000e-01 2.500000000000000000e-01
2.500000000000000000e-01 2.500000000000000000e-01 2.500000000000000000e-01 2.500000000000000000e-01
5.761177866843797402e-01 1.078855858670164231e-01 2.321471447314898406e-01 8.384948271711401002e-02
2.500000000000000000e-01 2.500000000000000000e-01 2.500000000000000000e-01 2.500000000000000000e-01
2.500000000000000000e-01 2.500000000000000000e-01 2.500000000000000000e-01 2.500000000000000000e-01
2.500000000000000000e-01 2.500000000000000000e-01 2.500000000000000000e-01 2.500000000000000000e-01
2.500000000000000000e-01 2.500000000000000000e-01 2.500000000000000000e-01 2.500000000000000000e-01
2.500000000000000000e-01 2.500000000000000000e-01 2.500000000000000000e-01 2.500000000000000000e-01
2.500000000000000000e-01 2.500000000000000000e-01 2.500000000000000000e-01 2.500000000000000000e-01
2.500000000000000000e-01 2.500000000000000000e-01 2.500000000000000000e-01 2.500000000000000000e-01
6.451909297821860623e-01 1.456333584892829658e-01 9.037895327628583941e-02 1.187967584522451325e-01
2.500000000000000000e-01 2.500000000000000000e-01 2.500000000000000000e-01 2.500000000000000000e-01
2.500000000000000000e-01 2.500000000000000000e-01 2.500000000000000000e-01 2.500000000000000000e-01
1.783235693853809922e-01 1.644676214759032418e-01 5.191117729638425882e-01 1.380970361748732056e-01
2.500000000000000000e-01 2.500000000000000000e-01 2.500000000000000000e-01 2.500000000000000000e-01
2.500000000000000000e-01 2.500000000000000000e-01 2.500000000000000000e-01 2.500000000000000000e-01
2.500000000000000000e-01 2.500000000000000000e-01 2.500000000000000000e-01 2.500000000000000000e-01
2.373426041176443790e-01 3.254011846379558648e-01 2.952474445791910540e-01 1.420087666652087022e-01
2.500000000000000000e-01 2.500000000000000000e-01 2.500000000000000000e-01 2.500000000000000000e-01
2.500000000000000000e-01 2.500000000000000000e-01 2.500000000000000000e-01 2.500000000000000000e-01
2.500000000000000000e-01 2.500000000000000000e-01 2.500000000000000000e-01 2.500000000000000000e-01
2.500000000000000000e-01 2.500000000000000000e-01 2.500000000000000000e-01 2.500000000000000000e-01
1.746514458723161245e-01 2.318592528156340760e-01 1.828422364005349854e-02 5.752050776719963565e-01
2.500000000000000000e-01 2.500000000000000000e-01 2.500000000000000000e-01 2.500000000000000000e-01
2.500000000000000000e-01 2.500000000000000000e-01 2.500000000000000000e-01 2.500000000000000000e-01
2.500000000000000000e-01 2.500000000000000000e-01 2.500000000000000000e-01 2.500000000000000000e-01
5.517886719897411446e-02 2.755431502355862872e-01 3.941900945237215570e-01 2.750878880417180761e-01
2.500000000000000000e-01 2.500000000000000000e-01 2.500000000000000000e-01 2.500000000000000000e-01
2.500000000000000000e-01 2.500000000000000000e-01 2.500000000000000000e-01 2.500000000000000000e-01
2.500000000000000000e-01 2.500000000000000000e-01 2.500000000000000000e-01 2.500000000000000000e-01
2.500000000000000000e-01 2.500000000000000000e-01 2.500000000000000000e-01 2.500000000000000000e-01
2.156942580439599189e-01 1.052330444567322644e-02 3.136030828392097347e-01 4.601793546711571148e-01
2.500000000000000000e-01 2.500000000000000000e-01 2.500000000000000000e-01 2.500000000000000000e-01
2.400318675405233859e-01 2.767723592483815054e-01 7.330669829692282313e-02 4.098890749141722578e-01
4.654916543334796097e-01 8.875596560590198747e-02 8.963487730437386114e-02 3.561175027562445417e-01
2.500000000000000000e-01 2.500000000000000000e-01 2.500000000000000000e-01 2.500000000000000000e-01
2.500000000000000000e-01 2.500000000000000000e-01 2.500000000000000000e-01 2.500000000000000000e-01
2.500000000000000000e-01 2.500000000000000000e-01 2.500000000000000000e-01 2.500000000000000000e-01
2.500000000000000000e-01 2.500000000000000000e-01 2.500000000000000000e-01 2.500000000000000000e-01
2.500000000000000000e-01 2.500000000000000000e-01 2.500000000000000000e-01 2.500000000000000000e-01
2.500000000000000000e-01 2.500000000000000000e-01 2.500000000000000000e-01 2.500000000000000000e-01
2.500000000000000000e-01 2.500000000000000000e-01 2.500000000000000000e-01 2.500000000000000000e-01
5.647344528203481762e-01 2.672046113928829292e-01 1.518916780382126297e-01 1.616925774855626496e-02
2.500000000000000000e-01 2.500000000000000000e-01 2.500000000000000000e-01 2.500000000000000000e-01
2.500000000000000000e-01 2.500000000000000000e-01 2.500000000000000000e-01 2.500000000000000000e-01
2.500000000000000000e-01 2.500000000000000000e-01 2.500000000000000000e-01 2.500000000000000000e-01
2.500000000000000000e-01 2.500000000000000000e-01 2.500000000000000000e-01 2.500000000000000000e-01
2.500000000000000000e-01 2.500000000000000000e-01 2.500000000000000000e-01 2.500000000000000000e-01
2.402319017012416180e-01 1.257724426218884695e-01 5.220885723354270480e-01 1.119070833414428645e-01
2.500000000000000000e-01 2.500000000000000000e-01 2.500000000000000000e-01 2.500000000000000000e-01
3.450325258027360231e-01 2.266615653308675510e-02 3.169773092178401197e-01 3.153240084463371229e-01
2.500000000000000000e-01 2.500000000000000000e-01 2.500000000000000000e-01 2.500000000000000000e-01
3.595350621838330207e-01 7.741508571978250597e-02 7.373352684016165615e-02 4.893163252562228172e-01
2.500000000000000000e-01 2.500000000000000000e-01 2.500000000000000000e-01 2.500000000000000000e-01
2.420094673855651135e-01 1.491816181206353786e-01 5.764974117470786363e-02 5.511591733190916997e-01
2.500000000000000000e-01 2.500000000000000000e-01 2.500000000000000000e-01 2.500000000000000000e-01
2.500000000000000000e-01 2.500000000000000000e-01 2.500000000000000000e-01 2.500000000000000000e-01
2.500000000000000000e-01 2.500000000000000000e-01 2.500000000000000000e-01 2.500000000000000000e-01
3.948290847243063166e-03 9.305185740826095453e-02 3.088152847421053726e-02 8.721183232702854893e-01
2.500000000000000000e-01 2.500000000000000000e-01 2.500000000000000000e-01 2.500000000000000000e-01
2.500000000000000000e-01 2.500000000000000000e-01 2.500000000000000000e-01 2.500000000000000000e-01
2.500000000000000000e-01 2.500000000000000000e-01 2.500000000000000000e-01 2.500000000000000000e-01
2.500000000000000000e-01 2.500000000000000000e-01 2.500000000000000000e-01 2.500000000000000000e-01
2.500000000000000000e-01 2.500000000000000000e-01 2.500000000000000000e-01 2.500000000000000000e-01
2.500000000000000000e-01 2.500000000000000000e-01 2.500000000000000000e-01 2.500000000000000000e-01
2.500000000000000000e-01 2.500000000000000000e-01 2.500000000000000000e-01 2.500000000000000000e-01
7.182222096348936380e-02 6.394890250714063695e-01 3.804010242813804510e-02 2.506486515369662493e-01
2.617551011875763889e-01 1.564761270910852362e-02 2.856115689442875194e-01 4.369857171590275646e-01
2.707326252054353399e-01 6.831047614640745058e-02 6.653192349799325056e-02 5.944249751501640144e-01
2.500000000000000000e-01 2.500000000000000000e-01 2.500000000000000000e-01 2.500000000000000000e-01
2.500000000000000000e-01 2.500000000000000000e-01 2.500000000000000000e-01 2.500000000000000000e-01
2.729762900237278633e-01 8.121008742512987599e-02 1.856743671919899863e-01 4.601392553591522883e-01
2.487265795147794445e-01 7.103274464746715811e-02 5.606710982613556660e-02 6.241735660116178863e-01
2.500000000000000000e-01 2.500000000000000000e-01 2.500000000000000000e-01 2.500000000000000000e-01
7.999532814168022199e-01 4.844439029263102048e-02 6.963661752412232675e-02 8.196571076644443288e-02
4.488438517744499645e-01 4.000184887604392447e-02 2.251660878178541325e-01 2.859882115316519924e-01
2.500000000000000000e-01 2.500000000000000000e-01 2.500000000000000000e-01 2.500000000000000000e-01
2.500000000000000000e-01 2.500000000000000000e-01 2.500000000000000000e-01 2.500000000000000000e-01
2.500000000000000000e-01 2.500000000000000000e-01 2.500000000000000000e-01 2.500000000000000000e-01
2.500000000000000000e-01 2.500000000000000000e-01 2.500000000000000000e-01 2.500000000000000000e-01
2.500000000000000000e-01 2.500000000000000000e-01 2.500000000000000000e-01 2.500000000000000000e-01
2.500000000000000000e-01 2.500000000000000000e-01 2.500000000000000000e-01 2.500000000000000000e-01
8.583502141241958205e-02 2.754468330111629615e-01 2.378244615334902945e-01 4.008936840429271342e-01
2.500000000000000000e-01 2.500000000000000000e-01 2.500000000000000000e-01 2.500000000000000000e-01
1.541551819429858861e-01 7.300595299646113479e-02 9.712284895505100824e-02 6.757160161055020264e-01
2.500000000000000000e-01 2.500000000000000000e-01 2.500000000000000000e-01 2.500000000000000000e-01
2.500000000000000000e-01 2.500000000000000000e-01 2.500000000000000000e-01 2.500000000000000000e-01
1.163766448590412700e-01 9.181835131983373532e-02 2.596787818512524826e-02 7.658371256359997048e-01
2.671491293565776970e-01 2.518468488165828134e-01 3.160510923750956547e-01 1.649529294517438904e-01
2.500000000000000000e-01 2.500000000000000000e-01 2.500000000000000000e-01 2.500000000000000000e-01
4.649059837391492089e-01 3.237768179091329301e-01 4.571819402500221230e-02 1.655990043267156486e-01
2.500000000000000000e-01 2.500000000000000000e-01 2.500000000000000000e-01 2.500000000000000000e-01
2.500000000000000000e-01 2.500000000000000000e-01 2.500000000000000000e-01 2.500000000000000000e-01
2.500000000000000000e-01 2.500000000000000000e-01 2.500000000000000000e-01 2.500000000000000000e-01
2.500000000000000000e-01 2.500000000000000000e-01 2.500000000000000000e-01 2.500000000000000000e-01
2.108793469943942567e-01 5.254924042716634103e-02 1.165609375240764939e-01 6.200104750543629084e-01
1.796804442849925243e-01 4.582532624183601189e-01 1.593171791375431190e-01 2.027491141591042378e-01
2.500000000000000000e-01 2.500000000000000000e-01 2.500000000000000000e-01 2.500000000000000000e-01
2.500000000000000000e-01 2.500000000000000000e-01 2.500000000000000000e-01 2.500000000000000000e-01
2.500000000000000000e-01 2.500000000000000000e-01 2.500000000000000000e-01 2.500000000000000000e-01
2.500000000000000000e-01 2.500000000000000000e-01 2.500000000000000000e-01 2.500000000000000000e-01
2.500000000000000000e-01 2.500000000000000000e-01 2.500000000000000000e-01 2.500000000000000000e-01
2.500000000000000000e-01 2.500000000000000000e-01 2.500000000000000000e-01 2.500000000000000000e-01
2.500000000000000000e-01 2.500000000000000000e-01 2.500000000000000000e-01 2.500000000000000000e-01
6.720811538770327109e-01 2.244015871520493519e-02 2.353542165447140566e-01 7.012447086304829380e-02
2.500000000000000000e-01 2.500000000000000000e-01 2.500000000000000000e-01 2.500000000000000000e-01
2.423387538326551849e-01 3.183003122186016665e-01 4.234756392680492088e-01 1.588529468069399542e-02
2.500000000000000000e-01 2.500000000000000000e-01 2.500000000000000000e-01 2.500000000000000000e-01
2.500000000000000000e-01 2.500000000000000000e-01 2.500000000000000000e-01 2.500000000000000000e-01
2.500000000000000000e-01 2.500000000000000000e-01 2.500000000000000000e-01 2.500000000000000000e-01
2.500000000000000000e-01 2.500000000000000000e-01 2.500000000000000000e-01 2.500000000000000000e-01
2.500000000000000000e-01 2.500000000000000000e-01 2.500000000000000000e-01 2.500000000000000000e-01
2.500000000000000000e-01 2.500000000000000000e-01 2.500000000000000000e-01 2.500000000000000000e-01
2.500000000000000000e-01 2.500000000000000000e-01 2.500000000000000000e-01 2.500000000000000000e-01
2.500000000000000000e-01 2.500000000000000000e-01 2.500000000000000000e-01 2.500000000000000000e-01
2.500000000000000000e-01 2.500000000000000000e-01 2.500000000000000000e-01 2.500000000000000000e-01
2.500000000000000000e-01 2.500000000000000000e-01 2.500000000000000000e-01 2.500000000000000000e-01
8.247240366945411683e-02 1.060263690333365788e-01 1.505801112168973499e-01 6.609211160803120100e-01
6.763522983543708289e-01 1.312358422934661595e-01 9.218707314121113439e-02 1.002247862109518772e-01
2.500000000000000000e-01 2.500000000000000000e-01 2.500000000000000000e-01 2.500000000000000000e-01
2.500000000000000000e-01 2.500000000000000000e-01 2.500000000000000000e-01 2.500000000000000000e-01
2.500056441064694296e-02 2.985610501474209033e-01 3.365850349132250563e-01 3.398533505287070766e-01
2.500000000000000000e-01 2.500000000000000000e-01 2.500000000000000000e-01 2.500000000000000000e-01
2.500000000000000000e-01 2.500000000000000000e-01 2.500000000000000000e-01 2.500000000000000000e-01
2.240926761544138890e-01 5.627249511376636315e-01 1.264060492765591848e-01 8.677632343136329474e-02
2.546925000408338802e-01 2.171832849399058796e-01 2.873715065697141080e-01 2.407527084495461045e-01
2.500000000000000000e-01 2.500000000000000000e-01 2.500000000000000000e-01 2.500000000000000000e-01
2.500000000000000000e-01 2.500000000000000000e-01 2.500000000000000000e-01 2.500000000000000000e-01
2.500000000000000000e-01 2.500000000000000000e-01 2.500000000000000000e-01 2.500000000000000000e-01
2.500000000000000000e-01 2.500000000000000000e-01 2.500000000000000000e-01 2.500000000000000000e-01
2.500000000000000000e-01 2.500000000000000000e-01 2.500000000000000000e-01 2.500000000000000000e-01
3.608693708003852807e-01 2.721646500908565369e-03 1.168872962885312283e-01 5.195216864101749321e-01
2.500000000000000000e-01 2.500000000000000000e-01 2.500000000000000000e-01 2.500000000000000000e-01
2.500000000000000000e-01 2.500000000000000000e-01 2.500000000000000000e-01 2.500000000000000000e-01
3.361908174076917444e-01 6.134349387530493303e-01 4.328166789762555311e-03 4.604607704949631453e-02
2.001965910191620401e-01 9.644291446698798065e-02 5.765674574224824989e-01 1.267930370913674665e-01
2.500000000000000000e-01 2.500000000000000000e-01 2.500000000000000000e-01 2.500000000000000000e-01
2.500000000000000000e-01 2.500000000000000000e-01 2.500000000000000000e-01 2.500000000000000000e-01
9.022031747648731614e-02 7.057507857136371965e-02 6.457697389395519738e-02 7.746276300581937946e-01
2.500000000000000000e-01 2.500000000000000000e-01 2.500000000000000000e-01 2.500000000000000000e-01
2.500000000000000000e-01 2.500000000000000000e-01 2.500000000000000000e-01 2.500000000000000000e-01
1.353207848484773990e-01 6.622910130041917420e-02 1.061276579726916081e-01 6.923224558784117910e-01
2.510197356009110647e-01 1.565994632038894274e-01 2.641697707903128967e-01 3.282110304048866389e-01
2.500000000000000000e-01 2.500000000000000000e-01 2.500000000000000000e-01 2.500000000000000000e-01
2.500000000000000000e-01 2.500000000000000000e-01 2.500000000000000000e-01 2.500000000000000000e-01
2.500000000000000000e-01 2.500000000000000000e-01 2.500000000000000000e-01 2.500000000000000000e-01
2.500000000000000000e-01 2.500000000000000000e-01 2.500000000000000000e-01 2.500000000000000000e-01
2.500000000000000000e-01 2.500000000000000000e-01 2.500000000000000000e-01 2.500000000000000000e-01
2.500000000000000000e-01 2.500000000000000000e-01 2.500000000000000000e-01 2.500000000000000000e-01
9.301702802572013595e-02 3.035586579765217619e-01 4.427969332569789418e-01 1.606273807407791465e-01
2.500000000000000000e-01 2.500000000000000000e-01 2.500000000000000000e-01 2.500000000000000000e-01
2.500000000000000000e-01 2.500000000000000000e-01 2.500000000000000000e-01 2.500000000000000000e-01
2.500000000000000000e-01 2.500000000000000000e-01 2.500000000000000000e-01 2.500000000000000000e-01
6.725907078435178210e-01 1.016428868229593691e-01 3.673930460796152875e-02 1.890271007255612812e-01
3.338328638299198348e-01 2.351284894016190674e-01 2.234549892518017944e-01 2.075836575166593034e-01
2.500000000000000000e-01 2.500000000000000000e-01 2.500000000000000000e-01 2.500000000000000000e-01
2.500000000000000000e-01 2.500000000000000000e-01 2.500000000000000000e-01 2.500000000000000000e-01
2.500000000000000000e-01 2.500000000000000000e-01 2.500000000000000000e-01 2.500000000000000000e-01
2.612543062247791870e-01 2.012578842716272395e-02 6.377532111106934964e-01 8.086669423736453366e-02
4.550392580410517196e-01 1.180160192653808941e-02 3.114673317158547783e-01 2.216918083165554387e-01
2.500000000000000000e-01 2.500000000000000000e-01 2.500000000000000000e-01 2.500000000000000000e-01
