2.500000000000000000e-01 2.500000000000000000e-01 2.500000000000000000e-01 2.500000000000000000e-01
2.500000000000000000e-01 2.500000000000000000e-01 2.500000000000000000e-01 2.500000000000000000e-01
2.500000000000000000e-01 2.500000000000000000e-01 2.500000000000000000e-01 2.500000000000000000e-01
2.223321913643903636e-01 3.434291045461652647e-01 2.361759625253602168e-01 1.980627415640841549e-01
2.500000000000000000e-01 2.500000000000000000e-01 2.500000000000000000e-01 2.500000000000000000e-01
1.680251614066836929e-01 4.388197406024086505e-02 6.077855154451380360e-01 1.803073490879374130e-01
2.500000000000000000e-01 2.500000000000000000e-01 2.500000000000000000e-01 2.500000000000000000e-01
1.835471463918220969e-01 1.037427209427234931e-01 6.265807651465589156e-01 8.612936751889552212e-02
2.500000000000000000e-01 2.500000000000000000e-01 2.500000000000000000e-01 2.500000000000000000e-01
1.253785394884682214e-02 7.074616791698909446e-02 5.464020645160938550e-01 3.703139136180702562e-01
1.097848098754748425e-01 5.874101362792005787e-01 9.039090684199346803e-02 2.124141470033310553e-01
2.500000000000000000e-01 2.500000000000000000e-01 2.500000000000000000e-01 2.500000000000000000e-01
2.500000000000000000e-01 2.500000000000000000e-01 2.500000000000000000e-01 2.500000000000000000e-01
2.500000000000000000e-01 2.500000000000000000e-01 2.500000000000000000e-01 2.500000000000000000e-01
2.500000000000000000e-01 2.500000000000000000e-01 2.500000000000000000e-01 2.500000000000000000e-01
2.500000000000000000e-01 2.500000000000000000e-01 2.500000000000000000e-01 2.500000000000000000e-01
7.807656594278969409e-02 3.200067715408922986e-01 5.699027128149070087e-02 5.449263912348273342e-01
2.500000000000000000e-01 2.500000000000000000e-01 2.500000000000000000e-01 2.500000000000000000e-01
2.500000000000000000e-01 2.500000000000000000e-01 2.500000000000000000e-01 2.500000000000000000e-01
2.500000000000000000e-01 2.500000000000000000e-01 2.500000000000000000e-01 2.500000000000000000e-01
2.427617153077857859e-01 2.647460266522625068e-03 1.821836262471575596e-01 5.724071981785340268e-01
6.024404065671828956e-01 3.530023318357818352e-01 1.038633282431516980e-02 3.417092877272009943e-02
1.216438768166687445e-01 1.391007071331127054e-01 5.242418031250045685e-01 2.150136129252139539e-01
2.500000000000000000e-01 2.500000000000000000e-01 2.500000000000000000e-01 2.500000000000000000e-01
2.500000000000000000e-01 2.500000000000000000e-01 2.500000000000000000e-01 2.500000000000000000e-01
2.500000000000000000e-01 2.500000000000000000e-01 2.500000000000000000e-01 2.500000000000000000e-01
2.500000000000000000e-01 2.500000000000000000e-01 2.500000000000000000e-01 2.500000000000000000e-01
6.773749595857234129e-02 2.553863381284753875e-01 1.919253871136339940e-01 4.849507787993182495e-01
2.500000000000000000e-01 2.500000000000000000e-01 2.500000000000000000e-01 2.500000000000000000e-01
2.500000000000000000e-01 2.500000000000000000e-01 2.500000000000000000e-01 2.500000000000000000e-01
