2.500000000000000000e-01 2.500000000000000000e-01 2.500000000000000000e-01 2.500000000000000000e-01
3.548809661683112182e-01 6.267502806240267572e-03 5.013693096524314274e-01 1.374822213730170772e-01
2.500000000000000000e-01 2.500000000000000000e-01 2.500000000000000000e-01 2.500000000000000000e-01
3.861501848577326146e-01 4.797881471044652679e-01 8.983909741505136104e-02 4.422257062275075645e-02
2.500000000000000000e-01 2.500000000000000000e-01 2.500000000000000000e-01 2.500000000000000000e-01
2.500000000000000000e-01 2.500000000000000000e-01 2.500000000000000000e-01 2.500000000000000000e-01
7.332577818027363747e-01 8.617007513942440133e-02 7.590030275982687091e-02 1.046718402980123530e-01
2.500000000000000000e-01 2.500000000000000000e-01 2.500000000000000000e-01 2.500000000000000000e-01
2.500000000000000000e-01 2.500000000000000000e-01 2.500000000000000000e-01 2.500000000000000000e-01
2.500000000000000000e-01 2.500000000000000000e-01 2.500000000000000000e-01 2.500000000000000000e-01
2.828042473308465254e-01 2.670258003733689267e-01 1.966959903836540957e-01 2.534739619121304521e-01
2.500000000000000000e-01 2.500000000000000000e-01 2.500000000000000000e-01 2.500000000000000000e-01
2.500000000000000000e-01 2.500000000000000000e-01 2.500000000000000000e-01 2.500000000000000000e-01
4.123898631584955732e-01 4.767398415075053270e-02 8.057083183199609255e-02 4.593653208587578085e-01
1.855398399664123232e-01 3.796495080394929889e-01 8.698231692385133274e-02 3.478283350702433552e-01
2.500000000000000000e-01 2.500000000000000000e-01 2.500000000000000000e-01 2.500000000000000000e-01
2.500000000000000000e-01 2.500000000000000000e-01 2.500000000000000000e-01 2.500000000000000000e-01
2.500000000000000000e-01 2.500000000000000000e-01 2.500000000000000000e-01 2.500000000000000000e-01
4.198749125048705788e-01 1.011474121601291520e-01 7.914766388708691092e-02 3.998300114479133582e-01
2.500000000000000000e-01 2.500000000000000000e-01 2.500000000000000000e-01 2.500000000000000000e-01
3.081750195360218880e-01 1.772945798647448390e-01 4.196912393719107737e-01 9.483916122732249931e-02
6.213384073924530515e-01 1.077253507239604585e-01 1.179078800832128876e-01 1.530283618003736024e-01
2.500000000000000000e-01 2.500000000000000000e-01 2.500000000000000000e-01 2.500000000000000000e-01
2.500000000000000000e-01 2.500000000000000000e-01 2.500000000000000000e-01 2.500000000000000000e-01
2.500000000000000000e-01 2.500000000000000000e-01 2.500000000000000000e-01 2.500000000000000000e-01
2.500000000000000000e-01 2.500000000000000000e-01 2.500000000000000000e-01 2.500000000000000000e-01
2.500000000000000000e-01 2.500000000000000000e-01 2.500000000000000000e-01 2.500000000000000000e-01
4.804270245643905285e-02 4.812283216751015447e-01 4.859404168978731509e-02 4.221349341786720388e-01
2.500000000000000000e-01 2.500000000000000000e-01 2.500000000000000000e-01 2.500000000000000000e-01
2.500000000000000000e-01 2.500000000000000000e-01 2.500000000000000000e-01 2.500000000000000000e-01
2.500000000000000000e-01 2.500000000000000000e-01 2.500000000000000000e-01 2.500000000000000000e-01
2.500000000000000000e-01 2.500000000000000000e-01 2.500000000000000000e-01 2.500000000000000000e-01
2.500000000000000000e-01 2.500000000000000000e-01 2.500000000000000000e-01 2.500000000000000000e-01
4.234071292447903478e-01 4.822514392359383284e-01 2.182977136076086344e-02 7.251166015851040481e-02
2.500000000000000000e-01 2.500000000000000000e-01 2.500000000000000000e-01 2.500000000000000000e-01
2.500000000000000000e-01 2.500000000000000000e-01 2.500000000000000000e-01 2.500000000000000000e-01
5.680210378810283123e-01 1.141320692786115948e-01 2.606757029611553311e-01 5.717118987920477569e-02
2.500000000000000000e-01 2.500000000000000000e-01 2.500000000000000000e-01 2.500000000000000000e-01
2.500000000000000000e-01 2.500000000000000000e-01 2.500000000000000000e-01 2.500000000000000000e-01
2.500000000000000000e-01 2.500000000000000000e-01 2.500000000000000000e-01 2.500000000000000000e-01
2.500000000000000000e-01 2.500000000000000000e-01 2.500000000000000000e-01 2.500000000000000000e-01
2.500000000000000000e-01 2.500000000000000000e-01 2.500000000000000000e-01 2.500000000000000000e-01
1.125503225967218052e-01 2.995869901116888015e-02 3.643800047156480204e-01 4.931109736764612839e-01
2.500000000000000000e-01 2.500000000000000000e-01 2.500000000000000000e-01 2.500000000000000000e-01
3.245865395766427963e-01 4.701098758479631545e-01 1.851829258047950066e-01 2.012065877059904251e-02
2.500000000000000000e-01 2.500000000000000000e-01 2.500000000000000000e-01 2.500000000000000000e-01
3.477120500365371569e-01 1.806197607261409710e-01 8.894259255899469863e-02 3.827255966783271734e-01
2.500000000000000000e-01 2.500000000000000000e-01 2.500000000000000000e-01 2.500000000000000000e-01
2.500000000000000000e-01 2.500000000000000000e-01 2.500000000000000000e-01 2.500000000000000000e-01
2.500000000000000000e-01 2.500000000000000000e-01 2.500000000000000000e-01 2.500000000000000000e-01
2.500000000000000000e-01 2.500000000000000000e-01 2.500000000000000000e-01 2.500000000000000000e-01
2.500000000000000000e-01 2.500000000000000000e-01 2.500000000000000000e-01 2.500000000000000000e-01
2.500000000000000000e-01 2.500000000000000000e-01 2.500000000000000000e-01 2.500000000000000000e-01
2.500000000000000000e-01 2.500000000000000000e-01 2.500000000000000000e-01 2.500000000000000000e-01
2.516825014703465979e-01 5.800977766075614273e-02 1.923822597757627872e-01 4.979254610931344582e-01
2.500000000000000000e-01 2.500000000000000000e-01 2.500000000000000000e-01 2.500000000000000000e-01
3.051528919529588463e-02 3.137137154553915064e-02 6.222547721437349244e-01 3.158585671154299779e-01
2.500000000000000000e-01 2.500000000000000000e-01 2.500000000000000000e-01 2.500000000000000000e-01
2.500000000000000000e-01 2.500000000000000000e-01 2.500000000000000000e-01 2.500000000000000000e-01
2.500000000000000000e-01 2.500000000000000000e-01 2.500000000000000000e-01 2.500000000000000000e-01
2.625615453318110460e-03 4.333349637239425900e-01 8.343036626682270862e-02 4.806090545559165150e-01
2.500000000000000000e-01 2.500000000000000000e-01 2.500000000000000000e-01 2.500000000000000000e-01
2.500000000000000000e-01 2.500000000000000000e-01 2.500000000000000000e-01 2.500000000000000000e-01
2.500000000000000000e-01 2.500000000000000000e-01 2.500000000000000000e-01 2.500000000000000000e-01
2.500000000000000000e-01 2.500000000000000000e-01 2.500000000000000000e-01 2.500000000000000000e-01
2.500000000000000000e-01 2.500000000000000000e-01 2.500000000000000000e-01 2.500000000000000000e-01
2.500000000000000000e-01 2.500000000000000000e-01 2.500000000000000000e-01 2.500000000000000000e-01
2.500000000000000000e-01 2.500000000000000000e-01 2.500000000000000000e-01 2.500000000000000000e-01
2.500000000000000000e-01 2.500000000000000000e-01 2.500000000000000000e-01 2.500000000000000000e-01
3.421870341261966098e-01 1.979780938691433345e-01 6.140928965162739672e-02 3.984255823530326590e-01
2.500000000000000000e-01 2.500000000000000000e-01 2.500000000000000000e-01 2.500000000000000000e-01
4.260397694260918966e-01 2.359348429787030618e-02 3.114158005538236185e-01 2.389509457222142030e-01
2.500000000000000000e-01 2.500000000000000000e-01 2.500000000000000000e-01 2.500000000000000000e-01
2.500000000000000000e-01 2.500000000000000000e-01 2.500000000000000000e-01 2.500000000000000000e-01
2.602450081413429928e-01 4.976673110396426791e-01 7.545947768024874325e-02 1.666282031387655849e-01
5.980758245950379415e-01 7.937138193233546357e-02 1.480941957380749741e-01 1.744585977345516348e-01
7.708154951311207981e-02 4.011440375616875387e-01 3.532113485432902822e-02 4.864532780708713533e-01
2.500000000000000000e-01 2.500000000000000000e-01 2.500000000000000000e-01 2.500000000000000000e-01
2.500000000000000000e-01 2.500000000000000000e-01 2.500000000000000000e-01 2.500000000000000000e-01
2.500000000000000000e-01 2.500000000000000000e-01 2.500000000000000000e-01 2.500000000000000000e-01
1.926035246401417433e-01 3.200094133641971372e-01 1.139705178345135073e-02 4.759900102122097687e-01
2.500000000000000000e-01 2.500000000000000000e-01 2.500000000000000000e-01 2.500000000000000000e-01
3.394794021522345995e-01 5.663347384657327899e-01 3.716370850158667860e-02 5.702215088044593205e-02
1.866662504597935424e-01 7.276477817564096229e-02 4.067624591512719601e-01 3.338065122132934937e-01
2.648924461170787947e-01 1.538830806625640091e-01 4.794001906525563461e-02 5.332844541551016171e-01
2.500000000000000000e-01 2.500000000000000000e-01 2.500000000000000000e-01 2.500000000000000000e-01
2.500000000000000000e-01 2.500000000000000000e-01 2.500000000000000000e-01 2.500000000000000000e-01
5.052488993456426547e-01 7.483401328857750001e-02 2.711354116336275877e-02 3.928035462024170865e-01
7.969222042343749868e-01 9.002657934264196582e-02 1.795601574908850528e-02 9.509520067389454212e-02
2.500000000000000000e-01 2.500000000000000000e-01 2.500000000000000000e-01 2.500000000000000000e-01
2.500000000000000000e-01 2.500000000000000000e-01 2.500000000000000000e-01 2.500000000000000000e-01
2.500000000000000000e-01 2.500000000000000000e-01 2.500000000000000000e-01 2.500000000000000000e-01
2.876023850430376450e-01 3.770524419966968521e-01 5.983069881361824383e-02 2.755144741466472591e-01
2.500000000000000000e-01 2.500000000000000000e-01 2.500000000000000000e-01 2.500000000000000000e-01
2.500000000000000000e-01 2.500000000000000000e-01 2.500000000000000000e-01 2.500000000000000000e-01
1.705000440021038621e-01 3.694633758615040869e-02 6.208802343923075506e-01 1.716733840194381855e-01
6.369138903522983397e-02 2.022662486771757695e-01 4.030033431199159244e-01 3.310390191676784166e-01
2.500000000000000000e-01 2.500000000000000000e-01 2.500000000000000000e-01 2.500000000000000000e-01
2.500000000000000000e-01 2.500000000000000000e-01 2.500000000000000000e-01 2.500000000000000000e-01
2.500000000000000000e-01 2.500000000000000000e-01 2.500000000000000000e-01 2.500000000000000000e-01
2.500000000000000000e-01 2.500000000000000000e-01 2.500000000000000000e-01 2.500000000000000000e-01
2.500000000000000000e-01 2.500000000000000000e-01 2.500000000000000000e-01 2.500000000000000000e-01
2.500000000000000000e-01 2.500000000000000000e-01 2.500000000000000000e-01 2.500000000000000000e-01
2.500000000000000000e-01 2.500000000000000000e-01 2.500000000000000000e-01 2.500000000000000000e-01
2.500000000000000000e-01 2.500000000000000000e-01 2.500000000000000000e-01 2.500000000000000000e-01
3.309204084882426122e-01 1.326784683228280082e-01 1.427589675102011457e-01 3.936421556787282339e-01
7.926186928785452501e-01 1.320631908158894363e-01 8.612104258550107305e-03 6.670601204701520626e-02
1.934425692778196648e-01 1.295184206146792749e-01 3.748726625874657103e-01 3.021663475200352944e-01
4.181273895799348939e-01 1.238755573274643966e-02 3.571228093423672867e-01 2.123622453449514058e-01
2.500000000000000000e-01 2.500000000000000000e-01 2.500000000000000000e-01 2.500000000000000000e-01
2.500000000000000000e-01 2.500000000000000000e-01 2.500000000000000000e-01 2.500000000000000000e-01
2.500000000000000000e-01 2.500000000000000000e-01 2.500000000000000000e-01 2.500000000000000000e-01
2.080544514185853622e-01 2.189529733645508291e-01 9.868320646797934526e-03 5.631242545700658741e-01
2.500000000000000000e-01 2.500000000000000000e-01 2.500000000000000000e-01 2.500000000000000000e-01
2.500000000000000000e-01 2.500000000000000000e-01 2.500000000000000000e-01 2.500000000000000000e-01
8.909453172933249343e-01 1.748646905987634448e-02 9.072705788525996240e-02 8.411557615387588172e-04
2.500000000000000000e-01 2.500000000000000000e-01 2.500000000000000000e-01 2.500000000000000000e-01
2.500000000000000000e-01 2.500000000000000000e-01 2.500000000000000000e-01 2.500000000000000000e-01
1.515814616733472762e-03 8.748322073167573432e-02 2.623008538066513851e-02 8.847708792709256809e-01
2.500000000000000000e-01 2.500000000000000000e-01 2.500000000000000000e-01 2.500000000000000000e-01
7.444729712391173759e-01 2.422133415890111510e-02 1.243496838458379300e-01 1.069560107561435824e-01
2.500000000000000000e-01 2.500000000000000000e-01 2.500000000000000000e-01 2.500000000000000000e-01
2.500000000000000000e-01 2.500000000000000000e-01 2.500000000000000000e-01 2.500000000000000000e-01
2.500000000000000000e-01 2.500000000000000000e-01 2.500000000000000000e-01 2.500000000000000000e-01
2.500000000000000000e-01 2.500000000000000000e-01 2.500000000000000000e-01 2.500000000000000000e-01
2.500000000000000000e-01 2.500000000000000000e-01 2.500000000000000000e-01 2.500000000000000000e-01
2.500000000000000000e-01 2.500000000000000000e-01 2.500000000000000000e-01 2.500000000000000000e-01
2.500000000000000000e-01 2.500000000000000000e-01 2.500000000000000000e-01 2.500000000000000000e-01
2.500000000000000000e-01 2.500000000000000000e-01 2.500000000000000000e-01 2.500000000000000000e-01
2.500000000000000000e-01 2.500000000000000000e-01 2.500000000000000000e-01 2.500000000000000000e-01
1.786542971187074225e-01 6.073439797108462490e-02 5.236807635053994381e-02 7.082432285596680366e-01
2.581533080138437852e-01 4.265260518751916585e-01 1.406277539111326913e-01 1.746928861998318649e-01
4.090597949119316179e-01 1.643103644436561678e-02 2.180388209756409790e-01 3.564703476680617933e-01
2.500000000000000000e-01 2.500000000000000000e-01 2.500000000000000000e-01 2.500000000000000000e-01
2.500000000000000000e-01 2.500000000000000000e-01 2.500000000000000000e-01 2.500000000000000000e-01
2.500000000000000000e-01 2.500000000000000000e-01 2.500000000000000000e-01 2.500000000000000000e-01
2.500000000000000000e-01 2.500000000000000000e-01 2.500000000000000000e-01 2.500000000000000000e-01
3.393328835645796349e-01 2.810515821234964573e-01 3.529040165813925878e-01 2.671151773053132006e-02
2.500000000000000000e-01 2.500000000000000000e-01 2.500000000000000000e-01 2.500000000000000000e-01
2.500000000000000000e-01 2.500000000000000000e-01 2.500000000000000000e-01 2.500000000000000000e-01
2.500000000000000000e-01 2.500000000000000000e-01 2.500000000000000000e-01 2.500000000000000000e-01
2.117425975060357457e-01 1.318693322421125302e-01 1.821269731572606465e-01 4.742610970945910775e-01
2.500000000000000000e-01 2.500000000000000000e-01 2.500000000000000000e-01 2.500000000000000000e-01
7.405338541774604266e-01 1.066538650572492197e-01 2.217954493530976956e-02 1.306327358299805841e-01
2.500000000000000000e-01 2.500000000000000000e-01 2.500000000000000000e-01 2.500000000000000000e-01
2.500000000000000000e-01 2.500000000000000000e-01 2.500000000000000000e-01 2.500000000000000000e-01
2.500000000000000000e-01 2.500000000000000000e-01 2.500000000000000000e-01 2.500000000000000000e-01
2.500000000000000000e-01 2.500000000000000000e-01 2.500000000000000000e-01 2.500000000000000000e-01
2.730685352481131423e-01 2.473693850686679296e-01 2.645953091369798171e-01 2.149667705462391387e-01
2.577626327995210520e-01 3.638136920861597123e-01 3.739991013210665627e-01 4.424573793252672971e-03
2.500000000000000000e-01 2.500000000000000000e-01 2.500000000000000000e-01 2.500000000000000000e-01
2.500000000000000000e-01 2.500000000000000000e-01 2.500000000000000000e-01 2.500000000000000000e-01
2.500000000000000000e-01 2.500000000000000000e-01 2.500000000000000000e-01 2.500000000000000000e-01
2.500000000000000000e-01 2.500000000000000000e-01 2.500000000000000000e-01 2.500000000000000000e-01
2.500000000000000000e-01 2.500000000000000000e-01 2.500000000000000000e-01 2.500000000000000000e-01
2.500000000000000000e-01 2.500000000000000000e-01 2.500000000000000000e-01 2.500000000000000000e-01
4.355363695617230357e-01 4.236212010608301215e-01 5.508693134251840817e-04 1.402915600640216587e-01
2.500000000000000000e-01 2.500000000000000000e-01 2.500000000000000000e-01 2.500000000000000000e-01
7.655462163052304536e-01 1.729498451349121557e-01 1.899325388757092115e-02 4.251068467228646952e-02
2.500000000000000000e-01 2.500000000000000000e-01 2.500000000000000000e-01 2.500000000000000000e-01
2.500000000000000000e-01 2.500000000000000000e-01 2.500000000000000000e-01 2.500000000000000000e-01
2.500000000000000000e-01 2.500000000000000000e-01 2.500000000000000000e-01 2.500000000000000000e-01
3.142712567681290592e-01 7.543741542133876321e-02 6.185310302592937626e-02 5.484382247846028013e-01
2.500000000000000000e-01 2.500000000000000000e-01 2.500000000000000000e-01 2.500000000000000000e-01
2.500000000000000000e-01 2.500000000000000000e-01 2.500000000000000000e-01 2.500000000000000000e-01
4.276044703985802942e-01 3.464539905316486174e-02 5.024942624348749387e-01 3.525586811337988458e-02
3.085079012570808299e-01 2.215985738371490932e-01 6.718171553294638443e-02 4.027118093728236925e-01
2.500000000000000000e-01 2.500000000000000000e-01 2.500000000000000000e-01 2.500000000000000000e-01
2.500000000000000000e-01 2.500000000000000000e-01 2.500000000000000000e-01 2.500000000000000000e-01
2.500000000000000000e-01 2.500000000000000000e-01 2.500000000000000000e-01 2.500000000000000000e-01
2.500000000000000000e-01 2.500000000000000000e-01 2.500000000000000000e-01 2.500000000000000000e-01
5.622327882503194152e-01 2.481598418259389760e-01 1.717297587654521562e-01 1.787761115828945258e-02
2.500000000000000000e-01 2.500000000000000000e-01 2.500000000000000000e-01 2.500000000000000000e-01
2.500000000000000000e-01 2.500000000000000000e-01 2.500000000000000000e-01 2.500000000000000000e-01
2.500000000000000000e-01 2.500000000000000000e-01 2.500000000000000000e-01 2.500000000000000000e-01
2.600449691874030453e-02 1.826193076655537040e-01 1.709753597255649626e-01 6.204008356901410393e-01
3.789436443127164877e-01 6.724771265639135909e-02 1.362986251901782686e-01 4.175100178407138984e-01
2.500000000000000000e-01 2.500000000000000000e-01 2.500000000000000000e-01 2.500000000000000000e-01
2.500000000000000000e-01 2.500000000000000000e-01 2.500000000000000000e-01 2.500000000000000000e-01
4.843084589032873866e-01 6.980452034302940534e-02 3.462987907368582086e-01 9.958823001682498566e-02
2.220399107057309807e-01 1.350015015253421546e-01 9.353791090066224112e-02 5.494206768682645681e-01
2.500000000000000000e-01 2.500000000000000000e-01 2.500000000000000000e-01 2.500000000000000000e-01
2.500000000000000000e-01 2.500000000000000000e-01 2.500000000000000000e-01 2.500000000000000000e-01
2.500000000000000000e-01 2.500000000000000000e-01 2.500000000000000000e-01 2.500000000000000000e-01
2.106142774076692481e-01 5.331213343710169417e-01 1.637854961024087785e-03 2.546265332602897224e-01
2.500000000000000000e-01 2.500000000000000000e-01 2.500000000000000000e-01 2.500000000000000000e-01
2.500000000000000000e-01 2.500000000000000000e-01 2.500000000000000000e-01 2.500000000000000000e-01
7.340768513741243728e-01 1.330292498219386166e-01 2.174787920239976136e-02 1.111460196015372492e-01
2.500000000000000000e-01 2.500000000000000000e-01 2.500000000000000000e-01 2.500000000000000000e-01
2.500000000000000000e-01 2.500000000000000000e-01 2.500000000000000000e-01 2.500000000000000000e-01
3.656433703948857028e-01 7.563765487908717666e-02 5.287608950823864395e-01 2.995807964364072262e-02
1.234141500744233289e-01 6.820051782156916209e-02 5.769297461676592409e-01 2.314555859363483237e-01
2.500000000000000000e-01 2.500000000000000000e-01 2.500000000000000000e-01 2.500000000000000000e-01
2.500000000000000000e-01 2.500000000000000000e-01 2.500000000000000000e-01 2.500000000000000000e-01
2.500000000000000000e-01 2.500000000000000000e-01 2.500000000000000000e-01 2.500000000000000000e-01
2.500000000000000000e-01 2.500000000000000000e-01 2.500000000000000000e-01 2.500000000000000000e-01
3.957995595182139947e-01 3.942952985486052886e-01 1.312593550988537250e-01 7.864578683432699169e-02
2.500000000000000000e-01 2.500000000000000000e-01 2.500000000000000000e-01 2.500000000000000000e-01
2.500000000000000000e-01 2.500000000000000000e-01 2.500000000000000000e-01 2.500000000000000000e-01
2.596527904887020455e-01 8.735413808924180623e-02 8.346654786188717479e-02 5.695265235601689735e-01
3.423974652589320544e-01 1.623970233266036622e-01 3.882203096719154534e-01 1.069852017425488300e-01
1.876315808227475498e-02 4.787349761894298811e-02 9.236520069296705326e-02 8.409981436058151516e-01
2.500000000000000000e-01 2.500000000000000000e-01 2.500000000000000000e-01 2.500000000000000000e-01
2.500000000000000000e-01 2.500000000000000000e-01 2.500000000000000000e-01 2.500000000000000000e-01
2.500000000000000000e-01 2.500000000000000000e-01 2.500000000000000000e-01 2.500000000000000000e-01
2.500000000000000000e-01 2.500000000000000000e-01 2.500000000000000000e-01 2.500000000000000000e-01
3.575611393055259102e-01 2.781822339803329824e-01 6.777867942095616716e-03 3.574787587720454907e-01
2.500000000000000000e-01 2.500000000000000000e-01 2.500000000000000000e-01 2.500000000000000000e-01
2.323662001636396870e-02 6.406203416899468317e-02 4.440198249107214501e-01 4.686815209039199015e-01
2.500000000000000000e-01 2.500000000000000000e-01 2.500000000000000000e-01 2.500000000000000000e-01
7.203650381641721889e-01 7.032954985712934481e-02 1.813385350198469803e-01 2.796687695885147207e-02
2.500000000000000000e-01 2.500000000000000000e-01 2.500000000000000000e-01 2.500000000000000000e-01
2.500000000000000000e-01 2.500000000000000000e-01 2.500000000000000000e-01 2.500000000000000000e-01
4.907318762766318954e-01 4.184981670734500558e-01 1.623033131441736776e-02 7.453962533550068104e-02
2.500000000000000000e-01 2.500000000000000000e-01 2.500000000000000000e-01 2.500000000000000000e-01
2.777789097559925646e-01 2.219404894344274570e-01 2.740555256064747258e-02 4.728750482489325058e-01
1.769881699922510598e-01 1.464428581284430708e-01 1.066193871793338910e-02 6.659070331613724525e-01
2.500000000000000000e-01 2.500000000000000000e-01 2.500000000000000000e-01 2.500000000000000000e-01
2.500000000000000000e-01 2.500000000000000000e-01 2.500000000000000000e-01 2.500000000000000000e-01
2.500000000000000000e-01 2.500000000000000000e-01 2.500000000000000000e-01 2.500000000000000000e-01
2.500000000000000000e-01 2.500000000000000000e-01 2.500000000000000000e-01 2.500000000000000000e-01
2.500000000000000000e-01 2.500000000000000000e-01 2.500000000000000000e-01 2.500000000000000000e-01
2.500000000000000000e-01 2.500000000000000000e-01 2.500000000000000000e-01 2.500000000000000000e-01
7.542272456958901694e-01 1.345206238028879842e-01 2.565305026112685294e-02 8.559908024009499350e-02
2.500000000000000000e-01 2.500000000000000000e-01 2.500000000000000000e-01 2.500000000000000000e-01
2.500000000000000000e-01 2.500000000000000000e-01 2.500000000000000000e-01 2.500000000000000000e-01
2.500000000000000000e-01 2.500000000000000000e-01 2.500000000000000000e-01 2.500000000000000000e-01
3.439495456451767130e-01 1.382997220538964567e-01 5.232861509220992913e-02 4.654221172087169012e-01
2.500000000000000000e-01 2.500000000000000000e-01 2.500000000000000000e-01 2.500000000000000000e-01
2.500000000000000000e-01 2.500000000000000000e-01 2.500000000000000000e-01 2.500000000000000000e-01
2.500000000000000000e-01 2.500000000000000000e-01 2.500000000000000000e-01 2.500000000000000000e-01
2.500000000000000000e-01 2.500000000000000000e-01 2.500000000000000000e-01 2.500000000000000000e-01
2.500000000000000000e-01 2.500000000000000000e-01 2.500000000000000000e-01 2.500000000000000000e-01
4.495643180246969850e-01 2.934547714221596437e-01 1.680913295512297956e-01 8.888958100191357570e-02
2.500000000000000000e-01 2.500000000000000000e-01 2.500000000000000000e-01 2.500000000000000000e-01
2.500000000000000000e-01 2.500000000000000000e-01 2.500000000000000000e-01 2.500000000000000000e-01
2.788480809484063239e-02 4.719051925425602478e-01 1.860867983228262634e-01 3.141232010397728702e-01
2.500000000000000000e-01 2.500000000000000000e-01 2.500000000000000000e-01 2.500000000000000000e-01
2.500000000000000000e-01 2.500000000000000000e-01 2.500000000000000000e-01 2.500000000000000000e-01
9.195803912296744709e-02 1.687781405342403951e-01 4.357716268577631058e-01 3.034921934850290381e-01
2.500000000000000000e-01 2.500000000000000000e-01 2.500000000000000000e-01 2.500000000000000000e-01
7.360464962656458887e-01 1.949556540951647710e-01 3.226258374408255691e-02 3.673526589510678342e-02
2.500000000000000000e-01 2.500000000000000000e-01 2.500000000000000000e-01 2.500000000000000000e-01
3.951493339630701151e-01 2.884507335932580130e-01 1.365994783817268132e-01 1.798004540619450586e-01
2.500000000000000000e-01 2.500000000000000000e-01 2.500000000000000000e-01 2.500000000000000000e-01
6.646296234940994863e-01 5.331170571393670232e-02 2.136871312135333600e-01 6.837153957843045138e-02
2.500000000000000000e-01 2.500000000000000000e-01 2.500000000000000000e-01 2.500000000000000000e-01
7.045675790243834946e-01 6.832208795392052947e-02 1.263999791366215431e-01 1.007103538850744329e-01
2.697950568049598541e-01 8.650482169951378628e-03 5.003493127065830048e-01 2.212051483185057399e-01
2.500000000000000000e-01 2.500000000000000000e-01 2.500000000000000000e-01 2.500000000000000000e-01
2.500000000000000000e-01 2.500000000000000000e-01 2.500000000000000000e-01 2.500000000000000000e-01
2.500000000000000000e-01 2.500000000000000000e-01 2.500000000000000000e-01 2.500000000000000000e-01
2.500000000000000000e-01 2.500000000000000000e-01 2.500000000000000000e-01 2.500000000000000000e-01
2.500000000000000000e-01 2.500000000000000000e-01 2.500000000000000000e-01 2.500000000000000000e-01
2.500000000000000000e-01 2.500000000000000000e-01 2.500000000000000000e-01 2.500000000000000000e-01
2.500000000000000000e-01 2.500000000000000000e-01 2.500000000000000000e-01 2.500000000000000000e-01
9.562810674622296975e-03 3.737601698296548203e-01 4.799692639118419146e-02 5.686800931045387086e-01
2.500000000000000000e-01 2.500000000000000000e-01 2.500000000000000000e-01 2.500000000000000000e-01
2.500000000000000000e-01 2.500000000000000000e-01 2.500000000000000000e-01 2.500000000000000000e-01
2.500000000000000000e-01 2.500000000000000000e-01 2.500000000000000000e-01 2.500000000000000000e-01
2.708965884426418058e-01 4.933438241492388854e-01 8.754300272681464490e-02 1.482165846813046639e-01
2.500000000000000000e-01 2.500000000000000000e-01 2.500000000000000000e-01 2.500000000000000000e-01
2.500000000000000000e-01 2.500000000000000000e-01 2.500000000000000000e-01 2.500000000000000000e-01
1.048214920307662529e-01 1.932855256995195947e-01 3.246836461547299990e-01 3.772093361149841395e-01
2.500000000000000000e-01 2.500000000000000000e-01 2.500000000000000000e-01 2.500000000000000000e-01
2.500000000000000000e-01 2.500000000000000000e-01 2.500000000000000000e-01 2.500000000000000000e-01
1.978143758440140121e-01 6.121148810466447987e-01 2.016391516151849750e-02 1.699068279478227472e-01
1.551732578566470400e-01 1.153654463716414780e-01 1.597894708768118344e-01 5.696718248948996477e-01
2.500000000000000000e-01 2.500000000000000000e-01 2.500000000000000000e-01 2.500000000000000000e-01
2.500000000000000000e-01 2.500000000000000000e-01 2.500000000000000000e-01 2.500000000000000000e-01
9.619314609304414898e-02 5.649413355281566324e-02 4.952519791377352765e-01 3.520607412164049599e-01
2.500000000000000000e-01 2.500000000000000000e-01 2.500000000000000000e-01 2.500000000000000000e-01
3.523452905376065619e-02 2.323722282837022146e-01 1.886808873287163235e-01 5.437123553338207849e-01
2.500000000000000000e-01 2.500000000000000000e-01 2.500000000000000000e-01 2.500000000000000000e-01
2.500000000000000000e-01 2.500000000000000000e-01 2.500000000000000000e-01 2.500000000000000000e-01
2.500000000000000000e-01 2.500000000000000000e-01 2.500000000000000000e-01 2.500000000000000000e-01
1.473579618957760601e-02 2.969663340277185481e-01 2.507052428942075917e-01 4.375926268884962611e-01
2.500000000000000000e-01 2.500000000000000000e-01 2.500000000000000000e-01 2.500000000000000000e-01
2.868126453642329543e-01 1.416336387617091186e-01 2.569084011261896228e-01 3.146453147478683321e-01
3.634518633184823100e-02 1.749348070520373444e-01 4.956504465705844353e-01 2.930695600455299199e-01
2.500000000000000000e-01 2.500000000000000000e-01 2.500000000000000000e-01 2.500000000000000000e-01
2.500000000000000000e-01 2.500000000000000000e-01 2.500000000000000000e-01 2.500000000000000000e-01
5.695926900753630617e-01 2.032979583479297969e-01 4.841011872497802404e-03 2.222683397042093389e-01
1.501455299135731614e-01 2.408355625233679631e-02 1.894605219903778004e-01 6.363103918437122974e-01
5.745270769785448817e-01 2.236351412860990151e-01 1.203276606661630166e-01 8.151012106919308664e-02
2.500000000000000000e-01 2.500000000000000000e-01 2.500000000000000000e-01 2.500000000000000000e-01
2.500000000000000000e-01 2.500000000000000000e-01 2.500000000000000000e-01 2.500000000000000000e-01
2.500000000000000000e-01 2.500000000000000000e-01 2.500000000000000000e-01 2.500000000000000000e-01
2.500000000000000000e-01 2.500000000000000000e-01 2.500000000000000000e-01 2.500000000000000000e-01
7.962508935199159865e-02 5.898160473124668401e-01 1.143749446214744614e-01 2.161839187140671137e-01
2.885890335226521386e-01 2.634792849142098548e-01 8.324029349697276148e-02 3.646913880661652452e-01
2.500000000000000000e-01 2.500000000000000000e-01 2.500000000000000000e-01 2.500000000000000000e-01
2.500000000000000000e-01 2.500000000000000000e-01 2.500000000000000000e-01 2.500000000000000000e-01
2.785130239718842660e-01 6.262391972342137292e-01 8.858915893747554282e-02 6.658619856426462036e-03
2.594071982638813667e-01 3.401920577440047944e-01 1.447450016914929027e-01 2.556557423006209362e-01
2.500000000000000000e-01 2.500000000000000000e-01 2.500000000000000000e-01 2.500000000000000000e-01
2.500000000000000000e-01 2.500000000000000000e-01 2.500000000000000000e-01 2.500000000000000000e-01
2.500000000000000000e-01 2.500000000000000000e-01 2.500000000000000000e-01 2.500000000000000000e-01
4.704627349031061806e-02 3.323294960115495966e-01 2.479441913412403498e-01 3.726800391568994564e-01
2.500000000000000000e-01 2.500000000000000000e-01 2.500000000000000000e-01 2.500000000000000000e-01
2.500000000000000000e-01 2.500000000000000000e-01 2.500000000000000000e-01 2.500000000000000000e-01
2.097290336665655619e-01 6.048196751983085928e-01 1.151510721363619982e-01 7.030021899876379154e-02
4.141474322524320295e-02 4.362003313285263140e-01 1.139910543126192444e-01 4.083938711336112526e-01
2.500000000000000000e-01 2.500000000000000000e-01 2.500000000000000000e-01 2.500000000000000000e-01
2.500000000000000000e-01 2.500000000000000000e-01 2.500000000000000000e-01 2.500000000000000000e-01
1.522767462351470036e-01 6.567685037214276988e-01 5.183866522480151673e-02 1.391160848186238363e-01
2.500000000000000000e-01 2.500000000000000000e-01 2.500000000000000000e-01 2.500000000000000000e-01
2.500000000000000000e-01 2.500000000000000000e-01 2.500000000000000000e-01 2.500000000000000000e-01
1.530984195811941895e-01 1.555035472915720085e-01 1.902738674351300840e-01 5.011241656921037180e-01
4.834258314728749339e-01 4.351793380536440881e-02 3.117194349774488060e-01 1.613367997443118651e-01
2.500000000000000000e-01 2.500000000000000000e-01 2.500000000000000000e-01 2.500000000000000000e-01
2.500000000000000000e-01 2.500000000000000000e-01 2.500000000000000000e-01 2.500000000000000000e-01
2.500000000000000000e-01 2.500000000000000000e-01 2.500000000000000000e-01 2.500000000000000000e-01
2.500000000000000000e-01 2.500000000000000000e-01 2.500000000000000000e-01 2.500000000000000000e-01
2.500000000000000000e-01 2.500000000000000000e-01 2.500000000000000000e-01 2.500000000000000000e-01
2.566053522033637582e-02 1.534480809347906760e-01 2.155264742420319735e-01 6.053649096028409504e-01
2.500000000000000000e-01 2.500000000000000000e-01 2.500000000000000000e-01 2.500000000000000000e-01
2.500000000000000000e-01 2.500000000000000000e-01 2.500000000000000000e-01 2.500000000000000000e-01
2.500000000000000000e-01 2.500000000000000000e-01 2.500000000000000000e-01 2.500000000000000000e-01
2.500000000000000000e-01 2.500000000000000000e-01 2.500000000000000000e-01 2.500000000000000000e-01
2.500000000000000000e-01 2.500000000000000000e-01 2.500000000000000000e-01 2.500000000000000000e-01
2.500000000000000000e-01 2.500000000000000000e-01 2.500000000000000000e-01 2.500000000000000000e-01
5.573506201244522451e-01 7.522094258881120710e-02 3.062470227049812754e-01 6.118141458175530012e-02
2.500000000000000000e-01 2.500000000000000000e-01 2.500000000000000000e-01 2.500000000000000000e-01
3.854320507055257472e-02 5.036167740249352098e-01 2.142346413369792257e-01 2.436053795675329758e-01
4.527468684393187726e-01 1.725370519483869491e-01 6.691775153790172070e-02 3.077983280743925576e-01
2.305404227132271111e-02 4.443137484202177440e-02 3.668796735072075155e-01 5.656349093794480476e-01
2.500000000000000000e-01 2.500000000000000000e-01 2.500000000000000000e-01 2.500000000000000000e-01
2.500000000000000000e-01 2.500000000000000000e-01 2.500000000000000000e-01 2.500000000000000000e-01
2.500000000000000000e-01 2.500000000000000000e-01 2.500000000000000000e-01 2.500000000000000000e-01
4.307342376979110266e-01 3.215770985702005036e-01 2.206880800671757181e-01 2.700058366471275173e-02
2.500000000000000000e-01 2.500000000000000000e-01 2.500000000000000000e-01 2.500000000000000000e-01
2.500000000000000000e-01 2.500000000000000000e-01 2.500000000000000000e-01 2.500000000000000000e-01
2.500000000000000000e-01 2.500000000000000000e-01 2.500000000000000000e-01 2.500000000000000000e-01
2.500000000000000000e-01 2.500000000000000000e-01 2.500000000000000000e-01 2.500000000000000000e-01
2.499824114229528826e-01 3.658254404682971250e-01 2.702269597054671735e-01 1.139651884032828189e-01
2.500000000000000000e-01 2.500000000000000000e-01 2.500000000000000000e-01 2.500000000000000000e-01
5.481901997894566420e-02 1.706792424332075619e-01 5.526022646776326819e-02 7.192415111200834987e-01
2.500000000000000000e-01 2.500000000000000000e-01 2.500000000000000000e-01 2.500000000000000000e-01
2.500000000000000000e-01 2.500000000000000000e-01 2.500000000000000000e-01 2.500000000000000000e-01
2.500000000000000000e-01 2.500000000000000000e-01 2.500000000000000000e-01 2.500000000000000000e-01
2.500000000000000000e-01 2.500000000000000000e-01 2.500000000000000000e-01 2.500000000000000000e-01
2.907107478966350356e-01 1.018227637820479509e-01 9.049296395666386883e-03 5.984171919256506822e-01
1.617176350808460783e-01 4.206551880674315735e-01 2.022477459470982120e-01 2.153794309046241362e-01
2.500000000000000000e-01 2.500000000000000000e-01 2.500000000000000000e-01 2.500000000000000000e-01
2.500000000000000000e-01 2.500000000000000000e-01 2.500000000000000000e-01 2.500000000000000000e-01
1.081719791486124571e-01 2.072426410113913098e-01 4.259021199904338140e-01 2.586832598495624191e-01
2.500000000000000000e-01 2.500000000000000000e-01 2.500000000000000000e-01 2.500000000000000000e-01
2.500000000000000000e-01 2.500000000000000000e-01 2.500000000000000000e-01 2.500000000000000000e-01
2.500000000000000000e-01 2.500000000000000000e-01 2.500000000000000000e-01 2.500000000000000000e-01
6.956147570278459202e-02 4.897597560491787627e-01 3.474550302123258216e-02 4.059332652268040631e-01
2.500000000000000000e-01 2.500000000000000000e-01 2.500000000000000000e-01 2.500000000000000000e-01
2.500000000000000000e-01 2.500000000000000000e-01 2.500000000000000000e-01 2.500000000000000000e-01
1.770891180094787964e-01 2.080864414880614910e-01 8.334971477861380373e-02 5.314747257238459088e-01
2.500000000000000000e-01 2.500000000000000000e-01 2.500000000000000000e-01 2.500000000000000000e-01
4.821886294734285122e-02 2.394077937011284407e-01 4.576911804713099108e-02 6.666042253043976684e-01
2.142807210027373732e-01 2.406898602877144688e-01 1.892768263661739059e-01 3.557525923433742521e-01
2.500000000000000000e-01 2.500000000000000000e-01 2.500000000000000000e-01 2.500000000000000000e-01
2.500000000000000000e-01 2.500000000000000000e-01 2.500000000000000000e-01 2.500000000000000000e-01
2.500000000000000000e-01 2.500000000000000000e-01 2.500000000000000000e-01 2.500000000000000000e-01
2.500000000000000000e-01 2.500000000000000000e-01 2.500000000000000000e-01 2.500000000000000000e-01
2.500000000000000000e-01 2.500000000000000000e-01 2.500000000000000000e-01 2.500000000000000000e-01
2.500000000000000000e-01 2.500000000000000000e-01 2.500000000000000000e-01 2.500000000000000000e-01
2.500000000000000000e-01 2.500000000000000000e-01 2.500000000000000000e-01 2.500000000000000000e-01
3.259235431196668697e-01 1.241898517561970394e-01 4.167180546975963740e-01 1.331685504265396891e-01
2.500000000000000000e-01 2.500000000000000000e-01 2.500000000000000000e-01 2.500000000000000000e-01
2.500000000000000000e-01 2.500000000000000000e-01 2.500000000000000000e-01 2.500000000000000000e-01
2.500000000000000000e-01 2.500000000000000000e-01 2.500000000000000000e-01 2.500000000000000000e-01
1.111999195653235739e-01 5.861392411102483296e-02 2.509991746658689626e-01 5.791869816577825958e-01
7.933530243047323127e-01 8.896255042543582681e-02 9.165736980715183391e-02 2.602705546268002657e-02
2.500000000000000000e-01 2.500000000000000000e-01 2.500000000000000000e-01 2.500000000000000000e-01
2.500000000000000000e-01 2.500000000000000000e-01 2.500000000000000000e-01 2.500000000000000000e-01
7.577727668663476746e-02 6.505997341900408015e-01 2.203946370910669916e-02 2.515835254142178012e-01
4.015106748688403449e-01 4.292259795469710038e-01 1.772940889190166569e-03 1.674904046949984848e-01
5.281669495031421357e-02 3.341458710275512778e-01 1.728651994808546033e-01 4.401722345412799053e-01
2.500000000000000000e-01 2.500000000000000000e-01 2.500000000000000000e-01 2.500000000000000000e-01
2.691626480719238046e-01 4.313844180914486182e-02 1.624258363322368115e-01 5.252730737866945221e-01
2.500000000000000000e-01 2.500000000000000000e-01 2.500000000000000000e-01 2.500000000000000000e-01
3.470815026191787500e-01 4.015879142385121447e-01 1.835435551738565652e-01 6.778702796845254008e-02
2.500000000000000000e-01 2.500000000000000000e-01 2.500000000000000000e-01 2.500000000000000000e-01
2.500000000000000000e-01 2.500000000000000000e-01 2.500000000000000000e-01 2.500000000000000000e-01
2.500000000000000000e-01 2.500000000000000000e-01 2.500000000000000000e-01 2.500000000000000000e-01
2.500000000000000000e-01 2.500000000000000000e-01 2.500000000000000000e-01 2.500000000000000000e-01
4.848651674307886683e-01 3.530049880934942735e-02 1.361639539433749380e-01 3.436703798164869594e-01
2.500000000000000000e-01 2.500000000000000000e-01 2.500000000000000000e-01 2.500000000000000000e-01
2.500000000000000000e-01 2.500000000000000000e-01 2.500000000000000000e-01 2.500000000000000000e-01
2.500000000000000000e-01 2.500000000000000000e-01 2.500000000000000000e-01 2.500000000000000000e-01
2.500000000000000000e-01 2.500000000000000000e-01 2.500000000000000000e-01 2.500000000000000000e-01
2.500000000000000000e-01 2.500000000000000000e-01 2.500000000000000000e-01 2.500000000000000000e-01
2.500000000000000000e-01 2.500000000000000000e-01 2.500000000000000000e-01 2.500000000000000000e-01
1.993310507561423250e-01 3.724695835577693237e-01 2.066903749120724276e-02 4.075303281948811085e-01
2.500000000000000000e-01 2.500000000000000000e-01 2.500000000000000000e-01 2.500000000000000000e-01
2.500000000000000000e-01 2.500000000000000000e-01 2.500000000000000000e-01 2.500000000000000000e-01
4.026692262044856974e-01 2.939185069824857277e-01 2.822586830655381962e-01 2.115358374749037873e-02
2.500000000000000000e-01 2.500000000000000000e-01 2.500000000000000000e-01 2.500000000000000000e-01
2.500000000000000000e-01 2.500000000000000000e-01 2.500000000000000000e-01 2.500000000000000000e-01
8.526591689852015821e-02 3.751345931249729371e-01 4.976644298814553169e-02 4.898330469883613869e-01
2.402599843131335289e-01 1.138707837472155288e-01 1.464467003403235323e-01 4.994225315993273684e-01
2.189093738618047014e-01 1.689373262854984847e-01 5.131873854062725115e-01 9.896591444642421909e-02
2.500000000000000000e-01 2.500000000000000000e-01 2.500000000000000000e-01 2.500000000000000000e-01
2.500000000000000000e-01 2.500000000000000000e-01 2.500000000000000000e-01 2.500000000000000000e-01
2.500000000000000000e-01 2.500000000000000000e-01 2.500000000000000000e-01 2.500000000000000000e-01
2.500000000000000000e-01 2.500000000000000000e-01 2.500000000000000000e-01 2.500000000000000000e-01
2.500000000000000000e-01 2.500000000000000000e-01 2.500000000000000000e-01 2.500000000000000000e-01
2.500000000000000000e-01 2.500000000000000000e-01 2.500000000000000000e-01 2.500000000000000000e-01
2.500000000000000000e-01 2.500000000000000000e-01 2.500000000000000000e-01 2.500000000000000000e-01
2.500000000000000000e-01 2.500000000000000000e-01 2.500000000000000000e-01 2.500000000000000000e-01
2.500000000000000000e-01 2.500000000000000000e-01 2.500000000000000000e-01 2.500000000000000000e-01
2.500000000000000000e-01 2.500000000000000000e-01 2.500000000000000000e-01 2.500000000000000000e-01
2.323110974219901315e-01 1.298944970489619155e-01 4.618764795064649320e-01 1.759179260225829933e-01
2.500000000000000000e-01 2.500000000000000000e-01 2.500000000000000000e-01 2.500000000000000000e-01
2.500000000000000000e-01 2.500000000000000000e-01 2.500000000000000000e-01 2.500000000000000000e-01
2.500000000000000000e-01 2.500000000000000000e-01 2.500000000000000000e-01 2.500000000000000000e-01
2.500000000000000000e-01 2.500000000000000000e-01 2.500000000000000000e-01 2.500000000000000000e-01
2.044410254916143588e-01 1.488163103286725408e-01 5.614197376872207546e-01 8.532292649249234584e-02
1.651239462000331781e-01 8.419141875366580041e-02 9.543107434216353824e-02 6.552535607041374277e-01
2.500000000000000000e-01 2.500000000000000000e-01 2.500000000000000000e-01 2.500000000000000000e-01
2.500000000000000000e-01 2.500000000000000000e-01 2.500000000000000000e-01 2.500000000000000000e-01
2.500000000000000000e-01 2.500000000000000000e-01 2.500000000000000000e-01 2.500000000000000000e-01
2.500000000000000000e-01 2.500000000000000000e-01 2.500000000000000000e-01 2.500000000000000000e-01
4.486228558190336613e-01 3.410628867536179554e-01 9.285932050031286966e-02 1.174549369270355137e-01
2.500000000000000000e-01 2.500000000000000000e-01 2.500000000000000000e-01 2.500000000000000000e-01
2.500000000000000000e-01 2.500000000000000000e-01 2.500000000000000000e-01 2.500000000000000000e-01
3.702706537682204924e-01 1.987375121834882019e-01 2.088737021963252005e-01 2.221181318519661052e-01
2.500000000000000000e-01 2.500000000000000000e-01 2.500000000000000000e-01 2.500000000000000000e-01
2.500000000000000000e-01 2.500000000000000000e-01 2.500000000000000000e-01 2.500000000000000000e-01
3.507564820429497909e-01 4.846749488200707313e-03 6.395025516886762018e-01 4.894216780173266113e-03
2.500000000000000000e-01 2.500000000000000000e-01 2.500000000000000000e-01 2.500000000000000000e-01
2.500000000000000000e-01 2.500000000000000000e-01 2.500000000000000000e-01 2.500000000000000000e-01
4.984201397364262931e-01 1.286345762770467749e-01 4.022440657314430013e-02 3.327208774133826319e-01
2.500000000000000000e-01 2.500000000000000000e-01 2.500000000000000000e-01 2.500000000000000000e-01
6.250058831780992419e-01 7.246666265645128335e-02 1.145396320209267765e-01 1.879878221445226982e-01
2.500000000000000000e-01 2.500000000000000000e-01 2.500000000000000000e-01 2.500000000000000000e-01
9.041214816463770398e-02 3.621698171186109594e-01 7.455316814658052849e-02 4.728648665701707943e-01
2.500000000000000000e-01 2.500000000000000000e-01 2.500000000000000000e-01 2.500000000000000000e-01
7.823941792846746124e-02 3.165378279355760549e-01 1.541650182593339302e-01 4.510577358766225675e-01
1.882775941091658356e-01 1.960071253285047554e-01 4.183417102673099297e-01 1.973735702950195070e-01
2.500000000000000000e-01 2.500000000000000000e-01 2.500000000000000000e-01 2.500000000000000000e-01
2.500000000000000000e-01 2.500000000000000000e-01 2.500000000000000000e-01 2.500000000000000000e-01
2.500000000000000000e-01 2.500000000000000000e-01 2.500000000000000000e-01 2.500000000000000000e-01
2.500000000000000000e-01 2.500000000000000000e-01 2.500000000000000000e-01 2.500000000000000000e-01
2.500000000000000000e-01 2.500000000000000000e-01 2.500000000000000000e-01 2.500000000000000000e-01
2.500000000000000000e-01 2.500000000000000000e-01 2.500000000000000000e-01 2.500000000000000000e-01
2.500000000000000000e-01 2.500000000000000000e-01 2.500000000000000000e-01 2.500000000000000000e-01
2.500000000000000000e-01 2.500000000000000000e-01 2.500000000000000000e-01 2.500000000000000000e-01
2.500000000000000000e-01 2.500000000000000000e-01 2.500000000000000000e-01 2.500000000000000000e-01
1.112310901555075837e-01 1.415993144852744912e-01 3.973021011367464106e-02 7.074393852455432841e-01
2.031768444388148409e-01 6.007370870089668857e-01 1.061035236060247078e-01 8.998254494619356558e-02
2.500000000000000000e-01 2.500000000000000000e-01 2.500000000000000000e-01 2.500000000000000000e-01
2.500000000000000000e-01 2.500000000000000000e-01 2.500000000000000000e-01 2.500000000000000000e-01
2.500000000000000000e-01 2.500000000000000000e-01 2.500000000000000000e-01 2.500000000000000000e-01
5.584660857609147211e-02 2.693733113445124713e-02 6.702870673206106078e-01 2.469289929688465723e-01
2.500000000000000000e-01 2.500000000000000000e-01 2.500000000000000000e-01 2.500000000000000000e-01
3.938173645344330565e-01 9.827385177330337507e-02 1.603849882973129581e-01 3.475237953949505965e-01
2.500000000000000000e-01 2.500000000000000000e-01 2.500000000000000000e-01 2.500000000000000000e-01
2.500000000000000000e-01 2.500000000000000000e-01 2.500000000000000000e-01 2.500000000000000000e-01
2.500000000000000000e-01 2.500000000000000000e-01 2.500000000000000000e-01 2.500000000000000000e-01
2.500000000000000000e-01 2.500000000000000000e-01 2.500000000000000000e-01 2.500000000000000000e-01
2.500000000000000000e-01 2.500000000000000000e-01 2.500000000000000000e-01 2.500000000000000000e-01
1.841061704926380826e-01 2.678451207649572008e-01 2.519711360112014686e-02 5.228515951412845419e-01
6.956173881421896799e-02 9.123893618805145600e-02 2.908777569573273158e-01 5.483215680404022185e-01
2.500000000000000000e-01 2.500000000000000000e-01 2.500000000000000000e-01 2.500000000000000000e-01
2.500000000000000000e-01 2.500000000000000000e-01 2.500000000000000000e-01 2.500000000000000000e-01
1.293944200486599194e-01 2.948625514401570502e-01 1.623964721684583168e-01 4.133465563427247136e-01
8.841001005533519197e-02 7.908775864589533480e-03 1.320838287272330658e-01 7.715973853528421689e-01
2.500000000000000000e-01 2.500000000000000000e-01 2.500000000000000000e-01 2.500000000000000000e-01
3.072543116594124782e-02 8.216504626628731711e-02 1.580528356912246080e-01 7.290566868765467889e-01
2.500000000000000000e-01 2.500000000000000000e-01 2.500000000000000000e-01 2.500000000000000000e-01
2.500000000000000000e-01 2.500000000000000000e-01 2.500000000000000000e-01 2.500000000000000000e-01
2.500000000000000000e-01 2.500000000000000000e-01 2.500000000000000000e-01 2.500000000000000000e-01
2.500000000000000000e-01 2.500000000000000000e-01 2.500000000000000000e-01 2.500000000000000000e-01
2.500000000000000000e-01 2.500000000000000000e-01 2.500000000000000000e-01 2.500000000000000000e-01
2.500000000000000000e-01 2.500000000000000000e-01 2.500000000000000000e-01 2.500000000000000000e-01
2.500000000000000000e-01 2.500000000000000000e-01 2.500000000000000000e-01 2.500000000000000000e-01
3.059499201864800955e-01 2.169908720019692039e-01 3.026976723917672585e-01 1.743615354197834422e-01
2.036577589607455052e-01 4.888495813499776355e-01 2.054119893309859779e-01 1.020806703582908814e-01
2.500000000000000000e-01 2.500000000000000000e-01 2.500000000000000000e-01 2.500000000000000000e-01
5.392778971958305245e-01 6.698120768171549055e-02 1.456305832890458229e-01 2.481103118334081481e-01
3.027013612075175053e-01 2.364588478186661902e-01 1.491128235747800901e-01 3.117269673990362144e-01
2.141151290720618994e-01 1.840333154965173856e-01 2.560260937397581538e-01 3.458254616916626167e-01
4.709651205912713801e-01 3.152733018384181740e-01 4.886624209695900056e-02 1.648953354733514454e-01
2.500000000000000000e-01 2.500000000000000000e-01 2.500000000000000000e-01 2.500000000000000000e-01
2.910332233284809722e-01 4.117808787442665819e-02 6.145770232930991561e-01 5.321166550399319961e-02
2.500000000000000000e-01 2.500000000000000000e-01 2.500000000000000000e-01 2.500000000000000000e-01
2.500000000000000000e-01 2.500000000000000000e-01 2.500000000000000000e-01 2.500000000000000000e-01
2.500000000000000000e-01 2.500000000000000000e-01 2.500000000000000000e-01 2.500000000000000000e-01
2.500000000000000000e-01 2.500000000000000000e-01 2.500000000000000000e-01 2.500000000000000000e-01
1.561409609725035730e-01 6.091933287152779819e-01 9.010301834278622302e-02 1.445626919694321666e-01
2.500000000000000000e-01 2.500000000000000000e-01 2.500000000000000000e-01 2.500000000000000000e-01
2.052467230737957393e-01 1.314125553260820090e-01 2.099840528968638098e-01 4.533566687032584142e-01
2.685491046266197390e-02 5.371662653069055882e-01 1.229287477844152043e-01 3.130500764460172336e-01
2.500000000000000000e-01 2.500000000000000000e-01 2.500000000000000000e-01 2.500000000000000000e-01
2.500000000000000000e-01 2.500000000000000000e-01 2.500000000000000000e-01 2.500000000000000000e-01
1.863959402300475743e-01 3.524683868584225221e-01 2.172879778521110694e-01 2.438476950594188342e-01
8.297346749325577864e-02 7.323309477507043697e-02 1.101184290934104221e-01 7.336750086382634040e-01
2.500000000000000000e-01 2.500000000000000000e-01 2.500000000000000000e-01 2.500000000000000000e-01
2.500000000000000000e-01 2.500000000000000000e-01 2.500000000000000000e-01 2.500000000000000000e-01
6.205981643487645805e-01 1.211503534640451518e-01 2.742732782752241305e-02 2.308241543596678547e-01
2.500000000000000000e-01 2.500000000000000000e-01 2.500000000000000000e-01 2.500000000000000000e-01
2.500000000000000000e-01 2.500000000000000000e-01 2.500000000000000000e-01 2.500000000000000000e-01
