2.500000000000000000e-01 2.500000000000000000e-01 2.500000000000000000e-01 2.500000000000000000e-01
3.697430676110712300e-01 5.453509775954652472e-01 1.051271462168712478e-02 7.439324017177639803e-02
2.319893581467159238e-01 2.137417851144591541e-01 4.449230469197902327e-01 1.093458098190346062e-01
5.692592497703786725e-01 1.531472007396439128e-01 9.756883037417754534e-02 1.800247191157998694e-01
2.500000000000000000e-01 2.500000000000000000e-01 2.500000000000000000e-01 2.500000000000000000e-01
2.500000000000000000e-01 2.500000000000000000e-01 2.500000000000000000e-01 2.500000000000000000e-01
1.071818080107267562e-01 4.271928899976729088e-01 4.646668515144170009e-02 4.191586168401586487e-01
2.500000000000000000e-01 2.500000000000000000e-01 2.500000000000000000e-01 2.500000000000000000e-01
2.500000000000000000e-01 2.500000000000000000e-01 2.500000000000000000e-01 2.500000000000000000e-01
2.500000000000000000e-01 2.500000000000000000e-01 2.500000000000000000e-01 2.500000000000000000e-01
1.987446734036184548e-01 1.560973641482711338e-01 3.358598996288356675e-01 3.092980628192747439e-01
2.500000000000000000e-01 2.500000000000000000e-01 2.500000000000000000e-01 2.500000000000000000e-01
2.500000000000000000e-01 2.500000000000000000e-01 2.500000000000000000e-01 2.500000000000000000e-01
3.314953572424445549e-01 3.879223169478189515e-02 2.164746013611755227e-01 4.132378097015980134e-01
2.500000000000000000e-01 2.500000000000000000e-01 2.500000000000000000e-01 2.500000000000000000e-01
2.500000000000000000e-01 2.500000000000000000e-01 2.500000000000000000e-01 2.500000000000000000e-01
2.500000000000000000e-01 2.500000000000000000e-01 2.500000000000000000e-01 2.500000000000000000e-01
4.199300438401248892e-01 3.832503529239538603e-02 1.492731314385805641e-01 3.924717894288991538e-01
3.750587028774380882e-01 1.628593402451704308e-01 4.309316933596653021e-01 3.115026351772615110e-02
2.500000000000000000e-01 2.500000000000000000e-01 2.500000000000000000e-01 2.500000000000000000e-01
2.573683113906947151e-01 4.263152498051419048e-01 1.860313874300540959e-01 1.302850513741092842e-01
2.500000000000000000e-01 2.500000000000000000e-01 2.500000000000000000e-01 2.500000000000000000e-01
4.182653730571510575e-01 3.141478988105358278e-02 8.462754919743767368e-02 4.656922878643576791e-01
2.500000000000000000e-01 2.500000000000000000e-01 2.500000000000000000e-01 2.500000000000000000e-01
2.500000000000000000e-01 2.500000000000000000e-01 2.500000000000000000e-01 2.500000000000000000e-01
8.806346526409729314e-02 5.537994033623839379e-02 6.546331091781251166e-01 2.019234852215392451e-01
2.500000000000000000e-01 2.500000000000000000e-01 2.500000000000000000e-01 2.500000000000000000e-01
2.500000000000000000e-01 2.500000000000000000e-01 2.500000000000000000e-01 2.500000000000000000e-01
2.500000000000000000e-01 2.500000000000000000e-01 2.500000000000000000e-01 2.500000000000000000e-01
2.500000000000000000e-01 2.500000000000000000e-01 2.500000000000000000e-01 2.500000000000000000e-01
2.500000000000000000e-01 2.500000000000000000e-01 2.500000000000000000e-01 2.500000000000000000e-01
4.718835684526488383e-01 5.483804257924566883e-02 4.807579622728726243e-02 4.252025927408182304e-01
1.537311310521819463e-01 3.831636190821449128e-01 2.784799892276746958e-01 1.846252606379983896e-01
2.500000000000000000e-01 2.500000000000000000e-01 2.500000000000000000e-01 2.500000000000000000e-01
7.779773977816420993e-01 9.455341483583599993e-02 2.789355919596915589e-02 9.957562818655274484e-02
2.500000000000000000e-01 2.500000000000000000e-01 2.500000000000000000e-01 2.500000000000000000e-01
3.099554991529234194e-01 5.003470069919325747e-01 1.317436648112585429e-01 5.795382904388546308e-02
3.843724193699917246e-01 4.575817071060780394e-01 3.517744570054082143e-02 1.228684278233894145e-01
2.500000000000000000e-01 2.500000000000000000e-01 2.500000000000000000e-01 2.500000000000000000e-01
2.500000000000000000e-01 2.500000000000000000e-01 2.500000000000000000e-01 2.500000000000000000e-01
2.500000000000000000e-01 2.500000000000000000e-01 2.500000000000000000e-01 2.500000000000000000e-01
2.500000000000000000e-01 2.500000000000000000e-01 2.500000000000000000e-01 2.500000000000000000e-01
2.500000000000000000e-01 2.500000000000000000e-01 2.500000000000000000e-01 2.500000000000000000e-01
2.500000000000000000e-01 2.500000000000000000e-01 2.500000000000000000e-01 2.500000000000000000e-01
5.429104979275573700e-02 4.249161950537579946e-01 1.462523341437206303e-01 3.745404210097657005e-01
2.500000000000000000e-01 2.500000000000000000e-01 2.500000000000000000e-01 2.500000000000000000e-01
2.500000000000000000e-01 2.500000000000000000e-01 2.500000000000000000e-01 2.500000000000000000e-01
1.271271785645264329e-01 5.396758049454873918e-01 1.775191612614367420e-01 1.556778552285493777e-01
2.500000000000000000e-01 2.500000000000000000e-01 2.500000000000000000e-01 2.500000000000000000e-01
2.500000000000000000e-01 2.500000000000000000e-01 2.500000000000000000e-01 2.500000000000000000e-01
2.500000000000000000e-01 2.500000000000000000e-01 2.500000000000000000e-01 2.500000000000000000e-01
2.500000000000000000e-01 2.500000000000000000e-01 2.500000000000000000e-01 2.500000000000000000e-01
2.500000000000000000e-01 2.500000000000000000e-01 2.500000000000000000e-01 2.500000000000000000e-01
1.043839423009626372e-01 1.415516053394983986e-01 5.390835333773202898e-02 7.001560990218069769e-01
5.702359121812147214e-01 1.767844650477171792e-02 9.791939481278208457e-02 3.141662465012314831e-01
2.500000000000000000e-01 2.500000000000000000e-01 2.500000000000000000e-01 2.500000000000000000e-01
2.054296980042763510e-01 3.973332700209534774e-01 1.901256248043666219e-01 2.071114071704035497e-01
2.500000000000000000e-01 2.500000000000000000e-01 2.500000000000000000e-01 2.500000000000000000e-01
2.500000000000000000e-01 2.500000000000000000e-01 2.500000000000000000e-01 2.500000000000000000e-01
2.500000000000000000e-01 2.500000000000000000e-01 2.500000000000000000e-01 2.500000000000000000e-01
4.781410082384917049e-01 3.669536160160057903e-01 1.448374111760434846e-01 1.006796456945902030e-02
2.500000000000000000e-01 2.500000000000000000e-01 2.500000000000000000e-01 2.500000000000000000e-01
2.500000000000000000e-01 2.500000000000000000e-01 2.500000000000000000e-01 2.500000000000000000e-01
2.500000000000000000e-01 2.500000000000000000e-01 2.500000000000000000e-01 2.500000000000000000e-01
2.500000000000000000e-01 2.500000000000000000e-01 2.500000000000000000e-01 2.500000000000000000e-01
2.500000000000000000e-01 2.500000000000000000e-01 2.500000000000000000e-01 2.500000000000000000e-01
6.378237032959253039e-01 1.149610124290673628e-02 2.918625670715759290e-01 5.881762838959203599e-02
2.500000000000000000e-01 2.500000000000000000e-01 2.500000000000000000e-01 2.500000000000000000e-01
2.500000000000000000e-01 2.500000000000000000e-01 2.500000000000000000e-01 2.500000000000000000e-01
2.500000000000000000e-01 2.500000000000000000e-01 2.500000000000000000e-01 2.500000000000000000e-01
2.500000000000000000e-01 2.500000000000000000e-01 2.500000000000000000e-01 2.500000000000000000e-01
2.500000000000000000e-01 2.500000000000000000e-01 2.500000000000000000e-01 2.500000000000000000e-01
2.500000000000000000e-01 2.500000000000000000e-01 2.500000000000000000e-01 2.500000000000000000e-01
2.500000000000000000e-01 2.500000000000000000e-01 2.500000000000000000e-01 2.500000000000000000e-01
2.500000000000000000e-01 2.500000000000000000e-01 2.500000000000000000e-01 2.500000000000000000e-01
6.860164252598905943e-01 2.454359576354135375e-01 2.044516105867810740e-03 6.650310099882805748e-02
2.500000000000000000e-01 2.500000000000000000e-01 2.500000000000000000e-01 2.500000000000000000e-01
2.127628878292786019e-01 2.161001445289082168e-01 1.800732145492060232e-01 3.910637530926071581e-01
3.751569181900568650e-01 1.480967669388280339e-01 3.091700526045576547e-01 1.675762622665574741e-01
2.500000000000000000e-01 2.500000000000000000e-01 2.500000000000000000e-01 2.500000000000000000e-01
2.467198760790630940e-01 4.766042623068704742e-01 1.286818406832481720e-01 1.479940209308182597e-01
3.262159898520088086e-02 3.731060749327856363e-01 1.138231999078806456e-01 4.804491261741328234e-01
2.500000000000000000e-01 2.500000000000000000e-01 2.500000000000000000e-01 2.500000000000000000e-01
1.391292132010686355e-01 1.283140005144402240e-01 5.080695469014376853e-01 2.244872393830535384e-01
2.500000000000000000e-01 2.500000000000000000e-01 2.500000000000000000e-01 2.500000000000000000e-01
2.500000000000000000e-01 2.500000000000000000e-01 2.500000000000000000e-01 2.500000000000000000e-01
2.500000000000000000e-01 2.500000000000000000e-01 2.500000000000000000e-01 2.500000000000000000e-01
4.224770926929139470e-01 8.890260902278161737e-02 2.577434720744304353e-01 2.308768262098739865e-01
1.440094569306854880e-02 5.208215233868841443e-01 3.567614642717820139e-03 4.612099162773294903e-01
2.500000000000000000e-01 2.500000000000000000e-01 2.500000000000000000e-01 2.500000000000000000e-01
2.500000000000000000e-01 2.500000000000000000e-01 2.500000000000000000e-01 2.500000000000000000e-01
2.614243222974172998e-01 4.458620661235350724e-01 1.387173371298296987e-01 1.539962744492179292e-01
2.500000000000000000e-01 2.500000000000000000e-01 2.500000000000000000e-01 2.500000000000000000e-01
2.500000000000000000e-01 2.500000000000000000e-01 2.500000000000000000e-01 2.500000000000000000e-01
2.500000000000000000e-01 2.500000000000000000e-01 2.500000000000000000e-01 2.500000000000000000e-01
2.500000000000000000e-01 2.500000000000000000e-01 2.500000000000000000e-01 2.500000000000000000e-01
2.500000000000000000e-01 2.500000000000000000e-01 2.500000000000000000e-01 2.500000000000000000e-01
5.032902568618347061e-01 1.897630574078976451e-01 5.783935692304981169e-03 3.011627500379626676e-01
2.500000000000000000e-01 2.500000000000000000e-01 2.500000000000000000e-01 2.500000000000000000e-01
1.716050053020010402e-01 4.246583227275129158e-01 2.235902332216542776e-01 1.801464387488317664e-01
