1.126404837931974517e-01 1.274024385391994418e-01 5.150214360161444738e-01 2.449356416514585910e-01
2.500000000000000000e-01 2.500000000000000000e-01 2.500000000000000000e-01 2.500000000000000000e-01
2.500000000000000000e-01 2.500000000000000000e-01 2.500000000000000000e-01 2.500000000000000000e-01
2.500000000000000000e-01 2.500000000000000000e-01 2.500000000000000000e-01 2.500000000000000000e-01
5.617626864714827528e-01 9.725196197130982212e-02 2.377837702485060545e-01 1.032015813087013845e-01
3.298840379213212048e-01 3.996911495118612434e-01 4.792884746590020395e-02 2.224959651009173478e-01
2.500000000000000000e-01 2.500000000000000000e-01 2.500000000000000000e-01 2.500000000000000000e-01
2.500000000000000000e-01 2.500000000000000000e-01 2.500000000000000000e-01 2.500000000000000000e-01
2.500000000000000000e-01 2.500000000000000000e-01 2.500000000000000000e-01 2.500000000000000000e-01
2.500000000000000000e-01 2.500000000000000000e-01 2.500000000000000000e-01 2.500000000000000000e-01
2.500000000000000000e-01 2.500000000000000000e-01 2.500000000000000000e-01 2.500000000000000000e-01
1.363684657485332227e-02 1.981025321618640755e-01 1.935369379691505576e-01 5.947236832941320550e-01
2.500000000000000000e-01 2.500000000000000000e-01 2.500000000000000000e-01 2.500000000000000000e-01
2.500000000000000000e-01 2.500000000000000000e-01 2.500000000000000000e-01 2.500000000000000000e-01
2.500000000000000000e-01 2.500000000000000000e-01 2.500000000000000000e-01 2.500000000000000000e-01
5.850295185493280536e-01 2.193937268185873757e-01 3.017980505719219941e-02 1.653969495748923713e-01
2.500000000000000000e-01 2.500000000000000000e-01 2.500000000000000000e-01 2.500000000000000000e-01
2.500000000000000000e-01 2.500000000000000000e-01 2.500000000000000000e-01 2.500000000000000000e-01
2.500000000000000000e-01 2.500000000000000000e-01 2.500000000000000000e-01 2.500000000000000000e-01
2.500000000000000000e-01 2.500000000000000000e-01 2.500000000000000000e-01 2.500000000000000000e-01
2.500000000000000000e-01 2.500000000000000000e-01 2.500000000000000000e-01 2.500000000000000000e-01
1.554868587236254429e-01 4.224672748988664850e-01 2.677317061974361367e-01 1.543141601800719354e-01
2.500000000000000000e-01 2.500000000000000000e-01 2.500000000000000000e-01 2.500000000000000000e-01
1.078139643348945687e-01 6.369857795494353325e-02 3.781693407126950901e-01 4.503181169974668219e-01
2.500000000000000000e-01 2.500000000000000000e-01 2.500000000000000000e-01 2.500000000000000000e-01
2.500000000000000000e-01 2.500000000000000000e-01 2.500000000000000000e-01 2.500000000000000000e-01
2.500000000000000000e-01 2.500000000000000000e-01 2.500000000000000000e-01 2.500000000000000000e-01
2.500000000000000000e-01 2.500000000000000000e-01 2.500000000000000000e-01 2.500000000000000000e-01
2.500000000000000000e-01 2.500000000000000000e-01 2.500000000000000000e-01 2.500000000000000000e-01
4.052471244293995301e-01 2.142455137610541627e-01 2.543275337948399661e-01 1.261798280147063411e-01
6.736052704418176162e-01 1.070791234624718230e-01 1.950987988525288985e-01 2.421680724318164835e-02
2.500000000000000000e-01 2.500000000000000000e-01 2.500000000000000000e-01 2.500000000000000000e-01
1.557493676822359341e-01 4.087168038860821695e-01 2.787250158344099504e-01 1.568088125972720015e-01
2.500000000000000000e-01 2.500000000000000000e-01 2.500000000000000000e-01 2.500000000000000000e-01
8.922365842779825251e-02 5.135718081965716664e-01 1.771916456080013802e-02 3.794853688148299709e-01
2.500000000000000000e-01 2.500000000000000000e-01 2.500000000000000000e-01 2.500000000000000000e-01
2.500000000000000000e-01 2.500000000000000000e-01 2.500000000000000000e-01 2.500000000000000000e-01
2.500000000000000000e-01 2.500000000000000000e-01 2.500000000000000000e-01 2.500000000000000000e-01
2.500000000000000000e-01 2.500000000000000000e-01 2.500000000000000000e-01 2.500000000000000000e-01
2.500000000000000000e-01 2.500000000000000000e-01 2.500000000000000000e-01 2.500000000000000000e-01
2.014609949107932022e-02 6.193850824491925477e-01 9.198861494471222144e-02 2.684802031150159141e-01
2.500000000000000000e-01 2.500000000000000000e-01 2.500000000000000000e-01 2.500000000000000000e-01
2.500000000000000000e-01 2.500000000000000000e-01 2.500000000000000000e-01 2.500000000000000000e-01
2.500000000000000000e-01 2.500000000000000000e-01 2.500000000000000000e-01 2.500000000000000000e-01
2.500000000000000000e-01 2.500000000000000000e-01 2.500000000000000000e-01 2.500000000000000000e-01
1.592070361846089077e-01 3.103479244083306998e-01 9.055920956539353917e-02 4.398858298416668533e-01
2.500000000000000000e-01 2.500000000000000000e-01 2.500000000000000000e-01 2.500000000000000000e-01
2.500000000000000000e-01 2.500000000000000000e-01 2.500000000000000000e-01 2.500000000000000000e-01
2.500000000000000000e-01 2.500000000000000000e-01 2.500000000000000000e-01 2.500000000000000000e-01
2.500000000000000000e-01 2.500000000000000000e-01 2.500000000000000000e-01 2.500000000000000000e-01
2.500000000000000000e-01 2.500000000000000000e-01 2.500000000000000000e-01 2.500000000000000000e-01
2.500000000000000000e-01 2.500000000000000000e-01 2.500000000000000000e-01 2.500000000000000000e-01
2.500000000000000000e-01 2.500000000000000000e-01 2.500000000000000000e-01 2.500000000000000000e-01
2.500000000000000000e-01 2.500000000000000000e-01 2.500000000000000000e-01 2.500000000000000000e-01
2.500000000000000000e-01 2.500000000000000000e-01 2.500000000000000000e-01 2.500000000000000000e-01
6.564407698505078104e-01 2.818680738174432140e-02 7.635727353660078098e-02 2.390151492311470838e-01
2.500000000000000000e-01 2.500000000000000000e-01 2.500000000000000000e-01 2.500000000000000000e-01
2.500000000000000000e-01 2.500000000000000000e-01 2.500000000000000000e-01 2.500000000000000000e-01
2.500000000000000000e-01 2.500000000000000000e-01 2.500000000000000000e-01 2.500000000000000000e-01
2.500000000000000000e-01 2.500000000000000000e-01 2.500000000000000000e-01 2.500000000000000000e-01
4.980724530852697262e-04 4.221724627255654672e-01 1.346485945755847013e-01 4.426808702457645794e-01
2.500000000000000000e-01 2.500000000000000000e-01 2.500000000000000000e-01 2.500000000000000000e-01
2.500000000000000000e-01 2.500000000000000000e-01 2.500000000000000000e-01 2.500000000000000000e-01
2.500000000000000000e-01 2.500000000000000000e-01 2.500000000000000000e-01 2.500000000000000000e-01
2.500000000000000000e-01 2.500000000000000000e-01 2.500000000000000000e-01 2.500000000000000000e-01
2.500000000000000000e-01 2.500000000000000000e-01 2.500000000000000000e-01 2.500000000000000000e-01
2.420343549311122500e-01 5.625195734272710191e-02 9.863974293870329813e-02 6.030739447874573500e-01
2.500000000000000000e-01 2.500000000000000000e-01 2.500000000000000000e-01 2.500000000000000000e-01
2.500000000000000000e-01 2.500000000000000000e-01 2.500000000000000000e-01 2.500000000000000000e-01
2.500000000000000000e-01 2.500000000000000000e-01 2.500000000000000000e-01 2.500000000000000000e-01
2.500000000000000000e-01 2.500000000000000000e-01 2.500000000000000000e-01 2.500000000000000000e-01
2.500000000000000000e-01 2.500000000000000000e-01 2.500000000000000000e-01 2.500000000000000000e-01
2.500000000000000000e-01 2.500000000000000000e-01 2.500000000000000000e-01 2.500000000000000000e-01
2.500000000000000000e-01 2.500000000000000000e-01 2.500000000000000000e-01 2.500000000000000000e-01
2.500000000000000000e-01 2.500000000000000000e-01 2.500000000000000000e-01 2.500000000000000000e-01
1.571833270760163714e-01 2.563930739541093184e-01 4.407956239596713677e-01 1.456279750102028869e-01
2.500000000000000000e-01 2.500000000000000000e-01 2.500000000000000000e-01 2.500000000000000000e-01
2.500000000000000000e-01 2.500000000000000000e-01 2.500000000000000000e-01 2.500000000000000000e-01
2.500000000000000000e-01 2.500000000000000000e-01 2.500000000000000000e-01 2.500000000000000000e-01
2.500000000000000000e-01 2.500000000000000000e-01 2.500000000000000000e-01 2.500000000000000000e-01
4.691459540099983672e-01 1.660729030047958521e-01 1.112297858468414835e-01 2.535513571383642972e-01
2.122021979556747151e-02 2.968167157813106360e-02 7.033313473052615894e-02 8.787649738957753476e-01
2.500000000000000000e-01 2.500000000000000000e-01 2.500000000000000000e-01 2.500000000000000000e-01
7.453322866360098109e-01 4.890859206184938746e-02 1.380672112769264492e-01 6.769191002521435241e-02
2.500000000000000000e-01 2.500000000000000000e-01 2.500000000000000000e-01 2.500000000000000000e-01
2.500000000000000000e-01 2.500000000000000000e-01 2.500000000000000000e-01 2.500000000000000000e-01
1.183706421460006264e-01 5.982120358605752530e-02 6.256518629215321869e-01 1.961562913464096058e-01
3.482128492448907653e-01 9.389402677504439521e-02 1.136609951387698575e-01 4.442321288412949820e-01
7.615044894837091904e-01 5.505057903753305532e-02 9.004026909805487588e-02 9.340466238070288529e-02
2.500000000000000000e-01 2.500000000000000000e-01 2.500000000000000000e-01 2.500000000000000000e-01
4.083999246066133404e-01 3.718302440022734912e-01 1.332286037802198342e-01 8.654122761089333427e-02
2.500000000000000000e-01 2.500000000000000000e-01 2.500000000000000000e-01 2.500000000000000000e-01
2.500000000000000000e-01 2.500000000000000000e-01 2.500000000000000000e-01 2.500000000000000000e-01
2.500000000000000000e-01 2.500000000000000000e-01 2.500000000000000000e-01 2.500000000000000000e-01
2.500000000000000000e-01 2.500000000000000000e-01 2.500000000000000000e-01 2.500000000000000000e-01
2.500000000000000000e-01 2.500000000000000000e-01 2.500000000000000000e-01 2.500000000000000000e-01
2.500000000000000000e-01 2.500000000000000000e-01 2.500000000000000000e-01 2.500000000000000000e-01
2.500000000000000000e-01 2.500000000000000000e-01 2.500000000000000000e-01 2.500000000000000000e-01
2.500000000000000000e-01 2.500000000000000000e-01 2.500000000000000000e-01 2.500000000000000000e-01
2.500000000000000000e-01 2.500000000000000000e-01 2.500000000000000000e-01 2.500000000000000000e-01
2.500000000000000000e-01 2.500000000000000000e-01 2.500000000000000000e-01 2.500000000000000000e-01
2.500000000000000000e-01 2.500000000000000000e-01 2.500000000000000000e-01 2.500000000000000000e-01
2.500000000000000000e-01 2.500000000000000000e-01 2.500000000000000000e-01 2.500000000000000000e-01
5.344086971462093383e-02 1.161550696148591286e-02 4.298411980402613852e-01 5.051024252836318063e-01
2.500000000000000000e-01 2.500000000000000000e-01 2.500000000000000000e-01 2.500000000000000000e-01
2.500000000000000000e-01 2.500000000000000000e-01 2.500000000000000000e-01 2.500000000000000000e-01
2.574584196322209362e-01 1.450310374911221167e-01 2.783088615021722667e-01 3.192016813744846804e-01
2.500000000000000000e-01 2.500000000000000000e-01 2.500000000000000000e-01 2.500000000000000000e-01
6.437022834026386864e-01 3.208863198097294117e-02 1.922526723772351454e-01 1.319564122391532202e-01
2.500000000000000000e-01 2.500000000000000000e-01 2.500000000000000000e-01 2.500000000000000000e-01
1.112048890132869006e-01 3.690655641530982689e-01 5.983962632972933404e-02 4.598899205038854965e-01
2.500000000000000000e-01 2.500000000000000000e-01 2.500000000000000000e-01 2.500000000000000000e-01
2.605954300842752702e-01 2.652282112354381952e-02 2.454920084619324760e-01 4.673897403302484377e-01
3.812764693485584111e-01 3.292503743863484100e-01 1.560085531425328131e-01 1.334646031225603657e-01
2.500000000000000000e-01 2.500000000000000000e-01 2.500000000000000000e-01 2.500000000000000000e-01
2.500000000000000000e-01 2.500000000000000000e-01 2.500000000000000000e-01 2.500000000000000000e-01
2.500000000000000000e-01 2.500000000000000000e-01 2.500000000000000000e-01 2.500000000000000000e-01
3.761575742629402752e-02 4.317117299724984592e-01 4.217700501422955162e-02 4.884955075869779617e-01
2.500000000000000000e-01 2.500000000000000000e-01 2.500000000000000000e-01 2.500000000000000000e-01
6.827820649967311639e-02 1.549435896461351936e-01 4.392211348766734691e-01 3.375570689775182487e-01
2.500000000000000000e-01 2.500000000000000000e-01 2.500000000000000000e-01 2.500000000000000000e-01
1.735974115315953858e-01 3.795640375761973051e-02 1.191927437573552656e-01 6.692534409534296458e-01
2.500000000000000000e-01 2.500000000000000000e-01 2.500000000000000000e-01 2.500000000000000000e-01
2.500000000000000000e-01 2.500000000000000000e-01 2.500000000000000000e-01 2.500000000000000000e-01
2.500000000000000000e-01 2.500000000000000000e-01 2.500000000000000000e-01 2.500000000000000000e-01
2.500000000000000000e-01 2.500000000000000000e-01 2.500000000000000000e-01 2.500000000000000000e-01
2.789316847272285127e-01 2.135107515293048763e-01 2.449857424994801303e-01 2.625718212439864807e-01
4.089247866816886900e-01 1.675007041733670987e-01 1.518455359137554361e-01 2.717289732311887751e-01
4.771218459895348873e-02 8.379170906565261423e-02 5.916026507883314078e-01 2.768934555470624614e-01
2.500000000000000000e-01 2.500000000000000000e-01 2.500000000000000000e-01 2.500000000000000000e-01
3.414351227769865660e-01 5.340603627922017871e-02 4.930161332039529332e-01 1.121427077398403083e-01
2.500000000000000000e-01 2.500000000000000000e-01 2.500000000000000000e-01 2.500000000000000000e-01
2.500000000000000000e-01 2.500000000000000000e-01 2.500000000000000000e-01 2.500000000000000000e-01
2.500000000000000000e-01 2.500000000000000000e-01 2.500000000000000000e-01 2.500000000000000000e-01
2.500000000000000000e-01 2.500000000000000000e-01 2.500000000000000000e-01 2.500000000000000000e-01
2.500000000000000000e-01 2.500000000000000000e-01 2.500000000000000000e-01 2.500000000000000000e-01
2.500000000000000000e-01 2.500000000000000000e-01 2.500000000000000000e-01 2.500000000000000000e-01
2.500000000000000000e-01 2.500000000000000000e-01 2.500000000000000000e-01 2.500000000000000000e-01
2.500000000000000000e-01 2.500000000000000000e-01 2.500000000000000000e-01 2.500000000000000000e-01
2.500000000000000000e-01 2.500000000000000000e-01 2.500000000000000000e-01 2.500000000000000000e-01
2.500000000000000000e-01 2.500000000000000000e-01 2.500000000000000000e-01 2.500000000000000000e-01
6.704865897729972435e-02 1.626146245266655299e-01 2.789904259700370925e-02 7.424376738990310365e-01
2.500000000000000000e-01 2.500000000000000000e-01 2.500000000000000000e-01 2.500000000000000000e-01
2.500000000000000000e-01 2.500000000000000000e-01 2.500000000000000000e-01 2.500000000000000000e-01
2.500000000000000000e-01 2.500000000000000000e-01 2.500000000000000000e-01 2.500000000000000000e-01
2.500000000000000000e-01 2.500000000000000000e-01 2.500000000000000000e-01 2.500000000000000000e-01
2.500000000000000000e-01 2.500000000000000000e-01 2.500000000000000000e-01 2.500000000000000000e-01
2.500000000000000000e-01 2.500000000000000000e-01 2.500000000000000000e-01 2.500000000000000000e-01
2.500000000000000000e-01 2.500000000000000000e-01 2.500000000000000000e-01 2.500000000000000000e-01
2.500000000000000000e-01 2.500000000000000000e-01 2.500000000000000000e-01 2.500000000000000000e-01
2.500000000000000000e-01 2.500000000000000000e-01 2.500000000000000000e-01 2.500000000000000000e-01
3.999639432514750514e-01 3.042478546880691415e-01 2.104070348307266469e-01 8.538116722972916017e-02
2.500000000000000000e-01 2.500000000000000000e-01 2.500000000000000000e-01 2.500000000000000000e-01
2.500000000000000000e-01 2.500000000000000000e-01 2.500000000000000000e-01 2.500000000000000000e-01
2.500000000000000000e-01 2.500000000000000000e-01 2.500000000000000000e-01 2.500000000000000000e-01
1.927643731081986334e-02 3.869467632909953103e-01 2.089860382113450932e-01 3.847907611868398026e-01
2.500000000000000000e-01 2.500000000000000000e-01 2.500000000000000000e-01 2.500000000000000000e-01
9.796976017202801978e-02 1.831552811680638715e-01 4.815733625616852587e-01 2.373015960982228223e-01
2.500000000000000000e-01 2.500000000000000000e-01 2.500000000000000000e-01 2.500000000000000000e-01
3.012932490489168003e-01 3.182130894166347868e-01 2.368053255912033195e-01 1.436883359432450935e-01
2.500000000000000000e-01 2.500000000000000000e-01 2.500000000000000000e-01 2.500000000000000000e-01
2.500000000000000000e-01 2.500000000000000000e-01 2.500000000000000000e-01 2.500000000000000000e-01
2.500000000000000000e-01 2.500000000000000000e-01 2.500000000000000000e-01 2.500000000000000000e-01
4.339228735725074171e-01 5.230190195976848477e-02 1.278754501605160465e-01 3.858997743072080655e-01
2.500000000000000000e-01 2.500000000000000000e-01 2.500000000000000000e-01 2.500000000000000000e-01
5.640698757553725545e-02 7.880567825854310759e-02 5.783853595113833679e-01 2.864019746545362621e-01
2.500000000000000000e-01 2.500000000000000000e-01 2.500000000000000000e-01 2.500000000000000000e-01
2.500000000000000000e-01 2.500000000000000000e-01 2.500000000000000000e-01 2.500000000000000000e-01
2.939449077543385691e-01 3.033532638818907667e-01 2.295665572022197454e-01 1.731352711615509188e-01
2.500000000000000000e-01 2.500000000000000000e-01 2.500000000000000000e-01 2.500000000000000000e-01
2.500000000000000000e-01 2.500000000000000000e-01 2.500000000000000000e-01 2.500000000000000000e-01
6.078277895668432462e-01 2.386972082454300991e-03 1.362484301889445026e-01 2.535368081617579428e-01
2.500000000000000000e-01 2.500000000000000000e-01 2.500000000000000000e-01 2.500000000000000000e-01
2.658636654451201897e-01 2.296667419539936625e-02 6.135276943052385690e-01 9.764196605424185771e-02
2.500000000000000000e-01 2.500000000000000000e-01 2.500000000000000000e-01 2.500000000000000000e-01
1.319709961923195285e-01 1.042872946390308864e-01 1.541706315078624490e-01 6.095710776607871084e-01
2.500000000000000000e-01 2.500000000000000000e-01 2.500000000000000000e-01 2.500000000000000000e-01
2.500000000000000000e-01 2.500000000000000000e-01 2.500000000000000000e-01 2.500000000000000000e-01
3.459306866735639696e-01 4.492116676754440152e-01 1.968496177160934946e-01 8.008027934898465094e-03
2.500000000000000000e-01 2.500000000000000000e-01 2.500000000000000000e-01 2.500000000000000000e-01
2.500000000000000000e-01 2.500000000000000000e-01 2.500000000000000000e-01 2.500000000000000000e-01
2.500000000000000000e-01 2.500000000000000000e-01 2.500000000000000000e-01 2.500000000000000000e-01
2.500000000000000000e-01 2.500000000000000000e-01 2.500000000000000000e-01 2.500000000000000000e-01
2.500000000000000000e-01 2.500000000000000000e-01 2.500000000000000000e-01 2.500000000000000000e-01
2.500000000000000000e-01 2.500000000000000000e-01 2.500000000000000000e-01 2.500000000000000000e-01
3.883542736339249402e-01 1.347900875511620911e-01 5.054459894454163549e-02 4.263110398703713333e-01
2.500000000000000000e-01 2.500000000000000000e-01 2.500000000000000000e-01 2.500000000000000000e-01
2.500000000000000000e-01 2.500000000000000000e-01 2.500000000000000000e-01 2.500000000000000000e-01
2.500000000000000000e-01 2.500000000000000000e-01 2.500000000000000000e-01 2.500000000000000000e-01
2.500000000000000000e-01 2.500000000000000000e-01 2.500000000000000000e-01 2.500000000000000000e-01
2.500000000000000000e-01 2.500000000000000000e-01 2.500000000000000000e-01 2.500000000000000000e-01
2.500000000000000000e-01 2.500000000000000000e-01 2.500000000000000000e-01 2.500000000000000000e-01
4.346205318478569835e-01 1.893149419195913272e-02 4.412499834362238471e-01 1.051979905239600610e-01
2.500000000000000000e-01 2.500000000000000000e-01 2.500000000000000000e-01 2.500000000000000000e-01
1.842031538734894003e-01 5.376523911271787748e-01 1.396849484649077544e-01 1.384595065344240705e-01
2.500000000000000000e-01 2.500000000000000000e-01 2.500000000000000000e-01 2.500000000000000000e-01
4.715974485114081127e-01 2.073261453811361399e-01 4.025526311196481188e-02 2.808211429954909355e-01
2.500000000000000000e-01 2.500000000000000000e-01 2.500000000000000000e-01 2.500000000000000000e-01
2.244886665000858095e-01 1.397188010233707273e-03 2.196384790845734569e-01 5.544756664051070372e-01
2.500000000000000000e-01 2.500000000000000000e-01 2.500000000000000000e-01 2.500000000000000000e-01
2.500000000000000000e-01 2.500000000000000000e-01 2.500000000000000000e-01 2.500000000000000000e-01
2.500000000000000000e-01 2.500000000000000000e-01 2.500000000000000000e-01 2.500000000000000000e-01
2.500000000000000000e-01 2.500000000000000000e-01 2.500000000000000000e-01 2.500000000000000000e-01
2.500000000000000000e-01 2.500000000000000000e-01 2.500000000000000000e-01 2.500000000000000000e-01
2.500000000000000000e-01 2.500000000000000000e-01 2.500000000000000000e-01 2.500000000000000000e-01
2.500000000000000000e-01 2.500000000000000000e-01 2.500000000000000000e-01 2.500000000000000000e-01
3.284185095676485366e-02 2.461956646153984074e-01 4.505027675042716506e-01 2.704597169235650744e-01
2.500000000000000000e-01 2.500000000000000000e-01 2.500000000000000000e-01 2.500000000000000000e-01
1.705974335805642284e-01 9.969061526560692166e-02 1.451368972981603167e-01 5.845750538556685472e-01
2.500000000000000000e-01 2.500000000000000000e-01 2.500000000000000000e-01 2.500000000000000000e-01
2.500000000000000000e-01 2.500000000000000000e-01 2.500000000000000000e-01 2.500000000000000000e-01
2.500000000000000000e-01 2.500000000000000000e-01 2.500000000000000000e-01 2.500000000000000000e-01
2.446363363519754308e-01 1.647087435090212881e-01 2.444001143562022638e-01 3.462548057828009895e-01
2.500000000000000000e-01 2.500000000000000000e-01 2.500000000000000000e-01 2.500000000000000000e-01
2.500000000000000000e-01 2.500000000000000000e-01 2.500000000000000000e-01 2.500000000000000000e-01
2.500000000000000000e-01 2.500000000000000000e-01 2.500000000000000000e-01 2.500000000000000000e-01
7.619215041136508937e-01 9.882585213817461633e-02 1.019841810117540215e-02 1.290542256469990878e-01
2.500000000000000000e-01 2.500000000000000000e-01 2.500000000000000000e-01 2.500000000000000000e-01
3.545463360712443612e-01 3.693557256692240470e-02 2.237979964076681483e-01 3.847200949541650927e-01
2.500000000000000000e-01 2.500000000000000000e-01 2.500000000000000000e-01 2.500000000000000000e-01
2.500000000000000000e-01 2.500000000000000000e-01 2.500000000000000000e-01 2.500000000000000000e-01
1.965728216285261565e-01 4.752610644961430264e-01 2.361416884940433780e-01 9.202442538128743910e-02
2.500000000000000000e-01 2.500000000000000000e-01 2.500000000000000000e-01 2.500000000000000000e-01
2.500000000000000000e-01 2.500000000000000000e-01 2.500000000000000000e-01 2.500000000000000000e-01
2.500000000000000000e-01 2.500000000000000000e-01 2.500000000000000000e-01 2.500000000000000000e-01
2.500000000000000000e-01 2.500000000000000000e-01 2.500000000000000000e-01 2.500000000000000000e-01
2.500000000000000000e-01 2.500000000000000000e-01 2.500000000000000000e-01 2.500000000000000000e-01
2.500000000000000000e-01 2.500000000000000000e-01 2.500000000000000000e-01 2.500000000000000000e-01
3.045221723780044965e-01 2.085520395656803028e-01 3.834340439443039705e-01 1.034917441120112302e-01
2.500000000000000000e-01 2.500000000000000000e-01 2.500000000000000000e-01 2.500000000000000000e-01
2.500000000000000000e-01 2.500000000000000000e-01 2.500000000000000000e-01 2.500000000000000000e-01
2.500000000000000000e-01 2.500000000000000000e-01 2.500000000000000000e-01 2.500000000000000000e-01
1.766521829377287189e-01 1.222610197898796325e-01 2.630372302480234459e-01 4.380495670243682027e-01
2.500000000000000000e-01 2.500000000000000000e-01 2.500000000000000000e-01 2.500000000000000000e-01
2.500000000000000000e-01 2.500000000000000000e-01 2.500000000000000000e-01 2.500000000000000000e-01
1.396675517536994648e-01 2.446169832262696797e-01 6.866566232781035062e-02 5.470498026922204771e-01
2.500000000000000000e-01 2.500000000000000000e-01 2.500000000000000000e-01 2.500000000000000000e-01
2.500000000000000000e-01 2.500000000000000000e-01 2.500000000000000000e-01 2.500000000000000000e-01
5.383543280771647677e-01 2.940206707472053926e-02 3.511690254717943493e-01 8.107457937632034373e-02
2.500000000000000000e-01 2.500000000000000000e-01 2.500000000000000000e-01 2.500000000000000000e-01
4.341877059042384412e-02 3.085894898053996860e-01 2.682490695238931577e-01 3.797426700802832844e-01
4.305234934233650446e-01 4.900416798918258432e-01 1.455054224656360251e-03 7.797977246015275199e-02
2.500000000000000000e-01 2.500000000000000000e-01 2.500000000000000000e-01 2.500000000000000000e-01
2.500000000000000000e-01 2.500000000000000000e-01 2.500000000000000000e-01 2.500000000000000000e-01
2.500000000000000000e-01 2.500000000000000000e-01 2.500000000000000000e-01 2.500000000000000000e-01
4.587517204849022034e-01 8.341424997509681860e-02 4.305154150744973374e-02 4.147824880325512442e-01
2.500000000000000000e-01 2.500000000000000000e-01 2.500000000000000000e-01 2.500000000000000000e-01
2.500000000000000000e-01 2.500000000000000000e-01 2.500000000000000000e-01 2.500000000000000000e-01
2.500000000000000000e-01 2.500000000000000000e-01 2.500000000000000000e-01 2.500000000000000000e-01
2.500000000000000000e-01 2.500000000000000000e-01 2.500000000000000000e-01 2.500000000000000000e-01
2.500000000000000000e-01 2.500000000000000000e-01 2.500000000000000000e-01 2.500000000000000000e-01
2.500000000000000000e-01 2.500000000000000000e-01 2.500000000000000000e-01 2.500000000000000000e-01
7.649326301459416499e-02 2.284011435326135375e-01 9.645358554896843462e-02 5.986520079038238906e-01
4.193252969037563616e-01 9.882679909289809883e-02 3.614937172052240522e-02 4.456985322828231344e-01
2.500000000000000000e-01 2.500000000000000000e-01 2.500000000000000000e-01 2.500000000000000000e-01
6.250677875907997283e-01 1.529077507297627869e-01 1.118976564682519215e-01 1.101268052111855633e-01
2.500000000000000000e-01 2.500000000000000000e-01 2.500000000000000000e-01 2.500000000000000000e-01
2.500000000000000000e-01 2.500000000000000000e-01 2.500000000000000000e-01 2.500000000000000000e-01
6.057521893439574701e-01 1.268514179637613426e-01 9.624413427412434330e-02 1.711522584181568440e-01
3.371569555964121917e-02 2.546769758807797546e-01 4.721736468789786700e-01 2.394336816806003632e-01
2.272626077674718414e-01 5.219141367052747560e-01 7.970797390849149178e-02 1.711152816187619108e-01
2.500000000000000000e-01 2.500000000000000000e-01 2.500000000000000000e-01 2.500000000000000000e-01
2.500000000000000000e-01 2.500000000000000000e-01 2.500000000000000000e-01 2.500000000000000000e-01
2.500000000000000000e-01 2.500000000000000000e-01 2.500000000000000000e-01 2.500000000000000000e-01
2.500000000000000000e-01 2.500000000000000000e-01 2.500000000000000000e-01 2.500000000000000000e-01
1.882623694514996490e-02 3.930571612300979428e-02 5.086403061004591830e-01 4.332277408313810474e-01
6.227087632979529941e-01 1.924576808772846814e-01 1.597997070195253388e-02 1.688535851228097906e-01
2.500000000000000000e-01 2.500000000000000000e-01 2.500000000000000000e-01 2.500000000000000000e-01
2.500000000000000000e-01 2.500000000000000000e-01 2.500000000000000000e-01 2.500000000000000000e-01
9.342484641857710936e-02 4.680386742462778193e-01 2.029784438421127768e-01 2.355580354930322251e-01
2.500000000000000000e-01 2.500000000000000000e-01 2.500000000000000000e-01 2.500000000000000000e-01
2.500000000000000000e-01 2.500000000000000000e-01 2.500000000000000000e-01 2.500000000000000000e-01
2.500000000000000000e-01 2.500000000000000000e-01 2.500000000000000000e-01 2.500000000000000000e-01
1.563463812370700090e-01 1.931963176095334231e-02 2.401585515049390052e-01 5.841754354970376539e-01
2.500000000000000000e-01 2.500000000000000000e-01 2.500000000000000000e-01 2.500000000000000000e-01
2.500000000000000000e-01 2.500000000000000000e-01 2.500000000000000000e-01 2.500000000000000000e-01
4.008898335050910255e-02 2.217604750726592799e-01 1.134346793116566277e-01 6.247158622651749482e-01
2.500000000000000000e-01 2.500000000000000000e-01 2.500000000000000000e-01 2.500000000000000000e-01
2.500000000000000000e-01 2.500000000000000000e-01 2.500000000000000000e-01 2.500000000000000000e-01
2.500000000000000000e-01 2.500000000000000000e-01 2.500000000000000000e-01 2.500000000000000000e-01
2.257826509795385350e-01 1.690920648104362045e-01 3.417637426941981249e-01 2.633615415158271356e-01
2.500000000000000000e-01 2.500000000000000000e-01 2.500000000000000000e-01 2.500000000000000000e-01
2.174711931640344043e-01 2.519536151936890289e-01 1.268515783105085837e-01 4.037236133317679831e-01
2.897398914572270612e-01 1.429858128917742832e-01 1.031600098971933999e-01 4.641142857538052557e-01
2.500000000000000000e-01 2.500000000000000000e-01 2.500000000000000000e-01 2.500000000000000000e-01
9.853218631944812844e-02 2.226195499672512235e-01 5.270584080990139419e-01 1.517898556142867339e-01
1.334467777437108038e-01 1.048916153413035346e-01 3.672538354782796111e-01 3.944077714367060228e-01
2.500000000000000000e-01 2.500000000000000000e-01 2.500000000000000000e-01 2.500000000000000000e-01
2.500000000000000000e-01 2.500000000000000000e-01 2.500000000000000000e-01 2.500000000000000000e-01
2.500000000000000000e-01 2.500000000000000000e-01 2.500000000000000000e-01 2.500000000000000000e-01
2.500000000000000000e-01 2.500000000000000000e-01 2.500000000000000000e-01 2.500000000000000000e-01
1.793190110019808603e-01 2.745226700927490548e-01 3.388765555379232297e-01 2.072817633673468551e-01
2.500000000000000000e-01 2.500000000000000000e-01 2.500000000000000000e-01 2.500000000000000000e-01
2.500000000000000000e-01 2.500000000000000000e-01 2.500000000000000000e-01 2.500000000000000000e-01
2.500000000000000000e-01 2.500000000000000000e-01 2.500000000000000000e-01 2.500000000000000000e-01
2.500000000000000000e-01 2.500000000000000000e-01 2.500000000000000000e-01 2.500000000000000000e-01
5.065543529673641743e-01 1.139150115122060727e-02 1.980437671677229283e-01 2.840103787136922797e-01
1.226771706878536927e-01 3.758611135845468243e-01 2.617300089942781738e-01 2.397317067333213092e-01
2.500000000000000000e-01 2.500000000000000000e-01 2.500000000000000000e-01 2.500000000000000000e-01
2.500000000000000000e-01 2.500000000000000000e-01 2.500000000000000000e-01 2.500000000000000000e-01
2.500000000000000000e-01 2.500000000000000000e-01 2.500000000000000000e-01 2.500000000000000000e-01
2.500000000000000000e-01 2.500000000000000000e-01 2.500000000000000000e-01 2.500000000000000000e-01
2.500000000000000000e-01 2.500000000000000000e-01 2.500000000000000000e-01 2.500000000000000000e-01
2.500000000000000000e-01 2.500000000000000000e-01 2.500000000000000000e-01 2.500000000000000000e-01
2.500000000000000000e-01 2.500000000000000000e-01 2.500000000000000000e-01 2.500000000000000000e-01
2.500000000000000000e-01 2.500000000000000000e-01 2.500000000000000000e-01 2.500000000000000000e-01
2.500000000000000000e-01 2.500000000000000000e-01 2.500000000000000000e-01 2.500000000000000000e-01
2.500000000000000000e-01 2.500000000000000000e-01 2.500000000000000000e-01 2.500000000000000000e-01
2.500000000000000000e-01 2.500000000000000000e-01 2.500000000000000000e-01 2.500000000000000000e-01
2.500000000000000000e-01 2.500000000000000000e-01 2.500000000000000000e-01 2.500000000000000000e-01
4.356730169460429347e-01 1.170751436589485273e-01 4.325710233022442286e-02 4.039947370647841152e-01
2.500000000000000000e-01 2.500000000000000000e-01 2.500000000000000000e-01 2.500000000000000000e-01
2.500000000000000000e-01 2.500000000000000000e-01 2.500000000000000000e-01 2.500000000000000000e-01
6.029611732435100624e-01 1.278661923077764606e-01 7.572703209689507498e-02 1.934456023518184020e-01
2.500000000000000000e-01 2.500000000000000000e-01 2.500000000000000000e-01 2.500000000000000000e-01
5.646094661898954925e-01 5.002108613514368723e-02 5.630094729132160275e-02 3.290685003836392175e-01
2.500000000000000000e-01 2.500000000000000000e-01 2.500000000000000000e-01 2.500000000000000000e-01
7.092731875905879946e-01 2.250609610155764051e-01 6.254355245579054645e-02 3.122298938045053873e-03
6.773128917940338112e-02 1.916428399729015186e-01 4.974406503442727612e-01 2.431852205034223113e-01
2.194493765748606606e-01 1.221417525790339381e-02 4.476866032515814386e-01 3.206498449156545139e-01
6.255334376791902296e-01 2.856339173042611868e-01 6.434737888453884169e-02 2.448526613200974200e-02
2.500000000000000000e-01 2.500000000000000000e-01 2.500000000000000000e-01 2.500000000000000000e-01
2.500000000000000000e-01 2.500000000000000000e-01 2.500000000000000000e-01 2.500000000000000000e-01
2.500000000000000000e-01 2.500000000000000000e-01 2.500000000000000000e-01 2.500000000000000000e-01
2.500000000000000000e-01 2.500000000000000000e-01 2.500000000000000000e-01 2.500000000000000000e-01
2.500000000000000000e-01 2.500000000000000000e-01 2.500000000000000000e-01 2.500000000000000000e-01
2.500000000000000000e-01 2.500000000000000000e-01 2.500000000000000000e-01 2.500000000000000000e-01
2.500000000000000000e-01 2.500000000000000000e-01 2.500000000000000000e-01 2.500000000000000000e-01
2.500000000000000000e-01 2.500000000000000000e-01 2.500000000000000000e-01 2.500000000000000000e-01
6.715886981825048840e-01 1.117009524423720063e-01 8.106272521210243498e-02 1.356476241630206747e-01
3.994094394819135418e-01 1.386844590376762809e-03 2.925853456127314178e-01 3.066183703149782946e-01
2.500000000000000000e-01 2.500000000000000000e-01 2.500000000000000000e-01 2.500000000000000000e-01
3.769089277131709714e-01 4.805952888539958279e-01 5.148682558346773241e-03 1.373471008744864275e-01
2.500000000000000000e-01 2.500000000000000000e-01 2.500000000000000000e-01 2.500000000000000000e-01
1.662746224017329910e-01 2.948691965518938640e-01 1.361897602499442805e-01 4.026664207964288922e-01
2.834849474703961536e-01 3.119518697254478612e-01 3.167865197816718270e-01 8.777666302248410268e-02
2.500000000000000000e-01 2.500000000000000000e-01 2.500000000000000000e-01 2.500000000000000000e-01
2.500000000000000000e-01 2.500000000000000000e-01 2.500000000000000000e-01 2.500000000000000000e-01
9.321220583557013328e-02 9.585967645309285967e-02 1.394028902448530283e-01 6.715252274664840204e-01
3.378515907202223750e-02 1.083969162285595145e-01 1.706112182616433826e-01 6.872067064377748169e-01
2.500000000000000000e-01 2.500000000000000000e-01 2.500000000000000000e-01 2.500000000000000000e-01
6.029569076669180072e-01 6.117311329048431140e-02 3.907618890678115492e-02 2.967937901358165265e-01
2.500000000000000000e-01 2.500000000000000000e-01 2.500000000000000000e-01 2.500000000000000000e-01
2.500000000000000000e-01 2.500000000000000000e-01 2.500000000000000000e-01 2.500000000000000000e-01
8.937937691016935304e-02 1.850112504790747958e-01 3.428561645833558269e-01 3.827532080274000381e-01
2.500000000000000000e-01 2.500000000000000000e-01 2.500000000000000000e-01 2.500000000000000000e-01
1.001463645405450548e-01 2.103363691051020889e-01 2.140004323270019992e-02 6.681172231216526702e-01
2.500000000000000000e-01 2.500000000000000000e-01 2.500000000000000000e-01 2.500000000000000000e-01
1.091153966718129420e-01 5.186844793606212312e-01 6.540084509734211959e-02 3.067992788702236240e-01
1.742545380604105798e-01 1.486889863631069009e-01 5.308789436508800641e-01 1.461775319256023997e-01
2.244508662440377611e-01 1.562129524050203389e-01 9.661636067307974307e-02 5.227198206778621570e-01
3.085774128709601327e-01 1.992299909661046642e-01 2.031417254348754642e-01 2.890508707280597389e-01
2.128587316884540616e-04 5.081062428882381771e-02 1.472725229973986250e-01 8.017039939820891359e-01
2.500000000000000000e-01 2.500000000000000000e-01 2.500000000000000000e-01 2.500000000000000000e-01
3.967449926519473480e-01 2.001397721775557415e-01 1.369513766084606843e-02 3.894200975096508421e-01
2.500000000000000000e-01 2.500000000000000000e-01 2.500000000000000000e-01 2.500000000000000000e-01
2.500000000000000000e-01 2.500000000000000000e-01 2.500000000000000000e-01 2.500000000000000000e-01
2.652624495047573028e-01 4.991966369355486655e-01 5.424856637035208040e-02 1.812923471893420069e-01
2.500000000000000000e-01 2.500000000000000000e-01 2.500000000000000000e-01 2.500000000000000000e-01
6.720578827502417252e-02 1.813190036684969308e-01 2.182068517382866057e-01 5.332683563181922493e-01
4.373039499889007087e-01 1.562474462708633993e-01 3.228106471294076574e-01 8.363795661082823463e-02
2.500000000000000000e-01 2.500000000000000000e-01 2.500000000000000000e-01 2.500000000000000000e-01
2.500000000000000000e-01 2.500000000000000000e-01 2.500000000000000000e-01 2.500000000000000000e-01
2.162090104905789179e-01 3.463522611734473622e-01 3.900156736683307312e-01 4.742305466764298871e-02
2.500000000000000000e-01 2.500000000000000000e-01 2.500000000000000000e-01 2.500000000000000000e-01
2.500000000000000000e-01 2.500000000000000000e-01 2.500000000000000000e-01 2.500000000000000000e-01
3.271196113002505790e-01 1.256311053596629312e-01 4.834901681944991925e-02 4.989002665206365705e-01
2.500000000000000000e-01 2.500000000000000000e-01 2.500000000000000000e-01 2.500000000000000000e-01
6.228213365875696628e-01 1.672438505749606896e-01 4.980598914241388120e-02 1.601288236950557664e-01
5.571430419215072094e-01 2.896359909065811533e-01 7.730769493260231107e-02 7.591327223930932622e-02
1.529155082445714520e-01 1.090928281089215829e-01 5.981384810679146735e-01 1.398531825785922500e-01
2.500000000000000000e-01 2.500000000000000000e-01 2.500000000000000000e-01 2.500000000000000000e-01
1.713835354651898069e-01 4.433578292852777963e-02 2.032695111418556799e-01 5.810111704644267405e-01
2.500000000000000000e-01 2.500000000000000000e-01 2.500000000000000000e-01 2.500000000000000000e-01
2.500000000000000000e-01 2.500000000000000000e-01 2.500000000000000000e-01 2.500000000000000000e-01
5.827710789388286239e-01 2.085747546422800081e-01 1.820206156151374099e-01 2.663355080375395811e-02
2.500000000000000000e-01 2.500000000000000000e-01 2.500000000000000000e-01 2.500000000000000000e-01
2.500000000000000000e-01 2.500000000000000000e-01 2.500000000000000000e-01 2.500000000000000000e-01
2.500000000000000000e-01 2.500000000000000000e-01 2.500000000000000000e-01 2.500000000000000000e-01
2.500000000000000000e-01 2.500000000000000000e-01 2.500000000000000000e-01 2.500000000000000000e-01
2.500000000000000000e-01 2.500000000000000000e-01 2.500000000000000000e-01 2.500000000000000000e-01
2.500000000000000000e-01 2.500000000000000000e-01 2.500000000000000000e-01 2.500000000000000000e-01
2.932557715728634773e-01 4.664527621201667307e-01 9.570802615237372635e-02 1.445834401545960657e-01
2.500000000000000000e-01 2.500000000000000000e-01 2.500000000000000000e-01 2.500000000000000000e-01
2.500000000000000000e-01 2.500000000000000000e-01 2.500000000000000000e-01 2.500000000000000000e-01
2.500000000000000000e-01 2.500000000000000000e-01 2.500000000000000000e-01 2.500000000000000000e-01
2.500000000000000000e-01 2.500000000000000000e-01 2.500000000000000000e-01 2.500000000000000000e-01
5.899399932672161340e-01 1.364253214291239746e-01 1.722082471183863650e-01 1.014264381852735264e-01
2.500000000000000000e-01 2.500000000000000000e-01 2.500000000000000000e-01 2.500000000000000000e-01
4.866361243098812905e-01 3.348183292286513457e-01 4.268026910911998373e-02 1.358652773523473800e-01
6.405710598359407038e-02 9.492122569006480578e-04 7.385783834732991826e-01 1.964152982862059915e-01
5.247283992597361751e-02 1.210996388305203564e-02 6.803311440708812441e-01 2.550860521200930542e-01
2.500000000000000000e-01 2.500000000000000000e-01 2.500000000000000000e-01 2.500000000000000000e-01
4.230593459615090701e-01 2.939308769590439074e-01 2.453558484805679063e-02 2.584741922313902318e-01
1.687770478084955617e-01 2.645748449408583114e-01 4.039364486632505691e-01 1.627116585873956134e-01
2.110540275432533086e-01 4.530939693704139071e-02 5.145735676396008262e-01 2.290630078801044744e-01
2.218666845784379449e-01 1.476817139783886956e-01 4.688442147547100536e-01 1.616073866884633059e-01
2.500000000000000000e-01 2.500000000000000000e-01 2.500000000000000000e-01 2.500000000000000000e-01
2.500000000000000000e-01 2.500000000000000000e-01 2.500000000000000000e-01 2.500000000000000000e-01
2.500000000000000000e-01 2.500000000000000000e-01 2.500000000000000000e-01 2.500000000000000000e-01
2.500000000000000000e-01 2.500000000000000000e-01 2.500000000000000000e-01 2.500000000000000000e-01
7.642086705827696447e-01 3.454703120815966200e-02 1.319253916876324539e-01 6.931890652143823939e-02
2.500000000000000000e-01 2.500000000000000000e-01 2.500000000000000000e-01 2.500000000000000000e-01
2.500000000000000000e-01 2.500000000000000000e-01 2.500000000000000000e-01 2.500000000000000000e-01
4.513074392411551838e-01 1.590308739319452880e-02 3.293021701216593544e-01 2.034873032439909468e-01
2.500000000000000000e-01 2.500000000000000000e-01 2.500000000000000000e-01 2.500000000000000000e-01
1.097593101640453178e-01 2.568603694153163142e-01 3.066166743699137998e-01 3.267636460507245544e-01
2.500000000000000000e-01 2.500000000000000000e-01 2.500000000000000000e-01 2.500000000000000000e-01
2.500000000000000000e-01 2.500000000000000000e-01 2.500000000000000000e-01 2.500000000000000000e-01
2.500000000000000000e-01 2.500000000000000000e-01 2.500000000000000000e-01 2.500000000000000000e-01
2.500000000000000000e-01 2.500000000000000000e-01 2.500000000000000000e-01 2.500000000000000000e-01
4.661971145271556760e-01 1.805844317254581832e-01 4.130213044161762381e-02 3.119163233057685169e-01
2.500000000000000000e-01 2.500000000000000000e-01 2.500000000000000000e-01 2.500000000000000000e-01
2.500000000000000000e-01 2.500000000000000000e-01 2.500000000000000000e-01 2.500000000000000000e-01
1.932070193860123963e-01 9.090023952049904044e-02 6.324870089958011254e-01 8.340573209768739615e-02
3.182395714787795149e-01 1.607171659474940228e-02 1.088807177037567075e-01 5.568079942227144308e-01
6.535500118373949174e-01 6.668283083875499451e-02 2.674536540842343268e-01 1.231350323961577509e-02
1.581843844527168197e-01 5.716362967490624669e-01 2.229656899187659747e-02 2.478827498063440604e-01
7.412019338745393648e-01 1.098671056441503091e-01 1.311433811867731003e-01 1.778757929453722575e-02
4.768524292332225190e-01 2.117208744328163972e-01 1.642784845273358441e-01 1.471482118066252398e-01
2.500000000000000000e-01 2.500000000000000000e-01 2.500000000000000000e-01 2.500000000000000000e-01
3.838976677182902031e-01 2.018805917800205463e-01 6.016172793339374936e-02 3.540600125682955013e-01
6.499518703071671677e-01 8.718285261105852835e-02 1.980959483428474943e-01 6.476932873892682352e-02
2.500000000000000000e-01 2.500000000000000000e-01 2.500000000000000000e-01 2.500000000000000000e-01
4.568886645465946583e-01 3.200256184326242814e-01 1.810218583664813807e-01 4.206385865429967952e-02
2.500000000000000000e-01 2.500000000000000000e-01 2.500000000000000000e-01 2.500000000000000000e-01
2.702276591079044721e-01 3.729391363119195502e-01 3.282551793348322811e-01 2.857802524534369670e-02
2.500000000000000000e-01 2.500000000000000000e-01 2.500000000000000000e-01 2.500000000000000000e-01
4.231216805515379265e-01 1.237996845895368292e-01 4.088637466542900389e-01 4.421488820463520542e-02
2.500000000000000000e-01 2.500000000000000000e-01 2.500000000000000000e-01 2.500000000000000000e-01
1.022074304601279689e-02 1.937315787931790101e-01 4.099162092788299905e-01 3.861314688819781904e-01
2.500000000000000000e-01 2.500000000000000000e-01 2.500000000000000000e-01 2.500000000000000000e-01
2.500000000000000000e-01 2.500000000000000000e-01 2.500000000000000000e-01 2.500000000000000000e-01
2.500000000000000000e-01 2.500000000000000000e-01 2.500000000000000000e-01 2.500000000000000000e-01
2.500000000000000000e-01 2.500000000000000000e-01 2.500000000000000000e-01 2.500000000000000000e-01
2.500000000000000000e-01 2.500000000000000000e-01 2.500000000000000000e-01 2.500000000000000000e-01
2.264503607784305317e-01 2.584266649714279107e-01 2.563455909717578529e-01 2.587773832783836214e-01
2.500000000000000000e-01 2.500000000000000000e-01 2.500000000000000000e-01 2.500000000000000000e-01
2.500000000000000000e-01 2.500000000000000000e-01 2.500000000000000000e-01 2.500000000000000000e-01
2.500000000000000000e-01 2.500000000000000000e-01 2.500000000000000000e-01 2.500000000000000000e-01
1.960137901157353868e-01 4.569003491274677420e-01 2.613442195954926439e-01 8.574164116130428281e-02
2.500000000000000000e-01 2.500000000000000000e-01 2.500000000000000000e-01 2.500000000000000000e-01
2.500000000000000000e-01 2.500000000000000000e-01 2.500000000000000000e-01 2.500000000000000000e-01
2.500000000000000000e-01 2.500000000000000000e-01 2.500000000000000000e-01 2.500000000000000000e-01
2.500000000000000000e-01 2.500000000000000000e-01 2.500000000000000000e-01 2.500000000000000000e-01
2.500000000000000000e-01 2.500000000000000000e-01 2.500000000000000000e-01 2.500000000000000000e-01
2.500000000000000000e-01 2.500000000000000000e-01 2.500000000000000000e-01 2.500000000000000000e-01
2.500000000000000000e-01 2.500000000000000000e-01 2.500000000000000000e-01 2.500000000000000000e-01
2.500000000000000000e-01 2.500000000000000000e-01 2.500000000000000000e-01 2.500000000000000000e-01
2.500000000000000000e-01 2.500000000000000000e-01 2.500000000000000000e-01 2.500000000000000000e-01
2.167544609610866368e-01 8.212206847722529346e-02 5.540134448913657250e-01 1.471100256703223863e-01
2.500000000000000000e-01 2.500000000000000000e-01 2.500000000000000000e-01 2.500000000000000000e-01
2.807632087289608780e-01 8.562872862267090213e-02 1.858378039347150512e-01 4.477702587136531687e-01
2.500000000000000000e-01 2.500000000000000000e-01 2.500000000000000000e-01 2.500000000000000000e-01
6.389252259148708868e-01 1.099635407484526699e-02 9.693457986159854933e-02 2.531438401486852952e-01
2.981839861555574817e-02 2.747786284577615201e-01 5.700525073627599193e-02 6.383977221904066912e-01
2.500000000000000000e-01 2.500000000000000000e-01 2.500000000000000000e-01 2.500000000000000000e-01
1.969558637637282283e-01 1.650469879758443281e-01 7.652006193924643096e-03 6.303451420665028282e-01
2.500000000000000000e-01 2.500000000000000000e-01 2.500000000000000000e-01 2.500000000000000000e-01
2.500000000000000000e-01 2.500000000000000000e-01 2.500000000000000000e-01 2.500000000000000000e-01
5.751096486987306022e-02 8.316541642131919376e-02 3.965338689228940505e-01 4.627897497859136955e-01
5.494477523721019718e-01 2.176024682942284960e-01 1.162886561799477414e-01 1.166611231537217908e-01
2.500000000000000000e-01 2.500000000000000000e-01 2.500000000000000000e-01 2.500000000000000000e-01
2.500000000000000000e-01 2.500000000000000000e-01 2.500000000000000000e-01 2.500000000000000000e-01
2.500000000000000000e-01 2.500000000000000000e-01 2.500000000000000000e-01 2.500000000000000000e-01
2.500000000000000000e-01 2.500000000000000000e-01 2.500000000000000000e-01 2.500000000000000000e-01
2.500000000000000000e-01 2.500000000000000000e-01 2.500000000000000000e-01 2.500000000000000000e-01
2.500000000000000000e-01 2.500000000000000000e-01 2.500000000000000000e-01 2.500000000000000000e-01
2.500000000000000000e-01 2.500000000000000000e-01 2.500000000000000000e-01 2.500000000000000000e-01
2.500000000000000000e-01 2.500000000000000000e-01 2.500000000000000000e-01 2.500000000000000000e-01
2.500000000000000000e-01 2.500000000000000000e-01 2.500000000000000000e-01 2.500000000000000000e-01
2.500000000000000000e-01 2.500000000000000000e-01 2.500000000000000000e-01 2.500000000000000000e-01
2.500000000000000000e-01 2.500000000000000000e-01 2.500000000000000000e-01 2.500000000000000000e-01
6.662583217022215454e-01 3.469277988126361068e-02 2.184008301266809893e-01 8.064806828983384079e-02
4.426047873957397183e-01 1.077748643776656745e-01 5.807677689084836392e-02 3.915435713357462433e-01
1.515537703264164815e-01 1.247595242413869349e-01 3.783593563739053867e-01 3.453273490582912109e-01
2.500000000000000000e-01 2.500000000000000000e-01 2.500000000000000000e-01 2.500000000000000000e-01
2.500000000000000000e-01 2.500000000000000000e-01 2.500000000000000000e-01 2.500000000000000000e-01
2.500000000000000000e-01 2.500000000000000000e-01 2.500000000000000000e-01 2.500000000000000000e-01
2.500000000000000000e-01 2.500000000000000000e-01 2.500000000000000000e-01 2.500000000000000000e-01
3.425166675924184445e-01 2.127527337234206561e-01 1.136694885056563353e-02 4.333636498335952658e-01
2.500000000000000000e-01 2.500000000000000000e-01 2.500000000000000000e-01 2.500000000000000000e-01
2.507754425806588694e-01 1.730450276526046549e-01 3.792621574612593527e-01 1.969173723054771230e-01
2.500000000000000000e-01 2.500000000000000000e-01 2.500000000000000000e-01 2.500000000000000000e-01
5.186982299149756059e-01 4.023328230822954994e-03 3.220043177671925161e-01 1.552741240870089134e-01
2.500000000000000000e-01 2.500000000000000000e-01 2.500000000000000000e-01 2.500000000000000000e-01
1.691498613093372627e-01 5.148449286985768980e-01 1.585137143976411700e-02 3.001538385523216945e-01
2.500000000000000000e-01 2.500000000000000000e-01 2.500000000000000000e-01 2.500000000000000000e-01
2.500000000000000000e-01 2.500000000000000000e-01 2.500000000000000000e-01 2.500000000000000000e-01
3.783247674438712793e-01 1.832897317732759823e-01 2.812149203727031255e-01 1.571705804101495851e-01
2.500000000000000000e-01 2.500000000000000000e-01 2.500000000000000000e-01 2.500000000000000000e-01
2.500000000000000000e-01 2.500000000000000000e-01 2.500000000000000000e-01 2.500000000000000000e-01
2.500000000000000000e-01 2.500000000000000000e-01 2.500000000000000000e-01 2.500000000000000000e-01
5.161255705428908769e-01 2.831754815434371908e-01 2.466420742803487887e-02 1.760347404856370535e-01
5.000026147196348081e-01 3.061457481177463913e-02 2.821707810764381152e-01 1.872120293921524237e-01
2.500000000000000000e-01 2.500000000000000000e-01 2.500000000000000000e-01 2.500000000000000000e-01
2.004102467197773352e-01 2.699276568368909612e-01 2.689336694788553861e-01 2.607284269644762897e-01
7.118168025265170229e-01 5.382117903305461137e-02 1.250454637779594425e-01 1.093165546624689233e-01
1.090439653707491324e-01 2.276755350357047639e-02 6.626316789831137033e-01 2.055568021425666636e-01
2.924650487306988955e-01 8.217674361554758167e-02 1.339745136913350898e-01 4.913836939624184330e-01
