2.012904375439599491e-01 4.235035010220922908e-02 6.773102634056843430e-01 7.904894894814648576e-02
7.320590093689242073e-01 3.020661098959867563e-02 1.186801083582091632e-01 1.190542712832679539e-01
2.500000000000000000e-01 2.500000000000000000e-01 2.500000000000000000e-01 2.500000000000000000e-01
2.839225249779246951e-01 3.257318951409704511e-01 1.895122796583800229e-01 2.008333002227248310e-01
2.500000000000000000e-01 2.500000000000000000e-01 2.500000000000000000e-01 2.500000000000000000e-01
2.500000000000000000e-01 2.500000000000000000e-01 2.500000000000000000e-01 2.500000000000000000e-01
2.863788852009787056e-01 1.881777046366171768e-01 2.500481003742799357e-01 2.753953097881241541e-01
2.500000000000000000e-01 2.500000000000000000e-01 2.500000000000000000e-01 2.500000000000000000e-01
2.500000000000000000e-01 2.500000000000000000e-01 2.500000000000000000e-01 2.500000000000000000e-01
2.500000000000000000e-01 2.500000000000000000e-01 2.500000000000000000e-01 2.500000000000000000e-01
1.594641113443657499e-01 1.518956996190641909e-02 1.925789754036653367e-01 6.327673432900624562e-01
2.500000000000000000e-01 2.500000000000000000e-01 2.500000000000000000e-01 2.500000000000000000e-01
1.098728798173360527e-01 6.663018912074192279e-01 6.426524802642330503e-02 1.595599809488214005e-01
2.500000000000000000e-01 2.500000000000000000e-01 2.500000000000000000e-01 2.500000000000000000e-01
3.189130018642368780e-01 7.535105125301484741e-02 4.942522562285396881e-01 1.114836906542086004e-01
2.500000000000000000e-01 2.500000000000000000e-01 2.500000000000000000e-01 2.500000000000000000e-01
2.500000000000000000e-01 2.500000000000000000e-01 2.500000000000000000e-01 2.500000000000000000e-01
2.500000000000000000e-01 2.500000000000000000e-01 2.500000000000000000e-01 2.500000000000000000e-01
2.500000000000000000e-01 2.500000000000000000e-01 2.500000000000000000e-01 2.500000000000000000e-01
1.070371076376836761e-01 2.771648118932975580e-01 2.470428504575478135e-01 3.687552300114709247e-01
2.500000000000000000e-01 2.500000000000000000e-01 2.500000000000000000e-01 2.500000000000000000e-01
2.500000000000000000e-01 2.500000000000000000e-01 2.500000000000000000e-01 2.500000000000000000e-01
5.150438969875292816e-02 3.719780373886721891e-01 3.459940263367180524e-01 2.305235465758568303e-01
2.500000000000000000e-01 2.500000000000000000e-01 2.500000000000000000e-01 2.500000000000000000e-01
2.500000000000000000e-01 2.500000000000000000e-01 2.500000000000000000e-01 2.500000000000000000e-01
2.500000000000000000e-01 2.500000000000000000e-01 2.500000000000000000e-01 2.500000000000000000e-01
2.500000000000000000e-01 2.500000000000000000e-01 2.500000000000000000e-01 2.500000000000000000e-01
2.500000000000000000e-01 2.500000000000000000e-01 2.500000000000000000e-01 2.500000000000000000e-01
2.500000000000000000e-01 2.500000000000000000e-01 2.500000000000000000e-01 2.500000000000000000e-01
2.276257215530673450e-01 3.726396357645959112e-01 3.617440052867705313e-01 3.799063739556615693e-02
