3.801851565284422030e-01 1.543744135197709921e-01 2.672240664989287140e-01 1.982163634528580909e-01
1.030959474607130028e-01 1.033888888222100899e-01 2.530310695311510649e-01 5.404840941859258008e-01
3.484701572713315154e-01 6.079238272682157933e-03 2.113317337481890601e-01 4.341188707077972553e-01
4.919673445916203924e-01 2.584592623715599724e-01 2.343534672623742710e-02 2.261380463105822081e-01
2.500000000000000000e-01 2.500000000000000000e-01 2.500000000000000000e-01 2.500000000000000000e-01
2.500000000000000000e-01 2.500000000000000000e-01 2.500000000000000000e-01 2.500000000000000000e-01
2.500000000000000000e-01 2.500000000000000000e-01 2.500000000000000000e-01 2.500000000000000000e-01
2.500000000000000000e-01 2.500000000000000000e-01 2.500000000000000000e-01 2.500000000000000000e-01
2.500000000000000000e-01 2.500000000000000000e-01 2.500000000000000000e-01 2.500000000000000000e-01
2.500000000000000000e-01 2.500000000000000000e-01 2.500000000000000000e-01 2.500000000000000000e-01
1.056763468393345923e-01 2.238341846685523162e-01 3.646813996654418855e-01 3.058080688266712754e-01
2.500000000000000000e-01 2.500000000000000000e-01 2.500000000000000000e-01 2.500000000000000000e-01
2.500000000000000000e-01 2.500000000000000000e-01 2.500000000000000000e-01 2.500000000000000000e-01
2.500000000000000000e-01 2.500000000000000000e-01 2.500000000000000000e-01 2.500000000000000000e-01
4.435977313341332162e-01 3.264691359605235155e-01 1.057873283111770979e-01 1.241458043941661704e-01
2.500000000000000000e-01 2.500000000000000000e-01 2.500000000000000000e-01 2.500000000000000000e-01
7.183866626365976726e-01 6.950121218171073645e-02 4.854505533566039199e-02 1.635670698460311989e-01
2.952139190078797437e-01 3.825253469810095952e-01 2.138585999174918983e-01 1.084021340936187072e-01
7.525062252361516268e-01 1.168324692602378950e-01 1.983661823644326805e-02 1.108246872671672101e-01
2.625872444466189060e-01 6.390636203763130907e-02 6.146590994642665562e-01 5.884729405148314552e-02
2.500000000000000000e-01 2.500000000000000000e-01 2.500000000000000000e-01 2.500000000000000000e-01
2.500000000000000000e-01 2.500000000000000000e-01 2.500000000000000000e-01 2.500000000000000000e-01
2.500000000000000000e-01 2.500000000000000000e-01 2.500000000000000000e-01 2.500000000000000000e-01
2.814877411227231785e-01 4.057996458691517233e-02 5.375038825569311562e-01 1.404284117334305693e-01
2.143794800106339216e-01 2.045490553257408584e-01 1.526474579271024368e-01 4.284240067365228111e-01
2.500000000000000000e-01 2.500000000000000000e-01 2.500000000000000000e-01 2.500000000000000000e-01
2.500000000000000000e-01 2.500000000000000000e-01 2.500000000000000000e-01 2.500000000000000000e-01
8.656335391622297371e-01 1.037987510639344774e-01 3.295414461761583813e-03 2.727229531207420177e-02
2.081126447522197165e-01 5.946472242900182476e-02 1.817930618701560641e-01 5.506295709486224155e-01
4.537636884243430035e-01 6.567420480453260712e-02 6.456342604144489628e-02 4.159986807296794931e-01
2.500000000000000000e-01 2.500000000000000000e-01 2.500000000000000000e-01 2.500000000000000000e-01
2.500000000000000000e-01 2.500000000000000000e-01 2.500000000000000000e-01 2.500000000000000000e-01
3.926784928354893345e-01 1.608084308672777518e-01 2.698739872071570511e-02 4.195256775765172086e-01
2.500000000000000000e-01 2.500000000000000000e-01 2.500000000000000000e-01 2.500000000000000000e-01
2.500000000000000000e-01 2.500000000000000000e-01 2.500000000000000000e-01 2.500000000000000000e-01
2.500000000000000000e-01 2.500000000000000000e-01 2.500000000000000000e-01 2.500000000000000000e-01
2.500000000000000000e-01 2.500000000000000000e-01 2.500000000000000000e-01 2.500000000000000000e-01
2.500000000000000000e-01 2.500000000000000000e-01 2.500000000000000000e-01 2.500000000000000000e-01
3.250640329463587164e-01 2.472385108309232415e-01 6.099272792266907661e-03 4.215981834304511344e-01
2.500000000000000000e-01 2.500000000000000000e-01 2.500000000000000000e-01 2.500000000000000000e-01
2.500000000000000000e-01 2.500000000000000000e-01 2.500000000000000000e-01 2.500000000000000000e-01
2.621695764899516501e-01 8.159846670025709681e-02 1.656879400330845686e-01 4.905440167767066706e-01
3.702638753210043543e-01 4.434131725197321683e-01 8.840325634860141113e-02 9.791969581066212180e-02
2.500000000000000000e-01 2.500000000000000000e-01 2.500000000000000000e-01 2.500000000000000000e-01
2.327649047658465059e-02 1.113759915881389062e-01 5.888640341435947834e-01 2.764834837916816390e-01
2.500000000000000000e-01 2.500000000000000000e-01 2.500000000000000000e-01 2.500000000000000000e-01
2.500000000000000000e-01 2.500000000000000000e-01 2.500000000000000000e-01 2.500000000000000000e-01
2.500000000000000000e-01 2.500000000000000000e-01 2.500000000000000000e-01 2.500000000000000000e-01
3.923698508806343077e-01 4.119039282117035738e-01 9.432131451393127586e-02 1.014049063937308426e-01
2.500000000000000000e-01 2.500000000000000000e-01 2.500000000000000000e-01 2.500000000000000000e-01
2.500000000000000000e-01 2.500000000000000000e-01 2.500000000000000000e-01 2.500000000000000000e-01
2.500000000000000000e-01 2.500000000000000000e-01 2.500000000000000000e-01 2.500000000000000000e-01
2.500000000000000000e-01 2.500000000000000000e-01 2.500000000000000000e-01 2.500000000000000000e-01
2.500000000000000000e-01 2.500000000000000000e-01 2.500000000000000000e-01 2.500000000000000000e-01
4.810643829130535343e-01 9.828743528725988887e-02 1.567298533026838803e-01 2.639183284970026966e-01
2.500000000000000000e-01 2.500000000000000000e-01 2.500000000000000000e-01 2.500000000000000000e-01
2.500000000000000000e-01 2.500000000000000000e-01 2.500000000000000000e-01 2.500000000000000000e-01
2.500000000000000000e-01 2.500000000000000000e-01 2.500000000000000000e-01 2.500000000000000000e-01
2.500000000000000000e-01 2.500000000000000000e-01 2.500000000000000000e-01 2.500000000000000000e-01
1.655148521621617463e-01 4.778387639646382995e-02 5.587507412193518791e-02 7.308261973194392080e-01
2.500000000000000000e-01 2.500000000000000000e-01 2.500000000000000000e-01 2.500000000000000000e-01
1.266330759866444444e-01 3.182131564655983902e-01 1.920151931743094287e-01 3.631385743734477645e-01
2.500000000000000000e-01 2.500000000000000000e-01 2.500000000000000000e-01 2.500000000000000000e-01
2.500000000000000000e-01 2.500000000000000000e-01 2.500000000000000000e-01 2.500000000000000000e-01
2.500000000000000000e-01 2.500000000000000000e-01 2.500000000000000000e-01 2.500000000000000000e-01
2.500000000000000000e-01 2.500000000000000000e-01 2.500000000000000000e-01 2.500000000000000000e-01
5.993954719906220419e-01 4.130836356648116825e-02 1.119529371375582588e-01 2.473432273053385311e-01
2.500000000000000000e-01 2.500000000000000000e-01 2.500000000000000000e-01 2.500000000000000000e-01
2.500000000000000000e-01 2.500000000000000000e-01 2.500000000000000000e-01 2.500000000000000000e-01
2.513174170274574126e-01 1.813075688826900622e-01 1.509276004472629440e-01 4.164474136425895812e-01
2.500000000000000000e-01 2.500000000000000000e-01 2.500000000000000000e-01 2.500000000000000000e-01
2.500000000000000000e-01 2.500000000000000000e-01 2.500000000000000000e-01 2.500000000000000000e-01
2.500000000000000000e-01 2.500000000000000000e-01 2.500000000000000000e-01 2.500000000000000000e-01
2.500000000000000000e-01 2.500000000000000000e-01 2.500000000000000000e-01 2.500000000000000000e-01
2.500000000000000000e-01 2.500000000000000000e-01 2.500000000000000000e-01 2.500000000000000000e-01
2.500000000000000000e-01 2.500000000000000000e-01 2.500000000000000000e-01 2.500000000000000000e-01
2.500000000000000000e-01 2.500000000000000000e-01 2.500000000000000000e-01 2.500000000000000000e-01
2.500000000000000000e-01 2.500000000000000000e-01 2.500000000000000000e-01 2.500000000000000000e-01
2.196145322213354512e-01 3.034710961907844395e-01 3.061195610260372679e-01 1.707948105618428414e-01
2.500000000000000000e-01 2.500000000000000000e-01 2.500000000000000000e-01 2.500000000000000000e-01
2.500000000000000000e-01 2.500000000000000000e-01 2.500000000000000000e-01 2.500000000000000000e-01
2.500000000000000000e-01 2.500000000000000000e-01 2.500000000000000000e-01 2.500000000000000000e-01
2.500000000000000000e-01 2.500000000000000000e-01 2.500000000000000000e-01 2.500000000000000000e-01
2.500000000000000000e-01 2.500000000000000000e-01 2.500000000000000000e-01 2.500000000000000000e-01
7.687078449082758169e-01 9.095445300945299849e-02 9.601040057546077200e-02 4.432730150681041259e-02
1.482419620425949602e-01 9.008599138444488286e-02 4.806882136192672239e-01 2.809838329536930024e-01
2.500000000000000000e-01 2.500000000000000000e-01 2.500000000000000000e-01 2.500000000000000000e-01
2.500000000000000000e-01 2.500000000000000000e-01 2.500000000000000000e-01 2.500000000000000000e-01
1.765119060262972384e-01 2.781378799491874831e-01 4.003846830714729021e-01 1.449655309530423763e-01
2.500000000000000000e-01 2.500000000000000000e-01 2.500000000000000000e-01 2.500000000000000000e-01
2.500000000000000000e-01 2.500000000000000000e-01 2.500000000000000000e-01 2.500000000000000000e-01
2.500000000000000000e-01 2.500000000000000000e-01 2.500000000000000000e-01 2.500000000000000000e-01
4.245638001595133937e-01 2.379291694667290680e-01 8.915847616810163023e-03 3.285911827569473753e-01
2.500000000000000000e-01 2.500000000000000000e-01 2.500000000000000000e-01 2.500000000000000000e-01
2.500000000000000000e-01 2.500000000000000000e-01 2.500000000000000000e-01 2.500000000000000000e-01
2.500000000000000000e-01 2.500000000000000000e-01 2.500000000000000000e-01 2.500000000000000000e-01
2.500000000000000000e-01 2.500000000000000000e-01 2.500000000000000000e-01 2.500000000000000000e-01
2.500000000000000000e-01 2.500000000000000000e-01 2.500000000000000000e-01 2.500000000000000000e-01
2.500000000000000000e-01 2.500000000000000000e-01 2.500000000000000000e-01 2.500000000000000000e-01
3.156958134655436510e-01 1.200677116403450623e-01 5.435883342527625395e-01 2.064814064134884442e-02
2.500000000000000000e-01 2.500000000000000000e-01 2.500000000000000000e-01 2.500000000000000000e-01
2.500000000000000000e-01 2.500000000000000000e-01 2.500000000000000000e-01 2.500000000000000000e-01
2.500000000000000000e-01 2.500000000000000000e-01 2.500000000000000000e-01 2.500000000000000000e-01
5.861640373634292578e-01 2.512372324660120948e-01 1.382932938562314584e-02 1.487694007849355016e-01
2.500000000000000000e-01 2.500000000000000000e-01 2.500000000000000000e-01 2.500000000000000000e-01
3.513526761560624156e-01 3.031650854118506655e-01 2.067015365828460127e-01 1.387807018492409061e-01
2.500000000000000000e-01 2.500000000000000000e-01 2.500000000000000000e-01 2.500000000000000000e-01
2.500000000000000000e-01 2.500000000000000000e-01 2.500000000000000000e-01 2.500000000000000000e-01
2.500000000000000000e-01 2.500000000000000000e-01 2.500000000000000000e-01 2.500000000000000000e-01
4.747519097406046294e-03 1.285254872015678118e-01 1.954084910487702276e-02 8.471861445961491599e-01
6.431579448195224868e-01 1.020075750101524514e-01 9.193702487445609695e-02 1.628974552958689648e-01
2.500000000000000000e-01 2.500000000000000000e-01 2.500000000000000000e-01 2.500000000000000000e-01
2.177992787926604779e-01 1.666453170154758370e-02 2.220941383360459653e-01 5.434420511697459766e-01
2.500000000000000000e-01 2.500000000000000000e-01 2.500000000000000000e-01 2.500000000000000000e-01
2.500000000000000000e-01 2.500000000000000000e-01 2.500000000000000000e-01 2.500000000000000000e-01
2.500000000000000000e-01 2.500000000000000000e-01 2.500000000000000000e-01 2.500000000000000000e-01
2.500000000000000000e-01 2.500000000000000000e-01 2.500000000000000000e-01 2.500000000000000000e-01
2.500000000000000000e-01 2.500000000000000000e-01 2.500000000000000000e-01 2.500000000000000000e-01
2.500000000000000000e-01 2.500000000000000000e-01 2.500000000000000000e-01 2.500000000000000000e-01
1.723195336572674319e-01 3.664316717564349291e-01 5.515670498904817753e-02 4.060920895972494615e-01
2.980931832784723956e-01 5.198187742467715033e-02 6.070340843046557744e-01 4.289085499219463804e-02
2.500000000000000000e-01 2.500000000000000000e-01 2.500000000000000000e-01 2.500000000000000000e-01
5.649089774870039715e-01 2.228326701661489384e-01 1.506417773132040505e-01 6.161657503364303956e-02
7.107709849724280771e-02 9.014303528471105664e-02 5.502471628907179557e-01 2.885327033273281661e-01
2.500000000000000000e-01 2.500000000000000000e-01 2.500000000000000000e-01 2.500000000000000000e-01
4.434877762329725304e-01 6.890053102847694400e-02 1.322104438771933843e-01 3.554012488613571552e-01
2.581370843003190640e-01 2.724209769835293504e-01 1.147895352744672803e-01 3.546524034416843052e-01
5.206283813639229763e-01 1.061635902288337180e-01 1.005601366539795455e-01 2.726478917532637603e-01
2.500000000000000000e-01 2.500000000000000000e-01 2.500000000000000000e-01 2.500000000000000000e-01
1.134072395472249251e-01 3.269510071164823950e-01 1.870501700350862828e-01 3.725915833012064526e-01
2.500000000000000000e-01 2.500000000000000000e-01 2.500000000000000000e-01 2.500000000000000000e-01
2.500000000000000000e-01 2.500000000000000000e-01 2.500000000000000000e-01 2.500000000000000000e-01
2.500000000000000000e-01 2.500000000000000000e-01 2.500000000000000000e-01 2.500000000000000000e-01
2.500000000000000000e-01 2.500000000000000000e-01 2.500000000000000000e-01 2.500000000000000000e-01
3.879230127054594801e-01 4.748547839825696948e-01 2.135342680090684953e-02 1.158687765110639756e-01
2.500000000000000000e-01 2.500000000000000000e-01 2.500000000000000000e-01 2.500000000000000000e-01
4.154152786547844756e-02 3.819885624391753387e-01 2.255428929636740243e-01 3.509270167316722033e-01
2.500000000000000000e-01 2.500000000000000000e-01 2.500000000000000000e-01 2.500000000000000000e-01
2.500000000000000000e-01 2.500000000000000000e-01 2.500000000000000000e-01 2.500000000000000000e-01
2.500000000000000000e-01 2.500000000000000000e-01 2.500000000000000000e-01 2.500000000000000000e-01
2.500000000000000000e-01 2.500000000000000000e-01 2.500000000000000000e-01 2.500000000000000000e-01
1.767056021560122619e-02 1.874408136673605396e-01 2.862236630434319418e-01 5.086649630736063132e-01
2.500000000000000000e-01 2.500000000000000000e-01 2.500000000000000000e-01 2.500000000000000000e-01
2.500000000000000000e-01 2.500000000000000000e-01 2.500000000000000000e-01 2.500000000000000000e-01
2.500000000000000000e-01 2.500000000000000000e-01 2.500000000000000000e-01 2.500000000000000000e-01
2.733488705490463300e-01 3.255126629871417099e-01 7.715095331350768637e-02 3.239875131503042738e-01
2.500000000000000000e-01 2.500000000000000000e-01 2.500000000000000000e-01 2.500000000000000000e-01
2.500000000000000000e-01 2.500000000000000000e-01 2.500000000000000000e-01 2.500000000000000000e-01
2.500000000000000000e-01 2.500000000000000000e-01 2.500000000000000000e-01 2.500000000000000000e-01
2.500000000000000000e-01 2.500000000000000000e-01 2.500000000000000000e-01 2.500000000000000000e-01
1.064295787117536252e-01 7.186661995390807023e-02 6.727817189058543645e-01 1.489220824284839817e-01
2.500000000000000000e-01 2.500000000000000000e-01 2.500000000000000000e-01 2.500000000000000000e-01
2.500000000000000000e-01 2.500000000000000000e-01 2.500000000000000000e-01 2.500000000000000000e-01
2.632877623899253505e-01 4.877376712165385486e-01 1.507576644833912294e-01 9.821690191014487148e-02
6.887728952431516616e-01 1.832115468265223812e-01 1.462172407723175138e-02 1.133938338530942058e-01
2.500000000000000000e-01 2.500000000000000000e-01 2.500000000000000000e-01 2.500000000000000000e-01
2.500000000000000000e-01 2.500000000000000000e-01 2.500000000000000000e-01 2.500000000000000000e-01
3.142300581664055070e-02 1.860082375474579885e-01 4.439532841784809003e-01 3.386154724574206298e-01
6.957797893918962195e-01 1.793117703533921858e-01 1.051544819946410581e-01 1.975395826007053657e-02
2.500000000000000000e-01 2.500000000000000000e-01 2.500000000000000000e-01 2.500000000000000000e-01
1.583837954200317533e-01 3.426173496435679366e-01 3.546405102680095789e-01 1.443583446683907312e-01
2.500000000000000000e-01 2.500000000000000000e-01 2.500000000000000000e-01 2.500000000000000000e-01
6.397778548255126374e-01 1.107765091604162172e-01 1.272009345452965179e-01 1.222447014687746414e-01
1.555250437254074025e-01 2.426266536439715682e-01 1.424080034097126579e-01 4.594402992209083436e-01
2.500000000000000000e-01 2.500000000000000000e-01 2.500000000000000000e-01 2.500000000000000000e-01
2.500000000000000000e-01 2.500000000000000000e-01 2.500000000000000000e-01 2.500000000000000000e-01
2.500000000000000000e-01 2.500000000000000000e-01 2.500000000000000000e-01 2.500000000000000000e-01
6.503200961685654535e-01 1.865116808973913964e-01 5.809384998068328754e-02 1.050743729533598625e-01
2.500000000000000000e-01 2.500000000000000000e-01 2.500000000000000000e-01 2.500000000000000000e-01
3.494762400700883731e-01 1.223001613128020110e-01 4.222457932108807932e-01 1.059778054062287533e-01
2.500000000000000000e-01 2.500000000000000000e-01 2.500000000000000000e-01 2.500000000000000000e-01
2.500000000000000000e-01 2.500000000000000000e-01 2.500000000000000000e-01 2.500000000000000000e-01
2.500000000000000000e-01 2.500000000000000000e-01 2.500000000000000000e-01 2.500000000000000000e-01
2.500000000000000000e-01 2.500000000000000000e-01 2.500000000000000000e-01 2.500000000000000000e-01
2.500000000000000000e-01 2.500000000000000000e-01 2.500000000000000000e-01 2.500000000000000000e-01
5.693806905857485834e-01 2.539730286715161447e-02 1.829720649285533074e-01 2.222499416185464982e-01
2.500000000000000000e-01 2.500000000000000000e-01 2.500000000000000000e-01 2.500000000000000000e-01
2.260636305679008529e-01 7.244778915380685469e-02 9.919681479610790997e-02 6.022917654821844380e-01
2.500000000000000000e-01 2.500000000000000000e-01 2.500000000000000000e-01 2.500000000000000000e-01
2.500000000000000000e-01 2.500000000000000000e-01 2.500000000000000000e-01 2.500000000000000000e-01
2.500000000000000000e-01 2.500000000000000000e-01 2.500000000000000000e-01 2.500000000000000000e-01
2.500000000000000000e-01 2.500000000000000000e-01 2.500000000000000000e-01 2.500000000000000000e-01
1.601436018346092671e-01 2.862911315556717629e-01 2.003845347729782400e-01 3.531807318367407023e-01
3.135393974051284283e-01 2.476659483815282781e-02 4.768829751486950430e-01 1.848110326080237287e-01
2.812826374510843941e-01 3.689837562727938947e-01 9.419534607947865901e-03 3.403140716681738454e-01
2.500000000000000000e-01 2.500000000000000000e-01 2.500000000000000000e-01 2.500000000000000000e-01
2.500000000000000000e-01 2.500000000000000000e-01 2.500000000000000000e-01 2.500000000000000000e-01
2.500000000000000000e-01 2.500000000000000000e-01 2.500000000000000000e-01 2.500000000000000000e-01
2.500000000000000000e-01 2.500000000000000000e-01 2.500000000000000000e-01 2.500000000000000000e-01
4.322423004251928491e-01 1.674957432547417076e-03 4.751797014159762078e-01 9.090304072628352383e-02
3.332523500150416651e-01 2.061601092320415607e-01 4.235817719286180671e-02 4.182293635600549675e-01
2.500000000000000000e-01 2.500000000000000000e-01 2.500000000000000000e-01 2.500000000000000000e-01
2.166356915354357079e-02 4.046792848474394799e-01 3.026769475277908961e-01 2.709801984712260636e-01
2.500000000000000000e-01 2.500000000000000000e-01 2.500000000000000000e-01 2.500000000000000000e-01
1.400291081618554312e-01 4.033323181797054957e-01 8.900049538186105558e-02 3.676380782765780175e-01
2.333089553914470260e-01 2.055255826766401728e-01 2.197137598104853540e-02 5.391940859508642658e-01
2.500000000000000000e-01 2.500000000000000000e-01 2.500000000000000000e-01 2.500000000000000000e-01
3.060402020227864228e-01 5.579128301180532462e-02 2.285873062793391253e-01 4.095812086860691204e-01
2.839865171990701986e-02 2.059954295176489036e-01 4.344492525278401129e-02 7.221609935096600097e-01
2.500000000000000000e-01 2.500000000000000000e-01 2.500000000000000000e-01 2.500000000000000000e-01
2.500000000000000000e-01 2.500000000000000000e-01 2.500000000000000000e-01 2.500000000000000000e-01
2.594821495203750716e-01 4.729216795412241048e-01 5.371570279120452263e-02 2.138804681471963010e-01
2.500000000000000000e-01 2.500000000000000000e-01 2.500000000000000000e-01 2.500000000000000000e-01
2.500000000000000000e-01 2.500000000000000000e-01 2.500000000000000000e-01 2.500000000000000000e-01
8.264310379413052077e-02 4.035425831383245288e-01 1.737016496888054706e-01 3.401126633787394660e-01
3.512934962377691622e-02 2.275458339090898063e-01 3.180026523479121403e-01 4.193221641192211857e-01
3.136850558099751329e-01 2.246893961933479900e-01 3.418518930227840147e-01 1.197736549738928624e-01
4.803299401090006526e-01 1.479251348438938574e-01 2.532738379580287691e-01 1.184710870890767209e-01
2.500000000000000000e-01 2.500000000000000000e-01 2.500000000000000000e-01 2.500000000000000000e-01
2.500000000000000000e-01 2.500000000000000000e-01 2.500000000000000000e-01 2.500000000000000000e-01
7.604442141271344768e-01 5.797239281871230387e-03 1.324058322898481743e-01 1.013527143011461185e-01
2.500000000000000000e-01 2.500000000000000000e-01 2.500000000000000000e-01 2.500000000000000000e-01
2.500000000000000000e-01 2.500000000000000000e-01 2.500000000000000000e-01 2.500000000000000000e-01
3.646038697022139785e-01 4.063250328368415154e-01 1.646905215636448316e-01 6.438057589729967445e-02
2.500000000000000000e-01 2.500000000000000000e-01 2.500000000000000000e-01 2.500000000000000000e-01
2.500000000000000000e-01 2.500000000000000000e-01 2.500000000000000000e-01 2.500000000000000000e-01
2.500000000000000000e-01 2.500000000000000000e-01 2.500000000000000000e-01 2.500000000000000000e-01
2.500000000000000000e-01 2.500000000000000000e-01 2.500000000000000000e-01 2.500000000000000000e-01
2.500000000000000000e-01 2.500000000000000000e-01 2.500000000000000000e-01 2.500000000000000000e-01
2.500000000000000000e-01 2.500000000000000000e-01 2.500000000000000000e-01 2.500000000000000000e-01
2.500000000000000000e-01 2.500000000000000000e-01 2.500000000000000000e-01 2.500000000000000000e-01
2.500000000000000000e-01 2.500000000000000000e-01 2.500000000000000000e-01 2.500000000000000000e-01
2.500000000000000000e-01 2.500000000000000000e-01 2.500000000000000000e-01 2.500000000000000000e-01
6.194209976913611637e-01 3.423197796971257090e-02 9.442008552071655403e-02 2.519269388182097114e-01
2.500000000000000000e-01 2.500000000000000000e-01 2.500000000000000000e-01 2.500000000000000000e-01
1.426842794385851654e-01 5.100857154126327286e-02 3.720829558233972323e-01 4.342241931967543156e-01
2.500000000000000000e-01 2.500000000000000000e-01 2.500000000000000000e-01 2.500000000000000000e-01
2.500000000000000000e-01 2.500000000000000000e-01 2.500000000000000000e-01 2.500000000000000000e-01
2.500000000000000000e-01 2.500000000000000000e-01 2.500000000000000000e-01 2.500000000000000000e-01
2.500000000000000000e-01 2.500000000000000000e-01 2.500000000000000000e-01 2.500000000000000000e-01
4.098627532415290986e-01 2.722233429918836101e-01 5.675492688319955237e-02 2.611589768833877390e-01
4.840767854553445493e-01 1.182751677216840047e-01 1.932608232881993793e-01 2.043872235347720667e-01
2.672866993026694060e-01 2.555414243382450046e-01 4.015264910000593268e-02 4.370192272590796567e-01
5.006560457522007956e-02 1.228595773090628701e-01 2.562130358648833650e-01 5.708617822508337269e-01
5.005746660334667308e-02 7.101976076116447434e-01 1.648412693505685311e-03 2.380965130915028427e-01
4.336874695328841178e-01 3.219253855474141779e-01 2.074964367064081050e-01 3.689070821329365479e-02
2.500000000000000000e-01 2.500000000000000000e-01 2.500000000000000000e-01 2.500000000000000000e-01
3.659364257924597186e-01 5.850482001523862330e-01 1.408877442073486197e-02 3.492659963441918647e-02
2.500000000000000000e-01 2.500000000000000000e-01 2.500000000000000000e-01 2.500000000000000000e-01
2.506456664449013827e-01 1.151768409231789664e-01 4.846534056592686768e-01 1.495240869726509603e-01
2.500000000000000000e-01 2.500000000000000000e-01 2.500000000000000000e-01 2.500000000000000000e-01
4.813993960239025816e-01 2.176796224044609193e-02 2.366785753221335442e-01 2.601540664135177927e-01
2.500000000000000000e-01 2.500000000000000000e-01 2.500000000000000000e-01 2.500000000000000000e-01
2.500000000000000000e-01 2.500000000000000000e-01 2.500000000000000000e-01 2.500000000000000000e-01
2.500000000000000000e-01 2.500000000000000000e-01 2.500000000000000000e-01 2.500000000000000000e-01
9.671852186890259051e-02 8.891856895371207103e-02 4.417382791566099032e-01 3.726246300207753936e-01
3.937396091258628106e-01 3.210122174802049200e-01 1.247064837249797220e-01 1.605416896689525474e-01
2.206930323709040964e-01 4.900208786500723224e-01 1.609955688769276749e-02 2.731865320913307582e-01
2.500000000000000000e-01 2.500000000000000000e-01 2.500000000000000000e-01 2.500000000000000000e-01
2.500000000000000000e-01 2.500000000000000000e-01 2.500000000000000000e-01 2.500000000000000000e-01
1.454831283595468816e-01 4.656133084055498750e-01 1.556449149806001242e-01 2.332586482543031192e-01
2.500000000000000000e-01 2.500000000000000000e-01 2.500000000000000000e-01 2.500000000000000000e-01
9.199834001891429858e-02 8.405961231700928571e-02 5.210873041605944556e-01 3.028547435034819602e-01
2.500000000000000000e-01 2.500000000000000000e-01 2.500000000000000000e-01 2.500000000000000000e-01
2.500000000000000000e-01 2.500000000000000000e-01 2.500000000000000000e-01 2.500000000000000000e-01
1.860698313822422290e-01 3.541064188425114279e-01 2.326071797088415383e-01 2.272165700664047494e-01
2.500000000000000000e-01 2.500000000000000000e-01 2.500000000000000000e-01 2.500000000000000000e-01
2.500000000000000000e-01 2.500000000000000000e-01 2.500000000000000000e-01 2.500000000000000000e-01
2.500000000000000000e-01 2.500000000000000000e-01 2.500000000000000000e-01 2.500000000000000000e-01
2.500000000000000000e-01 2.500000000000000000e-01 2.500000000000000000e-01 2.500000000000000000e-01
1.767328840361555298e-01 3.007995786385706527e-01 6.100414309849389038e-02 4.614633942267799549e-01
2.500000000000000000e-01 2.500000000000000000e-01 2.500000000000000000e-01 2.500000000000000000e-01
2.500000000000000000e-01 2.500000000000000000e-01 2.500000000000000000e-01 2.500000000000000000e-01
2.500000000000000000e-01 2.500000000000000000e-01 2.500000000000000000e-01 2.500000000000000000e-01
2.719081804306799910e-01 1.597843593483160018e-01 1.728188110728207383e-01 3.954886491481832689e-01
4.313527749048458593e-01 3.299198051068511495e-01 2.377271835918965959e-01 1.000236396406395389e-03
5.185804621083806021e-02 7.291590729863076104e-02 1.439945389498493433e-01 7.312315075406818909e-01
2.500000000000000000e-01 2.500000000000000000e-01 2.500000000000000000e-01 2.500000000000000000e-01
2.500000000000000000e-01 2.500000000000000000e-01 2.500000000000000000e-01 2.500000000000000000e-01
2.500000000000000000e-01 2.500000000000000000e-01 2.500000000000000000e-01 2.500000000000000000e-01
2.500000000000000000e-01 2.500000000000000000e-01 2.500000000000000000e-01 2.500000000000000000e-01
2.500000000000000000e-01 2.500000000000000000e-01 2.500000000000000000e-01 2.500000000000000000e-01
2.500000000000000000e-01 2.500000000000000000e-01 2.500000000000000000e-01 2.500000000000000000e-01
8.728257151474393127e-02 5.253657009019548907e-01 1.226112987758006811e-01 2.647404288075004830e-01
2.500000000000000000e-01 2.500000000000000000e-01 2.500000000000000000e-01 2.500000000000000000e-01
2.500000000000000000e-01 2.500000000000000000e-01 2.500000000000000000e-01 2.500000000000000000e-01
2.732030560914617268e-01 2.283188774415229882e-01 4.601027661782652878e-01 3.837530028874991395e-02
2.500000000000000000e-01 2.500000000000000000e-01 2.500000000000000000e-01 2.500000000000000000e-01
2.500000000000000000e-01 2.500000000000000000e-01 2.500000000000000000e-01 2.500000000000000000e-01
2.500000000000000000e-01 2.500000000000000000e-01 2.500000000000000000e-01 2.500000000000000000e-01
2.500000000000000000e-01 2.500000000000000000e-01 2.500000000000000000e-01 2.500000000000000000e-01
2.500000000000000000e-01 2.500000000000000000e-01 2.500000000000000000e-01 2.500000000000000000e-01
2.500000000000000000e-01 2.500000000000000000e-01 2.500000000000000000e-01 2.500000000000000000e-01
2.500000000000000000e-01 2.500000000000000000e-01 2.500000000000000000e-01 2.500000000000000000e-01
1.685129016807235258e-01 1.858563778934867183e-02 1.469344143322162677e-01 6.659670461977115208e-01
2.699099215303277233e-01 2.486640236799459169e-01 9.407064290016306507e-02 3.873554118895632947e-01
2.500000000000000000e-01 2.500000000000000000e-01 2.500000000000000000e-01 2.500000000000000000e-01
2.500000000000000000e-01 2.500000000000000000e-01 2.500000000000000000e-01 2.500000000000000000e-01
2.500000000000000000e-01 2.500000000000000000e-01 2.500000000000000000e-01 2.500000000000000000e-01
1.521716468263392685e-01 1.098527018562713009e-01 1.859914601286725977e-01 5.519841911887168884e-01
2.500000000000000000e-01 2.500000000000000000e-01 2.500000000000000000e-01 2.500000000000000000e-01
2.500000000000000000e-01 2.500000000000000000e-01 2.500000000000000000e-01 2.500000000000000000e-01
8.449330174831408691e-01 5.070534737421922289e-02 7.861288474193889320e-02 2.574875040070101484e-02
2.500000000000000000e-01 2.500000000000000000e-01 2.500000000000000000e-01 2.500000000000000000e-01
4.562843625867509245e-01 3.953029823316235591e-02 2.398952059037863238e-01 2.642901332763004096e-01
2.500000000000000000e-01 2.500000000000000000e-01 2.500000000000000000e-01 2.500000000000000000e-01
2.500000000000000000e-01 2.500000000000000000e-01 2.500000000000000000e-01 2.500000000000000000e-01
2.500000000000000000e-01 2.500000000000000000e-01 2.500000000000000000e-01 2.500000000000000000e-01
2.500000000000000000e-01 2.500000000000000000e-01 2.500000000000000000e-01 2.500000000000000000e-01
2.500000000000000000e-01 2.500000000000000000e-01 2.500000000000000000e-01 2.500000000000000000e-01
2.500000000000000000e-01 2.500000000000000000e-01 2.500000000000000000e-01 2.500000000000000000e-01
2.500000000000000000e-01 2.500000000000000000e-01 2.500000000000000000e-01 2.500000000000000000e-01
2.500000000000000000e-01 2.500000000000000000e-01 2.500000000000000000e-01 2.500000000000000000e-01
2.500000000000000000e-01 2.500000000000000000e-01 2.500000000000000000e-01 2.500000000000000000e-01
2.500000000000000000e-01 2.500000000000000000e-01 2.500000000000000000e-01 2.500000000000000000e-01
2.500000000000000000e-01 2.500000000000000000e-01 2.500000000000000000e-01 2.500000000000000000e-01
2.500000000000000000e-01 2.500000000000000000e-01 2.500000000000000000e-01 2.500000000000000000e-01
2.500000000000000000e-01 2.500000000000000000e-01 2.500000000000000000e-01 2.500000000000000000e-01
2.500000000000000000e-01 2.500000000000000000e-01 2.500000000000000000e-01 2.500000000000000000e-01
2.500000000000000000e-01 2.500000000000000000e-01 2.500000000000000000e-01 2.500000000000000000e-01
1.798545390366081964e-01 2.523986664938623337e-01 3.933223361150687269e-01 1.744244583544607985e-01
6.699847397347176159e-01 2.213816100607222670e-01 2.015389137720818846e-02 8.847975882735192865e-02
2.500000000000000000e-01 2.500000000000000000e-01 2.500000000000000000e-01 2.500000000000000000e-01
4.591867381693668371e-01 1.347076358785856756e-02 3.590861060824859230e-01 1.682563921602886481e-01
5.858530399647774622e-05 1.346773914300215536e-01 7.682917041305237227e-02 7.884348528529295796e-01
2.500000000000000000e-01 2.500000000000000000e-01 2.500000000000000000e-01 2.500000000000000000e-01
2.090586118230002288e-01 7.100671818395797030e-02 6.609673003457587903e-01 5.896736964728294117e-02
2.500000000000000000e-01 2.500000000000000000e-01 2.500000000000000000e-01 2.500000000000000000e-01
1.063355859268014514e-01 5.037370592587058216e-01 5.653018707044810132e-02 3.333971677440445980e-01
3.009111060372493540e-01 3.852360771648636467e-02 2.329868821604470230e-01 4.275784040858172652e-01
2.500000000000000000e-01 2.500000000000000000e-01 2.500000000000000000e-01 2.500000000000000000e-01
2.500000000000000000e-01 2.500000000000000000e-01 2.500000000000000000e-01 2.500000000000000000e-01
2.500000000000000000e-01 2.500000000000000000e-01 2.500000000000000000e-01 2.500000000000000000e-01
2.500000000000000000e-01 2.500000000000000000e-01 2.500000000000000000e-01 2.500000000000000000e-01
2.406528386104621331e-01 2.263054678315616630e-01 1.544595326979210370e-01 3.785821608600551391e-01
6.218148727171656648e-02 1.635340643580051045e-01 4.598952668860514237e-01 3.143891814842268984e-01
2.500000000000000000e-01 2.500000000000000000e-01 2.500000000000000000e-01 2.500000000000000000e-01
1.388286568865621795e-01 1.203203862812275704e-01 7.354035005545242476e-02 6.673106067767577976e-01
2.500000000000000000e-01 2.500000000000000000e-01 2.500000000000000000e-01 2.500000000000000000e-01
2.500000000000000000e-01 2.500000000000000000e-01 2.500000000000000000e-01 2.500000000000000000e-01
2.500000000000000000e-01 2.500000000000000000e-01 2.500000000000000000e-01 2.500000000000000000e-01
2.500000000000000000e-01 2.500000000000000000e-01 2.500000000000000000e-01 2.500000000000000000e-01
2.500000000000000000e-01 2.500000000000000000e-01 2.500000000000000000e-01 2.500000000000000000e-01
2.500000000000000000e-01 2.500000000000000000e-01 2.500000000000000000e-01 2.500000000000000000e-01
3.339042308860196706e-01 3.777804225158032381e-01 1.224467000995173027e-01 1.658686464986598441e-01
2.500000000000000000e-01 2.500000000000000000e-01 2.500000000000000000e-01 2.500000000000000000e-01
2.880925181125746359e-01 1.305074559674766488e-01 5.479183530031233040e-01 3.348167291682535573e-02
2.500000000000000000e-01 2.500000000000000000e-01 2.500000000000000000e-01 2.500000000000000000e-01
3.848131067821609630e-01 7.425315140218929910e-02 4.296448343097756806e-01 1.112889075058740573e-01
2.500000000000000000e-01 2.500000000000000000e-01 2.500000000000000000e-01 2.500000000000000000e-01
2.500000000000000000e-01 2.500000000000000000e-01 2.500000000000000000e-01 2.500000000000000000e-01
2.500000000000000000e-01 2.500000000000000000e-01 2.500000000000000000e-01 2.500000000000000000e-01
2.731537928123414227e-01 8.675802332640498993e-02 2.889402676237743939e-01 3.511479162374792073e-01
3.394651595029332114e-01 1.981745134214293325e-01 1.861373906432551850e-01 2.762229364323822711e-01
6.870453484655858478e-02 9.399904114833683433e-02 3.757956675418430703e-01 4.615007564632614967e-01
2.500000000000000000e-01 2.500000000000000000e-01 2.500000000000000000e-01 2.500000000000000000e-01
1.879180291467305586e-01 2.481809015812934394e-01 4.966390310330492941e-01 6.726203823892668021e-02
2.500000000000000000e-01 2.500000000000000000e-01 2.500000000000000000e-01 2.500000000000000000e-01
2.500000000000000000e-01 2.500000000000000000e-01 2.500000000000000000e-01 2.500000000000000000e-01
2.500000000000000000e-01 2.500000000000000000e-01 2.500000000000000000e-01 2.500000000000000000e-01
2.500000000000000000e-01 2.500000000000000000e-01 2.500000000000000000e-01 2.500000000000000000e-01
2.500000000000000000e-01 2.500000000000000000e-01 2.500000000000000000e-01 2.500000000000000000e-01
3.874815211218702871e-01 1.341884474627336177e-02 2.773981977568866220e-01 3.217014363749697292e-01
2.500000000000000000e-01 2.500000000000000000e-01 2.500000000000000000e-01 2.500000000000000000e-01
2.500000000000000000e-01 2.500000000000000000e-01 2.500000000000000000e-01 2.500000000000000000e-01
3.286832623734154413e-01 5.732103719571173261e-01 5.551458813259468883e-02 4.259177753687248824e-02
2.500000000000000000e-01 2.500000000000000000e-01 2.500000000000000000e-01 2.500000000000000000e-01
1.776803943732254698e-01 2.585297732961248651e-01 1.102086425538065240e-01 4.535811897768431411e-01
2.500000000000000000e-01 2.500000000000000000e-01 2.500000000000000000e-01 2.500000000000000000e-01
1.482257281492552203e-01 3.886112458433387262e-01 1.892516373973334165e-01 2.739113886100726369e-01
2.500000000000000000e-01 2.500000000000000000e-01 2.500000000000000000e-01 2.500000000000000000e-01
2.500000000000000000e-01 2.500000000000000000e-01 2.500000000000000000e-01 2.500000000000000000e-01
2.500000000000000000e-01 2.500000000000000000e-01 2.500000000000000000e-01 2.500000000000000000e-01
2.500000000000000000e-01 2.500000000000000000e-01 2.500000000000000000e-01 2.500000000000000000e-01
2.500000000000000000e-01 2.500000000000000000e-01 2.500000000000000000e-01 2.500000000000000000e-01
2.500000000000000000e-01 2.500000000000000000e-01 2.500000000000000000e-01 2.500000000000000000e-01
2.500000000000000000e-01 2.500000000000000000e-01 2.500000000000000000e-01 2.500000000000000000e-01
2.500000000000000000e-01 2.500000000000000000e-01 2.500000000000000000e-01 2.500000000000000000e-01
2.500000000000000000e-01 2.500000000000000000e-01 2.500000000000000000e-01 2.500000000000000000e-01
2.500000000000000000e-01 2.500000000000000000e-01 2.500000000000000000e-01 2.500000000000000000e-01
2.500000000000000000e-01 2.500000000000000000e-01 2.500000000000000000e-01 2.500000000000000000e-01
2.500000000000000000e-01 2.500000000000000000e-01 2.500000000000000000e-01 2.500000000000000000e-01
2.500000000000000000e-01 2.500000000000000000e-01 2.500000000000000000e-01 2.500000000000000000e-01
2.500000000000000000e-01 2.500000000000000000e-01 2.500000000000000000e-01 2.500000000000000000e-01
2.500000000000000000e-01 2.500000000000000000e-01 2.500000000000000000e-01 2.500000000000000000e-01
2.500000000000000000e-01 2.500000000000000000e-01 2.500000000000000000e-01 2.500000000000000000e-01
6.716529822637989922e-01 7.052393783838631358e-02 1.651920264769934643e-01 9.263105342082122995e-02
2.500000000000000000e-01 2.500000000000000000e-01 2.500000000000000000e-01 2.500000000000000000e-01
2.500000000000000000e-01 2.500000000000000000e-01 2.500000000000000000e-01 2.500000000000000000e-01
2.500000000000000000e-01 2.500000000000000000e-01 2.500000000000000000e-01 2.500000000000000000e-01
2.500000000000000000e-01 2.500000000000000000e-01 2.500000000000000000e-01 2.500000000000000000e-01
3.677473171799794938e-01 6.227254449154645544e-02 3.108748752555576256e-01 2.591052630729164252e-01
2.409035363122094264e-01 2.768030071966038896e-01 7.496219876356324807e-02 4.073312577276234636e-01
2.500000000000000000e-01 2.500000000000000000e-01 2.500000000000000000e-01 2.500000000000000000e-01
2.500000000000000000e-01 2.500000000000000000e-01 2.500000000000000000e-01 2.500000000000000000e-01
2.500000000000000000e-01 2.500000000000000000e-01 2.500000000000000000e-01 2.500000000000000000e-01
2.500000000000000000e-01 2.500000000000000000e-01 2.500000000000000000e-01 2.500000000000000000e-01
2.500000000000000000e-01 2.500000000000000000e-01 2.500000000000000000e-01 2.500000000000000000e-01
2.500000000000000000e-01 2.500000000000000000e-01 2.500000000000000000e-01 2.500000000000000000e-01
2.500000000000000000e-01 2.500000000000000000e-01 2.500000000000000000e-01 2.500000000000000000e-01
2.500000000000000000e-01 2.500000000000000000e-01 2.500000000000000000e-01 2.500000000000000000e-01
1.431160887754184263e-01 5.868357801001520269e-01 2.344825548088380618e-02 2.465998756435457406e-01
2.500000000000000000e-01 2.500000000000000000e-01 2.500000000000000000e-01 2.500000000000000000e-01
1.090998489190532217e-01 1.458036640083298918e-01 5.576326655229423279e-01 1.874638215496746141e-01
2.500000000000000000e-01 2.500000000000000000e-01 2.500000000000000000e-01 2.500000000000000000e-01
2.500000000000000000e-01 2.500000000000000000e-01 2.500000000000000000e-01 2.500000000000000000e-01
2.696369310886447268e-01 6.347352530512663238e-01 6.280185074117983213e-03 8.934763078597096619e-02
2.635084716444580644e-01 1.292257704790049644e-01 2.808592056881891175e-01 3.264065521883478538e-01
2.500000000000000000e-01 2.500000000000000000e-01 2.500000000000000000e-01 2.500000000000000000e-01
2.500000000000000000e-01 2.500000000000000000e-01 2.500000000000000000e-01 2.500000000000000000e-01
2.500000000000000000e-01 2.500000000000000000e-01 2.500000000000000000e-01 2.500000000000000000e-01
2.500000000000000000e-01 2.500000000000000000e-01 2.500000000000000000e-01 2.500000000000000000e-01
2.500000000000000000e-01 2.500000000000000000e-01 2.500000000000000000e-01 2.500000000000000000e-01
2.500000000000000000e-01 2.500000000000000000e-01 2.500000000000000000e-01 2.500000000000000000e-01
2.500000000000000000e-01 2.500000000000000000e-01 2.500000000000000000e-01 2.500000000000000000e-01
2.596135160672090603e-01 4.413986987003263793e-03 3.024850334754727310e-01 4.334874634703149709e-01
2.500000000000000000e-01 2.500000000000000000e-01 2.500000000000000000e-01 2.500000000000000000e-01
2.500000000000000000e-01 2.500000000000000000e-01 2.500000000000000000e-01 2.500000000000000000e-01
8.984663485674537764e-02 3.186960030637557839e-01 2.995446506645671469e-01 2.919127114149316915e-01
2.500000000000000000e-01 2.500000000000000000e-01 2.500000000000000000e-01 2.500000000000000000e-01
2.500000000000000000e-01 2.500000000000000000e-01 2.500000000000000000e-01 2.500000000000000000e-01
2.500000000000000000e-01 2.500000000000000000e-01 2.500000000000000000e-01 2.500000000000000000e-01
2.500000000000000000e-01 2.500000000000000000e-01 2.500000000000000000e-01 2.500000000000000000e-01
3.293282821068497235e-01 3.975130670312643222e-01 2.386196425349127459e-01 3.453900832697315293e-02
2.500000000000000000e-01 2.500000000000000000e-01 2.500000000000000000e-01 2.500000000000000000e-01
2.500000000000000000e-01 2.500000000000000000e-01 2.500000000000000000e-01 2.500000000000000000e-01
2.500000000000000000e-01 2.500000000000000000e-01 2.500000000000000000e-01 2.500000000000000000e-01
2.500000000000000000e-01 2.500000000000000000e-01 2.500000000000000000e-01 2.500000000000000000e-01
2.500000000000000000e-01 2.500000000000000000e-01 2.500000000000000000e-01 2.500000000000000000e-01
2.500000000000000000e-01 2.500000000000000000e-01 2.500000000000000000e-01 2.500000000000000000e-01
2.188659307906127560e-01 9.810415198190976238e-02 1.350595963810207745e-01 5.479703208464566933e-01
7.480909272616996508e-02 5.890246464625430167e-02 1.071531666212290484e-01 7.591352760063466709e-01
4.541735126540045742e-01 1.205269684481539011e-01 1.418183857963500882e-01 2.834811331014914226e-01
2.500000000000000000e-01 2.500000000000000000e-01 2.500000000000000000e-01 2.500000000000000000e-01
5.484557970094129653e-02 6.761405629134298323e-01 3.896340003323395251e-02 2.300504573523949881e-01
2.500000000000000000e-01 2.500000000000000000e-01 2.500000000000000000e-01 2.500000000000000000e-01
4.616778900309876366e-01 9.707705124749337056e-02 2.431117150613393840e-01 1.981333436601795950e-01
2.500000000000000000e-01 2.500000000000000000e-01 2.500000000000000000e-01 2.500000000000000000e-01
2.500000000000000000e-01 2.500000000000000000e-01 2.500000000000000000e-01 2.500000000000000000e-01
2.500000000000000000e-01 2.500000000000000000e-01 2.500000000000000000e-01 2.500000000000000000e-01
2.500000000000000000e-01 2.500000000000000000e-01 2.500000000000000000e-01 2.500000000000000000e-01
2.500000000000000000e-01 2.500000000000000000e-01 2.500000000000000000e-01 2.500000000000000000e-01
2.500000000000000000e-01 2.500000000000000000e-01 2.500000000000000000e-01 2.500000000000000000e-01
2.500000000000000000e-01 2.500000000000000000e-01 2.500000000000000000e-01 2.500000000000000000e-01
2.500000000000000000e-01 2.500000000000000000e-01 2.500000000000000000e-01 2.500000000000000000e-01
2.500000000000000000e-01 2.500000000000000000e-01 2.500000000000000000e-01 2.500000000000000000e-01
3.550860319043198654e-01 2.091705559405165893e-01 2.211274683549832032e-01 2.146159438001803421e-01
2.500000000000000000e-01 2.500000000000000000e-01 2.500000000000000000e-01 2.500000000000000000e-01
4.277213981420453781e-02 1.904334052014792500e-01 3.388041757498981843e-01 4.279902792344180695e-01
6.645361031197069557e-02 1.495131965281166209e-01 4.463144199184382321e-02 7.394017511680688326e-01
2.414394210968955623e-01 3.554279888559999656e-01 3.032072326339804724e-01 9.992535741312405517e-02
2.500000000000000000e-01 2.500000000000000000e-01 2.500000000000000000e-01 2.500000000000000000e-01
2.500000000000000000e-01 2.500000000000000000e-01 2.500000000000000000e-01 2.500000000000000000e-01
2.500000000000000000e-01 2.500000000000000000e-01 2.500000000000000000e-01 2.500000000000000000e-01
1.225337631055430365e-01 2.594925004151536485e-01 2.843543500586934170e-01 3.336193864206098980e-01
4.046006986856856558e-01 1.679761103062216987e-01 3.669585535502102314e-01 6.046463745788238642e-02
2.025249247795894714e-01 3.800845941913924553e-01 1.145248091088410525e-01 3.028656719201769931e-01
2.500000000000000000e-01 2.500000000000000000e-01 2.500000000000000000e-01 2.500000000000000000e-01
2.500000000000000000e-01 2.500000000000000000e-01 2.500000000000000000e-01 2.500000000000000000e-01
2.500000000000000000e-01 2.500000000000000000e-01 2.500000000000000000e-01 2.500000000000000000e-01
5.514892496836470981e-02 4.655528008138554164e-01 2.315805755503141938e-01 2.477176986674656245e-01
2.500000000000000000e-01 2.500000000000000000e-01 2.500000000000000000e-01 2.500000000000000000e-01
1.114654669521887576e-01 2.754623872506326565e-01 8.500734565939260801e-02 5.280648001377860057e-01
1.450035541102652759e-01 2.021753319669554114e-04 7.449139791195706906e-01 1.098802914381971085e-01
2.849366684048433296e-01 1.957591242572149226e-01 6.230052071047614826e-02 4.570036866274655996e-01
2.500000000000000000e-01 2.500000000000000000e-01 2.500000000000000000e-01 2.500000000000000000e-01
2.500000000000000000e-01 2.500000000000000000e-01 2.500000000000000000e-01 2.500000000000000000e-01
1.814622415397568744e-01 3.253862132762619375e-01 1.380143606866954809e-01 3.551371844972857073e-01
2.500000000000000000e-01 2.500000000000000000e-01 2.500000000000000000e-01 2.500000000000000000e-01
2.500000000000000000e-01 2.500000000000000000e-01 2.500000000000000000e-01 2.500000000000000000e-01
2.500000000000000000e-01 2.500000000000000000e-01 2.500000000000000000e-01 2.500000000000000000e-01
2.500000000000000000e-01 2.500000000000000000e-01 2.500000000000000000e-01 2.500000000000000000e-01
2.500000000000000000e-01 2.500000000000000000e-01 2.500000000000000000e-01 2.500000000000000000e-01
2.500000000000000000e-01 2.500000000000000000e-01 2.500000000000000000e-01 2.500000000000000000e-01
1.649668224062367516e-01 1.726193662328132442e-02 6.444580264786861079e-01 1.733132144917957917e-01
1.797310788412171539e-02 5.171313634128454212e-02 4.917023264463433324e-02 8.811435231299593607e-01
2.500000000000000000e-01 2.500000000000000000e-01 2.500000000000000000e-01 2.500000000000000000e-01
2.500000000000000000e-01 2.500000000000000000e-01 2.500000000000000000e-01 2.500000000000000000e-01
2.500000000000000000e-01 2.500000000000000000e-01 2.500000000000000000e-01 2.500000000000000000e-01
2.500000000000000000e-01 2.500000000000000000e-01 2.500000000000000000e-01 2.500000000000000000e-01
2.752935340047883428e-01 3.933417374612008244e-02 1.195073176031719586e-01 5.658649746459196717e-01
4.824705503071937546e-02 5.744480965174876275e-01 1.501846577024072982e-01 2.271201907493856920e-01
2.500000000000000000e-01 2.500000000000000000e-01 2.500000000000000000e-01 2.500000000000000000e-01
2.500000000000000000e-01 2.500000000000000000e-01 2.500000000000000000e-01 2.500000000000000000e-01
2.500000000000000000e-01 2.500000000000000000e-01 2.500000000000000000e-01 2.500000000000000000e-01
7.497895356797948940e-01 4.882117608826591626e-02 5.338204726803291722e-02 1.480072409639062725e-01
6.608926238922351315e-01 9.068632670308242327e-02 1.939799103001701441e-01 5.444113910451231497e-02
2.500000000000000000e-01 2.500000000000000000e-01 2.500000000000000000e-01 2.500000000000000000e-01
2.257661200504286758e-01 9.086412496485640755e-02 1.179723329360267137e-01 5.653974220486881475e-01
2.500000000000000000e-01 2.500000000000000000e-01 2.500000000000000000e-01 2.500000000000000000e-01
2.500000000000000000e-01 2.500000000000000000e-01 2.500000000000000000e-01 2.500000000000000000e-01
2.070812825637370902e-01 2.338537520040041284e-01 4.226700387766606504e-01 1.363949266555981032e-01
2.500000000000000000e-01 2.500000000000000000e-01 2.500000000000000000e-01 2.500000000000000000e-01
2.026517795143376321e-01 3.018229473015454287e-02 2.959909756687789661e-01 4.711749500867288276e-01
2.500000000000000000e-01 2.500000000000000000e-01 2.500000000000000000e-01 2.500000000000000000e-01
2.500000000000000000e-01 2.500000000000000000e-01 2.500000000000000000e-01 2.500000000000000000e-01
2.500000000000000000e-01 2.500000000000000000e-01 2.500000000000000000e-01 2.500000000000000000e-01
2.500000000000000000e-01 2.500000000000000000e-01 2.500000000000000000e-01 2.500000000000000000e-01
2.500000000000000000e-01 2.500000000000000000e-01 2.500000000000000000e-01 2.500000000000000000e-01
2.500000000000000000e-01 2.500000000000000000e-01 2.500000000000000000e-01 2.500000000000000000e-01
2.500000000000000000e-01 2.500000000000000000e-01 2.500000000000000000e-01 2.500000000000000000e-01
2.500000000000000000e-01 2.500000000000000000e-01 2.500000000000000000e-01 2.500000000000000000e-01
2.500000000000000000e-01 2.500000000000000000e-01 2.500000000000000000e-01 2.500000000000000000e-01
1.049925199359131797e-02 2.469312799677105819e-01 1.060427225035787124e-02 7.319651957883401838e-01
3.612652506275101372e-01 4.373368562510505098e-01 8.147664759545703017e-03 1.932502283618936501e-01
7.569518280061314497e-02 1.066762919160084422e-01 1.315641178281841406e-01 6.860644074551942584e-01
4.692292254965448883e-01 1.768918923617900374e-01 2.055301282439662147e-01 1.483487538976988596e-01
2.500000000000000000e-01 2.500000000000000000e-01 2.500000000000000000e-01 2.500000000000000000e-01
2.500000000000000000e-01 2.500000000000000000e-01 2.500000000000000000e-01 2.500000000000000000e-01
2.500000000000000000e-01 2.500000000000000000e-01 2.500000000000000000e-01 2.500000000000000000e-01
