2.500000000000000000e-01 2.500000000000000000e-01 2.500000000000000000e-01 2.500000000000000000e-01
3.991917477195769948e-01 6.549057016479982452e-02 3.837119214574452042e-01 1.516057606581779904e-01
2.500000000000000000e-01 2.500000000000000000e-01 2.500000000000000000e-01 2.500000000000000000e-01
2.500000000000000000e-01 2.500000000000000000e-01 2.500000000000000000e-01 2.500000000000000000e-01
2.500000000000000000e-01 2.500000000000000000e-01 2.500000000000000000e-01 2.500000000000000000e-01
2.500000000000000000e-01 2.500000000000000000e-01 2.500000000000000000e-01 2.500000000000000000e-01
5.837090658680802457e-01 2.057049917940850792e-01 3.093173752936306808e-02 1.796542048084716070e-01
4.054412279005766839e-01 1.589509514431677872e-01 8.528372138444079154e-02 3.503240992718147373e-01
2.500000000000000000e-01 2.500000000000000000e-01 2.500000000000000000e-01 2.500000000000000000e-01
2.500000000000000000e-01 2.500000000000000000e-01 2.500000000000000000e-01 2.500000000000000000e-01
4.272264722408606885e-01 3.237649225672195336e-03 1.027202967442754772e-01 4.668155817891916359e-01
2.500000000000000000e-01 2.500000000000000000e-01 2.500000000000000000e-01 2.500000000000000000e-01
2.500000000000000000e-01 2.500000000000000000e-01 2.500000000000000000e-01 2.500000000000000000e-01
2.500000000000000000e-01 2.500000000000000000e-01 2.500000000000000000e-01 2.500000000000000000e-01
2.500000000000000000e-01 2.500000000000000000e-01 2.500000000000000000e-01 2.500000000000000000e-01
1.237609239432885949e-01 3.458446602420225946e-01 3.587325597987620074e-01 1.716618560159268170e-01
4.574456477469333593e-01 2.700734131061976462e-01 1.225818621744821368e-01 1.498990769723868577e-01
3.752358186531338895e-03 4.130040099376205975e-01 1.742543645533721208e-01 4.089892673224759800e-01
3.640538513998051728e-01 5.055893526744283939e-01 1.258080838714759064e-02 1.177759875386188426e-01
2.500000000000000000e-01 2.500000000000000000e-01 2.500000000000000000e-01 2.500000000000000000e-01
2.500000000000000000e-01 2.500000000000000000e-01 2.500000000000000000e-01 2.500000000000000000e-01
2.500000000000000000e-01 2.500000000000000000e-01 2.500000000000000000e-01 2.500000000000000000e-01
2.500000000000000000e-01 2.500000000000000000e-01 2.500000000000000000e-01 2.500000000000000000e-01
2.500000000000000000e-01 2.500000000000000000e-01 2.500000000000000000e-01 2.500000000000000000e-01
2.500000000000000000e-01 2.500000000000000000e-01 2.500000000000000000e-01 2.500000000000000000e-01
4.171814347394794953e-01 8.569631024861149027e-02 3.932386387722157650e-01 1.038836162396932772e-01
2.500000000000000000e-01 2.500000000000000000e-01 2.500000000000000000e-01 2.500000000000000000e-01
2.500000000000000000e-01 2.500000000000000000e-01 2.500000000000000000e-01 2.500000000000000000e-01
6.620140809675676419e-01 1.889565139424014342e-02 2.611762164666841524e-01 5.791405117150805193e-02
2.500000000000000000e-01 2.500000000000000000e-01 2.500000000000000000e-01 2.500000000000000000e-01
