4.553974067782775616e-03 2.690244612648217126e-01 2.446274992132894122e-01 4.817940654541061352e-01
5.212258052378073714e-01 2.764611113195295511e-01 1.719112892668749337e-01 3.040179417578814380e-02
2.500000000000000000e-01 2.500000000000000000e-01 2.500000000000000000e-01 2.500000000000000000e-01
5.394287848368659599e-01 2.379003891142016380e-01 5.809383826351377511e-02 1.645769877854186269e-01
7.137127043558867678e-02 4.867522935975216458e-01 8.706780946855569026e-02 3.548086264983340010e-01
2.755234758022351849e-01 1.588593316525986898e-01 4.270488909470719907e-01 1.385683015980941346e-01
2.500000000000000000e-01 2.500000000000000000e-01 2.500000000000000000e-01 2.500000000000000000e-01
2.522131163255936226e-01 1.208232232996975797e-01 5.464907223142885240e-01 8.047293806042032926e-02
2.500000000000000000e-01 2.500000000000000000e-01 2.500000000000000000e-01 2.500000000000000000e-01
2.500000000000000000e-01 2.500000000000000000e-01 2.500000000000000000e-01 2.500000000000000000e-01
7.249133383094741312e-01 1.359315331615552347e-01 8.485769539491430646e-02 5.429743313405632765e-02
2.500000000000000000e-01 2.500000000000000000e-01 2.500000000000000000e-01 2.500000000000000000e-01
2.500000000000000000e-01 2.500000000000000000e-01 2.500000000000000000e-01 2.500000000000000000e-01
2.500000000000000000e-01 2.500000000000000000e-01 2.500000000000000000e-01 2.500000000000000000e-01
2.500000000000000000e-01 2.500000000000000000e-01 2.500000000000000000e-01 2.500000000000000000e-01
2.500000000000000000e-01 2.500000000000000000e-01 2.500000000000000000e-01 2.500000000000000000e-01
2.500000000000000000e-01 2.500000000000000000e-01 2.500000000000000000e-01 2.500000000000000000e-01
2.500000000000000000e-01 2.500000000000000000e-01 2.500000000000000000e-01 2.500000000000000000e-01
2.314564910063443282e-01 6.082983412215465790e-01 1.047308870201100195e-01 5.551428075199901779e-02
2.500000000000000000e-01 2.500000000000000000e-01 2.500000000000000000e-01 2.500000000000000000e-01
2.348045812794757881e-01 2.436735753952896100e-01 1.453842431373955635e-01 3.761376001878390385e-01
2.500000000000000000e-01 2.500000000000000000e-01 2.500000000000000000e-01 2.500000000000000000e-01
8.541347531842953256e-01 1.389635114680231416e-03 1.228187994844240072e-01 2.165681221660042954e-02
2.500000000000000000e-01 2.500000000000000000e-01 2.500000000000000000e-01 2.500000000000000000e-01
2.500000000000000000e-01 2.500000000000000000e-01 2.500000000000000000e-01 2.500000000000000000e-01
2.500000000000000000e-01 2.500000000000000000e-01 2.500000000000000000e-01 2.500000000000000000e-01
7.385363713438025668e-01 1.270360247578871671e-01 1.296603996558621241e-01 4.767204242448142004e-03
2.500000000000000000e-01 2.500000000000000000e-01 2.500000000000000000e-01 2.500000000000000000e-01
2.500000000000000000e-01 2.500000000000000000e-01 2.500000000000000000e-01 2.500000000000000000e-01
2.500000000000000000e-01 2.500000000000000000e-01 2.500000000000000000e-01 2.500000000000000000e-01
8.540263744374962940e-01 9.967396433820614743e-02 9.874560988996500255e-04 4.531220512539790857e-02
2.500000000000000000e-01 2.500000000000000000e-01 2.500000000000000000e-01 2.500000000000000000e-01
2.419228847171907004e-01 2.979962667471716120e-01 2.674153734095560120e-01 1.926654751260816756e-01
2.500000000000000000e-01 2.500000000000000000e-01 2.500000000000000000e-01 2.500000000000000000e-01
8.850303533465015554e-03 3.826320867348516619e-01 2.475601963001636263e-01 3.609574134315196581e-01
2.500000000000000000e-01 2.500000000000000000e-01 2.500000000000000000e-01 2.500000000000000000e-01
2.500000000000000000e-01 2.500000000000000000e-01 2.500000000000000000e-01 2.500000000000000000e-01
2.500000000000000000e-01 2.500000000000000000e-01 2.500000000000000000e-01 2.500000000000000000e-01
2.500000000000000000e-01 2.500000000000000000e-01 2.500000000000000000e-01 2.500000000000000000e-01
2.500000000000000000e-01 2.500000000000000000e-01 2.500000000000000000e-01 2.500000000000000000e-01
3.308647395069197472e-01 1.130191012168840214e-01 1.043532255638650041e-01 4.517629337123312272e-01
2.500000000000000000e-01 2.500000000000000000e-01 2.500000000000000000e-01 2.500000000000000000e-01
2.500000000000000000e-01 2.500000000000000000e-01 2.500000000000000000e-01 2.500000000000000000e-01
2.500000000000000000e-01 2.500000000000000000e-01 2.500000000000000000e-01 2.500000000000000000e-01
2.500000000000000000e-01 2.500000000000000000e-01 2.500000000000000000e-01 2.500000000000000000e-01
3.290709907156347258e-01 4.099328795939833903e-01 2.520863757937797933e-01 8.909753896602090606e-03
2.500000000000000000e-01 2.500000000000000000e-01 2.500000000000000000e-01 2.500000000000000000e-01
2.500000000000000000e-01 2.500000000000000000e-01 2.500000000000000000e-01 2.500000000000000000e-01
2.500000000000000000e-01 2.500000000000000000e-01 2.500000000000000000e-01 2.500000000000000000e-01
4.828153396233166861e-01 1.990663234820721494e-01 3.041444167874678972e-01 1.397392010714326727e-02
3.408861380760566107e-01 3.481570503018516227e-01 1.020233751868429017e-01 2.089334364352488649e-01
2.500000000000000000e-01 2.500000000000000000e-01 2.500000000000000000e-01 2.500000000000000000e-01
2.500000000000000000e-01 2.500000000000000000e-01 2.500000000000000000e-01 2.500000000000000000e-01
2.500000000000000000e-01 2.500000000000000000e-01 2.500000000000000000e-01 2.500000000000000000e-01
1.498976464469947423e-01 7.277651600107463981e-02 5.524912014347618250e-01 2.248346361171688346e-01
2.500000000000000000e-01 2.500000000000000000e-01 2.500000000000000000e-01 2.500000000000000000e-01
2.500000000000000000e-01 2.500000000000000000e-01 2.500000000000000000e-01 2.500000000000000000e-01
7.597831580294595044e-01 1.274225078516627585e-01 8.466787352133042788e-02 2.812646059754730921e-02
2.500000000000000000e-01 2.500000000000000000e-01 2.500000000000000000e-01 2.500000000000000000e-01
2.500000000000000000e-01 2.500000000000000000e-01 2.500000000000000000e-01 2.500000000000000000e-01
2.500000000000000000e-01 2.500000000000000000e-01 2.500000000000000000e-01 2.500000000000000000e-01
6.277852989872255707e-01 2.290318838449517946e-01 1.154545486878152116e-01 2.772826848000742306e-02
2.500000000000000000e-01 2.500000000000000000e-01 2.500000000000000000e-01 2.500000000000000000e-01
2.500000000000000000e-01 2.500000000000000000e-01 2.500000000000000000e-01 2.500000000000000000e-01
2.500000000000000000e-01 2.500000000000000000e-01 2.500000000000000000e-01 2.500000000000000000e-01
1.100436136730641341e-02 5.637058147578018902e-02 1.640524657486638616e-01 7.685725914082495169e-01
2.500000000000000000e-01 2.500000000000000000e-01 2.500000000000000000e-01 2.500000000000000000e-01
3.332787642070099143e-01 2.354824051690726505e-01 3.949770532322515737e-01 3.626177739166586145e-02
2.500000000000000000e-01 2.500000000000000000e-01 2.500000000000000000e-01 2.500000000000000000e-01
2.500000000000000000e-01 2.500000000000000000e-01 2.500000000000000000e-01 2.500000000000000000e-01
2.500000000000000000e-01 2.500000000000000000e-01 2.500000000000000000e-01 2.500000000000000000e-01
2.500000000000000000e-01 2.500000000000000000e-01 2.500000000000000000e-01 2.500000000000000000e-01
6.783079743841075038e-02 4.726058897454209484e-01 2.207954265265829052e-01 2.387678862895853404e-01
2.500000000000000000e-01 2.500000000000000000e-01 2.500000000000000000e-01 2.500000000000000000e-01
6.137428958214288105e-02 1.262373051368153865e-01 2.435321964844373854e-01 5.688562087966043679e-01
2.500000000000000000e-01 2.500000000000000000e-01 2.500000000000000000e-01 2.500000000000000000e-01
4.942818162159477446e-01 1.545221609075100033e-01 1.012403416842036497e-02 3.410719887081218871e-01
2.500000000000000000e-01 2.500000000000000000e-01 2.500000000000000000e-01 2.500000000000000000e-01
2.500000000000000000e-01 2.500000000000000000e-01 2.500000000000000000e-01 2.500000000000000000e-01
2.500000000000000000e-01 2.500000000000000000e-01 2.500000000000000000e-01 2.500000000000000000e-01
2.500000000000000000e-01 2.500000000000000000e-01 2.500000000000000000e-01 2.500000000000000000e-01
5.574394198918518617e-01 2.360552820702923327e-01 1.918358679564649560e-02 1.873217112422093100e-01
2.500000000000000000e-01 2.500000000000000000e-01 2.500000000000000000e-01 2.500000000000000000e-01
2.500000000000000000e-01 2.500000000000000000e-01 2.500000000000000000e-01 2.500000000000000000e-01
2.500000000000000000e-01 2.500000000000000000e-01 2.500000000000000000e-01 2.500000000000000000e-01
6.429780983275634743e-01 9.502619736713092957e-02 1.051909769457035487e-01 1.568047273596020474e-01
1.447488021507229716e-01 3.109278382503201099e-01 1.675443281727460043e-01 3.767790314262109419e-01
2.500000000000000000e-01 2.500000000000000000e-01 2.500000000000000000e-01 2.500000000000000000e-01
7.591560027302833857e-01 2.732719715687654399e-02 8.079129703645843152e-02 1.327255030763816457e-01
2.500000000000000000e-01 2.500000000000000000e-01 2.500000000000000000e-01 2.500000000000000000e-01
4.263438004135911008e-01 7.932358992278197574e-03 1.582538149020766560e-01 4.074700256920540387e-01
2.500000000000000000e-01 2.500000000000000000e-01 2.500000000000000000e-01 2.500000000000000000e-01
2.500000000000000000e-01 2.500000000000000000e-01 2.500000000000000000e-01 2.500000000000000000e-01
2.500000000000000000e-01 2.500000000000000000e-01 2.500000000000000000e-01 2.500000000000000000e-01
2.500000000000000000e-01 2.500000000000000000e-01 2.500000000000000000e-01 2.500000000000000000e-01
2.500000000000000000e-01 2.500000000000000000e-01 2.500000000000000000e-01 2.500000000000000000e-01
9.929726956432671781e-02 6.274674465353761166e-01 9.913737708530701020e-02 1.740979068149901554e-01
2.500000000000000000e-01 2.500000000000000000e-01 2.500000000000000000e-01 2.500000000000000000e-01
2.500000000000000000e-01 2.500000000000000000e-01 2.500000000000000000e-01 2.500000000000000000e-01
1.741048545940264702e-01 1.139279981275605480e-01 6.064449086492722518e-01 1.055222386291406744e-01
2.500000000000000000e-01 2.500000000000000000e-01 2.500000000000000000e-01 2.500000000000000000e-01
2.500000000000000000e-01 2.500000000000000000e-01 2.500000000000000000e-01 2.500000000000000000e-01
2.500000000000000000e-01 2.500000000000000000e-01 2.500000000000000000e-01 2.500000000000000000e-01
2.822016044484105812e-01 5.540549323506273049e-01 2.921219917560535784e-02 1.345312640253567560e-01
2.500000000000000000e-01 2.500000000000000000e-01 2.500000000000000000e-01 2.500000000000000000e-01
2.500000000000000000e-01 2.500000000000000000e-01 2.500000000000000000e-01 2.500000000000000000e-01
2.500000000000000000e-01 2.500000000000000000e-01 2.500000000000000000e-01 2.500000000000000000e-01
2.710972060971801323e-01 1.709291578878666396e-01 2.171158409854328231e-01 3.408577950295204051e-01
2.500000000000000000e-01 2.500000000000000000e-01 2.500000000000000000e-01 2.500000000000000000e-01
2.500000000000000000e-01 2.500000000000000000e-01 2.500000000000000000e-01 2.500000000000000000e-01
2.500000000000000000e-01 2.500000000000000000e-01 2.500000000000000000e-01 2.500000000000000000e-01
2.056914144743493822e-01 2.796553437292003119e-01 7.419141168747744874e-02 4.404618301089728849e-01
2.500000000000000000e-01 2.500000000000000000e-01 2.500000000000000000e-01 2.500000000000000000e-01
2.500000000000000000e-01 2.500000000000000000e-01 2.500000000000000000e-01 2.500000000000000000e-01
3.579673100578508599e-02 3.160791207051837359e-01 3.420844302809061821e-01 3.060397180081250168e-01
8.946893915346305903e-02 4.767151637543103893e-01 1.032770150830561451e-01 3.305388820091704205e-01
2.500000000000000000e-01 2.500000000000000000e-01 2.500000000000000000e-01 2.500000000000000000e-01
2.500000000000000000e-01 2.500000000000000000e-01 2.500000000000000000e-01 2.500000000000000000e-01
2.500000000000000000e-01 2.500000000000000000e-01 2.500000000000000000e-01 2.500000000000000000e-01
2.866150771116487417e-01 1.980348036366762210e-01 1.671190179629034323e-01 3.482311012887716051e-01
2.500000000000000000e-01 2.500000000000000000e-01 2.500000000000000000e-01 2.500000000000000000e-01
2.500000000000000000e-01 2.500000000000000000e-01 2.500000000000000000e-01 2.500000000000000000e-01
2.500000000000000000e-01 2.500000000000000000e-01 2.500000000000000000e-01 2.500000000000000000e-01
2.500000000000000000e-01 2.500000000000000000e-01 2.500000000000000000e-01 2.500000000000000000e-01
2.500000000000000000e-01 2.500000000000000000e-01 2.500000000000000000e-01 2.500000000000000000e-01
5.126984293186676034e-01 1.888996356568930779e-01 2.255648720012679298e-01 7.283706302317138892e-02
2.500000000000000000e-01 2.500000000000000000e-01 2.500000000000000000e-01 2.500000000000000000e-01
1.391886810673886032e-01 1.111031636872602396e-01 6.193449472946545020e-01 1.303632079506966412e-01
2.500000000000000000e-01 2.500000000000000000e-01 2.500000000000000000e-01 2.500000000000000000e-01
2.500000000000000000e-01 2.500000000000000000e-01 2.500000000000000000e-01 2.500000000000000000e-01
3.725128927147980211e-03 9.353847583192589910e-02 6.366583971068366932e-01 2.660779981340894440e-01
2.627371822915459121e-01 9.652168197706303965e-02 6.379788667530107427e-01 2.762268978380277851e-03
2.500000000000000000e-01 2.500000000000000000e-01 2.500000000000000000e-01 2.500000000000000000e-01
4.677818982087369459e-01 1.767951418586324874e-01 2.946277096027299924e-02 3.259601889723575674e-01
2.500000000000000000e-01 2.500000000000000000e-01 2.500000000000000000e-01 2.500000000000000000e-01
2.500000000000000000e-01 2.500000000000000000e-01 2.500000000000000000e-01 2.500000000000000000e-01
2.486987103587561532e-01 7.538362419956906590e-02 6.113345872063091768e-01 6.458307823536560410e-02
2.500000000000000000e-01 2.500000000000000000e-01 2.500000000000000000e-01 2.500000000000000000e-01
2.567765991643101292e-02 2.844461853074937152e-01 1.452246508122312929e-01 5.446515039638439859e-01
2.500000000000000000e-01 2.500000000000000000e-01 2.500000000000000000e-01 2.500000000000000000e-01
4.526162834981889427e-02 7.250990624612940749e-01 7.651777671762616251e-03 2.219875315171244701e-01
2.538825885114624481e-01 9.611180121926408623e-03 6.887104918830638800e-01 4.779573948354720603e-02
1.078169224152309147e-01 4.369650171167142605e-01 6.652177518019147806e-02 3.886962852878632635e-01
2.704495365785555272e-01 3.972524647489037580e-02 6.851654009929204481e-01 4.659815953633628105e-03
9.145931316225221208e-02 1.524240422844588549e-01 1.292497655449967586e-01 6.268668790082921882e-01
2.500000000000000000e-01 2.500000000000000000e-01 2.500000000000000000e-01 2.500000000000000000e-01
2.500000000000000000e-01 2.500000000000000000e-01 2.500000000000000000e-01 2.500000000000000000e-01
4.399059387709063906e-01 1.966625605616388692e-03 5.260361540754904253e-01 3.209128154798684962e-02
2.500000000000000000e-01 2.500000000000000000e-01 2.500000000000000000e-01 2.500000000000000000e-01
2.500000000000000000e-01 2.500000000000000000e-01 2.500000000000000000e-01 2.500000000000000000e-01
2.500000000000000000e-01 2.500000000000000000e-01 2.500000000000000000e-01 2.500000000000000000e-01
2.230783169385690962e-02 5.000647660690540341e-01 2.254802632965059450e-01 2.521471389405831043e-01
2.500000000000000000e-01 2.500000000000000000e-01 2.500000000000000000e-01 2.500000000000000000e-01
2.500000000000000000e-01 2.500000000000000000e-01 2.500000000000000000e-01 2.500000000000000000e-01
2.500000000000000000e-01 2.500000000000000000e-01 2.500000000000000000e-01 2.500000000000000000e-01
2.500000000000000000e-01 2.500000000000000000e-01 2.500000000000000000e-01 2.500000000000000000e-01
2.500000000000000000e-01 2.500000000000000000e-01 2.500000000000000000e-01 2.500000000000000000e-01
2.500000000000000000e-01 2.500000000000000000e-01 2.500000000000000000e-01 2.500000000000000000e-01
2.498553849773557933e-01 2.119985099892448543e-01 1.571927826681437379e-01 3.809533223652555867e-01
1.523624776537923220e-01 4.455814959871093883e-01 1.451812798229961121e-01 2.568747465361022053e-01
2.500000000000000000e-01 2.500000000000000000e-01 2.500000000000000000e-01 2.500000000000000000e-01
2.500000000000000000e-01 2.500000000000000000e-01 2.500000000000000000e-01 2.500000000000000000e-01
2.455398954692015190e-01 1.430722032530710730e-01 5.534855223225088050e-01 5.790237895521854750e-02
2.500000000000000000e-01 2.500000000000000000e-01 2.500000000000000000e-01 2.500000000000000000e-01
2.500000000000000000e-01 2.500000000000000000e-01 2.500000000000000000e-01 2.500000000000000000e-01
3.752831028865589724e-01 1.341619716605939039e-01 1.181006642515822214e-01 3.724542612012649023e-01
5.816493234937669676e-01 8.157736397943723614e-03 2.497241041115701721e-01 1.604688359967191280e-01
3.216326141710092457e-01 3.559484436452655665e-01 4.149636969483616600e-02 2.809225724888890219e-01
2.500000000000000000e-01 2.500000000000000000e-01 2.500000000000000000e-01 2.500000000000000000e-01
2.500000000000000000e-01 2.500000000000000000e-01 2.500000000000000000e-01 2.500000000000000000e-01
2.500000000000000000e-01 2.500000000000000000e-01 2.500000000000000000e-01 2.500000000000000000e-01
2.500000000000000000e-01 2.500000000000000000e-01 2.500000000000000000e-01 2.500000000000000000e-01
2.500000000000000000e-01 2.500000000000000000e-01 2.500000000000000000e-01 2.500000000000000000e-01
2.500000000000000000e-01 2.500000000000000000e-01 2.500000000000000000e-01 2.500000000000000000e-01
2.500000000000000000e-01 2.500000000000000000e-01 2.500000000000000000e-01 2.500000000000000000e-01
3.270551180935068469e-01 1.484313070437992266e-01 4.370177966193392050e-02 4.808117952007600060e-01
2.500000000000000000e-01 2.500000000000000000e-01 2.500000000000000000e-01 2.500000000000000000e-01
2.500000000000000000e-01 2.500000000000000000e-01 2.500000000000000000e-01 2.500000000000000000e-01
2.500000000000000000e-01 2.500000000000000000e-01 2.500000000000000000e-01 2.500000000000000000e-01
3.631073249715178197e-01 2.934022165189272280e-01 6.386394681654933292e-02 2.796265116930056194e-01
2.500000000000000000e-01 2.500000000000000000e-01 2.500000000000000000e-01 2.500000000000000000e-01
2.500000000000000000e-01 2.500000000000000000e-01 2.500000000000000000e-01 2.500000000000000000e-01
2.500000000000000000e-01 2.500000000000000000e-01 2.500000000000000000e-01 2.500000000000000000e-01
2.500000000000000000e-01 2.500000000000000000e-01 2.500000000000000000e-01 2.500000000000000000e-01
2.617077240722817666e-01 3.702230439013595720e-01 4.585953774312129250e-02 3.222096942832373689e-01
2.500000000000000000e-01 2.500000000000000000e-01 2.500000000000000000e-01 2.500000000000000000e-01
2.797055201250522871e-01 1.019454532489912600e-02 1.120489763744811212e-01 5.980509581755675264e-01
3.226498438963117943e-01 4.494037580038208191e-01 1.425223784388713888e-01 8.542401966099594235e-02
3.124932682633925207e-01 3.182189723744577314e-01 1.205000805048366264e-01 2.487876788573131215e-01
2.500000000000000000e-01 2.500000000000000000e-01 2.500000000000000000e-01 2.500000000000000000e-01
3.491404218578513241e-01 6.489847892958426623e-02 5.408136364320739187e-01 4.514746278049053263e-02
6.425954063866837207e-02 9.089871880313182828e-02 6.463240980578449646e-01 1.985176425003548351e-01
1.277403439634045845e-01 1.395383644502400655e-01 4.676164043440649287e-01 2.651048872422904212e-01
4.645261832469429475e-01 1.191754820970063328e-01 2.927924497127696313e-01 1.235058849432810746e-01
2.500000000000000000e-01 2.500000000000000000e-01 2.500000000000000000e-01 2.500000000000000000e-01
2.500000000000000000e-01 2.500000000000000000e-01 2.500000000000000000e-01 2.500000000000000000e-01
1.927139184422422408e-02 1.946770777037464817e-01 2.436877626725919010e-01 5.423637677794374001e-01
4.376690988089205203e-01 3.389891845724168906e-01 5.655502345642715589e-02 1.667866931622354332e-01
2.500000000000000000e-01 2.500000000000000000e-01 2.500000000000000000e-01 2.500000000000000000e-01
2.500000000000000000e-01 2.500000000000000000e-01 2.500000000000000000e-01 2.500000000000000000e-01
2.500000000000000000e-01 2.500000000000000000e-01 2.500000000000000000e-01 2.500000000000000000e-01
2.500000000000000000e-01 2.500000000000000000e-01 2.500000000000000000e-01 2.500000000000000000e-01
2.500000000000000000e-01 2.500000000000000000e-01 2.500000000000000000e-01 2.500000000000000000e-01
4.893032893691640767e-02 1.850424159630883192e-01 3.439367503167674034e-01 4.220905047832278489e-01
2.500000000000000000e-01 2.500000000000000000e-01 2.500000000000000000e-01 2.500000000000000000e-01
3.649638081565179798e-02 6.277372328807657720e-01 6.288052069863825366e-02 2.728858656049441000e-01
2.500000000000000000e-01 2.500000000000000000e-01 2.500000000000000000e-01 2.500000000000000000e-01
7.231600728664979404e-03 3.093155176958573560e-01 2.063392243580338126e-01 4.771136572174438650e-01
2.500000000000000000e-01 2.500000000000000000e-01 2.500000000000000000e-01 2.500000000000000000e-01
2.748204618129558297e-01 3.715427726779104711e-01 1.968893964642373096e-01 1.567473690448963897e-01
2.500000000000000000e-01 2.500000000000000000e-01 2.500000000000000000e-01 2.500000000000000000e-01
2.500000000000000000e-01 2.500000000000000000e-01 2.500000000000000000e-01 2.500000000000000000e-01
2.197327563358405234e-01 1.681229876367740517e-01 1.395456436308019910e-01 4.725986123965834063e-01
3.699842876125826185e-01 3.566791456897742130e-01 1.355034177033576093e-01 1.378331489942855592e-01
2.500000000000000000e-01 2.500000000000000000e-01 2.500000000000000000e-01 2.500000000000000000e-01
2.500000000000000000e-01 2.500000000000000000e-01 2.500000000000000000e-01 2.500000000000000000e-01
1.628719291917623546e-01 1.107223661501710033e-01 6.007927617139474652e-03 7.203977770409271120e-01
1.842624628234329764e-01 3.749238789023546792e-01 3.096344559091542825e-01 1.311792023650580064e-01
2.500000000000000000e-01 2.500000000000000000e-01 2.500000000000000000e-01 2.500000000000000000e-01
2.500000000000000000e-01 2.500000000000000000e-01 2.500000000000000000e-01 2.500000000000000000e-01
3.163566004605059545e-01 4.474812683601250840e-01 1.055847976269898569e-01 1.305773335523790490e-01
2.500000000000000000e-01 2.500000000000000000e-01 2.500000000000000000e-01 2.500000000000000000e-01
2.500000000000000000e-01 2.500000000000000000e-01 2.500000000000000000e-01 2.500000000000000000e-01
2.500000000000000000e-01 2.500000000000000000e-01 2.500000000000000000e-01 2.500000000000000000e-01
2.500000000000000000e-01 2.500000000000000000e-01 2.500000000000000000e-01 2.500000000000000000e-01
2.500000000000000000e-01 2.500000000000000000e-01 2.500000000000000000e-01 2.500000000000000000e-01
2.500000000000000000e-01 2.500000000000000000e-01 2.500000000000000000e-01 2.500000000000000000e-01
6.717301900135942416e-01 6.202630245414538640e-02 4.482175789376078440e-02 2.214217496384995876e-01
2.500000000000000000e-01 2.500000000000000000e-01 2.500000000000000000e-01 2.500000000000000000e-01
2.500000000000000000e-01 2.500000000000000000e-01 2.500000000000000000e-01 2.500000000000000000e-01
2.500000000000000000e-01 2.500000000000000000e-01 2.500000000000000000e-01 2.500000000000000000e-01
2.500000000000000000e-01 2.500000000000000000e-01 2.500000000000000000e-01 2.500000000000000000e-01
2.500000000000000000e-01 2.500000000000000000e-01 2.500000000000000000e-01 2.500000000000000000e-01
2.500000000000000000e-01 2.500000000000000000e-01 2.500000000000000000e-01 2.500000000000000000e-01
2.500000000000000000e-01 2.500000000000000000e-01 2.500000000000000000e-01 2.500000000000000000e-01
2.500000000000000000e-01 2.500000000000000000e-01 2.500000000000000000e-01 2.500000000000000000e-01
1.980555805165252689e-02 3.165390337453601738e-02 1.776301487674650514e-01 7.709103898063464078e-01
7.008275290538029667e-02 4.392998043768883143e-01 2.789125930923727070e-01 2.117048496253586820e-01
2.500000000000000000e-01 2.500000000000000000e-01 2.500000000000000000e-01 2.500000000000000000e-01
2.500000000000000000e-01 2.500000000000000000e-01 2.500000000000000000e-01 2.500000000000000000e-01
2.500000000000000000e-01 2.500000000000000000e-01 2.500000000000000000e-01 2.500000000000000000e-01
2.500000000000000000e-01 2.500000000000000000e-01 2.500000000000000000e-01 2.500000000000000000e-01
1.181602875689160247e-02 1.635678110535665197e-01 4.551921437735675924e-02 7.790969458121851376e-01
2.500000000000000000e-01 2.500000000000000000e-01 2.500000000000000000e-01 2.500000000000000000e-01
2.500000000000000000e-01 2.500000000000000000e-01 2.500000000000000000e-01 2.500000000000000000e-01
2.500000000000000000e-01 2.500000000000000000e-01 2.500000000000000000e-01 2.500000000000000000e-01
2.500000000000000000e-01 2.500000000000000000e-01 2.500000000000000000e-01 2.500000000000000000e-01
2.500000000000000000e-01 2.500000000000000000e-01 2.500000000000000000e-01 2.500000000000000000e-01
4.544121197797678646e-01 3.448075110041090574e-02 2.685382346864783054e-01 2.425688944333428965e-01
2.500000000000000000e-01 2.500000000000000000e-01 2.500000000000000000e-01 2.500000000000000000e-01
2.500000000000000000e-01 2.500000000000000000e-01 2.500000000000000000e-01 2.500000000000000000e-01
4.515620454306868564e-02 2.822541563770014639e-02 3.492923933378449530e-01 5.773259864813862219e-01
2.500000000000000000e-01 2.500000000000000000e-01 2.500000000000000000e-01 2.500000000000000000e-01
2.500000000000000000e-01 2.500000000000000000e-01 2.500000000000000000e-01 2.500000000000000000e-01
2.500000000000000000e-01 2.500000000000000000e-01 2.500000000000000000e-01 2.500000000000000000e-01
1.222053816724465308e-01 3.693392626026484882e-01 2.225206753886800337e-01 2.859346803362249889e-01
2.500000000000000000e-01 2.500000000000000000e-01 2.500000000000000000e-01 2.500000000000000000e-01
2.500000000000000000e-01 2.500000000000000000e-01 2.500000000000000000e-01 2.500000000000000000e-01
2.500000000000000000e-01 2.500000000000000000e-01 2.500000000000000000e-01 2.500000000000000000e-01
6.454392599334873859e-01 1.776693345562584680e-01 1.428399396527066656e-01 3.405146585754748045e-02
2.500000000000000000e-01 2.500000000000000000e-01 2.500000000000000000e-01 2.500000000000000000e-01
2.500000000000000000e-01 2.500000000000000000e-01 2.500000000000000000e-01 2.500000000000000000e-01
2.500000000000000000e-01 2.500000000000000000e-01 2.500000000000000000e-01 2.500000000000000000e-01
2.500000000000000000e-01 2.500000000000000000e-01 2.500000000000000000e-01 2.500000000000000000e-01
2.500000000000000000e-01 2.500000000000000000e-01 2.500000000000000000e-01 2.500000000000000000e-01
2.553698883370094166e-03 2.139852699623198684e-01 2.867030381070498346e-01 4.967579930472602046e-01
8.904577703883634343e-02 2.203503643213255425e-01 3.435373926870333716e-01 3.470664659528047702e-01
4.421169978119408039e-01 1.118157561740073941e-01 7.707218598367995832e-03 4.383600274156838061e-01
2.500000000000000000e-01 2.500000000000000000e-01 2.500000000000000000e-01 2.500000000000000000e-01
2.500000000000000000e-01 2.500000000000000000e-01 2.500000000000000000e-01 2.500000000000000000e-01
2.500000000000000000e-01 2.500000000000000000e-01 2.500000000000000000e-01 2.500000000000000000e-01
1.866075831773138793e-01 5.481339938710001469e-01 5.672681269589263664e-02 2.085316102557933371e-01
5.132094985871719084e-01 4.733005505165865240e-02 2.163219706421598554e-01 2.231384757190095769e-01
3.302978150633325005e-01 2.217780961645539894e-01 3.135790732035005357e-01 1.343450155686129466e-01
5.232983003072250172e-01 1.998605261188372839e-01 1.744150002552929957e-03 2.750970235713847689e-01
6.283043851358161014e-01 1.835287662226503524e-01 4.608664133700635102e-02 1.420802073045271952e-01
2.069917404290088359e-01 2.014278725212059751e-01 4.244882459688003040e-01 1.670921410809848850e-01
2.500000000000000000e-01 2.500000000000000000e-01 2.500000000000000000e-01 2.500000000000000000e-01
2.500000000000000000e-01 2.500000000000000000e-01 2.500000000000000000e-01 2.500000000000000000e-01
4.961182800745072563e-01 2.810009673422382837e-01 5.026572472478857412e-02 1.726150278584658859e-01
2.500000000000000000e-01 2.500000000000000000e-01 2.500000000000000000e-01 2.500000000000000000e-01
2.172042535373549521e-01 5.842193143972415625e-02 6.348659120471366046e-01 8.950790297578431476e-02
7.070965576695094346e-02 3.017065056681597635e-01 1.595196881700627900e-02 6.116318697478829725e-01
2.500000000000000000e-01 2.500000000000000000e-01 2.500000000000000000e-01 2.500000000000000000e-01
2.500000000000000000e-01 2.500000000000000000e-01 2.500000000000000000e-01 2.500000000000000000e-01
2.191146962931670994e-01 2.620919621137094979e-01 3.446999494386426277e-01 1.740933921544807750e-01
2.500000000000000000e-01 2.500000000000000000e-01 2.500000000000000000e-01 2.500000000000000000e-01
2.925012520786660630e-01 5.459562807522729821e-01 1.453894022245921791e-01 1.615306494446872021e-02
2.500000000000000000e-01 2.500000000000000000e-01 2.500000000000000000e-01 2.500000000000000000e-01
2.500000000000000000e-01 2.500000000000000000e-01 2.500000000000000000e-01 2.500000000000000000e-01
9.503572522996210636e-02 2.594061169376029041e-01 8.393829333181218599e-02 5.616198645006228451e-01
2.500000000000000000e-01 2.500000000000000000e-01 2.500000000000000000e-01 2.500000000000000000e-01
2.500000000000000000e-01 2.500000000000000000e-01 2.500000000000000000e-01 2.500000000000000000e-01
3.328737676468627726e-01 6.949512872443681932e-02 1.165899793972320769e-01 4.810411242314683311e-01
2.500000000000000000e-01 2.500000000000000000e-01 2.500000000000000000e-01 2.500000000000000000e-01
2.500000000000000000e-01 2.500000000000000000e-01 2.500000000000000000e-01 2.500000000000000000e-01
2.500000000000000000e-01 2.500000000000000000e-01 2.500000000000000000e-01 2.500000000000000000e-01
2.500000000000000000e-01 2.500000000000000000e-01 2.500000000000000000e-01 2.500000000000000000e-01
2.500000000000000000e-01 2.500000000000000000e-01 2.500000000000000000e-01 2.500000000000000000e-01
8.731026603286826115e-02 6.485001537218122725e-02 7.556390519377147175e-02 7.722758134011790121e-01
1.087610055741421167e-02 1.922891704443671634e-01 3.648922434740480836e-01 4.319424855241705274e-01
2.500000000000000000e-01 2.500000000000000000e-01 2.500000000000000000e-01 2.500000000000000000e-01
2.500000000000000000e-01 2.500000000000000000e-01 2.500000000000000000e-01 2.500000000000000000e-01
2.500000000000000000e-01 2.500000000000000000e-01 2.500000000000000000e-01 2.500000000000000000e-01
5.579902765824835686e-01 1.705492549998481322e-01 2.135877436945017860e-01 5.787272472316651317e-02
2.500000000000000000e-01 2.500000000000000000e-01 2.500000000000000000e-01 2.500000000000000000e-01
2.500000000000000000e-01 2.500000000000000000e-01 2.500000000000000000e-01 2.500000000000000000e-01
2.500000000000000000e-01 2.500000000000000000e-01 2.500000000000000000e-01 2.500000000000000000e-01
2.500000000000000000e-01 2.500000000000000000e-01 2.500000000000000000e-01 2.500000000000000000e-01
2.500000000000000000e-01 2.500000000000000000e-01 2.500000000000000000e-01 2.500000000000000000e-01
8.126703226600737739e-01 6.153774853693658176e-02 8.150377436324854341e-02 4.428815443974110089e-02
2.500000000000000000e-01 2.500000000000000000e-01 2.500000000000000000e-01 2.500000000000000000e-01
2.500000000000000000e-01 2.500000000000000000e-01 2.500000000000000000e-01 2.500000000000000000e-01
2.500000000000000000e-01 2.500000000000000000e-01 2.500000000000000000e-01 2.500000000000000000e-01
3.133799854879901758e-01 5.439272913415799104e-02 5.204561263809048821e-01 1.117711589969470065e-01
2.500000000000000000e-01 2.500000000000000000e-01 2.500000000000000000e-01 2.500000000000000000e-01
2.500000000000000000e-01 2.500000000000000000e-01 2.500000000000000000e-01 2.500000000000000000e-01
2.500000000000000000e-01 2.500000000000000000e-01 2.500000000000000000e-01 2.500000000000000000e-01
2.500000000000000000e-01 2.500000000000000000e-01 2.500000000000000000e-01 2.500000000000000000e-01
5.500993275065825527e-02 1.654114653937629742e-01 1.017078508384746394e-01 6.778707510171041450e-01
2.500000000000000000e-01 2.500000000000000000e-01 2.500000000000000000e-01 2.500000000000000000e-01
2.500000000000000000e-01 2.500000000000000000e-01 2.500000000000000000e-01 2.500000000000000000e-01
2.500000000000000000e-01 2.500000000000000000e-01 2.500000000000000000e-01 2.500000000000000000e-01
2.500000000000000000e-01 2.500000000000000000e-01 2.500000000000000000e-01 2.500000000000000000e-01
2.500000000000000000e-01 2.500000000000000000e-01 2.500000000000000000e-01 2.500000000000000000e-01
2.500000000000000000e-01 2.500000000000000000e-01 2.500000000000000000e-01 2.500000000000000000e-01
7.944227055890998312e-03 4.321926850384848473e-01 1.483992254389804311e-01 4.114638624666437372e-01
2.969531891713890759e-01 3.405888679031863764e-01 1.050373249664186548e-01 2.574206179590058929e-01
2.500000000000000000e-01 2.500000000000000000e-01 2.500000000000000000e-01 2.500000000000000000e-01
2.641015518664684980e-01 1.240357117347605093e-01 6.037004034749918757e-01 8.162332923779214156e-03
2.500000000000000000e-01 2.500000000000000000e-01 2.500000000000000000e-01 2.500000000000000000e-01
2.500000000000000000e-01 2.500000000000000000e-01 2.500000000000000000e-01 2.500000000000000000e-01
2.500000000000000000e-01 2.500000000000000000e-01 2.500000000000000000e-01 2.500000000000000000e-01
2.500000000000000000e-01 2.500000000000000000e-01 2.500000000000000000e-01 2.500000000000000000e-01
2.500000000000000000e-01 2.500000000000000000e-01 2.500000000000000000e-01 2.500000000000000000e-01
4.759226739021670260e-01 1.318308269958204937e-01 3.292101357273691242e-01 6.303636337464335604e-02
2.500000000000000000e-01 2.500000000000000000e-01 2.500000000000000000e-01 2.500000000000000000e-01
2.500000000000000000e-01 2.500000000000000000e-01 2.500000000000000000e-01 2.500000000000000000e-01
2.500000000000000000e-01 2.500000000000000000e-01 2.500000000000000000e-01 2.500000000000000000e-01
2.500000000000000000e-01 2.500000000000000000e-01 2.500000000000000000e-01 2.500000000000000000e-01
2.500000000000000000e-01 2.500000000000000000e-01 2.500000000000000000e-01 2.500000000000000000e-01
2.500000000000000000e-01 2.500000000000000000e-01 2.500000000000000000e-01 2.500000000000000000e-01
4.409763424348216165e-02 2.713810740731013027e-01 4.121438093774385525e-01 2.723774823059780248e-01
2.500000000000000000e-01 2.500000000000000000e-01 2.500000000000000000e-01 2.500000000000000000e-01
2.500000000000000000e-01 2.500000000000000000e-01 2.500000000000000000e-01 2.500000000000000000e-01
2.500000000000000000e-01 2.500000000000000000e-01 2.500000000000000000e-01 2.500000000000000000e-01
2.500000000000000000e-01 2.500000000000000000e-01 2.500000000000000000e-01 2.500000000000000000e-01
1.396900896045811247e-01 5.182084025877075062e-01 1.847561419683384498e-01 1.573453658393729748e-01
1.562965383272194309e-01 2.798635850009840303e-02 5.112556661325047269e-01 3.044614370401773629e-01
2.500000000000000000e-01 2.500000000000000000e-01 2.500000000000000000e-01 2.500000000000000000e-01
3.151359627778596573e-01 2.026513411576906509e-01 1.337255072049050864e-01 3.484871888595446054e-01
2.500000000000000000e-01 2.500000000000000000e-01 2.500000000000000000e-01 2.500000000000000000e-01
2.500000000000000000e-01 2.500000000000000000e-01 2.500000000000000000e-01 2.500000000000000000e-01
2.500000000000000000e-01 2.500000000000000000e-01 2.500000000000000000e-01 2.500000000000000000e-01
2.500000000000000000e-01 2.500000000000000000e-01 2.500000000000000000e-01 2.500000000000000000e-01
1.482268149094101706e-01 1.703896542197338992e-02 5.028951856083812011e-01 3.318390340602352939e-01
2.500000000000000000e-01 2.500000000000000000e-01 2.500000000000000000e-01 2.500000000000000000e-01
2.500000000000000000e-01 2.500000000000000000e-01 2.500000000000000000e-01 2.500000000000000000e-01
2.500000000000000000e-01 2.500000000000000000e-01 2.500000000000000000e-01 2.500000000000000000e-01
2.500000000000000000e-01 2.500000000000000000e-01 2.500000000000000000e-01 2.500000000000000000e-01
1.371381395625563548e-01 5.506864515418758987e-01 3.535735135950690555e-02 2.768180575360608131e-01
4.938369665226756133e-01 1.850067689987061892e-01 1.667407888660617787e-01 1.544154756125564187e-01
2.619549790997461880e-01 5.241334252882806632e-01 2.940756410814449051e-02 1.845040315038286582e-01
4.148123097705502804e-01 5.606634716234746296e-01 1.010481556477504927e-02 1.441940304120004068e-02
3.703872918328798836e-01 2.059972538734930469e-01 1.821380270952364655e-01 2.414774271983906040e-01
2.500000000000000000e-01 2.500000000000000000e-01 2.500000000000000000e-01 2.500000000000000000e-01
7.991624626594798775e-01 9.987411525222643360e-02 3.665993249625444650e-02 6.430348959203924242e-02
2.500000000000000000e-01 2.500000000000000000e-01 2.500000000000000000e-01 2.500000000000000000e-01
2.500000000000000000e-01 2.500000000000000000e-01 2.500000000000000000e-01 2.500000000000000000e-01
4.333799383767890021e-03 1.886546573552584927e-01 6.036217021520623449e-02 7.466493730457673950e-01
2.500000000000000000e-01 2.500000000000000000e-01 2.500000000000000000e-01 2.500000000000000000e-01
2.500000000000000000e-01 2.500000000000000000e-01 2.500000000000000000e-01 2.500000000000000000e-01
2.500000000000000000e-01 2.500000000000000000e-01 2.500000000000000000e-01 2.500000000000000000e-01
2.500000000000000000e-01 2.500000000000000000e-01 2.500000000000000000e-01 2.500000000000000000e-01
2.500000000000000000e-01 2.500000000000000000e-01 2.500000000000000000e-01 2.500000000000000000e-01
1.239190325346829907e-01 6.388727468711006274e-01 7.483600693959302497e-02 1.623722136546233430e-01
6.975539338326290917e-01 1.658820187028529902e-02 1.229134529936237868e-01 1.629444113034618224e-01
2.500000000000000000e-01 2.500000000000000000e-01 2.500000000000000000e-01 2.500000000000000000e-01
2.500000000000000000e-01 2.500000000000000000e-01 2.500000000000000000e-01 2.500000000000000000e-01
1.294832272979863086e-01 8.923546327303365222e-02 2.159215471171850309e-01 5.653597623117949666e-01
2.500000000000000000e-01 2.500000000000000000e-01 2.500000000000000000e-01 2.500000000000000000e-01
2.133514997805522062e-01 5.052434276580103356e-02 6.229237428103064911e-01 1.132004146433402136e-01
2.500000000000000000e-01 2.500000000000000000e-01 2.500000000000000000e-01 2.500000000000000000e-01
2.500000000000000000e-01 2.500000000000000000e-01 2.500000000000000000e-01 2.500000000000000000e-01
2.500000000000000000e-01 2.500000000000000000e-01 2.500000000000000000e-01 2.500000000000000000e-01
2.500000000000000000e-01 2.500000000000000000e-01 2.500000000000000000e-01 2.500000000000000000e-01
2.500000000000000000e-01 2.500000000000000000e-01 2.500000000000000000e-01 2.500000000000000000e-01
2.500000000000000000e-01 2.500000000000000000e-01 2.500000000000000000e-01 2.500000000000000000e-01
2.500000000000000000e-01 2.500000000000000000e-01 2.500000000000000000e-01 2.500000000000000000e-01
2.261688738021518652e-01 2.959485112409096508e-01 1.000703442726807446e-01 3.778122706842577117e-01
2.500000000000000000e-01 2.500000000000000000e-01 2.500000000000000000e-01 2.500000000000000000e-01
2.500000000000000000e-01 2.500000000000000000e-01 2.500000000000000000e-01 2.500000000000000000e-01
4.390955914667259985e-01 4.437886111272235784e-02 1.561931018019906692e-01 3.603324456185609814e-01
2.500000000000000000e-01 2.500000000000000000e-01 2.500000000000000000e-01 2.500000000000000000e-01
2.500000000000000000e-01 2.500000000000000000e-01 2.500000000000000000e-01 2.500000000000000000e-01
2.500000000000000000e-01 2.500000000000000000e-01 2.500000000000000000e-01 2.500000000000000000e-01
9.230783732695617416e-02 2.499533360360316203e-01 2.599137419956850659e-01 3.978250846413270425e-01
3.543231891702023906e-01 1.810839463809118255e-01 6.283071500728434899e-02 4.017621494416014349e-01
1.572666488870482979e-02 6.149077812919931940e-01 1.101279463228459488e-01 2.592376074964559685e-01
2.500000000000000000e-01 2.500000000000000000e-01 2.500000000000000000e-01 2.500000000000000000e-01
2.500000000000000000e-01 2.500000000000000000e-01 2.500000000000000000e-01 2.500000000000000000e-01
2.500000000000000000e-01 2.500000000000000000e-01 2.500000000000000000e-01 2.500000000000000000e-01
2.500000000000000000e-01 2.500000000000000000e-01 2.500000000000000000e-01 2.500000000000000000e-01
4.267592182619535657e-01 5.129311000957730710e-02 3.686793441690429662e-01 1.532683275594261540e-01
2.768369918747111136e-01 4.116334464917152658e-02 4.237091912842622654e-01 2.582904721918550806e-01
7.273464436257262578e-02 2.064018496574495931e-01 1.498257305131751316e-01 5.710377754668026773e-01
2.500000000000000000e-01 2.500000000000000000e-01 2.500000000000000000e-01 2.500000000000000000e-01
2.500000000000000000e-01 2.500000000000000000e-01 2.500000000000000000e-01 2.500000000000000000e-01
2.500000000000000000e-01 2.500000000000000000e-01 2.500000000000000000e-01 2.500000000000000000e-01
2.500000000000000000e-01 2.500000000000000000e-01 2.500000000000000000e-01 2.500000000000000000e-01
8.827450464165056965e-02 2.009656001581640872e-01 3.913831072801069455e-01 3.193767879200783977e-01
2.500000000000000000e-01 2.500000000000000000e-01 2.500000000000000000e-01 2.500000000000000000e-01
2.500000000000000000e-01 2.500000000000000000e-01 2.500000000000000000e-01 2.500000000000000000e-01
1.091618872313935978e-01 1.840157890210241953e-01 2.951829521672343359e-01 4.116393715803478570e-01
2.500000000000000000e-01 2.500000000000000000e-01 2.500000000000000000e-01 2.500000000000000000e-01
7.655892074420635185e-02 8.439210914368328043e-02 3.282441622041593621e-01 5.108048079079510195e-01
3.415855398476059790e-01 3.238775004043181055e-02 6.254138008095462276e-01 6.129093024159759651e-04
2.500000000000000000e-01 2.500000000000000000e-01 2.500000000000000000e-01 2.500000000000000000e-01
2.500000000000000000e-01 2.500000000000000000e-01 2.500000000000000000e-01 2.500000000000000000e-01
2.500000000000000000e-01 2.500000000000000000e-01 2.500000000000000000e-01 2.500000000000000000e-01
2.500000000000000000e-01 2.500000000000000000e-01 2.500000000000000000e-01 2.500000000000000000e-01
1.985640713044379002e-01 7.358456080510154818e-02 3.465921850111455260e-01 3.812591828793150395e-01
5.412539485089185032e-01 8.096382573046467801e-02 1.093219423177489436e-01 2.684602834428678753e-01
4.853474662989487598e-01 8.946964169282013712e-02 3.628296219215058072e-01 6.235327008672530980e-02
1.175498103089507584e-02 1.963575898909033779e-01 4.568516781673686022e-01 3.350357509108329856e-01
2.500000000000000000e-01 2.500000000000000000e-01 2.500000000000000000e-01 2.500000000000000000e-01
2.511774728777340093e-01 1.657151379475050798e-02 6.717162856806200288e-01 6.053472764689543650e-02
2.500000000000000000e-01 2.500000000000000000e-01 2.500000000000000000e-01 2.500000000000000000e-01
6.161599725808550865e-01 2.791278136550959244e-01 8.602749444159368819e-02 1.868471932245530098e-02
2.500000000000000000e-01 2.500000000000000000e-01 2.500000000000000000e-01 2.500000000000000000e-01
2.500000000000000000e-01 2.500000000000000000e-01 2.500000000000000000e-01 2.500000000000000000e-01
2.500000000000000000e-01 2.500000000000000000e-01 2.500000000000000000e-01 2.500000000000000000e-01
2.500000000000000000e-01 2.500000000000000000e-01 2.500000000000000000e-01 2.500000000000000000e-01
3.521330974919962831e-01 5.550747670337137230e-01 5.950027474740449129e-02 3.329186072688550269e-02
2.500000000000000000e-01 2.500000000000000000e-01 2.500000000000000000e-01 2.500000000000000000e-01
2.500000000000000000e-01 2.500000000000000000e-01 2.500000000000000000e-01 2.500000000000000000e-01
1.397953573598758326e-01 2.957441506575619883e-01 3.115350877548279662e-01 2.529254042277342407e-01
2.500000000000000000e-01 2.500000000000000000e-01 2.500000000000000000e-01 2.500000000000000000e-01
2.500000000000000000e-01 2.500000000000000000e-01 2.500000000000000000e-01 2.500000000000000000e-01
5.965398453305177373e-01 8.377457311828787057e-02 2.385879800680884288e-01 8.109760148310596328e-02
2.500000000000000000e-01 2.500000000000000000e-01 2.500000000000000000e-01 2.500000000000000000e-01
2.500000000000000000e-01 2.500000000000000000e-01 2.500000000000000000e-01 2.500000000000000000e-01
2.500000000000000000e-01 2.500000000000000000e-01 2.500000000000000000e-01 2.500000000000000000e-01
2.500000000000000000e-01 2.500000000000000000e-01 2.500000000000000000e-01 2.500000000000000000e-01
2.500000000000000000e-01 2.500000000000000000e-01 2.500000000000000000e-01 2.500000000000000000e-01
2.500000000000000000e-01 2.500000000000000000e-01 2.500000000000000000e-01 2.500000000000000000e-01
2.110549229750875999e-01 9.014750598131657244e-02 8.929613695793539585e-02 6.095014340856603763e-01
6.153754964342736944e-01 2.892074129219694978e-01 5.469443751204816628e-02 4.072265313170864154e-02
2.500000000000000000e-01 2.500000000000000000e-01 2.500000000000000000e-01 2.500000000000000000e-01
2.500000000000000000e-01 2.500000000000000000e-01 2.500000000000000000e-01 2.500000000000000000e-01
2.352658200177062675e-01 2.582787119827623795e-02 2.203307833229261048e-01 5.185755254610914244e-01
2.500000000000000000e-01 2.500000000000000000e-01 2.500000000000000000e-01 2.500000000000000000e-01
2.500000000000000000e-01 2.500000000000000000e-01 2.500000000000000000e-01 2.500000000000000000e-01
2.500000000000000000e-01 2.500000000000000000e-01 2.500000000000000000e-01 2.500000000000000000e-01
2.500000000000000000e-01 2.500000000000000000e-01 2.500000000000000000e-01 2.500000000000000000e-01
3.850353474545651911e-01 5.935627359227935856e-02 2.647988418114320952e-01 2.908095371417233621e-01
2.500000000000000000e-01 2.500000000000000000e-01 2.500000000000000000e-01 2.500000000000000000e-01
4.663072455602970678e-02 5.420647467760955629e-02 3.189388999381940204e-01 5.802239008281667720e-01
2.500000000000000000e-01 2.500000000000000000e-01 2.500000000000000000e-01 2.500000000000000000e-01
1.703487315030649818e-01 3.855867486708266512e-01 3.084134970993351876e-01 1.356510227267731794e-01
3.567036578938110880e-01 1.536437663560587530e-01 5.447743881419275791e-03 4.842048318687108832e-01
1.906534034661550303e-01 1.012740070011405175e-01 2.739542770334710831e-01 4.341183124992333831e-01
2.500000000000000000e-01 2.500000000000000000e-01 2.500000000000000000e-01 2.500000000000000000e-01
1.450871401601001864e-01 1.223192134413399745e-01 1.464880774506655270e-01 5.861055689478943398e-01
6.148421582895833293e-01 1.601224507914725537e-01 1.576534320496420227e-01 6.738195886930209433e-02
2.500000000000000000e-01 2.500000000000000000e-01 2.500000000000000000e-01 2.500000000000000000e-01
2.500000000000000000e-01 2.500000000000000000e-01 2.500000000000000000e-01 2.500000000000000000e-01
2.512952695131038805e-01 4.867506125196223443e-02 5.667820514721051695e-02 6.433514640877233681e-01
2.500000000000000000e-01 2.500000000000000000e-01 2.500000000000000000e-01 2.500000000000000000e-01
2.500000000000000000e-01 2.500000000000000000e-01 2.500000000000000000e-01 2.500000000000000000e-01
2.500000000000000000e-01 2.500000000000000000e-01 2.500000000000000000e-01 2.500000000000000000e-01
2.500000000000000000e-01 2.500000000000000000e-01 2.500000000000000000e-01 2.500000000000000000e-01
2.500000000000000000e-01 2.500000000000000000e-01 2.500000000000000000e-01 2.500000000000000000e-01
2.500000000000000000e-01 2.500000000000000000e-01 2.500000000000000000e-01 2.500000000000000000e-01
2.500000000000000000e-01 2.500000000000000000e-01 2.500000000000000000e-01 2.500000000000000000e-01
2.500000000000000000e-01 2.500000000000000000e-01 2.500000000000000000e-01 2.500000000000000000e-01
2.500000000000000000e-01 2.500000000000000000e-01 2.500000000000000000e-01 2.500000000000000000e-01
2.500000000000000000e-01 2.500000000000000000e-01 2.500000000000000000e-01 2.500000000000000000e-01
2.500000000000000000e-01 2.500000000000000000e-01 2.500000000000000000e-01 2.500000000000000000e-01
2.500000000000000000e-01 2.500000000000000000e-01 2.500000000000000000e-01 2.500000000000000000e-01
1.139817740447678605e-02 1.156039877319729320e-01 2.620776031322115673e-01 6.109202317313386921e-01
2.500000000000000000e-01 2.500000000000000000e-01 2.500000000000000000e-01 2.500000000000000000e-01
2.500000000000000000e-01 2.500000000000000000e-01 2.500000000000000000e-01 2.500000000000000000e-01
3.412777517492390777e-01 2.411383779826551943e-01 3.300979695908035638e-01 8.748590067730216413e-02
2.500000000000000000e-01 2.500000000000000000e-01 2.500000000000000000e-01 2.500000000000000000e-01
2.500000000000000000e-01 2.500000000000000000e-01 2.500000000000000000e-01 2.500000000000000000e-01
2.500000000000000000e-01 2.500000000000000000e-01 2.500000000000000000e-01 2.500000000000000000e-01
2.500000000000000000e-01 2.500000000000000000e-01 2.500000000000000000e-01 2.500000000000000000e-01
2.500000000000000000e-01 2.500000000000000000e-01 2.500000000000000000e-01 2.500000000000000000e-01
2.500000000000000000e-01 2.500000000000000000e-01 2.500000000000000000e-01 2.500000000000000000e-01
2.500000000000000000e-01 2.500000000000000000e-01 2.500000000000000000e-01 2.500000000000000000e-01
2.500000000000000000e-01 2.500000000000000000e-01 2.500000000000000000e-01 2.500000000000000000e-01
4.971349947838415440e-01 2.700250347557884290e-01 2.266986501288497102e-01 6.141320331520316866e-03
2.500000000000000000e-01 2.500000000000000000e-01 2.500000000000000000e-01 2.500000000000000000e-01
1.453083506478669018e-01 1.895297339801906289e-01 4.816152266797131820e-01 1.835466886922293428e-01
2.500000000000000000e-01 2.500000000000000000e-01 2.500000000000000000e-01 2.500000000000000000e-01
2.500000000000000000e-01 2.500000000000000000e-01 2.500000000000000000e-01 2.500000000000000000e-01
2.077602160600125203e-01 1.715832694721984228e-02 1.080628299478687687e-01 6.670186270448988930e-01
2.500000000000000000e-01 2.500000000000000000e-01 2.500000000000000000e-01 2.500000000000000000e-01
2.500000000000000000e-01 2.500000000000000000e-01 2.500000000000000000e-01 2.500000000000000000e-01
