2.500000000000000000e-01 2.500000000000000000e-01 2.500000000000000000e-01 2.500000000000000000e-01
4.151336227758206654e-03 1.068750222237636466e-01 4.114653819912239552e-01 4.775082595572541777e-01
2.500000000000000000e-01 2.500000000000000000e-01 2.500000000000000000e-01 2.500000000000000000e-01
2.469817363576628788e-01 3.164096931249878175e-02 5.873270425296966968e-01 1.340502518001416010e-01
2.500000000000000000e-01 2.500000000000000000e-01 2.500000000000000000e-01 2.500000000000000000e-01
2.500000000000000000e-01 2.500000000000000000e-01 2.500000000000000000e-01 2.500000000000000000e-01
2.500000000000000000e-01 2.500000000000000000e-01 2.500000000000000000e-01 2.500000000000000000e-01
2.500000000000000000e-01 2.500000000000000000e-01 2.500000000000000000e-01 2.500000000000000000e-01
2.500000000000000000e-01 2.500000000000000000e-01 2.500000000000000000e-01 2.500000000000000000e-01
2.500000000000000000e-01 2.500000000000000000e-01 2.500000000000000000e-01 2.500000000000000000e-01
2.500000000000000000e-01 2.500000000000000000e-01 2.500000000000000000e-01 2.500000000000000000e-01
2.500000000000000000e-01 2.500000000000000000e-01 2.500000000000000000e-01 2.500000000000000000e-01
2.500000000000000000e-01 2.500000000000000000e-01 2.500000000000000000e-01 2.500000000000000000e-01
2.504514662118837998e-01 4.869353214764152171e-01 1.563613579697186728e-01 1.062518543419823103e-01
2.500000000000000000e-01 2.500000000000000000e-01 2.500000000000000000e-01 2.500000000000000000e-01
1.988209274897357604e-01 4.920487266545164329e-01 1.245146004839123299e-01 1.846157453718354768e-01
2.500000000000000000e-01 2.500000000000000000e-01 2.500000000000000000e-01 2.500000000000000000e-01
2.500000000000000000e-01 2.500000000000000000e-01 2.500000000000000000e-01 2.500000000000000000e-01
2.500000000000000000e-01 2.500000000000000000e-01 2.500000000000000000e-01 2.500000000000000000e-01
6.842262743159879257e-01 3.344766194913213059e-02 9.661539770489407930e-02 1.857106660299858714e-01
2.943380158657136758e-01 2.231515300949394043e-01 1.647075807406185033e-01 3.178028732987284166e-01
2.500000000000000000e-01 2.500000000000000000e-01 2.500000000000000000e-01 2.500000000000000000e-01
2.500000000000000000e-01 2.500000000000000000e-01 2.500000000000000000e-01 2.500000000000000000e-01
2.967342361166023235e-01 1.402173130317861671e-01 4.985240395218030196e-01 6.452441132980840655e-02
2.500000000000000000e-01 2.500000000000000000e-01 2.500000000000000000e-01 2.500000000000000000e-01
2.500000000000000000e-01 2.500000000000000000e-01 2.500000000000000000e-01 2.500000000000000000e-01
2.500000000000000000e-01 2.500000000000000000e-01 2.500000000000000000e-01 2.500000000000000000e-01
2.500000000000000000e-01 2.500000000000000000e-01 2.500000000000000000e-01 2.500000000000000000e-01
5.981913708624783110e-01 7.397722115605516457e-02 2.609511255464462554e-02 3.017362954268218989e-01
2.500000000000000000e-01 2.500000000000000000e-01 2.500000000000000000e-01 2.500000000000000000e-01
2.500000000000000000e-01 2.500000000000000000e-01 2.500000000000000000e-01 2.500000000000000000e-01
2.500000000000000000e-01 2.500000000000000000e-01 2.500000000000000000e-01 2.500000000000000000e-01
2.500000000000000000e-01 2.500000000000000000e-01 2.500000000000000000e-01 2.500000000000000000e-01
1.257071944392509077e-01 6.854544315482737904e-01 4.675110614057231828e-03 1.841632633984180700e-01
4.596584861820474655e-01 2.212826058601641277e-02 1.668449438429820408e-01 3.513683093889540809e-01
2.500000000000000000e-01 2.500000000000000000e-01 2.500000000000000000e-01 2.500000000000000000e-01
1.322782033598421669e-01 3.071462407300981079e-01 3.363414066190349994e-01 2.242341492910247813e-01
2.367934283260361983e-01 1.766363212084000600e-01 1.152754876673562356e-01 4.712947627982074783e-01
2.500000000000000000e-01 2.500000000000000000e-01 2.500000000000000000e-01 2.500000000000000000e-01
6.316329531202085068e-01 1.431790945061824361e-01 3.099005487623235355e-02 1.941978974973767036e-01
2.500000000000000000e-01 2.500000000000000000e-01 2.500000000000000000e-01 2.500000000000000000e-01
2.107010028077626902e-03 8.790783595768884850e-02 3.067777855781649854e-01 6.032073684360684807e-01
3.214272644575144056e-01 4.395009329051340063e-02 1.339720851335540197e-01 5.006505571184181047e-01
2.500000000000000000e-01 2.500000000000000000e-01 2.500000000000000000e-01 2.500000000000000000e-01
6.731163838655185305e-02 1.496230422307578689e-01 3.583135740004637082e-01 4.247517453822266531e-01
2.500000000000000000e-01 2.500000000000000000e-01 2.500000000000000000e-01 2.500000000000000000e-01
2.500000000000000000e-01 2.500000000000000000e-01 2.500000000000000000e-01 2.500000000000000000e-01
2.500000000000000000e-01 2.500000000000000000e-01 2.500000000000000000e-01 2.500000000000000000e-01
2.500000000000000000e-01 2.500000000000000000e-01 2.500000000000000000e-01 2.500000000000000000e-01
2.500000000000000000e-01 2.500000000000000000e-01 2.500000000000000000e-01 2.500000000000000000e-01
2.500000000000000000e-01 2.500000000000000000e-01 2.500000000000000000e-01 2.500000000000000000e-01
2.500000000000000000e-01 2.500000000000000000e-01 2.500000000000000000e-01 2.500000000000000000e-01
3.125781193900757926e-01 1.849598689220712244e-01 2.706984460036005458e-01 2.317635656842524372e-01
2.500000000000000000e-01 2.500000000000000000e-01 2.500000000000000000e-01 2.500000000000000000e-01
5.465227085410466756e-01 1.527231832520864196e-01 2.759721855889373243e-01 2.478192261792955264e-02
2.500000000000000000e-01 2.500000000000000000e-01 2.500000000000000000e-01 2.500000000000000000e-01
2.588384547049998874e-01 3.149973013391084709e-01 4.057049716887212165e-02 3.855937467870195201e-01
2.500000000000000000e-01 2.500000000000000000e-01 2.500000000000000000e-01 2.500000000000000000e-01
3.479343880839760317e-01 2.713339093282234882e-01 2.431184433689082547e-01 1.376132592188922255e-01
2.500000000000000000e-01 2.500000000000000000e-01 2.500000000000000000e-01 2.500000000000000000e-01
2.500000000000000000e-01 2.500000000000000000e-01 2.500000000000000000e-01 2.500000000000000000e-01
4.737537120427881554e-02 1.829100623011216675e-01 6.563639613509592019e-02 7.040781703595035967e-01
2.500000000000000000e-01 2.500000000000000000e-01 2.500000000000000000e-01 2.500000000000000000e-01
2.500000000000000000e-01 2.500000000000000000e-01 2.500000000000000000e-01 2.500000000000000000e-01
3.003587285439261456e-01 6.865959393547499401e-02 5.214383473847474804e-01 1.095433301358512690e-01
3.757246021928472568e-01 4.848288493480562567e-01 9.370984130886139685e-02 4.573670715023508970e-02
6.867559125081676985e-01 5.596941894177446739e-03 2.122611921335009477e-01 9.538595346415390530e-02
5.254411691384847094e-01 2.970443491600073815e-01 7.848940647118535230e-02 9.902507523032255676e-02
2.500000000000000000e-01 2.500000000000000000e-01 2.500000000000000000e-01 2.500000000000000000e-01
3.094231289425882769e-01 4.787318872547650650e-01 1.142648977060721216e-01 9.758008609657453647e-02
2.500000000000000000e-01 2.500000000000000000e-01 2.500000000000000000e-01 2.500000000000000000e-01
5.856966492639639199e-01 6.497143041219854975e-02 9.402205699555332696e-02 2.553098633282842034e-01
2.500000000000000000e-01 2.500000000000000000e-01 2.500000000000000000e-01 2.500000000000000000e-01
6.774584581975494624e-01 4.342635949160329745e-02 6.661337457987263899e-02 2.125018077309746012e-01
2.500000000000000000e-01 2.500000000000000000e-01 2.500000000000000000e-01 2.500000000000000000e-01
2.500000000000000000e-01 2.500000000000000000e-01 2.500000000000000000e-01 2.500000000000000000e-01
2.500000000000000000e-01 2.500000000000000000e-01 2.500000000000000000e-01 2.500000000000000000e-01
2.500000000000000000e-01 2.500000000000000000e-01 2.500000000000000000e-01 2.500000000000000000e-01
2.500000000000000000e-01 2.500000000000000000e-01 2.500000000000000000e-01 2.500000000000000000e-01
2.500000000000000000e-01 2.500000000000000000e-01 2.500000000000000000e-01 2.500000000000000000e-01
2.500000000000000000e-01 2.500000000000000000e-01 2.500000000000000000e-01 2.500000000000000000e-01
2.500000000000000000e-01 2.500000000000000000e-01 2.500000000000000000e-01 2.500000000000000000e-01
2.500000000000000000e-01 2.500000000000000000e-01 2.500000000000000000e-01 2.500000000000000000e-01
1.012347420979904794e-01 2.721914425298600504e-01 1.810354066928794303e-01 4.455384086792700260e-01
2.500000000000000000e-01 2.500000000000000000e-01 2.500000000000000000e-01 2.500000000000000000e-01
1.591033550550141340e-01 2.616481212211654861e-01 1.828607979645406334e-01 3.963877257592797188e-01
2.500000000000000000e-01 2.500000000000000000e-01 2.500000000000000000e-01 2.500000000000000000e-01
2.500000000000000000e-01 2.500000000000000000e-01 2.500000000000000000e-01 2.500000000000000000e-01
2.500000000000000000e-01 2.500000000000000000e-01 2.500000000000000000e-01 2.500000000000000000e-01
5.634523032489746619e-01 5.088422599362517514e-03 1.797827491354081209e-01 2.516765250162547041e-01
2.500000000000000000e-01 2.500000000000000000e-01 2.500000000000000000e-01 2.500000000000000000e-01
7.176919141959893222e-01 9.544279697764877779e-02 1.152730966308127686e-01 7.159219219554913138e-02
3.274566704511132076e-01 9.293159604886849778e-02 1.923855454317564273e-01 3.872261880682618673e-01
5.986205506710049473e-01 3.498434923384634021e-01 6.052786491094142018e-03 4.548317049943750856e-02
5.340337575996401132e-02 8.960746611407843787e-02 5.808710128029270781e-01 2.761181453230304728e-01
2.500000000000000000e-01 2.500000000000000000e-01 2.500000000000000000e-01 2.500000000000000000e-01
2.500000000000000000e-01 2.500000000000000000e-01 2.500000000000000000e-01 2.500000000000000000e-01
2.500000000000000000e-01 2.500000000000000000e-01 2.500000000000000000e-01 2.500000000000000000e-01
2.500000000000000000e-01 2.500000000000000000e-01 2.500000000000000000e-01 2.500000000000000000e-01
2.500000000000000000e-01 2.500000000000000000e-01 2.500000000000000000e-01 2.500000000000000000e-01
2.500000000000000000e-01 2.500000000000000000e-01 2.500000000000000000e-01 2.500000000000000000e-01
1.240773727027293756e-03 2.176749861395483043e-01 6.973605651804767880e-02 7.113481836153767723e-01
2.500000000000000000e-01 2.500000000000000000e-01 2.500000000000000000e-01 2.500000000000000000e-01
2.500000000000000000e-01 2.500000000000000000e-01 2.500000000000000000e-01 2.500000000000000000e-01
4.594426405641302003e-01 3.194850524587933838e-01 1.690044686363424975e-01 5.206783834073391848e-02
3.439627281484088361e-01 3.546472274402318048e-01 4.733819331376232231e-02 2.540518510975970368e-01
2.500000000000000000e-01 2.500000000000000000e-01 2.500000000000000000e-01 2.500000000000000000e-01
2.500000000000000000e-01 2.500000000000000000e-01 2.500000000000000000e-01 2.500000000000000000e-01
2.500000000000000000e-01 2.500000000000000000e-01 2.500000000000000000e-01 2.500000000000000000e-01
2.500000000000000000e-01 2.500000000000000000e-01 2.500000000000000000e-01 2.500000000000000000e-01
2.718738591092817458e-01 1.972769508892502355e-01 1.490083597005423810e-01 3.818408303009256377e-01
8.795983445668054124e-02 3.321092926356619679e-01 1.692971586199300549e-01 4.106337142877274915e-01
2.500000000000000000e-01 2.500000000000000000e-01 2.500000000000000000e-01 2.500000000000000000e-01
2.500000000000000000e-01 2.500000000000000000e-01 2.500000000000000000e-01 2.500000000000000000e-01
2.500000000000000000e-01 2.500000000000000000e-01 2.500000000000000000e-01 2.500000000000000000e-01
2.500000000000000000e-01 2.500000000000000000e-01 2.500000000000000000e-01 2.500000000000000000e-01
2.500000000000000000e-01 2.500000000000000000e-01 2.500000000000000000e-01 2.500000000000000000e-01
2.500000000000000000e-01 2.500000000000000000e-01 2.500000000000000000e-01 2.500000000000000000e-01
2.384033362632617392e-01 5.213960212948736128e-01 1.970207435486459602e-01 4.317989889321868779e-02
2.500000000000000000e-01 2.500000000000000000e-01 2.500000000000000000e-01 2.500000000000000000e-01
2.500000000000000000e-01 2.500000000000000000e-01 2.500000000000000000e-01 2.500000000000000000e-01
2.500000000000000000e-01 2.500000000000000000e-01 2.500000000000000000e-01 2.500000000000000000e-01
2.500000000000000000e-01 2.500000000000000000e-01 2.500000000000000000e-01 2.500000000000000000e-01
2.500000000000000000e-01 2.500000000000000000e-01 2.500000000000000000e-01 2.500000000000000000e-01
2.500000000000000000e-01 2.500000000000000000e-01 2.500000000000000000e-01 2.500000000000000000e-01
5.726753868828983185e-01 6.402045580763729427e-02 1.864966296313056160e-01 1.768075276781587712e-01
2.500000000000000000e-01 2.500000000000000000e-01 2.500000000000000000e-01 2.500000000000000000e-01
2.500000000000000000e-01 2.500000000000000000e-01 2.500000000000000000e-01 2.500000000000000000e-01
1.452868679278077890e-01 5.566461672163302010e-01 6.230503770784345807e-02 2.357619271480185519e-01
2.084436854089787572e-01 5.220829274376538320e-01 1.348803278007203454e-01 1.345930593526471208e-01
2.500000000000000000e-01 2.500000000000000000e-01 2.500000000000000000e-01 2.500000000000000000e-01
8.089367818633053098e-02 3.770225914852590177e-01 1.329935268845885976e-01 4.090902034438218537e-01
2.500000000000000000e-01 2.500000000000000000e-01 2.500000000000000000e-01 2.500000000000000000e-01
2.799156762430013989e-01 1.678534078338378144e-01 1.775533529727271742e-02 5.344755806258880693e-01
2.500000000000000000e-01 2.500000000000000000e-01 2.500000000000000000e-01 2.500000000000000000e-01
1.417956040621143332e-01 2.514978461438938107e-02 5.149423012982738967e-01 3.181123100252225000e-01
6.418143030041950636e-01 2.052692406549923992e-02 2.211307115318446315e-01 1.165280613984610580e-01
2.500000000000000000e-01 2.500000000000000000e-01 2.500000000000000000e-01 2.500000000000000000e-01
2.500000000000000000e-01 2.500000000000000000e-01 2.500000000000000000e-01 2.500000000000000000e-01
2.580575038940828292e-01 1.111939815890022609e-01 2.116431561973643183e-01 4.191053583195505916e-01
2.500000000000000000e-01 2.500000000000000000e-01 2.500000000000000000e-01 2.500000000000000000e-01
3.098469090907580714e-01 5.241925820565552785e-01 3.854856857120059210e-03 1.621056519955666464e-01
2.500000000000000000e-01 2.500000000000000000e-01 2.500000000000000000e-01 2.500000000000000000e-01
2.500000000000000000e-01 2.500000000000000000e-01 2.500000000000000000e-01 2.500000000000000000e-01
2.500000000000000000e-01 2.500000000000000000e-01 2.500000000000000000e-01 2.500000000000000000e-01
2.500000000000000000e-01 2.500000000000000000e-01 2.500000000000000000e-01 2.500000000000000000e-01
2.500000000000000000e-01 2.500000000000000000e-01 2.500000000000000000e-01 2.500000000000000000e-01
2.500000000000000000e-01 2.500000000000000000e-01 2.500000000000000000e-01 2.500000000000000000e-01
5.024755030988642401e-01 4.552729976690373381e-01 1.806597884396560216e-02 2.418552038813281957e-02
2.500000000000000000e-01 2.500000000000000000e-01 2.500000000000000000e-01 2.500000000000000000e-01
2.500000000000000000e-01 2.500000000000000000e-01 2.500000000000000000e-01 2.500000000000000000e-01
2.500000000000000000e-01 2.500000000000000000e-01 2.500000000000000000e-01 2.500000000000000000e-01
5.541630306873182032e-01 1.384012101394102856e-01 1.765716019443000495e-02 2.897785989788415062e-01
3.402300899421125679e-01 1.234709019435995259e-01 1.237586130557329078e-01 4.125403950585549984e-01
2.500000000000000000e-01 2.500000000000000000e-01 2.500000000000000000e-01 2.500000000000000000e-01
2.500000000000000000e-01 2.500000000000000000e-01 2.500000000000000000e-01 2.500000000000000000e-01
1.122269721427027328e-01 3.669407755283878719e-02 4.308441086604438142e-01 4.202348416440147005e-01
2.500000000000000000e-01 2.500000000000000000e-01 2.500000000000000000e-01 2.500000000000000000e-01
2.500000000000000000e-01 2.500000000000000000e-01 2.500000000000000000e-01 2.500000000000000000e-01
2.500000000000000000e-01 2.500000000000000000e-01 2.500000000000000000e-01 2.500000000000000000e-01
2.500000000000000000e-01 2.500000000000000000e-01 2.500000000000000000e-01 2.500000000000000000e-01
2.500000000000000000e-01 2.500000000000000000e-01 2.500000000000000000e-01 2.500000000000000000e-01
2.500000000000000000e-01 2.500000000000000000e-01 2.500000000000000000e-01 2.500000000000000000e-01
1.726284582341309215e-01 5.813275511477414281e-02 1.846477775900407792e-01 5.845910090610542120e-01
2.261020836628440112e-01 5.850646453254307877e-01 1.604683132160222847e-02 1.727864396901229727e-01
2.500000000000000000e-01 2.500000000000000000e-01 2.500000000000000000e-01 2.500000000000000000e-01
2.500000000000000000e-01 2.500000000000000000e-01 2.500000000000000000e-01 2.500000000000000000e-01
2.500000000000000000e-01 2.500000000000000000e-01 2.500000000000000000e-01 2.500000000000000000e-01
2.283291712539133045e-01 1.487105893418388392e-01 4.652530655039066598e-03 6.183077087492088175e-01
2.500000000000000000e-01 2.500000000000000000e-01 2.500000000000000000e-01 2.500000000000000000e-01
1.749600797142928515e-02 7.572237328877930163e-02 1.077582102808947034e-01 7.990234084588967445e-01
2.500000000000000000e-01 2.500000000000000000e-01 2.500000000000000000e-01 2.500000000000000000e-01
2.500000000000000000e-01 2.500000000000000000e-01 2.500000000000000000e-01 2.500000000000000000e-01
3.338608954117052163e-01 2.771340143385577284e-02 4.125948896697838042e-01 2.258308134846552240e-01
2.500000000000000000e-01 2.500000000000000000e-01 2.500000000000000000e-01 2.500000000000000000e-01
2.241562656939455334e-01 3.760729771756380901e-01 1.326007736247858948e-01 2.671699835056304817e-01
2.500000000000000000e-01 2.500000000000000000e-01 2.500000000000000000e-01 2.500000000000000000e-01
2.500000000000000000e-01 2.500000000000000000e-01 2.500000000000000000e-01 2.500000000000000000e-01
2.500000000000000000e-01 2.500000000000000000e-01 2.500000000000000000e-01 2.500000000000000000e-01
2.157672659384519409e-01 4.239699821394433271e-02 4.097102706192659594e-01 3.321254652283377462e-01
1.014378638527383136e-01 2.662957009348922433e-01 5.184693787644484297e-02 5.804194973359245724e-01
7.536229770197694355e-01 1.671831026208557558e-01 5.813360237246015250e-02 2.106031798691465617e-02
2.500000000000000000e-01 2.500000000000000000e-01 2.500000000000000000e-01 2.500000000000000000e-01
6.901134926946619341e-01 9.344197973724872874e-02 1.134514871193892799e-01 1.029930404487000573e-01
3.534079067830664944e-01 8.450791411587120494e-02 1.574280220341369718e-01 4.046561570669253149e-01
5.284802397807782798e-02 7.295311830806858189e-02 8.721305316477204195e-02 7.869858045490815135e-01
2.500000000000000000e-01 2.500000000000000000e-01 2.500000000000000000e-01 2.500000000000000000e-01
2.500000000000000000e-01 2.500000000000000000e-01 2.500000000000000000e-01 2.500000000000000000e-01
2.882419597825218172e-01 1.408575297889340938e-01 1.827967326720247587e-01 3.881037777565193303e-01
2.500000000000000000e-01 2.500000000000000000e-01 2.500000000000000000e-01 2.500000000000000000e-01
2.500000000000000000e-01 2.500000000000000000e-01 2.500000000000000000e-01 2.500000000000000000e-01
2.500000000000000000e-01 2.500000000000000000e-01 2.500000000000000000e-01 2.500000000000000000e-01
2.500000000000000000e-01 2.500000000000000000e-01 2.500000000000000000e-01 2.500000000000000000e-01
2.500000000000000000e-01 2.500000000000000000e-01 2.500000000000000000e-01 2.500000000000000000e-01
2.500000000000000000e-01 2.500000000000000000e-01 2.500000000000000000e-01 2.500000000000000000e-01
5.492977744900977566e-01 3.801940287817473507e-02 2.173884423256809972e-01 1.952943803060465111e-01
2.500000000000000000e-01 2.500000000000000000e-01 2.500000000000000000e-01 2.500000000000000000e-01
3.821652136037027581e-01 2.510078143338240197e-01 2.980833631308424936e-01 6.874360893163072861e-02
3.799524502177348828e-01 2.937933326990260774e-01 7.791678060862738953e-02 2.483374364746116503e-01
1.110439869981087041e-01 1.010188396512704673e-01 8.239761932349519424e-02 7.055395540271256483e-01
2.500000000000000000e-01 2.500000000000000000e-01 2.500000000000000000e-01 2.500000000000000000e-01
2.500000000000000000e-01 2.500000000000000000e-01 2.500000000000000000e-01 2.500000000000000000e-01
2.500000000000000000e-01 2.500000000000000000e-01 2.500000000000000000e-01 2.500000000000000000e-01
2.500000000000000000e-01 2.500000000000000000e-01 2.500000000000000000e-01 2.500000000000000000e-01
3.756223020596357598e-01 6.224331628281914996e-02 3.238315878894239552e-01 2.383027937681211350e-01
2.500000000000000000e-01 2.500000000000000000e-01 2.500000000000000000e-01 2.500000000000000000e-01
2.500000000000000000e-01 2.500000000000000000e-01 2.500000000000000000e-01 2.500000000000000000e-01
2.500000000000000000e-01 2.500000000000000000e-01 2.500000000000000000e-01 2.500000000000000000e-01
2.523657241762072151e-02 7.829326409321339664e-02 1.262137746805518934e-01 7.702563888086140231e-01
2.500000000000000000e-01 2.500000000000000000e-01 2.500000000000000000e-01 2.500000000000000000e-01
1.268572578138399409e-01 4.640875800797999440e-01 1.981114676375139161e-01 2.109436944688461990e-01
2.500000000000000000e-01 2.500000000000000000e-01 2.500000000000000000e-01 2.500000000000000000e-01
2.500000000000000000e-01 2.500000000000000000e-01 2.500000000000000000e-01 2.500000000000000000e-01
2.500000000000000000e-01 2.500000000000000000e-01 2.500000000000000000e-01 2.500000000000000000e-01
2.500000000000000000e-01 2.500000000000000000e-01 2.500000000000000000e-01 2.500000000000000000e-01
2.500000000000000000e-01 2.500000000000000000e-01 2.500000000000000000e-01 2.500000000000000000e-01
2.500000000000000000e-01 2.500000000000000000e-01 2.500000000000000000e-01 2.500000000000000000e-01
2.500000000000000000e-01 2.500000000000000000e-01 2.500000000000000000e-01 2.500000000000000000e-01
5.812661386090501869e-01 1.815198150823045531e-01 2.909656835752258419e-02 2.081174779511226758e-01
2.500000000000000000e-01 2.500000000000000000e-01 2.500000000000000000e-01 2.500000000000000000e-01
2.500000000000000000e-01 2.500000000000000000e-01 2.500000000000000000e-01 2.500000000000000000e-01
2.500000000000000000e-01 2.500000000000000000e-01 2.500000000000000000e-01 2.500000000000000000e-01
2.861130744027770567e-02 2.763235678243701823e-02 4.187572713237963651e-01 5.249990644534888729e-01
2.500000000000000000e-01 2.500000000000000000e-01 2.500000000000000000e-01 2.500000000000000000e-01
8.024364701396635713e-02 6.543082307240488671e-02 6.588982352626924222e-01 1.954272946509363340e-01
2.500000000000000000e-01 2.500000000000000000e-01 2.500000000000000000e-01 2.500000000000000000e-01
2.500000000000000000e-01 2.500000000000000000e-01 2.500000000000000000e-01 2.500000000000000000e-01
1.810133479101498633e-01 4.785615390904106037e-01 3.516063054304813251e-02 3.052644824563913728e-01
2.500000000000000000e-01 2.500000000000000000e-01 2.500000000000000000e-01 2.500000000000000000e-01
2.581309305607353277e-01 5.028721984295807940e-02 1.094492072683240225e-01 5.821326423279825635e-01
7.634221476955982411e-02 1.726098820444720849e-01 5.490616032044899342e-01 2.019862999814782123e-01
2.500000000000000000e-01 2.500000000000000000e-01 2.500000000000000000e-01 2.500000000000000000e-01
2.500000000000000000e-01 2.500000000000000000e-01 2.500000000000000000e-01 2.500000000000000000e-01
2.500000000000000000e-01 2.500000000000000000e-01 2.500000000000000000e-01 2.500000000000000000e-01
2.500000000000000000e-01 2.500000000000000000e-01 2.500000000000000000e-01 2.500000000000000000e-01
2.500000000000000000e-01 2.500000000000000000e-01 2.500000000000000000e-01 2.500000000000000000e-01
5.687822737302056231e-01 2.914561974544180312e-02 1.517237676759546627e-01 2.503483388483979111e-01
2.483244553267422161e-01 4.478010283692042230e-03 1.022096295038284475e-01 6.449879048857373176e-01
2.500000000000000000e-01 2.500000000000000000e-01 2.500000000000000000e-01 2.500000000000000000e-01
2.500000000000000000e-01 2.500000000000000000e-01 2.500000000000000000e-01 2.500000000000000000e-01
2.500000000000000000e-01 2.500000000000000000e-01 2.500000000000000000e-01 2.500000000000000000e-01
2.500000000000000000e-01 2.500000000000000000e-01 2.500000000000000000e-01 2.500000000000000000e-01
2.500000000000000000e-01 2.500000000000000000e-01 2.500000000000000000e-01 2.500000000000000000e-01
2.500000000000000000e-01 2.500000000000000000e-01 2.500000000000000000e-01 2.500000000000000000e-01
2.500000000000000000e-01 2.500000000000000000e-01 2.500000000000000000e-01 2.500000000000000000e-01
5.808479855180147533e-01 3.994677508130820703e-02 9.342709283756164829e-02 2.857781465631153983e-01
2.500000000000000000e-01 2.500000000000000000e-01 2.500000000000000000e-01 2.500000000000000000e-01
1.676749066373861285e-01 1.974029154581809775e-01 9.816061127146216703e-02 5.367615666329706992e-01
2.988509172825032367e-01 3.820275837392883567e-01 2.490488186796142589e-01 7.007268029859409220e-02
1.686221340795895640e-01 4.078374989475304635e-01 2.587626159160646977e-01 1.647777510568153303e-01
4.611438295823799827e-01 1.220573298513964733e-01 3.216862763591653573e-01 9.511256420705815895e-02
2.500000000000000000e-01 2.500000000000000000e-01 2.500000000000000000e-01 2.500000000000000000e-01
1.991131879674186700e-01 2.134998236444039625e-03 4.322001737921630227e-01 3.665516400039742773e-01
2.500000000000000000e-01 2.500000000000000000e-01 2.500000000000000000e-01 2.500000000000000000e-01
3.523995913856859952e-01 4.229939172320500984e-01 6.017570500357921626e-02 1.644307863786846902e-01
7.074954503616271984e-01 1.447876705604131120e-01 8.338057925955863481e-02 6.433629981840105483e-02
2.500000000000000000e-01 2.500000000000000000e-01 2.500000000000000000e-01 2.500000000000000000e-01
2.500000000000000000e-01 2.500000000000000000e-01 2.500000000000000000e-01 2.500000000000000000e-01
2.500000000000000000e-01 2.500000000000000000e-01 2.500000000000000000e-01 2.500000000000000000e-01
3.751333271720939111e-01 1.600859414705045058e-01 5.424903552295198828e-02 4.105316958344495948e-01
2.500000000000000000e-01 2.500000000000000000e-01 2.500000000000000000e-01 2.500000000000000000e-01
4.944993587266146573e-01 3.839156625102447262e-01 1.081667192114434406e-01 1.341825955169717588e-02
1.140329192590627400e-01 4.112577768382998933e-01 1.621753141486765859e-01 3.125339897539607947e-01
2.500000000000000000e-01 2.500000000000000000e-01 2.500000000000000000e-01 2.500000000000000000e-01
1.798918377689172898e-01 2.195930150674458015e-01 4.632858799932132454e-01 1.372292671704236910e-01
2.136670891515263238e-01 4.225469762602519774e-02 6.160076651359978894e-02 6.824774467088486896e-01
2.500000000000000000e-01 2.500000000000000000e-01 2.500000000000000000e-01 2.500000000000000000e-01
5.317725541963971847e-02 5.615743264638187737e-01 1.824135740847787623e-01 2.028348440317627455e-01
9.636022506715472002e-02 3.839053194775910449e-01 2.276799056739355342e-01 2.920545497813186175e-01
1.802040519028305920e-01 7.050476521876079816e-02 6.664002260453628923e-02 6.826511602738722928e-01
2.500000000000000000e-01 2.500000000000000000e-01 2.500000000000000000e-01 2.500000000000000000e-01
2.486020998777539390e-02 3.551788438418149174e-02 2.510470932373465303e-01 6.885748123906966223e-01
2.500000000000000000e-01 2.500000000000000000e-01 2.500000000000000000e-01 2.500000000000000000e-01
4.112404952542734193e-01 1.556255907847562125e-01 3.674247545476291288e-01 6.570915941334115606e-02
2.500000000000000000e-01 2.500000000000000000e-01 2.500000000000000000e-01 2.500000000000000000e-01
2.770521220572349508e-01 1.558978904324569703e-01 1.898211379634446583e-01 3.772288495468634206e-01
5.225021184595749490e-01 3.292861379056482574e-01 3.571957534137709667e-02 1.124921682933996969e-01
2.500000000000000000e-01 2.500000000000000000e-01 2.500000000000000000e-01 2.500000000000000000e-01
4.050743633794771648e-01 4.805702277394192923e-02 2.669490667718932841e-01 2.799195470746876357e-01
2.500000000000000000e-01 2.500000000000000000e-01 2.500000000000000000e-01 2.500000000000000000e-01
2.500000000000000000e-01 2.500000000000000000e-01 2.500000000000000000e-01 2.500000000000000000e-01
2.500000000000000000e-01 2.500000000000000000e-01 2.500000000000000000e-01 2.500000000000000000e-01
2.500000000000000000e-01 2.500000000000000000e-01 2.500000000000000000e-01 2.500000000000000000e-01
2.500000000000000000e-01 2.500000000000000000e-01 2.500000000000000000e-01 2.500000000000000000e-01
2.500000000000000000e-01 2.500000000000000000e-01 2.500000000000000000e-01 2.500000000000000000e-01
2.500000000000000000e-01 2.500000000000000000e-01 2.500000000000000000e-01 2.500000000000000000e-01
4.399272357086830842e-01 8.231630404634295017e-02 3.409761058395411881e-01 1.367803544054327913e-01
2.500000000000000000e-01 2.500000000000000000e-01 2.500000000000000000e-01 2.500000000000000000e-01
6.471548230507286892e-01 1.131685733296258489e-01 7.485180511414055160e-02 1.648247985055049103e-01
2.500000000000000000e-01 2.500000000000000000e-01 2.500000000000000000e-01 2.500000000000000000e-01
2.500000000000000000e-01 2.500000000000000000e-01 2.500000000000000000e-01 2.500000000000000000e-01
2.500000000000000000e-01 2.500000000000000000e-01 2.500000000000000000e-01 2.500000000000000000e-01
2.500000000000000000e-01 2.500000000000000000e-01 2.500000000000000000e-01 2.500000000000000000e-01
2.500000000000000000e-01 2.500000000000000000e-01 2.500000000000000000e-01 2.500000000000000000e-01
2.500000000000000000e-01 2.500000000000000000e-01 2.500000000000000000e-01 2.500000000000000000e-01
1.770687209900619896e-01 2.707417482586355617e-01 4.296336564532821090e-03 5.478931941867696276e-01
2.500000000000000000e-01 2.500000000000000000e-01 2.500000000000000000e-01 2.500000000000000000e-01
2.595457598248339104e-01 4.470235383936571605e-02 3.871428255834676868e-01 3.086090607523326868e-01
2.500000000000000000e-01 2.500000000000000000e-01 2.500000000000000000e-01 2.500000000000000000e-01
2.500000000000000000e-01 2.500000000000000000e-01 2.500000000000000000e-01 2.500000000000000000e-01
2.500000000000000000e-01 2.500000000000000000e-01 2.500000000000000000e-01 2.500000000000000000e-01
2.500000000000000000e-01 2.500000000000000000e-01 2.500000000000000000e-01 2.500000000000000000e-01
2.500000000000000000e-01 2.500000000000000000e-01 2.500000000000000000e-01 2.500000000000000000e-01
2.500000000000000000e-01 2.500000000000000000e-01 2.500000000000000000e-01 2.500000000000000000e-01
2.500000000000000000e-01 2.500000000000000000e-01 2.500000000000000000e-01 2.500000000000000000e-01
2.500000000000000000e-01 2.500000000000000000e-01 2.500000000000000000e-01 2.500000000000000000e-01
2.500000000000000000e-01 2.500000000000000000e-01 2.500000000000000000e-01 2.500000000000000000e-01
2.721323172054584405e-01 6.265219680332800856e-01 8.140953816929152875e-02 1.993617659196994518e-02
2.500000000000000000e-01 2.500000000000000000e-01 2.500000000000000000e-01 2.500000000000000000e-01
2.500000000000000000e-01 2.500000000000000000e-01 2.500000000000000000e-01 2.500000000000000000e-01
1.197897445903894770e-01 2.155600451031055576e-01 2.921424875239363450e-01 3.725077227825686066e-01
2.500000000000000000e-01 2.500000000000000000e-01 2.500000000000000000e-01 2.500000000000000000e-01
2.500000000000000000e-01 2.500000000000000000e-01 2.500000000000000000e-01 2.500000000000000000e-01
2.500000000000000000e-01 2.500000000000000000e-01 2.500000000000000000e-01 2.500000000000000000e-01
2.500000000000000000e-01 2.500000000000000000e-01 2.500000000000000000e-01 2.500000000000000000e-01
2.500000000000000000e-01 2.500000000000000000e-01 2.500000000000000000e-01 2.500000000000000000e-01
2.500000000000000000e-01 2.500000000000000000e-01 2.500000000000000000e-01 2.500000000000000000e-01
2.500000000000000000e-01 2.500000000000000000e-01 2.500000000000000000e-01 2.500000000000000000e-01
2.500000000000000000e-01 2.500000000000000000e-01 2.500000000000000000e-01 2.500000000000000000e-01
2.500000000000000000e-01 2.500000000000000000e-01 2.500000000000000000e-01 2.500000000000000000e-01
1.504242437303285052e-01 4.004466397845249936e-01 1.731935763820722229e-01 2.759355401030743060e-01
8.515727705540480919e-02 3.107509614595397318e-01 3.422803165704485506e-01 2.618114449146068390e-01
2.500000000000000000e-01 2.500000000000000000e-01 2.500000000000000000e-01 2.500000000000000000e-01
3.979986615775190084e-01 1.972500991507503687e-01 5.100223105195006434e-02 3.537490082197805585e-01
2.611991876702793314e-01 4.291394023607999347e-02 5.672410843972338634e-01 1.286457876964068325e-01
2.500000000000000000e-01 2.500000000000000000e-01 2.500000000000000000e-01 2.500000000000000000e-01
2.500000000000000000e-01 2.500000000000000000e-01 2.500000000000000000e-01 2.500000000000000000e-01
2.500000000000000000e-01 2.500000000000000000e-01 2.500000000000000000e-01 2.500000000000000000e-01
2.500000000000000000e-01 2.500000000000000000e-01 2.500000000000000000e-01 2.500000000000000000e-01
2.500000000000000000e-01 2.500000000000000000e-01 2.500000000000000000e-01 2.500000000000000000e-01
2.500000000000000000e-01 2.500000000000000000e-01 2.500000000000000000e-01 2.500000000000000000e-01
1.050668160806680906e-01 2.227310769045016958e-01 3.025180214227931597e-01 3.696840855920370816e-01
9.334195960965693817e-02 2.871045311760485608e-01 5.403971622714498491e-03 6.141495375915799748e-01
2.500000000000000000e-01 2.500000000000000000e-01 2.500000000000000000e-01 2.500000000000000000e-01
2.500000000000000000e-01 2.500000000000000000e-01 2.500000000000000000e-01 2.500000000000000000e-01
1.992921309603144786e-01 2.599897459480786099e-01 2.710276537660784579e-01 2.696904693255284258e-01
2.500000000000000000e-01 2.500000000000000000e-01 2.500000000000000000e-01 2.500000000000000000e-01
2.500000000000000000e-01 2.500000000000000000e-01 2.500000000000000000e-01 2.500000000000000000e-01
5.762725608961207779e-01 9.212729601390855227e-02 6.316658730720493831e-02 2.684335557827657315e-01
3.554838222205829457e-01 9.791802949593594874e-02 3.766302841028298376e-01 1.699678641806512402e-01
2.500000000000000000e-01 2.500000000000000000e-01 2.500000000000000000e-01 2.500000000000000000e-01
2.500000000000000000e-01 2.500000000000000000e-01 2.500000000000000000e-01 2.500000000000000000e-01
2.500000000000000000e-01 2.500000000000000000e-01 2.500000000000000000e-01 2.500000000000000000e-01
2.500000000000000000e-01 2.500000000000000000e-01 2.500000000000000000e-01 2.500000000000000000e-01
1.954481684904149086e-01 1.045051034930408324e-01 4.518893675762937767e-01 2.481573604402504962e-01
2.500000000000000000e-01 2.500000000000000000e-01 2.500000000000000000e-01 2.500000000000000000e-01
2.500000000000000000e-01 2.500000000000000000e-01 2.500000000000000000e-01 2.500000000000000000e-01
8.529359333171776525e-02 2.444058953855287042e-01 4.590824158703987745e-02 6.243922696957135976e-01
1.431466416847970366e-02 2.765932437721524417e-01 1.644171104753080481e-01 5.446749815840598030e-01
5.086511547596894722e-01 1.048130074167486492e-01 3.031927519867731458e-01 8.334308583678873283e-02
1.779610969938953402e-01 2.194522311282166155e-02 1.787303504186040781e-01 6.213633294746789826e-01
2.500000000000000000e-01 2.500000000000000000e-01 2.500000000000000000e-01 2.500000000000000000e-01
2.500000000000000000e-01 2.500000000000000000e-01 2.500000000000000000e-01 2.500000000000000000e-01
2.500000000000000000e-01 2.500000000000000000e-01 2.500000000000000000e-01 2.500000000000000000e-01
2.500000000000000000e-01 2.500000000000000000e-01 2.500000000000000000e-01 2.500000000000000000e-01
2.500000000000000000e-01 2.500000000000000000e-01 2.500000000000000000e-01 2.500000000000000000e-01
2.500000000000000000e-01 2.500000000000000000e-01 2.500000000000000000e-01 2.500000000000000000e-01
2.500000000000000000e-01 2.500000000000000000e-01 2.500000000000000000e-01 2.500000000000000000e-01
2.500000000000000000e-01 2.500000000000000000e-01 2.500000000000000000e-01 2.500000000000000000e-01
2.500000000000000000e-01 2.500000000000000000e-01 2.500000000000000000e-01 2.500000000000000000e-01
2.500000000000000000e-01 2.500000000000000000e-01 2.500000000000000000e-01 2.500000000000000000e-01
6.179471923437946934e-01 1.362841183527991329e-01 2.147521964391483906e-01 3.101649286425778307e-02
2.500000000000000000e-01 2.500000000000000000e-01 2.500000000000000000e-01 2.500000000000000000e-01
2.500000000000000000e-01 2.500000000000000000e-01 2.500000000000000000e-01 2.500000000000000000e-01
2.500000000000000000e-01 2.500000000000000000e-01 2.500000000000000000e-01 2.500000000000000000e-01
2.500000000000000000e-01 2.500000000000000000e-01 2.500000000000000000e-01 2.500000000000000000e-01
2.500000000000000000e-01 2.500000000000000000e-01 2.500000000000000000e-01 2.500000000000000000e-01
2.500000000000000000e-01 2.500000000000000000e-01 2.500000000000000000e-01 2.500000000000000000e-01
2.500000000000000000e-01 2.500000000000000000e-01 2.500000000000000000e-01 2.500000000000000000e-01
2.500000000000000000e-01 2.500000000000000000e-01 2.500000000000000000e-01 2.500000000000000000e-01
2.500000000000000000e-01 2.500000000000000000e-01 2.500000000000000000e-01 2.500000000000000000e-01
2.500000000000000000e-01 2.500000000000000000e-01 2.500000000000000000e-01 2.500000000000000000e-01
3.283215217766730087e-01 4.820675255826218919e-01 5.368214221511014017e-03 1.842427384191940853e-01
3.336645922862052638e-01 3.670015513549929609e-01 2.317185953316546754e-01 6.761526102714704445e-02
4.353056405758505276e-01 3.773293076815807945e-01 1.449960648263708407e-01 4.236898691619783719e-02
2.500000000000000000e-01 2.500000000000000000e-01 2.500000000000000000e-01 2.500000000000000000e-01
2.500000000000000000e-01 2.500000000000000000e-01 2.500000000000000000e-01 2.500000000000000000e-01
2.500000000000000000e-01 2.500000000000000000e-01 2.500000000000000000e-01 2.500000000000000000e-01
2.500000000000000000e-01 2.500000000000000000e-01 2.500000000000000000e-01 2.500000000000000000e-01
2.166966094522130015e-01 1.052705449814139577e-01 3.455323954487111993e-02 6.434796060215018931e-01
2.500000000000000000e-01 2.500000000000000000e-01 2.500000000000000000e-01 2.500000000000000000e-01
2.500000000000000000e-01 2.500000000000000000e-01 2.500000000000000000e-01 2.500000000000000000e-01
2.500000000000000000e-01 2.500000000000000000e-01 2.500000000000000000e-01 2.500000000000000000e-01
3.549535908617498011e-04 3.868103473816677518e-01 1.806329715335481811e-01 4.322017274939223275e-01
2.500000000000000000e-01 2.500000000000000000e-01 2.500000000000000000e-01 2.500000000000000000e-01
2.500000000000000000e-01 2.500000000000000000e-01 2.500000000000000000e-01 2.500000000000000000e-01
1.055399452951352179e-01 1.413966758593903916e-01 3.041197341844702473e-01 4.489436446610041154e-01
2.500000000000000000e-01 2.500000000000000000e-01 2.500000000000000000e-01 2.500000000000000000e-01
2.500000000000000000e-01 2.500000000000000000e-01 2.500000000000000000e-01 2.500000000000000000e-01
2.500000000000000000e-01 2.500000000000000000e-01 2.500000000000000000e-01 2.500000000000000000e-01
2.703400217429379748e-01 4.307427438936046321e-02 4.629448146273582032e-01 2.236408892403433102e-01
2.500000000000000000e-01 2.500000000000000000e-01 2.500000000000000000e-01 2.500000000000000000e-01
2.500000000000000000e-01 2.500000000000000000e-01 2.500000000000000000e-01 2.500000000000000000e-01
4.007865588230376530e-01 8.632715752397177034e-02 2.769423776749903032e-01 2.359439059780002457e-01
2.500000000000000000e-01 2.500000000000000000e-01 2.500000000000000000e-01 2.500000000000000000e-01
4.765153592759160950e-01 4.612412054508133880e-02 1.756647004407315416e-01 3.016958197382710316e-01
2.500000000000000000e-01 2.500000000000000000e-01 2.500000000000000000e-01 2.500000000000000000e-01
7.612801917912858096e-01 3.627193914738623820e-02 1.203004806745928690e-01 8.214738838673507626e-02
2.500000000000000000e-01 2.500000000000000000e-01 2.500000000000000000e-01 2.500000000000000000e-01
2.500000000000000000e-01 2.500000000000000000e-01 2.500000000000000000e-01 2.500000000000000000e-01
2.500000000000000000e-01 2.500000000000000000e-01 2.500000000000000000e-01 2.500000000000000000e-01
5.368525915217186029e-01 7.872198346038913885e-02 1.484570391033676329e-01 2.359683859145246254e-01
2.500000000000000000e-01 2.500000000000000000e-01 2.500000000000000000e-01 2.500000000000000000e-01
2.500000000000000000e-01 2.500000000000000000e-01 2.500000000000000000e-01 2.500000000000000000e-01
5.657456041006393432e-01 1.706065289751959868e-01 1.884034824978212674e-01 7.524438442634340252e-02
2.500000000000000000e-01 2.500000000000000000e-01 2.500000000000000000e-01 2.500000000000000000e-01
2.500000000000000000e-01 2.500000000000000000e-01 2.500000000000000000e-01 2.500000000000000000e-01
2.500000000000000000e-01 2.500000000000000000e-01 2.500000000000000000e-01 2.500000000000000000e-01
1.674633315617820584e-01 3.521325477817495164e-01 9.578313696053197823e-02 3.846209836959364470e-01
2.500000000000000000e-01 2.500000000000000000e-01 2.500000000000000000e-01 2.500000000000000000e-01
2.500000000000000000e-01 2.500000000000000000e-01 2.500000000000000000e-01 2.500000000000000000e-01
1.367833170773972984e-01 2.537407037135087085e-01 1.174884344866100050e-01 4.919875447224839604e-01
2.500000000000000000e-01 2.500000000000000000e-01 2.500000000000000000e-01 2.500000000000000000e-01
2.500000000000000000e-01 2.500000000000000000e-01 2.500000000000000000e-01 2.500000000000000000e-01
2.500000000000000000e-01 2.500000000000000000e-01 2.500000000000000000e-01 2.500000000000000000e-01
2.500000000000000000e-01 2.500000000000000000e-01 2.500000000000000000e-01 2.500000000000000000e-01
2.500000000000000000e-01 2.500000000000000000e-01 2.500000000000000000e-01 2.500000000000000000e-01
6.480904699572633820e-01 1.689082827339592752e-01 4.869210221883515932e-02 1.343091450899421835e-01
3.451455507271400935e-01 2.617270598748540067e-01 3.185795315233699299e-01 7.454785787463602542e-02
2.500000000000000000e-01 2.500000000000000000e-01 2.500000000000000000e-01 2.500000000000000000e-01
2.500000000000000000e-01 2.500000000000000000e-01 2.500000000000000000e-01 2.500000000000000000e-01
2.500000000000000000e-01 2.500000000000000000e-01 2.500000000000000000e-01 2.500000000000000000e-01
2.500000000000000000e-01 2.500000000000000000e-01 2.500000000000000000e-01 2.500000000000000000e-01
3.514223790674343983e-01 2.638781897399100629e-02 5.629946240218546283e-01 5.919517793672002259e-02
2.500000000000000000e-01 2.500000000000000000e-01 2.500000000000000000e-01 2.500000000000000000e-01
1.246126776173721723e-01 1.447795557348011131e-01 8.189635130418654319e-02 6.487114153436401853e-01
2.500000000000000000e-01 2.500000000000000000e-01 2.500000000000000000e-01 2.500000000000000000e-01
1.817215521897105057e-01 4.857231276049895907e-01 2.377721160798773603e-01 9.478320412542259876e-02
2.500000000000000000e-01 2.500000000000000000e-01 2.500000000000000000e-01 2.500000000000000000e-01
2.500000000000000000e-01 2.500000000000000000e-01 2.500000000000000000e-01 2.500000000000000000e-01
2.805536761475868612e-01 8.652765907716489235e-02 5.083452310230622828e-01 1.245734337521859358e-01
2.500000000000000000e-01 2.500000000000000000e-01 2.500000000000000000e-01 2.500000000000000000e-01
2.500000000000000000e-01 2.500000000000000000e-01 2.500000000000000000e-01 2.500000000000000000e-01
6.998624414151558004e-02 1.135604390488356152e-01 6.323823529332921467e-01 1.840709638763566025e-01
2.801552403686757842e-01 1.005372932875133601e-01 4.787777980055628602e-01 1.405296683382479261e-01
2.500000000000000000e-01 2.500000000000000000e-01 2.500000000000000000e-01 2.500000000000000000e-01
2.500000000000000000e-01 2.500000000000000000e-01 2.500000000000000000e-01 2.500000000000000000e-01
2.500000000000000000e-01 2.500000000000000000e-01 2.500000000000000000e-01 2.500000000000000000e-01
2.760511947964435775e-01 1.384675214724341297e-01 3.524908805400113199e-01 2.329904031911109730e-01
2.371785951101511858e-01 2.585131315843768318e-01 4.496731585988666957e-02 4.593409574455853406e-01
2.500000000000000000e-01 2.500000000000000000e-01 2.500000000000000000e-01 2.500000000000000000e-01
4.307182088793959363e-02 5.941425984224147916e-01 6.104926155020351519e-02 3.017363191394421551e-01
2.500000000000000000e-01 2.500000000000000000e-01 2.500000000000000000e-01 2.500000000000000000e-01
2.500000000000000000e-01 2.500000000000000000e-01 2.500000000000000000e-01 2.500000000000000000e-01
2.500000000000000000e-01 2.500000000000000000e-01 2.500000000000000000e-01 2.500000000000000000e-01
2.582570088192938096e-01 2.883122730480644491e-02 1.088504378272397155e-01 6.040613260486600300e-01
2.500000000000000000e-01 2.500000000000000000e-01 2.500000000000000000e-01 2.500000000000000000e-01
2.500000000000000000e-01 2.500000000000000000e-01 2.500000000000000000e-01 2.500000000000000000e-01
2.500000000000000000e-01 2.500000000000000000e-01 2.500000000000000000e-01 2.500000000000000000e-01
2.388450027265112130e-01 5.644684713021975719e-01 5.736674715508593980e-02 1.393197788162052753e-01
1.098906940564994481e-02 1.015317597754517714e-01 4.732302373226553172e-02 8.401561470866327763e-01
2.670982661922620127e-01 2.619646190192583268e-01 9.829690467158497258e-02 3.726402101168946879e-01
3.717044561470214670e-01 4.529072904256222776e-01 1.707482047427386629e-01 4.640048684617592567e-03
2.500000000000000000e-01 2.500000000000000000e-01 2.500000000000000000e-01 2.500000000000000000e-01
2.500000000000000000e-01 2.500000000000000000e-01 2.500000000000000000e-01 2.500000000000000000e-01
2.500000000000000000e-01 2.500000000000000000e-01 2.500000000000000000e-01 2.500000000000000000e-01
2.500000000000000000e-01 2.500000000000000000e-01 2.500000000000000000e-01 2.500000000000000000e-01
2.500000000000000000e-01 2.500000000000000000e-01 2.500000000000000000e-01 2.500000000000000000e-01
7.675876142932551438e-02 6.625830020826072031e-02 3.663715505889767465e-01 4.906113877734369910e-01
3.968756409937880814e-01 2.076379436359185870e-01 1.883903436029066292e-03 3.936025119342642653e-01
4.093417243791306337e-01 2.026240816482278995e-01 1.659295369669086806e-01 2.221046570057327862e-01
2.500000000000000000e-01 2.500000000000000000e-01 2.500000000000000000e-01 2.500000000000000000e-01
1.506480151477657403e-01 4.454953454062339224e-01 2.919509979884639117e-01 1.119056414575364811e-01
4.005511888967339118e-01 3.525557439803685827e-02 3.807894737982969735e-01 1.834037629069322772e-01
2.500000000000000000e-01 2.500000000000000000e-01 2.500000000000000000e-01 2.500000000000000000e-01
1.796291101055133566e-01 7.758308717657511067e-02 1.271505078431026947e-01 6.156372948748087826e-01
2.500000000000000000e-01 2.500000000000000000e-01 2.500000000000000000e-01 2.500000000000000000e-01
2.129668723894283244e-01 5.288753128775460777e-01 1.453314002781811443e-01 1.128264144548445091e-01
2.500000000000000000e-01 2.500000000000000000e-01 2.500000000000000000e-01 2.500000000000000000e-01
2.500000000000000000e-01 2.500000000000000000e-01 2.500000000000000000e-01 2.500000000000000000e-01
2.500000000000000000e-01 2.500000000000000000e-01 2.500000000000000000e-01 2.500000000000000000e-01
2.500000000000000000e-01 2.500000000000000000e-01 2.500000000000000000e-01 2.500000000000000000e-01
2.500000000000000000e-01 2.500000000000000000e-01 2.500000000000000000e-01 2.500000000000000000e-01
7.803133086357965098e-01 1.630538206964969872e-01 4.271765468661736787e-02 1.391521598108913516e-02
2.500000000000000000e-01 2.500000000000000000e-01 2.500000000000000000e-01 2.500000000000000000e-01
2.500000000000000000e-01 2.500000000000000000e-01 2.500000000000000000e-01 2.500000000000000000e-01
2.500000000000000000e-01 2.500000000000000000e-01 2.500000000000000000e-01 2.500000000000000000e-01
2.500000000000000000e-01 2.500000000000000000e-01 2.500000000000000000e-01 2.500000000000000000e-01
2.500000000000000000e-01 2.500000000000000000e-01 2.500000000000000000e-01 2.500000000000000000e-01
2.500000000000000000e-01 2.500000000000000000e-01 2.500000000000000000e-01 2.500000000000000000e-01
2.500000000000000000e-01 2.500000000000000000e-01 2.500000000000000000e-01 2.500000000000000000e-01
2.500000000000000000e-01 2.500000000000000000e-01 2.500000000000000000e-01 2.500000000000000000e-01
2.500000000000000000e-01 2.500000000000000000e-01 2.500000000000000000e-01 2.500000000000000000e-01
2.500000000000000000e-01 2.500000000000000000e-01 2.500000000000000000e-01 2.500000000000000000e-01
1.411109612478508510e-02 1.440454852662791108e-01 3.332708652678213479e-01 5.085725533411143973e-01
2.500000000000000000e-01 2.500000000000000000e-01 2.500000000000000000e-01 2.500000000000000000e-01
2.157067934629065264e-01 5.686989883206744478e-01 5.631249771539004190e-02 1.592817205010290393e-01
1.069450492471524412e-02 2.278782275496264997e-01 2.076223944565260826e-01 5.538048730691321753e-01
2.500000000000000000e-01 2.500000000000000000e-01 2.500000000000000000e-01 2.500000000000000000e-01
2.500000000000000000e-01 2.500000000000000000e-01 2.500000000000000000e-01 2.500000000000000000e-01
2.500000000000000000e-01 2.500000000000000000e-01 2.500000000000000000e-01 2.500000000000000000e-01
2.500000000000000000e-01 2.500000000000000000e-01 2.500000000000000000e-01 2.500000000000000000e-01
2.500000000000000000e-01 2.500000000000000000e-01 2.500000000000000000e-01 2.500000000000000000e-01
2.500000000000000000e-01 2.500000000000000000e-01 2.500000000000000000e-01 2.500000000000000000e-01
4.991003204628437495e-01 1.024086547558637483e-01 8.512426499778918965e-02 3.133667597835033125e-01
2.500000000000000000e-01 2.500000000000000000e-01 2.500000000000000000e-01 2.500000000000000000e-01
2.500000000000000000e-01 2.500000000000000000e-01 2.500000000000000000e-01 2.500000000000000000e-01
2.500000000000000000e-01 2.500000000000000000e-01 2.500000000000000000e-01 2.500000000000000000e-01
2.500000000000000000e-01 2.500000000000000000e-01 2.500000000000000000e-01 2.500000000000000000e-01
1.823889056382063945e-01 1.667355078571178262e-01 4.301223891634042285e-01 2.207531973412716064e-01
