1.186391185251435276e-01 2.926613410858113218e-01 3.257841179568007339e-01 2.629154224322444167e-01
2.500000000000000000e-01 2.500000000000000000e-01 2.500000000000000000e-01 2.500000000000000000e-01
2.500000000000000000e-01 2.500000000000000000e-01 2.500000000000000000e-01 2.500000000000000000e-01
2.500000000000000000e-01 2.500000000000000000e-01 2.500000000000000000e-01 2.500000000000000000e-01
2.500000000000000000e-01 2.500000000000000000e-01 2.500000000000000000e-01 2.500000000000000000e-01
2.500000000000000000e-01 2.500000000000000000e-01 2.500000000000000000e-01 2.500000000000000000e-01
2.500000000000000000e-01 2.500000000000000000e-01 2.500000000000000000e-01 2.500000000000000000e-01
4.303591779207528722e-02 1.861919379760875737e-01 5.253263044312862506e-01 2.454458398005509023e-01
2.500000000000000000e-01 2.500000000000000000e-01 2.500000000000000000e-01 2.500000000000000000e-01
2.500000000000000000e-01 2.500000000000000000e-01 2.500000000000000000e-01 2.500000000000000000e-01
2.500000000000000000e-01 2.500000000000000000e-01 2.500000000000000000e-01 2.500000000000000000e-01
2.500000000000000000e-01 2.500000000000000000e-01 2.500000000000000000e-01 2.500000000000000000e-01
4.419031157679686461e-01 2.457190352045113546e-01 6.897772765627172009e-02 2.434001213712482792e-01
8.924611777433161947e-03 2.544456100114247249e-02 2.705563049404895448e-01 6.950745222809348034e-01
2.500000000000000000e-01 2.500000000000000000e-01 2.500000000000000000e-01 2.500000000000000000e-01
2.500000000000000000e-01 2.500000000000000000e-01 2.500000000000000000e-01 2.500000000000000000e-01
2.500000000000000000e-01 2.500000000000000000e-01 2.500000000000000000e-01 2.500000000000000000e-01
2.500000000000000000e-01 2.500000000000000000e-01 2.500000000000000000e-01 2.500000000000000000e-01
2.500000000000000000e-01 2.500000000000000000e-01 2.500000000000000000e-01 2.500000000000000000e-01
2.500000000000000000e-01 2.500000000000000000e-01 2.500000000000000000e-01 2.500000000000000000e-01
2.500000000000000000e-01 2.500000000000000000e-01 2.500000000000000000e-01 2.500000000000000000e-01
2.500000000000000000e-01 2.500000000000000000e-01 2.500000000000000000e-01 2.500000000000000000e-01
2.500000000000000000e-01 2.500000000000000000e-01 2.500000000000000000e-01 2.500000000000000000e-01
2.500000000000000000e-01 2.500000000000000000e-01 2.500000000000000000e-01 2.500000000000000000e-01
2.500000000000000000e-01 2.500000000000000000e-01 2.500000000000000000e-01 2.500000000000000000e-01
2.500000000000000000e-01 2.500000000000000000e-01 2.500000000000000000e-01 2.500000000000000000e-01
2.500000000000000000e-01 2.500000000000000000e-01 2.500000000000000000e-01 2.500000000000000000e-01
2.500000000000000000e-01 2.500000000000000000e-01 2.500000000000000000e-01 2.500000000000000000e-01
3.381350374751125876e-01 5.697552425110276042e-01 5.241126469154255840e-02 3.969845532231724983e-02
3.396500823057089363e-02 3.770482767594230955e-01 2.525229147836539623e-01 3.364638002263519723e-01
2.500000000000000000e-01 2.500000000000000000e-01 2.500000000000000000e-01 2.500000000000000000e-01
2.500000000000000000e-01 2.500000000000000000e-01 2.500000000000000000e-01 2.500000000000000000e-01
3.819715319431187667e-02 1.687358357441487997e-03 1.020014907470468968e-01 8.581139977011997821e-01
2.500000000000000000e-01 2.500000000000000000e-01 2.500000000000000000e-01 2.500000000000000000e-01
2.500000000000000000e-01 2.500000000000000000e-01 2.500000000000000000e-01 2.500000000000000000e-01
2.500000000000000000e-01 2.500000000000000000e-01 2.500000000000000000e-01 2.500000000000000000e-01
5.951137599586451415e-02 5.805433919562357215e-01 1.591965021331318564e-01 2.007487299147678594e-01
2.500000000000000000e-01 2.500000000000000000e-01 2.500000000000000000e-01 2.500000000000000000e-01
2.500000000000000000e-01 2.500000000000000000e-01 2.500000000000000000e-01 2.500000000000000000e-01
2.500000000000000000e-01 2.500000000000000000e-01 2.500000000000000000e-01 2.500000000000000000e-01
1.149488268623506809e-01 6.150009456053903006e-02 6.814379694766818929e-01 1.421131091004282920e-01
2.500000000000000000e-01 2.500000000000000000e-01 2.500000000000000000e-01 2.500000000000000000e-01
2.500000000000000000e-01 2.500000000000000000e-01 2.500000000000000000e-01 2.500000000000000000e-01
2.500000000000000000e-01 2.500000000000000000e-01 2.500000000000000000e-01 2.500000000000000000e-01
7.074320255375494970e-02 5.877006450248234426e-02 4.231527882188765854e-01 4.473339447248861345e-01
6.204449698495969612e-01 2.201769921770115879e-01 3.566980759390314670e-02 1.237082303794883043e-01
2.500000000000000000e-01 2.500000000000000000e-01 2.500000000000000000e-01 2.500000000000000000e-01
2.463410609536721974e-01 2.536370646449204735e-01 1.829555560611588194e-01 3.170663183402485097e-01
2.500000000000000000e-01 2.500000000000000000e-01 2.500000000000000000e-01 2.500000000000000000e-01
2.094466624223375109e-02 2.680176844318400420e-01 4.448248642648785500e-01 2.662127850610476743e-01
2.500000000000000000e-01 2.500000000000000000e-01 2.500000000000000000e-01 2.500000000000000000e-01
5.026580651553700374e-01 4.519605739392273946e-02 1.807191260506506580e-01 2.714267514000565651e-01
2.500000000000000000e-01 2.500000000000000000e-01 2.500000000000000000e-01 2.500000000000000000e-01
2.500000000000000000e-01 2.500000000000000000e-01 2.500000000000000000e-01 2.500000000000000000e-01
2.500000000000000000e-01 2.500000000000000000e-01 2.500000000000000000e-01 2.500000000000000000e-01
3.754948647746594315e-01 7.992086199771118726e-02 9.309047528163662266e-02 4.514937979459927586e-01
2.500000000000000000e-01 2.500000000000000000e-01 2.500000000000000000e-01 2.500000000000000000e-01
2.051794888743700973e-01 1.827884513557726243e-01 1.212100066735352644e-02 5.999110591025037520e-01
2.500000000000000000e-01 2.500000000000000000e-01 2.500000000000000000e-01 2.500000000000000000e-01
2.500000000000000000e-01 2.500000000000000000e-01 2.500000000000000000e-01 2.500000000000000000e-01
2.500000000000000000e-01 2.500000000000000000e-01 2.500000000000000000e-01 2.500000000000000000e-01
2.336361493179588134e-01 2.293776798277662454e-01 1.956578747202907254e-01 3.413282961339841881e-01
2.500000000000000000e-01 2.500000000000000000e-01 2.500000000000000000e-01 2.500000000000000000e-01
5.279965708984669936e-02 1.731600272849272426e-01 5.221470154329219682e-01 2.518933001923041592e-01
2.500000000000000000e-01 2.500000000000000000e-01 2.500000000000000000e-01 2.500000000000000000e-01
5.294158259654578869e-01 1.242220142681648015e-01 4.253380595897994498e-02 3.038283538073973666e-01
1.121627220617124610e-01 5.128904747328116853e-01 1.944851952500407100e-01 1.804616079554350883e-01
5.135492455184034188e-01 1.171313655258944264e-01 1.520622112918873503e-01 2.172571776638148044e-01
2.500000000000000000e-01 2.500000000000000000e-01 2.500000000000000000e-01 2.500000000000000000e-01
2.514035397573129993e-01 1.714807047342545576e-01 6.395769561897204913e-02 5.131580598894603940e-01
2.500000000000000000e-01 2.500000000000000000e-01 2.500000000000000000e-01 2.500000000000000000e-01
2.500000000000000000e-01 2.500000000000000000e-01 2.500000000000000000e-01 2.500000000000000000e-01
2.500000000000000000e-01 2.500000000000000000e-01 2.500000000000000000e-01 2.500000000000000000e-01
1.902620180689932050e-01 4.048522654695200784e-01 1.354735523931577257e-02 3.913383612221709162e-01
2.500000000000000000e-01 2.500000000000000000e-01 2.500000000000000000e-01 2.500000000000000000e-01
2.918843555643996779e-01 1.516427578922363573e-01 1.891041594293636496e-01 3.673687271140003152e-01
2.500000000000000000e-01 2.500000000000000000e-01 2.500000000000000000e-01 2.500000000000000000e-01
2.500000000000000000e-01 2.500000000000000000e-01 2.500000000000000000e-01 2.500000000000000000e-01
2.500000000000000000e-01 2.500000000000000000e-01 2.500000000000000000e-01 2.500000000000000000e-01
2.500000000000000000e-01 2.500000000000000000e-01 2.500000000000000000e-01 2.500000000000000000e-01
2.500000000000000000e-01 2.500000000000000000e-01 2.500000000000000000e-01 2.500000000000000000e-01
2.500000000000000000e-01 2.500000000000000000e-01 2.500000000000000000e-01 2.500000000000000000e-01
6.089772889769409087e-02 3.035437780817692999e-01 4.113488991980083775e-01 2.242095938225282248e-01
2.500000000000000000e-01 2.500000000000000000e-01 2.500000000000000000e-01 2.500000000000000000e-01
2.500000000000000000e-01 2.500000000000000000e-01 2.500000000000000000e-01 2.500000000000000000e-01
2.500000000000000000e-01 2.500000000000000000e-01 2.500000000000000000e-01 2.500000000000000000e-01
2.500000000000000000e-01 2.500000000000000000e-01 2.500000000000000000e-01 2.500000000000000000e-01
2.500000000000000000e-01 2.500000000000000000e-01 2.500000000000000000e-01 2.500000000000000000e-01
4.067367965074816100e-02 1.114954235309550262e-01 5.159439895960428180e-01 3.318869072222540573e-01
2.500000000000000000e-01 2.500000000000000000e-01 2.500000000000000000e-01 2.500000000000000000e-01
1.591976870656405807e-01 5.383198702940180658e-01 5.470088882317314383e-02 2.477815538171681542e-01
6.175855297370604902e-01 1.790120933562557581e-01 5.974432226021134107e-02 1.436580546464724106e-01
2.500000000000000000e-01 2.500000000000000000e-01 2.500000000000000000e-01 2.500000000000000000e-01
2.500000000000000000e-01 2.500000000000000000e-01 2.500000000000000000e-01 2.500000000000000000e-01
5.587880435729868089e-02 3.375789362070074073e-01 3.610291648047131430e-01 2.455130946309807549e-01
1.826511405902273288e-01 5.265799264947439440e-01 3.837417702660839147e-02 2.523947558884203080e-01
2.500000000000000000e-01 2.500000000000000000e-01 2.500000000000000000e-01 2.500000000000000000e-01
2.500000000000000000e-01 2.500000000000000000e-01 2.500000000000000000e-01 2.500000000000000000e-01
2.500000000000000000e-01 2.500000000000000000e-01 2.500000000000000000e-01 2.500000000000000000e-01
2.500000000000000000e-01 2.500000000000000000e-01 2.500000000000000000e-01 2.500000000000000000e-01
2.500000000000000000e-01 2.500000000000000000e-01 2.500000000000000000e-01 2.500000000000000000e-01
2.500000000000000000e-01 2.500000000000000000e-01 2.500000000000000000e-01 2.500000000000000000e-01
2.500000000000000000e-01 2.500000000000000000e-01 2.500000000000000000e-01 2.500000000000000000e-01
2.500000000000000000e-01 2.500000000000000000e-01 2.500000000000000000e-01 2.500000000000000000e-01
2.378159142175926555e-01 9.190031836715983893e-02 3.822749643417433507e-02 6.320562709810731983e-01
1.647718258900721378e-01 1.420967173986623644e-01 1.614028742866313593e-02 6.769911692826023897e-01
3.128592713814700721e-01 8.533093915966408205e-02 1.734667203151770420e-01 4.283430691436888038e-01
2.500000000000000000e-01 2.500000000000000000e-01 2.500000000000000000e-01 2.500000000000000000e-01
2.500000000000000000e-01 2.500000000000000000e-01 2.500000000000000000e-01 2.500000000000000000e-01
2.500000000000000000e-01 2.500000000000000000e-01 2.500000000000000000e-01 2.500000000000000000e-01
2.500000000000000000e-01 2.500000000000000000e-01 2.500000000000000000e-01 2.500000000000000000e-01
2.500000000000000000e-01 2.500000000000000000e-01 2.500000000000000000e-01 2.500000000000000000e-01
2.500000000000000000e-01 2.500000000000000000e-01 2.500000000000000000e-01 2.500000000000000000e-01
2.500000000000000000e-01 2.500000000000000000e-01 2.500000000000000000e-01 2.500000000000000000e-01
7.016158143550165205e-01 2.250178766935696795e-01 6.461739866544718991e-03 6.690456908486908105e-02
2.500000000000000000e-01 2.500000000000000000e-01 2.500000000000000000e-01 2.500000000000000000e-01
4.299421045545345765e-01 1.334535979307333864e-01 8.297392228870795194e-02 3.536303752260240851e-01
2.500000000000000000e-01 2.500000000000000000e-01 2.500000000000000000e-01 2.500000000000000000e-01
2.500000000000000000e-01 2.500000000000000000e-01 2.500000000000000000e-01 2.500000000000000000e-01
2.500000000000000000e-01 2.500000000000000000e-01 2.500000000000000000e-01 2.500000000000000000e-01
6.390773449606815815e-01 4.131729773889537133e-02 2.589835121381791616e-01 6.062184516224389252e-02
6.542633601364595819e-01 2.079012088224214683e-01 7.833302227266836226e-02 5.950240876845058757e-02
2.500000000000000000e-01 2.500000000000000000e-01 2.500000000000000000e-01 2.500000000000000000e-01
6.290661426294924530e-01 2.574240668528238185e-01 5.097259958391653356e-02 6.253719093376719496e-02
9.315467166863121429e-02 6.999989921198755960e-01 1.012516350455749947e-02 1.967211727069356209e-01
2.500000000000000000e-01 2.500000000000000000e-01 2.500000000000000000e-01 2.500000000000000000e-01
2.500000000000000000e-01 2.500000000000000000e-01 2.500000000000000000e-01 2.500000000000000000e-01
2.500000000000000000e-01 2.500000000000000000e-01 2.500000000000000000e-01 2.500000000000000000e-01
2.119808122070930001e-01 4.988332169613651085e-02 2.612150995001984999e-01 4.769207665965720100e-01
2.500000000000000000e-01 2.500000000000000000e-01 2.500000000000000000e-01 2.500000000000000000e-01
2.500000000000000000e-01 2.500000000000000000e-01 2.500000000000000000e-01 2.500000000000000000e-01
2.500000000000000000e-01 2.500000000000000000e-01 2.500000000000000000e-01 2.500000000000000000e-01
8.258619515548396017e-02 2.322654097753601710e-01 1.326886375388871275e-01 5.524597575302687691e-01
2.500000000000000000e-01 2.500000000000000000e-01 2.500000000000000000e-01 2.500000000000000000e-01
2.500000000000000000e-01 2.500000000000000000e-01 2.500000000000000000e-01 2.500000000000000000e-01
2.500000000000000000e-01 2.500000000000000000e-01 2.500000000000000000e-01 2.500000000000000000e-01
2.500000000000000000e-01 2.500000000000000000e-01 2.500000000000000000e-01 2.500000000000000000e-01
4.270050692395416791e-01 1.067307201669123601e-01 4.016715842608444276e-01 6.459262633270151932e-02
2.797982881494787133e-01 4.660409388976408107e-01 1.897860101823704571e-01 6.437476277050996343e-02
2.500000000000000000e-01 2.500000000000000000e-01 2.500000000000000000e-01 2.500000000000000000e-01
1.492876952342787611e-01 3.598641069543505044e-01 3.157147369551473459e-01 1.751334608562233885e-01
6.054000224556554260e-02 2.554815198116367272e-02 1.078504109334358363e-01 8.060614348398349449e-01
2.500000000000000000e-01 2.500000000000000000e-01 2.500000000000000000e-01 2.500000000000000000e-01
2.500000000000000000e-01 2.500000000000000000e-01 2.500000000000000000e-01 2.500000000000000000e-01
7.318902654899531735e-01 1.114731634550369666e-01 6.585355402586126616e-02 9.078301702914859383e-02
2.314828923411426653e-01 4.628947827966268247e-01 2.625200383590359787e-01 4.310228650319447574e-02
7.772208723315160439e-01 6.852330118445570939e-02 1.274541396032740082e-01 2.680168688075423855e-02
6.619431871536523015e-01 2.459956038985702254e-01 4.936718987736021802e-02 4.269401907041725508e-02
2.500000000000000000e-01 2.500000000000000000e-01 2.500000000000000000e-01 2.500000000000000000e-01
1.291590912066004904e-01 5.297876476620346775e-01 1.837645337795832390e-01 1.572887273517815376e-01
2.500000000000000000e-01 2.500000000000000000e-01 2.500000000000000000e-01 2.500000000000000000e-01
2.500000000000000000e-01 2.500000000000000000e-01 2.500000000000000000e-01 2.500000000000000000e-01
2.500000000000000000e-01 2.500000000000000000e-01 2.500000000000000000e-01 2.500000000000000000e-01
2.500000000000000000e-01 2.500000000000000000e-01 2.500000000000000000e-01 2.500000000000000000e-01
2.500000000000000000e-01 2.500000000000000000e-01 2.500000000000000000e-01 2.500000000000000000e-01
2.500000000000000000e-01 2.500000000000000000e-01 2.500000000000000000e-01 2.500000000000000000e-01
2.500000000000000000e-01 2.500000000000000000e-01 2.500000000000000000e-01 2.500000000000000000e-01
2.377506338983610967e-01 1.393720865470368941e-01 3.674235636382797709e-01 2.554537159163222104e-01
2.500000000000000000e-01 2.500000000000000000e-01 2.500000000000000000e-01 2.500000000000000000e-01
2.500000000000000000e-01 2.500000000000000000e-01 2.500000000000000000e-01 2.500000000000000000e-01
1.369764292705890063e-01 1.425337014264156377e-01 2.225783890974194490e-01 4.979114802055759070e-01
2.500000000000000000e-01 2.500000000000000000e-01 2.500000000000000000e-01 2.500000000000000000e-01
1.007297368451109260e-01 1.918507134986243701e-01 1.217127221219880262e-01 5.857068275342767194e-01
2.500000000000000000e-01 2.500000000000000000e-01 2.500000000000000000e-01 2.500000000000000000e-01
2.500000000000000000e-01 2.500000000000000000e-01 2.500000000000000000e-01 2.500000000000000000e-01
2.500000000000000000e-01 2.500000000000000000e-01 2.500000000000000000e-01 2.500000000000000000e-01
2.500000000000000000e-01 2.500000000000000000e-01 2.500000000000000000e-01 2.500000000000000000e-01
2.500000000000000000e-01 2.500000000000000000e-01 2.500000000000000000e-01 2.500000000000000000e-01
2.500000000000000000e-01 2.500000000000000000e-01 2.500000000000000000e-01 2.500000000000000000e-01
2.500000000000000000e-01 2.500000000000000000e-01 2.500000000000000000e-01 2.500000000000000000e-01
2.500000000000000000e-01 2.500000000000000000e-01 2.500000000000000000e-01 2.500000000000000000e-01
2.500000000000000000e-01 2.500000000000000000e-01 2.500000000000000000e-01 2.500000000000000000e-01
1.545589127191789591e-01 2.524890544319349228e-01 1.055417086243973790e-01 4.874103242244887113e-01
2.575814061981598346e-01 2.240666677767655102e-01 4.174785457205353323e-01 1.008733803045392952e-01
6.451129521408942302e-02 3.266829109860985847e-02 6.161040144765974613e-01 2.867163992107032988e-01
7.308126236742489013e-02 3.812311535871729662e-01 2.020201172696742820e-01 3.436674667757278478e-01
2.500000000000000000e-01 2.500000000000000000e-01 2.500000000000000000e-01 2.500000000000000000e-01
2.500000000000000000e-01 2.500000000000000000e-01 2.500000000000000000e-01 2.500000000000000000e-01
2.500000000000000000e-01 2.500000000000000000e-01 2.500000000000000000e-01 2.500000000000000000e-01
2.873436032034630827e-01 2.454086279304921320e-02 4.719887945319046763e-01 2.161267394715830070e-01
2.500000000000000000e-01 2.500000000000000000e-01 2.500000000000000000e-01 2.500000000000000000e-01
2.500000000000000000e-01 2.500000000000000000e-01 2.500000000000000000e-01 2.500000000000000000e-01
2.500000000000000000e-01 2.500000000000000000e-01 2.500000000000000000e-01 2.500000000000000000e-01
2.500000000000000000e-01 2.500000000000000000e-01 2.500000000000000000e-01 2.500000000000000000e-01
3.259138737500779093e-01 1.252621813920553606e-01 1.750205030407210316e-01 3.738034418171456985e-01
3.696696909733953040e-01 4.725758554758980878e-01 4.044038611304601183e-02 1.173140674376605408e-01
2.500000000000000000e-01 2.500000000000000000e-01 2.500000000000000000e-01 2.500000000000000000e-01
5.067556297110062946e-01 3.594790461608621812e-01 1.215085751521384760e-01 1.225674897599304813e-02
2.500000000000000000e-01 2.500000000000000000e-01 2.500000000000000000e-01 2.500000000000000000e-01
5.810804839465482097e-01 1.115794495840737449e-01 2.207060565810982089e-01 8.663400988827985039e-02
2.500000000000000000e-01 2.500000000000000000e-01 2.500000000000000000e-01 2.500000000000000000e-01
7.325123501339063370e-02 2.721812184516346211e-01 4.143948511517285271e-01 2.401726953832462041e-01
1.322301056555745258e-01 2.068478246727771808e-01 2.149401538804429634e-02 6.394280542836039416e-01
2.500000000000000000e-01 2.500000000000000000e-01 2.500000000000000000e-01 2.500000000000000000e-01
2.500000000000000000e-01 2.500000000000000000e-01 2.500000000000000000e-01 2.500000000000000000e-01
2.919188988381730687e-01 1.858226113454028439e-01 3.883083851712677004e-01 1.339501046451563870e-01
2.500000000000000000e-01 2.500000000000000000e-01 2.500000000000000000e-01 2.500000000000000000e-01
1.327048432264762157e-01 1.007395802736381768e-01 3.641321251500694023e-02 7.301423639848786395e-01
2.500000000000000000e-01 2.500000000000000000e-01 2.500000000000000000e-01 2.500000000000000000e-01
2.500000000000000000e-01 2.500000000000000000e-01 2.500000000000000000e-01 2.500000000000000000e-01
2.500000000000000000e-01 2.500000000000000000e-01 2.500000000000000000e-01 2.500000000000000000e-01
2.500000000000000000e-01 2.500000000000000000e-01 2.500000000000000000e-01 2.500000000000000000e-01
6.277902353509612343e-01 6.481898058078761071e-02 2.079445802808408406e-01 9.944620378741031441e-02
6.487355972522614866e-01 1.056188467852737234e-01 4.878928865724913022e-02 1.968562673052156597e-01
2.500000000000000000e-01 2.500000000000000000e-01 2.500000000000000000e-01 2.500000000000000000e-01
1.255854862300506969e-01 4.511259531000600398e-01 8.699885463376583195e-02 3.362897060361234036e-01
2.500000000000000000e-01 2.500000000000000000e-01 2.500000000000000000e-01 2.500000000000000000e-01
2.500000000000000000e-01 2.500000000000000000e-01 2.500000000000000000e-01 2.500000000000000000e-01
2.500000000000000000e-01 2.500000000000000000e-01 2.500000000000000000e-01 2.500000000000000000e-01
2.500000000000000000e-01 2.500000000000000000e-01 2.500000000000000000e-01 2.500000000000000000e-01
2.500000000000000000e-01 2.500000000000000000e-01 2.500000000000000000e-01 2.500000000000000000e-01
2.500000000000000000e-01 2.500000000000000000e-01 2.500000000000000000e-01 2.500000000000000000e-01
2.500000000000000000e-01 2.500000000000000000e-01 2.500000000000000000e-01 2.500000000000000000e-01
2.500000000000000000e-01 2.500000000000000000e-01 2.500000000000000000e-01 2.500000000000000000e-01
2.500000000000000000e-01 2.500000000000000000e-01 2.500000000000000000e-01 2.500000000000000000e-01
2.500000000000000000e-01 2.500000000000000000e-01 2.500000000000000000e-01 2.500000000000000000e-01
2.500000000000000000e-01 2.500000000000000000e-01 2.500000000000000000e-01 2.500000000000000000e-01
2.500000000000000000e-01 2.500000000000000000e-01 2.500000000000000000e-01 2.500000000000000000e-01
2.500000000000000000e-01 2.500000000000000000e-01 2.500000000000000000e-01 2.500000000000000000e-01
1.989903231735412892e-01 4.550010493487042229e-01 1.598829719589899279e-01 1.861256555187645600e-01
2.500000000000000000e-01 2.500000000000000000e-01 2.500000000000000000e-01 2.500000000000000000e-01
2.500000000000000000e-01 2.500000000000000000e-01 2.500000000000000000e-01 2.500000000000000000e-01
4.377481287278148225e-01 8.017563140657009424e-02 2.031531141263547002e-02 4.617609284529796132e-01
2.500000000000000000e-01 2.500000000000000000e-01 2.500000000000000000e-01 2.500000000000000000e-01
2.500000000000000000e-01 2.500000000000000000e-01 2.500000000000000000e-01 2.500000000000000000e-01
2.500000000000000000e-01 2.500000000000000000e-01 2.500000000000000000e-01 2.500000000000000000e-01
2.500000000000000000e-01 2.500000000000000000e-01 2.500000000000000000e-01 2.500000000000000000e-01
2.500000000000000000e-01 2.500000000000000000e-01 2.500000000000000000e-01 2.500000000000000000e-01
6.406210935186088529e-01 1.425400120465039333e-01 5.431967993578654119e-02 1.625192144991006726e-01
3.911753652019605010e-01 9.072534210845621672e-02 1.842865756689023027e-02 4.996706351226930520e-01
2.500000000000000000e-01 2.500000000000000000e-01 2.500000000000000000e-01 2.500000000000000000e-01
2.500000000000000000e-01 2.500000000000000000e-01 2.500000000000000000e-01 2.500000000000000000e-01
2.500000000000000000e-01 2.500000000000000000e-01 2.500000000000000000e-01 2.500000000000000000e-01
5.442187974658196231e-02 9.490552283585385052e-02 4.974571270014195301e-01 3.532154704161445946e-01
3.311753762937645340e-01 1.809347759521350851e-01 3.075698317411746374e-01 1.803200160129257434e-01
4.955363418436009026e-01 1.441869220528653184e-01 2.141623318995420355e-01 1.461144042039917434e-01
9.175669993187378359e-02 3.639439043444473443e-01 3.623251075495609319e-01 1.819742881741179819e-01
1.887686635284389347e-01 1.099640822595376530e-02 7.322923493650190796e-01 6.794257888058821693e-02
2.500000000000000000e-01 2.500000000000000000e-01 2.500000000000000000e-01 2.500000000000000000e-01
6.901429931908391602e-01 1.383420962392584441e-01 5.468344673514188847e-02 1.168314638347605072e-01
7.873967400260394045e-02 6.718008988712934615e-01 3.662748017515660148e-02 2.128319469509460382e-01
2.500000000000000000e-01 2.500000000000000000e-01 2.500000000000000000e-01 2.500000000000000000e-01
2.877471131080220901e-01 4.750670443617614480e-01 2.297509842257732804e-01 7.434858304443181520e-03
2.500000000000000000e-01 2.500000000000000000e-01 2.500000000000000000e-01 2.500000000000000000e-01
2.500000000000000000e-01 2.500000000000000000e-01 2.500000000000000000e-01 2.500000000000000000e-01
1.848998531197801679e-02 2.293084061284192121e-01 3.707887175482632580e-01 3.814128910113395166e-01
2.500000000000000000e-01 2.500000000000000000e-01 2.500000000000000000e-01 2.500000000000000000e-01
2.789341767521149595e-01 9.746378612042490286e-02 3.560297161587198667e-01 2.675723209687402848e-01
2.500000000000000000e-01 2.500000000000000000e-01 2.500000000000000000e-01 2.500000000000000000e-01
2.500000000000000000e-01 2.500000000000000000e-01 2.500000000000000000e-01 2.500000000000000000e-01
2.500000000000000000e-01 2.500000000000000000e-01 2.500000000000000000e-01 2.500000000000000000e-01
2.500000000000000000e-01 2.500000000000000000e-01 2.500000000000000000e-01 2.500000000000000000e-01
2.500000000000000000e-01 2.500000000000000000e-01 2.500000000000000000e-01 2.500000000000000000e-01
2.500000000000000000e-01 2.500000000000000000e-01 2.500000000000000000e-01 2.500000000000000000e-01
2.171505371943787885e-02 1.884567716673383464e-01 1.956605903189350959e-01 5.941675842942887309e-01
1.122827857497243065e-01 3.178272853727188707e-01 2.172816072501277951e-01 3.526083216274290555e-01
4.473235955292893529e-01 2.648190389210917650e-01 1.022312270971209580e-02 2.776342428399067863e-01
2.500000000000000000e-01 2.500000000000000000e-01 2.500000000000000000e-01 2.500000000000000000e-01
2.500000000000000000e-01 2.500000000000000000e-01 2.500000000000000000e-01 2.500000000000000000e-01
2.500000000000000000e-01 2.500000000000000000e-01 2.500000000000000000e-01 2.500000000000000000e-01
6.308317387043238522e-01 5.984182329449957288e-02 1.243720735280612610e-01 1.849543644731153069e-01
2.500000000000000000e-01 2.500000000000000000e-01 2.500000000000000000e-01 2.500000000000000000e-01
2.500000000000000000e-01 2.500000000000000000e-01 2.500000000000000000e-01 2.500000000000000000e-01
2.500000000000000000e-01 2.500000000000000000e-01 2.500000000000000000e-01 2.500000000000000000e-01
1.691056833728921474e-02 8.985509670127370119e-02 1.623113442644738558e-02 8.770032005349897020e-01
2.500000000000000000e-01 2.500000000000000000e-01 2.500000000000000000e-01 2.500000000000000000e-01
2.500000000000000000e-01 2.500000000000000000e-01 2.500000000000000000e-01 2.500000000000000000e-01
4.371305107529335210e-01 7.970941297555393656e-02 3.853141272364309089e-02 4.446286635478694516e-01
1.877730010926889070e-01 2.810636316874235985e-01 1.945663640661260407e-02 5.117067308132748904e-01
2.500000000000000000e-01 2.500000000000000000e-01 2.500000000000000000e-01 2.500000000000000000e-01
2.500000000000000000e-01 2.500000000000000000e-01 2.500000000000000000e-01 2.500000000000000000e-01
6.203671896989995313e-03 2.086839890270588138e-01 5.181309650443741699e-01 2.669813740315770123e-01
2.500000000000000000e-01 2.500000000000000000e-01 2.500000000000000000e-01 2.500000000000000000e-01
2.500000000000000000e-01 2.500000000000000000e-01 2.500000000000000000e-01 2.500000000000000000e-01
1.418318872124565977e-01 1.777708182346705301e-01 1.519189106394101263e-01 5.284783839134628014e-01
2.334062494385106545e-01 3.348306042357426099e-02 5.725585211376960082e-01 1.605521690002190416e-01
9.813714145490033680e-02 3.997809858605812505e-01 2.519439843596188444e-02 4.768874742485565421e-01
1.901317362597514937e-01 9.366248611196889562e-02 1.112841595160019292e-01 6.049216181122776259e-01
2.500000000000000000e-01 2.500000000000000000e-01 2.500000000000000000e-01 2.500000000000000000e-01
2.500000000000000000e-01 2.500000000000000000e-01 2.500000000000000000e-01 2.500000000000000000e-01
2.373931487354853653e-01 2.470337169943099820e-01 2.052741487145557375e-01 3.102989855556489429e-01
2.500000000000000000e-01 2.500000000000000000e-01 2.500000000000000000e-01 2.500000000000000000e-01
2.500000000000000000e-01 2.500000000000000000e-01 2.500000000000000000e-01 2.500000000000000000e-01
2.500000000000000000e-01 2.500000000000000000e-01 2.500000000000000000e-01 2.500000000000000000e-01
2.500000000000000000e-01 2.500000000000000000e-01 2.500000000000000000e-01 2.500000000000000000e-01
2.500000000000000000e-01 2.500000000000000000e-01 2.500000000000000000e-01 2.500000000000000000e-01
2.500000000000000000e-01 2.500000000000000000e-01 2.500000000000000000e-01 2.500000000000000000e-01
1.364150362141859363e-01 3.416291090788707852e-01 1.264025753220265891e-01 3.955532793849166895e-01
2.500000000000000000e-01 2.500000000000000000e-01 2.500000000000000000e-01 2.500000000000000000e-01
1.865832329842913861e-01 1.134306575683062951e-01 1.536660891280137164e-01 5.463200203193886439e-01
2.500000000000000000e-01 2.500000000000000000e-01 2.500000000000000000e-01 2.500000000000000000e-01
3.945070949249031012e-01 1.717091304679658481e-01 1.643102732798596144e-01 2.694735013272714363e-01
2.500000000000000000e-01 2.500000000000000000e-01 2.500000000000000000e-01 2.500000000000000000e-01
5.617901793346808947e-01 1.214769390123034837e-01 5.697595987700289355e-02 2.597569217760127280e-01
2.776124349590620814e-03 2.513702016761252406e-02 8.342280262515891498e-02 8.886640528576379428e-01
2.500000000000000000e-01 2.500000000000000000e-01 2.500000000000000000e-01 2.500000000000000000e-01
2.234638973599515077e-01 3.515882453001770332e-03 5.671578577085760742e-01 2.058623624784706452e-01
1.723958384268229060e-01 3.592666442892531453e-01 3.357293065815342148e-01 1.326082107023897338e-01
2.500000000000000000e-01 2.500000000000000000e-01 2.500000000000000000e-01 2.500000000000000000e-01
7.640927118553362922e-03 3.722252575179858802e-02 1.315287349482105461e-01 8.236078121814375264e-01
3.098516474684329669e-01 5.551757050593087994e-01 1.281341126776566197e-01 6.838534794601613953e-03
4.086880201117767397e-01 6.404028626765619070e-02 2.104668614964299578e-01 3.168048321241371257e-01
2.500000000000000000e-01 2.500000000000000000e-01 2.500000000000000000e-01 2.500000000000000000e-01
2.500000000000000000e-01 2.500000000000000000e-01 2.500000000000000000e-01 2.500000000000000000e-01
2.500000000000000000e-01 2.500000000000000000e-01 2.500000000000000000e-01 2.500000000000000000e-01
2.500000000000000000e-01 2.500000000000000000e-01 2.500000000000000000e-01 2.500000000000000000e-01
3.253245511906169840e-01 2.125925314767034002e-02 2.524110356193176030e-01 4.010051600423950591e-01
2.500000000000000000e-01 2.500000000000000000e-01 2.500000000000000000e-01 2.500000000000000000e-01
2.500000000000000000e-01 2.500000000000000000e-01 2.500000000000000000e-01 2.500000000000000000e-01
1.665697549118077547e-01 1.648707566618135834e-01 5.138226845790104802e-01 1.547368038473681540e-01
2.500000000000000000e-01 2.500000000000000000e-01 2.500000000000000000e-01 2.500000000000000000e-01
2.500000000000000000e-01 2.500000000000000000e-01 2.500000000000000000e-01 2.500000000000000000e-01
2.500000000000000000e-01 2.500000000000000000e-01 2.500000000000000000e-01 2.500000000000000000e-01
2.500000000000000000e-01 2.500000000000000000e-01 2.500000000000000000e-01 2.500000000000000000e-01
2.500000000000000000e-01 2.500000000000000000e-01 2.500000000000000000e-01 2.500000000000000000e-01
2.500000000000000000e-01 2.500000000000000000e-01 2.500000000000000000e-01 2.500000000000000000e-01
4.095184480362570184e-02 1.023658847817952716e-01 2.606047813728581963e-01 5.960774890417208649e-01
2.500000000000000000e-01 2.500000000000000000e-01 2.500000000000000000e-01 2.500000000000000000e-01
2.500000000000000000e-01 2.500000000000000000e-01 2.500000000000000000e-01 2.500000000000000000e-01
1.809479006589338398e-02 3.109509651434363975e-01 1.247501535317928067e-01 5.462040912588773667e-01
2.689659728866302113e-01 6.172680596484542842e-02 1.337552919758066561e-01 5.355519291727177666e-01
2.500000000000000000e-01 2.500000000000000000e-01 2.500000000000000000e-01 2.500000000000000000e-01
2.500000000000000000e-01 2.500000000000000000e-01 2.500000000000000000e-01 2.500000000000000000e-01
4.164989796916336862e-01 1.613304661617028825e-04 2.053239314462459719e-01 3.780157583959586343e-01
2.500000000000000000e-01 2.500000000000000000e-01 2.500000000000000000e-01 2.500000000000000000e-01
3.246755748956787202e-01 5.815875707628198610e-01 3.494912573148245549e-02 5.878772861001896333e-02
2.500000000000000000e-01 2.500000000000000000e-01 2.500000000000000000e-01 2.500000000000000000e-01
2.500000000000000000e-01 2.500000000000000000e-01 2.500000000000000000e-01 2.500000000000000000e-01
2.500000000000000000e-01 2.500000000000000000e-01 2.500000000000000000e-01 2.500000000000000000e-01
4.030114097120389427e-02 5.937771804949817239e-02 3.767150554409767760e-01 5.236060855383212198e-01
1.992518812355554558e-01 6.117069463192790213e-01 1.333979430023017887e-01 5.564322944286378969e-02
2.500000000000000000e-01 2.500000000000000000e-01 2.500000000000000000e-01 2.500000000000000000e-01
5.543078740343078126e-01 4.635413404440143909e-02 8.016964106635207643e-02 3.191683508549386650e-01
2.500000000000000000e-01 2.500000000000000000e-01 2.500000000000000000e-01 2.500000000000000000e-01
2.500000000000000000e-01 2.500000000000000000e-01 2.500000000000000000e-01 2.500000000000000000e-01
5.795139685550179109e-01 2.580573691520703372e-01 7.822039029458227599e-02 8.420827199832947585e-02
2.500000000000000000e-01 2.500000000000000000e-01 2.500000000000000000e-01 2.500000000000000000e-01
2.500000000000000000e-01 2.500000000000000000e-01 2.500000000000000000e-01 2.500000000000000000e-01
2.500000000000000000e-01 2.500000000000000000e-01 2.500000000000000000e-01 2.500000000000000000e-01
7.262219697424356427e-03 1.225892568831836588e-01 3.148420489452530280e-01 5.553064744741389447e-01
2.500000000000000000e-01 2.500000000000000000e-01 2.500000000000000000e-01 2.500000000000000000e-01
5.908565685896891573e-01 6.936257232144529827e-02 1.346790590963750922e-01 2.051017999924904522e-01
2.500000000000000000e-01 2.500000000000000000e-01 2.500000000000000000e-01 2.500000000000000000e-01
3.139691764325910905e-01 1.275645547490741188e-02 4.551601351736111467e-01 2.181142329188903717e-01
2.500000000000000000e-01 2.500000000000000000e-01 2.500000000000000000e-01 2.500000000000000000e-01
2.500000000000000000e-01 2.500000000000000000e-01 2.500000000000000000e-01 2.500000000000000000e-01
5.861980931969638098e-01 9.795860954282706312e-02 1.454285759462510541e-01 1.704147213139580730e-01
6.700580551356895009e-01 1.982531797581460198e-01 1.511874174046159980e-02 1.165700233657028795e-01
2.500000000000000000e-01 2.500000000000000000e-01 2.500000000000000000e-01 2.500000000000000000e-01
3.646529640033344122e-01 1.394421466269954724e-01 2.774983870356093618e-01 2.184065023340607259e-01
2.500000000000000000e-01 2.500000000000000000e-01 2.500000000000000000e-01 2.500000000000000000e-01
2.500000000000000000e-01 2.500000000000000000e-01 2.500000000000000000e-01 2.500000000000000000e-01
2.058299230203331290e-02 1.009260723666642462e-01 7.335528065529121899e-02 8.051356546760112254e-01
2.500000000000000000e-01 2.500000000000000000e-01 2.500000000000000000e-01 2.500000000000000000e-01
5.212935384162288299e-01 1.048807214034612884e-01 1.808047242447941017e-01 1.930210159355157939e-01
2.500000000000000000e-01 2.500000000000000000e-01 2.500000000000000000e-01 2.500000000000000000e-01
2.500000000000000000e-01 2.500000000000000000e-01 2.500000000000000000e-01 2.500000000000000000e-01
2.500000000000000000e-01 2.500000000000000000e-01 2.500000000000000000e-01 2.500000000000000000e-01
2.500000000000000000e-01 2.500000000000000000e-01 2.500000000000000000e-01 2.500000000000000000e-01
4.246284538060511871e-01 4.575780468161076420e-01 1.585906678656240354e-02 1.019344325912787674e-01
2.500000000000000000e-01 2.500000000000000000e-01 2.500000000000000000e-01 2.500000000000000000e-01
2.500000000000000000e-01 2.500000000000000000e-01 2.500000000000000000e-01 2.500000000000000000e-01
2.500000000000000000e-01 2.500000000000000000e-01 2.500000000000000000e-01 2.500000000000000000e-01
2.249845530584430320e-01 2.465111579757501559e-01 3.548895839225685300e-01 1.736147050432382544e-01
2.500000000000000000e-01 2.500000000000000000e-01 2.500000000000000000e-01 2.500000000000000000e-01
2.040233177540300979e-01 2.228154908741366846e-01 1.166273362782523637e-01 4.565338550935808537e-01
2.500000000000000000e-01 2.500000000000000000e-01 2.500000000000000000e-01 2.500000000000000000e-01
2.500000000000000000e-01 2.500000000000000000e-01 2.500000000000000000e-01 2.500000000000000000e-01
4.643218065236019015e-02 8.818454933959338216e-02 2.915933785110977894e-01 5.737898914969485897e-01
2.500000000000000000e-01 2.500000000000000000e-01 2.500000000000000000e-01 2.500000000000000000e-01
2.500000000000000000e-01 2.500000000000000000e-01 2.500000000000000000e-01 2.500000000000000000e-01
2.500000000000000000e-01 2.500000000000000000e-01 2.500000000000000000e-01 2.500000000000000000e-01
2.500000000000000000e-01 2.500000000000000000e-01 2.500000000000000000e-01 2.500000000000000000e-01
2.500000000000000000e-01 2.500000000000000000e-01 2.500000000000000000e-01 2.500000000000000000e-01
2.500000000000000000e-01 2.500000000000000000e-01 2.500000000000000000e-01 2.500000000000000000e-01
2.500000000000000000e-01 2.500000000000000000e-01 2.500000000000000000e-01 2.500000000000000000e-01
3.494402157737416803e-01 7.709949720249013871e-02 1.017932292851961434e-01 4.716670577385720375e-01
2.500000000000000000e-01 2.500000000000000000e-01 2.500000000000000000e-01 2.500000000000000000e-01
1.258152068862061768e-01 2.947867212936682857e-01 2.896848343132918391e-03 5.765012234769926192e-01
2.500000000000000000e-01 2.500000000000000000e-01 2.500000000000000000e-01 2.500000000000000000e-01
2.500000000000000000e-01 2.500000000000000000e-01 2.500000000000000000e-01 2.500000000000000000e-01
2.500000000000000000e-01 2.500000000000000000e-01 2.500000000000000000e-01 2.500000000000000000e-01
3.908182191061188027e-01 8.598438941718604400e-02 2.446818913960260855e-01 2.785155000806690540e-01
2.500000000000000000e-01 2.500000000000000000e-01 2.500000000000000000e-01 2.500000000000000000e-01
2.500000000000000000e-01 2.500000000000000000e-01 2.500000000000000000e-01 2.500000000000000000e-01
2.500000000000000000e-01 2.500000000000000000e-01 2.500000000000000000e-01 2.500000000000000000e-01
2.500000000000000000e-01 2.500000000000000000e-01 2.500000000000000000e-01 2.500000000000000000e-01
2.500000000000000000e-01 2.500000000000000000e-01 2.500000000000000000e-01 2.500000000000000000e-01
3.408254346843923588e-01 2.172971795472944945e-01 7.830814413898840032e-02 3.635692416293247464e-01
2.500000000000000000e-01 2.500000000000000000e-01 2.500000000000000000e-01 2.500000000000000000e-01
2.500000000000000000e-01 2.500000000000000000e-01 2.500000000000000000e-01 2.500000000000000000e-01
2.500000000000000000e-01 2.500000000000000000e-01 2.500000000000000000e-01 2.500000000000000000e-01
2.500000000000000000e-01 2.500000000000000000e-01 2.500000000000000000e-01 2.500000000000000000e-01
2.500000000000000000e-01 2.500000000000000000e-01 2.500000000000000000e-01 2.500000000000000000e-01
2.500000000000000000e-01 2.500000000000000000e-01 2.500000000000000000e-01 2.500000000000000000e-01
2.500000000000000000e-01 2.500000000000000000e-01 2.500000000000000000e-01 2.500000000000000000e-01
1.489154546699583970e-01 1.908473466051774092e-01 6.852340517298718958e-02 5.917137935518770320e-01
2.647258558695122499e-01 1.107912827812899542e-01 9.461641298112583032e-04 6.235366972193865376e-01
5.802248942631305084e-01 9.040787737438145399e-02 1.771011423087683334e-01 1.522660860537197181e-01
2.500000000000000000e-01 2.500000000000000000e-01 2.500000000000000000e-01 2.500000000000000000e-01
1.896999028284437061e-01 3.650882083808104639e-01 8.760470482377002988e-02 3.576071839669757724e-01
2.500000000000000000e-01 2.500000000000000000e-01 2.500000000000000000e-01 2.500000000000000000e-01
2.500000000000000000e-01 2.500000000000000000e-01 2.500000000000000000e-01 2.500000000000000000e-01
2.500000000000000000e-01 2.500000000000000000e-01 2.500000000000000000e-01 2.500000000000000000e-01
2.500000000000000000e-01 2.500000000000000000e-01 2.500000000000000000e-01 2.500000000000000000e-01
2.500000000000000000e-01 2.500000000000000000e-01 2.500000000000000000e-01 2.500000000000000000e-01
2.500000000000000000e-01 2.500000000000000000e-01 2.500000000000000000e-01 2.500000000000000000e-01
5.705693690926791906e-01 1.019124285422337989e-01 3.299966175805547908e-02 2.945185406070315315e-01
2.820270916273847628e-01 3.151944938474858793e-01 1.235560114885602134e-01 2.792224030365691445e-01
7.642377634514752049e-02 2.345696439640436171e-01 2.904980086139919426e-01 3.985085710768169753e-01
2.500000000000000000e-01 2.500000000000000000e-01 2.500000000000000000e-01 2.500000000000000000e-01
2.238151981494306553e-01 6.441373402547495575e-02 5.545488998773835387e-01 1.572221679477109058e-01
2.500000000000000000e-01 2.500000000000000000e-01 2.500000000000000000e-01 2.500000000000000000e-01
1.977299596850350949e-01 6.031271787233277726e-01 1.093583667286731620e-01 8.978449486296397053e-02
2.500000000000000000e-01 2.500000000000000000e-01 2.500000000000000000e-01 2.500000000000000000e-01
2.556992995877203304e-03 3.400277134645094956e-01 1.081656759188495687e-01 5.492496176207637415e-01
2.500000000000000000e-01 2.500000000000000000e-01 2.500000000000000000e-01 2.500000000000000000e-01
2.500000000000000000e-01 2.500000000000000000e-01 2.500000000000000000e-01 2.500000000000000000e-01
2.500000000000000000e-01 2.500000000000000000e-01 2.500000000000000000e-01 2.500000000000000000e-01
2.500000000000000000e-01 2.500000000000000000e-01 2.500000000000000000e-01 2.500000000000000000e-01
2.500000000000000000e-01 2.500000000000000000e-01 2.500000000000000000e-01 2.500000000000000000e-01
2.500000000000000000e-01 2.500000000000000000e-01 2.500000000000000000e-01 2.500000000000000000e-01
2.500000000000000000e-01 2.500000000000000000e-01 2.500000000000000000e-01 2.500000000000000000e-01
2.500000000000000000e-01 2.500000000000000000e-01 2.500000000000000000e-01 2.500000000000000000e-01
2.500000000000000000e-01 2.500000000000000000e-01 2.500000000000000000e-01 2.500000000000000000e-01
2.991509717081252684e-01 1.626138431663286810e-01 3.755047469407557514e-01 1.627304381847903270e-01
6.664641318987957370e-03 3.340803410519689320e-01 4.292205781316649205e-02 6.163329598158766576e-01
2.500000000000000000e-01 2.500000000000000000e-01 2.500000000000000000e-01 2.500000000000000000e-01
2.500000000000000000e-01 2.500000000000000000e-01 2.500000000000000000e-01 2.500000000000000000e-01
2.500000000000000000e-01 2.500000000000000000e-01 2.500000000000000000e-01 2.500000000000000000e-01
2.500000000000000000e-01 2.500000000000000000e-01 2.500000000000000000e-01 2.500000000000000000e-01
2.500000000000000000e-01 2.500000000000000000e-01 2.500000000000000000e-01 2.500000000000000000e-01
2.500000000000000000e-01 2.500000000000000000e-01 2.500000000000000000e-01 2.500000000000000000e-01
2.500000000000000000e-01 2.500000000000000000e-01 2.500000000000000000e-01 2.500000000000000000e-01
2.500000000000000000e-01 2.500000000000000000e-01 2.500000000000000000e-01 2.500000000000000000e-01
2.500000000000000000e-01 2.500000000000000000e-01 2.500000000000000000e-01 2.500000000000000000e-01
2.500000000000000000e-01 2.500000000000000000e-01 2.500000000000000000e-01 2.500000000000000000e-01
2.500000000000000000e-01 2.500000000000000000e-01 2.500000000000000000e-01 2.500000000000000000e-01
4.938705720032089408e-01 1.457482481920019945e-01 3.158815081256836632e-01 4.449967167910540145e-02
2.500000000000000000e-01 2.500000000000000000e-01 2.500000000000000000e-01 2.500000000000000000e-01
2.500000000000000000e-01 2.500000000000000000e-01 2.500000000000000000e-01 2.500000000000000000e-01
2.500000000000000000e-01 2.500000000000000000e-01 2.500000000000000000e-01 2.500000000000000000e-01
2.500000000000000000e-01 2.500000000000000000e-01 2.500000000000000000e-01 2.500000000000000000e-01
2.500000000000000000e-01 2.500000000000000000e-01 2.500000000000000000e-01 2.500000000000000000e-01
2.500000000000000000e-01 2.500000000000000000e-01 2.500000000000000000e-01 2.500000000000000000e-01
2.500000000000000000e-01 2.500000000000000000e-01 2.500000000000000000e-01 2.500000000000000000e-01
2.500000000000000000e-01 2.500000000000000000e-01 2.500000000000000000e-01 2.500000000000000000e-01
4.699803303275045807e-01 1.211265278706828534e-02 1.414088532720551294e-01 3.764981636133720166e-01
1.720751256629743722e-02 2.320868413335597791e-01 1.060660416189937449e-01 6.446396044811489867e-01
2.500000000000000000e-01 2.500000000000000000e-01 2.500000000000000000e-01 2.500000000000000000e-01
2.500000000000000000e-01 2.500000000000000000e-01 2.500000000000000000e-01 2.500000000000000000e-01
2.500000000000000000e-01 2.500000000000000000e-01 2.500000000000000000e-01 2.500000000000000000e-01
2.500000000000000000e-01 2.500000000000000000e-01 2.500000000000000000e-01 2.500000000000000000e-01
2.388292175199512590e-01 3.759828969157288925e-01 2.144293385290299558e-01 1.707585470352898926e-01
3.975129734439976081e-01 5.011549475334475812e-02 5.153984512118271466e-01 3.697308059083048715e-02
2.500000000000000000e-01 2.500000000000000000e-01 2.500000000000000000e-01 2.500000000000000000e-01
4.381354132759251452e-01 5.201371652533174489e-02 6.825029575730265363e-02 4.416005744414404632e-01
2.500000000000000000e-01 2.500000000000000000e-01 2.500000000000000000e-01 2.500000000000000000e-01
2.500000000000000000e-01 2.500000000000000000e-01 2.500000000000000000e-01 2.500000000000000000e-01
1.455164715117415464e-01 1.488751366367232210e-01 4.702733937198147474e-02 6.585810524795537857e-01
2.500000000000000000e-01 2.500000000000000000e-01 2.500000000000000000e-01 2.500000000000000000e-01
2.500000000000000000e-01 2.500000000000000000e-01 2.500000000000000000e-01 2.500000000000000000e-01
2.500000000000000000e-01 2.500000000000000000e-01 2.500000000000000000e-01 2.500000000000000000e-01
2.500000000000000000e-01 2.500000000000000000e-01 2.500000000000000000e-01 2.500000000000000000e-01
2.500000000000000000e-01 2.500000000000000000e-01 2.500000000000000000e-01 2.500000000000000000e-01
2.500000000000000000e-01 2.500000000000000000e-01 2.500000000000000000e-01 2.500000000000000000e-01
2.500000000000000000e-01 2.500000000000000000e-01 2.500000000000000000e-01 2.500000000000000000e-01
2.500000000000000000e-01 2.500000000000000000e-01 2.500000000000000000e-01 2.500000000000000000e-01
2.500000000000000000e-01 2.500000000000000000e-01 2.500000000000000000e-01 2.500000000000000000e-01
1.949473033895865182e-01 3.651002208030784853e-03 1.071361814861080813e-01 6.942655129162745853e-01
2.500000000000000000e-01 2.500000000000000000e-01 2.500000000000000000e-01 2.500000000000000000e-01
2.500000000000000000e-01 2.500000000000000000e-01 2.500000000000000000e-01 2.500000000000000000e-01
2.500000000000000000e-01 2.500000000000000000e-01 2.500000000000000000e-01 2.500000000000000000e-01
1.329780008973069083e-01 3.004226736046679974e-02 3.430373770892594099e-01 4.939423546529668752e-01
2.500000000000000000e-01 2.500000000000000000e-01 2.500000000000000000e-01 2.500000000000000000e-01
2.500000000000000000e-01 2.500000000000000000e-01 2.500000000000000000e-01 2.500000000000000000e-01
2.500000000000000000e-01 2.500000000000000000e-01 2.500000000000000000e-01 2.500000000000000000e-01
2.500000000000000000e-01 2.500000000000000000e-01 2.500000000000000000e-01 2.500000000000000000e-01
1.584806968414047834e-01 4.441851753299403543e-02 5.036609083227068240e-01 2.934398773028943364e-01
6.591142107032314790e-02 2.982012350367836406e-01 4.016660716980017254e-01 2.342212721948914722e-01
5.361695318228246743e-01 1.260107836864581554e-01 1.183690689195966150e-01 2.194506155711205553e-01
2.500000000000000000e-01 2.500000000000000000e-01 2.500000000000000000e-01 2.500000000000000000e-01
2.500000000000000000e-01 2.500000000000000000e-01 2.500000000000000000e-01 2.500000000000000000e-01
2.500000000000000000e-01 2.500000000000000000e-01 2.500000000000000000e-01 2.500000000000000000e-01
2.500000000000000000e-01 2.500000000000000000e-01 2.500000000000000000e-01 2.500000000000000000e-01
3.276500303883652099e-01 2.904036204830530155e-01 7.777126769300679587e-02 3.041750814355749788e-01
9.783183154046108665e-02 1.674966628144849423e-01 7.945326964734211739e-02 6.552182359977118953e-01
2.500000000000000000e-01 2.500000000000000000e-01 2.500000000000000000e-01 2.500000000000000000e-01
3.782975713904838250e-02 2.979465419635176637e-01 3.211674301250891927e-01 3.430562707723447402e-01
5.469794676283055157e-01 4.310733483045924713e-02 3.723542118761101749e-01 3.755898566512505532e-02
2.500000000000000000e-01 2.500000000000000000e-01 2.500000000000000000e-01 2.500000000000000000e-01
2.758673716390648289e-01 6.929022396294050312e-02 2.605948857185236278e-01 3.942475186794710540e-01
1.181390420811159886e-01 2.080308858783684253e-02 6.364316100482628746e-01 2.246262592827843463e-01
5.058213722336507567e-01 7.338393507527733728e-02 1.802038405842887880e-01 2.405908521067831041e-01
2.594718041348631488e-01 2.137004032269568810e-01 9.645232840031475741e-02 4.303754642378652129e-01
2.500000000000000000e-01 2.500000000000000000e-01 2.500000000000000000e-01 2.500000000000000000e-01
2.500000000000000000e-01 2.500000000000000000e-01 2.500000000000000000e-01 2.500000000000000000e-01
3.231242059155964297e-01 4.263715904696111503e-01 2.474606604189905079e-01 3.043543195801912127e-03
2.366497177482079495e-01 2.656474342313762046e-02 6.984559618350120180e-01 3.832957699364239468e-02
2.500000000000000000e-01 2.500000000000000000e-01 2.500000000000000000e-01 2.500000000000000000e-01
