2.500000000000000000e-01 2.500000000000000000e-01 2.500000000000000000e-01 2.500000000000000000e-01
2.500000000000000000e-01 2.500000000000000000e-01 2.500000000000000000e-01 2.500000000000000000e-01
2.500000000000000000e-01 2.500000000000000000e-01 2.500000000000000000e-01 2.500000000000000000e-01
2.500000000000000000e-01 2.500000000000000000e-01 2.500000000000000000e-01 2.500000000000000000e-01
2.500000000000000000e-01 2.500000000000000000e-01 2.500000000000000000e-01 2.500000000000000000e-01
2.500000000000000000e-01 2.500000000000000000e-01 2.500000000000000000e-01 2.500000000000000000e-01
2.500000000000000000e-01 2.500000000000000000e-01 2.500000000000000000e-01 2.500000000000000000e-01
2.500000000000000000e-01 2.500000000000000000e-01 2.500000000000000000e-01 2.500000000000000000e-01
2.500000000000000000e-01 2.500000000000000000e-01 2.500000000000000000e-01 2.500000000000000000e-01
2.500000000000000000e-01 2.500000000000000000e-01 2.500000000000000000e-01 2.500000000000000000e-01
2.500000000000000000e-01 2.500000000000000000e-01 2.500000000000000000e-01 2.500000000000000000e-01
2.235244455190302793e-01 9.406915865233454743e-02 5.772188614870832346e-01 1.051875343415519248e-01
2.500000000000000000e-01 2.500000000000000000e-01 2.500000000000000000e-01 2.500000000000000000e-01
2.500000000000000000e-01 2.500000000000000000e-01 2.500000000000000000e-01 2.500000000000000000e-01
2.448296735678591740e-01 3.268609491297881364e-01 1.774535355943727133e-01 2.508558417079799763e-01
2.277440775737352152e-02 1.693607611264880131e-02 5.835721937805390391e-01 3.767173223494386658e-01
5.545937324067616858e-01 2.581120602010149034e-01 1.719116608757093601e-01 1.538254651651405069e-02
4.317715478519982934e-03 4.410751731459073288e-01 1.488451758637518441e-01 4.057619355118208260e-01
4.848360956308121472e-01 1.531477622365099156e-01 2.660757992086129065e-01 9.594034292406500297e-02
4.175184287550781637e-01 1.691206691053884215e-01 2.053537524143065895e-01 2.080071497252268253e-01
3.731755925734595025e-02 4.254808701259158998e-01 1.951075928590454978e-01 3.420939777576926799e-01
6.093702911948408740e-01 2.856549251074005369e-01 5.383968785371862076e-02 5.113509584403996833e-02
2.500000000000000000e-01 2.500000000000000000e-01 2.500000000000000000e-01 2.500000000000000000e-01
2.500000000000000000e-01 2.500000000000000000e-01 2.500000000000000000e-01 2.500000000000000000e-01
2.500000000000000000e-01 2.500000000000000000e-01 2.500000000000000000e-01 2.500000000000000000e-01
2.500000000000000000e-01 2.500000000000000000e-01 2.500000000000000000e-01 2.500000000000000000e-01
2.074449237168577431e-01 2.109239904899546381e-01 1.628489264415913795e-01 4.187821593515962393e-01
2.500000000000000000e-01 2.500000000000000000e-01 2.500000000000000000e-01 2.500000000000000000e-01
2.500000000000000000e-01 2.500000000000000000e-01 2.500000000000000000e-01 2.500000000000000000e-01
2.500000000000000000e-01 2.500000000000000000e-01 2.500000000000000000e-01 2.500000000000000000e-01
2.500000000000000000e-01 2.500000000000000000e-01 2.500000000000000000e-01 2.500000000000000000e-01
2.500000000000000000e-01 2.500000000000000000e-01 2.500000000000000000e-01 2.500000000000000000e-01
3.705414973830887387e-02 5.332926841752901742e-02 1.015415858051502973e-01 8.080749960390117836e-01
2.500000000000000000e-01 2.500000000000000000e-01 2.500000000000000000e-01 2.500000000000000000e-01
2.500000000000000000e-01 2.500000000000000000e-01 2.500000000000000000e-01 2.500000000000000000e-01
2.500000000000000000e-01 2.500000000000000000e-01 2.500000000000000000e-01 2.500000000000000000e-01
2.500000000000000000e-01 2.500000000000000000e-01 2.500000000000000000e-01 2.500000000000000000e-01
2.500000000000000000e-01 2.500000000000000000e-01 2.500000000000000000e-01 2.500000000000000000e-01
2.612822520261904313e-01 3.031610607053418782e-01 4.260504965509903652e-02 3.929516376133686539e-01
2.500000000000000000e-01 2.500000000000000000e-01 2.500000000000000000e-01 2.500000000000000000e-01
1.248208023641993875e-01 4.470115488455030928e-01 2.298618913805365871e-01 1.983057574097609188e-01
2.500000000000000000e-01 2.500000000000000000e-01 2.500000000000000000e-01 2.500000000000000000e-01
1.209837420229823712e-01 1.527752340827146123e-02 5.905917406204747033e-01 2.731469939482714659e-01
2.500000000000000000e-01 2.500000000000000000e-01 2.500000000000000000e-01 2.500000000000000000e-01
2.500000000000000000e-01 2.500000000000000000e-01 2.500000000000000000e-01 2.500000000000000000e-01
1.499603982136120672e-01 2.115138916768949662e-01 6.923262837573349038e-02 5.692930817337594762e-01
8.142477229243688663e-01 3.338221044527347331e-02 6.784274573852619450e-02 8.452732089183145892e-02
2.500000000000000000e-01 2.500000000000000000e-01 2.500000000000000000e-01 2.500000000000000000e-01
2.500000000000000000e-01 2.500000000000000000e-01 2.500000000000000000e-01 2.500000000000000000e-01
2.500000000000000000e-01 2.500000000000000000e-01 2.500000000000000000e-01 2.500000000000000000e-01
2.500000000000000000e-01 2.500000000000000000e-01 2.500000000000000000e-01 2.500000000000000000e-01
2.066143608920041341e-01 1.210361723120650101e-01 3.107956248732013371e-01 3.615538419227295464e-01
2.500000000000000000e-01 2.500000000000000000e-01 2.500000000000000000e-01 2.500000000000000000e-01
2.244642046010948133e-01 5.565712317761291050e-01 1.382899477060732796e-01 8.067461591670285759e-02
2.500000000000000000e-01 2.500000000000000000e-01 2.500000000000000000e-01 2.500000000000000000e-01
2.500000000000000000e-01 2.500000000000000000e-01 2.500000000000000000e-01 2.500000000000000000e-01
7.520039727078593750e-02 1.628083029771384138e-01 1.483467733044495918e-01 6.136445264476260153e-01
2.500000000000000000e-01 2.500000000000000000e-01 2.500000000000000000e-01 2.500000000000000000e-01
2.500000000000000000e-01 2.500000000000000000e-01 2.500000000000000000e-01 2.500000000000000000e-01
7.968503200141278109e-01 1.210980890205064220e-01 7.453925320931634180e-02 7.512337756049425330e-03
2.584061642994669450e-01 1.256657048732877646e-01 1.226712693667747489e-01 4.932568614604705415e-01
4.077514009043230886e-02 3.515217520747273561e-01 3.530562515807678103e-02 5.723974826767636026e-01
2.500000000000000000e-01 2.500000000000000000e-01 2.500000000000000000e-01 2.500000000000000000e-01
1.896020444790696702e-01 3.396947947620748143e-01 1.366105350495158688e-01 3.340926257093396190e-01
2.644991551938274954e-01 6.130498199439756712e-01 2.740499341546198675e-02 9.504603144673490212e-02
2.500000000000000000e-01 2.500000000000000000e-01 2.500000000000000000e-01 2.500000000000000000e-01
2.500000000000000000e-01 2.500000000000000000e-01 2.500000000000000000e-01 2.500000000000000000e-01
2.500000000000000000e-01 2.500000000000000000e-01 2.500000000000000000e-01 2.500000000000000000e-01
1.099859270414778045e-01 1.543229261419569731e-01 3.850946185556544110e-01 3.505965282609108113e-01
1.264612238124605548e-01 6.557805461626350363e-01 8.020058926156192758e-02 1.375576407633424814e-01
2.783677703722112207e-01 3.161692431055886376e-01 2.431893085843744862e-02 3.811440556637626931e-01
2.500000000000000000e-01 2.500000000000000000e-01 2.500000000000000000e-01 2.500000000000000000e-01
2.500000000000000000e-01 2.500000000000000000e-01 2.500000000000000000e-01 2.500000000000000000e-01
1.890005904071869747e-01 6.387946436034262765e-02 2.537510657571506734e-01 4.933688794753197104e-01
2.500000000000000000e-01 2.500000000000000000e-01 2.500000000000000000e-01 2.500000000000000000e-01
2.500000000000000000e-01 2.500000000000000000e-01 2.500000000000000000e-01 2.500000000000000000e-01
2.500000000000000000e-01 2.500000000000000000e-01 2.500000000000000000e-01 2.500000000000000000e-01
2.500000000000000000e-01 2.500000000000000000e-01 2.500000000000000000e-01 2.500000000000000000e-01
3.224792849931900629e-01 1.604859042632232960e-02 1.802826048351912069e-01 4.811895197452963902e-01
2.500000000000000000e-01 2.500000000000000000e-01 2.500000000000000000e-01 2.500000000000000000e-01
2.500000000000000000e-01 2.500000000000000000e-01 2.500000000000000000e-01 2.500000000000000000e-01
2.500000000000000000e-01 2.500000000000000000e-01 2.500000000000000000e-01 2.500000000000000000e-01
2.500000000000000000e-01 2.500000000000000000e-01 2.500000000000000000e-01 2.500000000000000000e-01
2.500000000000000000e-01 2.500000000000000000e-01 2.500000000000000000e-01 2.500000000000000000e-01
6.269827855596042943e-01 8.559132610838141031e-02 1.537486632792081642e-02 2.720510220040934790e-01
2.500000000000000000e-01 2.500000000000000000e-01 2.500000000000000000e-01 2.500000000000000000e-01
2.500000000000000000e-01 2.500000000000000000e-01 2.500000000000000000e-01 2.500000000000000000e-01
2.747305515429233624e-01 1.061917815362375082e-02 4.059218048723248207e-01 3.087284654311280852e-01
2.500000000000000000e-01 2.500000000000000000e-01 2.500000000000000000e-01 2.500000000000000000e-01
4.064684398631757123e-01 3.986891057789281826e-04 1.959342308023440393e-01 3.971986402287013274e-01
2.500000000000000000e-01 2.500000000000000000e-01 2.500000000000000000e-01 2.500000000000000000e-01
2.500000000000000000e-01 2.500000000000000000e-01 2.500000000000000000e-01 2.500000000000000000e-01
2.500000000000000000e-01 2.500000000000000000e-01 2.500000000000000000e-01 2.500000000000000000e-01
2.500000000000000000e-01 2.500000000000000000e-01 2.500000000000000000e-01 2.500000000000000000e-01
2.909410258706617847e-01 4.015336446423002914e-01 1.771827958734400466e-01 1.303425336135979329e-01
2.500000000000000000e-01 2.500000000000000000e-01 2.500000000000000000e-01 2.500000000000000000e-01
2.039512589279995347e-01 9.598531952646825738e-02 3.749122063860317322e-01 3.251512151595004618e-01
2.500000000000000000e-01 2.500000000000000000e-01 2.500000000000000000e-01 2.500000000000000000e-01
2.500000000000000000e-01 2.500000000000000000e-01 2.500000000000000000e-01 2.500000000000000000e-01
2.500000000000000000e-01 2.500000000000000000e-01 2.500000000000000000e-01 2.500000000000000000e-01
