2.500000000000000000e-01 2.500000000000000000e-01 2.500000000000000000e-01 2.500000000000000000e-01
1.502181790619701307e-01 1.343703378722315711e-01 3.100096874990937446e-02 6.844105143158889515e-01
2.500000000000000000e-01 2.500000000000000000e-01 2.500000000000000000e-01 2.500000000000000000e-01
2.500000000000000000e-01 2.500000000000000000e-01 2.500000000000000000e-01 2.500000000000000000e-01
2.500000000000000000e-01 2.500000000000000000e-01 2.500000000000000000e-01 2.500000000000000000e-01
2.500000000000000000e-01 2.500000000000000000e-01 2.500000000000000000e-01 2.500000000000000000e-01
3.360626931115878735e-01 4.545405691577295570e-01 1.442430547790934936e-01 6.515368295158907586e-02
7.029023672188745575e-01 1.074931388206764454e-02 1.421395417736335542e-01 1.442087771254242368e-01
2.500000000000000000e-01 2.500000000000000000e-01 2.500000000000000000e-01 2.500000000000000000e-01
2.500000000000000000e-01 2.500000000000000000e-01 2.500000000000000000e-01 2.500000000000000000e-01
2.500000000000000000e-01 2.500000000000000000e-01 2.500000000000000000e-01 2.500000000000000000e-01
2.500000000000000000e-01 2.500000000000000000e-01 2.500000000000000000e-01 2.500000000000000000e-01
2.500000000000000000e-01 2.500000000000000000e-01 2.500000000000000000e-01 2.500000000000000000e-01
2.258474283743983901e-01 2.441372875749607263e-01 4.491104695664340229e-01 8.090481448420686061e-02
4.431941882938096877e-01 3.675488462053896899e-02 3.339501164314055970e-01 1.861008106542457186e-01
1.624421290410716645e-01 7.765524609078112983e-02 5.017374424292042612e-01 2.581651824389429306e-01
2.500000000000000000e-01 2.500000000000000000e-01 2.500000000000000000e-01 2.500000000000000000e-01
2.500000000000000000e-01 2.500000000000000000e-01 2.500000000000000000e-01 2.500000000000000000e-01
2.500000000000000000e-01 2.500000000000000000e-01 2.500000000000000000e-01 2.500000000000000000e-01
2.500000000000000000e-01 2.500000000000000000e-01 2.500000000000000000e-01 2.500000000000000000e-01
2.500000000000000000e-01 2.500000000000000000e-01 2.500000000000000000e-01 2.500000000000000000e-01
2.500000000000000000e-01 2.500000000000000000e-01 2.500000000000000000e-01 2.500000000000000000e-01
1.913222498933380422e-01 3.615112198645142327e-01 1.015312111963704855e-01 3.456353190457772673e-01
3.409679308241475582e-01 1.616376104060203434e-02 3.012548001269974574e-01 3.416135080082529640e-01
2.500000000000000000e-01 2.500000000000000000e-01 2.500000000000000000e-01 2.500000000000000000e-01
2.883501868474648289e-01 3.293900660716267415e-01 4.911937617928535671e-02 3.331403709016230730e-01
4.188358543052413951e-01 2.899495108107528196e-01 2.486103425621049023e-01 4.260429232190088289e-02
1.622978224407940484e-01 1.211944798499978160e-01 4.636193235031308979e-01 2.528883742060772932e-01
2.500000000000000000e-01 2.500000000000000000e-01 2.500000000000000000e-01 2.500000000000000000e-01
4.333803661035674770e-02 5.858782382328211469e-01 1.604018509320880304e-01 2.103818742247340889e-01
2.500000000000000000e-01 2.500000000000000000e-01 2.500000000000000000e-01 2.500000000000000000e-01
5.583425755984238181e-01 1.411152720237060509e-01 1.944665271500886639e-01 1.060756252277814671e-01
1.768393578194079607e-01 1.321313082539730399e-01 5.608089933556658080e-01 1.302203405709532191e-01
2.500000000000000000e-01 2.500000000000000000e-01 2.500000000000000000e-01 2.500000000000000000e-01
2.500000000000000000e-01 2.500000000000000000e-01 2.500000000000000000e-01 2.500000000000000000e-01
2.500000000000000000e-01 2.500000000000000000e-01 2.500000000000000000e-01 2.500000000000000000e-01
2.500000000000000000e-01 2.500000000000000000e-01 2.500000000000000000e-01 2.500000000000000000e-01
2.500000000000000000e-01 2.500000000000000000e-01 2.500000000000000000e-01 2.500000000000000000e-01
6.821120636039413876e-01 8.313659355817346053e-02 3.934937104315741618e-02 1.954019717947277357e-01
2.500000000000000000e-01 2.500000000000000000e-01 2.500000000000000000e-01 2.500000000000000000e-01
2.500000000000000000e-01 2.500000000000000000e-01 2.500000000000000000e-01 2.500000000000000000e-01
2.500000000000000000e-01 2.500000000000000000e-01 2.500000000000000000e-01 2.500000000000000000e-01
2.500000000000000000e-01 2.500000000000000000e-01 2.500000000000000000e-01 2.500000000000000000e-01
2.500000000000000000e-01 2.500000000000000000e-01 2.500000000000000000e-01 2.500000000000000000e-01
8.789914542938358222e-02 1.389872382138252482e-01 1.265620829381656764e-01 6.465515334186254792e-01
2.500000000000000000e-01 2.500000000000000000e-01 2.500000000000000000e-01 2.500000000000000000e-01
1.401490299527482497e-01 5.306420475125557257e-01 1.778380316114900328e-01 1.513708909232060473e-01
2.500000000000000000e-01 2.500000000000000000e-01 2.500000000000000000e-01 2.500000000000000000e-01
8.078103104198303130e-02 1.903632356808709902e-01 4.170721757033868382e-01 3.117835575737591403e-01
1.196519944855919393e-01 2.076174199593479319e-01 4.979893481011492540e-01 1.747412374539108471e-01
3.911682023098438932e-01 3.258632001475486040e-01 1.453886053088516150e-01 1.375799922337558878e-01
2.500000000000000000e-01 2.500000000000000000e-01 2.500000000000000000e-01 2.500000000000000000e-01
4.367474643964045500e-01 1.643824481391980008e-01 1.465104021821279634e-01 2.523596852822694858e-01
2.500000000000000000e-01 2.500000000000000000e-01 2.500000000000000000e-01 2.500000000000000000e-01
2.500000000000000000e-01 2.500000000000000000e-01 2.500000000000000000e-01 2.500000000000000000e-01
2.500000000000000000e-01 2.500000000000000000e-01 2.500000000000000000e-01 2.500000000000000000e-01
2.500000000000000000e-01 2.500000000000000000e-01 2.500000000000000000e-01 2.500000000000000000e-01
2.500000000000000000e-01 2.500000000000000000e-01 2.500000000000000000e-01 2.500000000000000000e-01
2.500000000000000000e-01 2.500000000000000000e-01 2.500000000000000000e-01 2.500000000000000000e-01
2.500000000000000000e-01 2.500000000000000000e-01 2.500000000000000000e-01 2.500000000000000000e-01
2.500000000000000000e-01 2.500000000000000000e-01 2.500000000000000000e-01 2.500000000000000000e-01
2.500000000000000000e-01 2.500000000000000000e-01 2.500000000000000000e-01 2.500000000000000000e-01
7.854552492322287582e-01 1.589014929928272632e-02 1.464643370152401425e-01 5.219026445324836949e-02
1.438750231685944625e-01 5.206005252173529635e-02 5.839962928347898208e-01 2.200686314748804273e-01
1.238252577028683618e-02 2.608878071227684579e-03 2.253757948858687854e-01 7.596328012726166756e-01
2.500000000000000000e-01 2.500000000000000000e-01 2.500000000000000000e-01 2.500000000000000000e-01
2.500000000000000000e-01 2.500000000000000000e-01 2.500000000000000000e-01 2.500000000000000000e-01
2.500000000000000000e-01 2.500000000000000000e-01 2.500000000000000000e-01 2.500000000000000000e-01
4.377133505677345271e-01 2.497267157671911597e-01 2.871688966841012824e-01 2.539103698097300299e-02
2.500000000000000000e-01 2.500000000000000000e-01 2.500000000000000000e-01 2.500000000000000000e-01
5.995815623951864654e-02 4.501656679486449320e-01 1.953511671811534733e-01 2.945250086306828718e-01
2.500000000000000000e-01 2.500000000000000000e-01 2.500000000000000000e-01 2.500000000000000000e-01
2.500000000000000000e-01 2.500000000000000000e-01 2.500000000000000000e-01 2.500000000000000000e-01
2.500000000000000000e-01 2.500000000000000000e-01 2.500000000000000000e-01 2.500000000000000000e-01
2.464588027234316248e-01 2.478072072282314631e-01 4.299430830688928395e-01 7.579090697944407262e-02
3.660917169373970048e-01 3.075016559962009954e-01 5.634170632135393486e-03 3.207724564342666063e-01
2.500000000000000000e-01 2.500000000000000000e-01 2.500000000000000000e-01 2.500000000000000000e-01
2.500000000000000000e-01 2.500000000000000000e-01 2.500000000000000000e-01 2.500000000000000000e-01
5.718491971394341900e-02 4.972368473486892815e-01 1.572471685099951499e-01 2.883310644273721635e-01
3.064471761326718613e-01 2.306319432705377093e-01 1.852235294084583206e-01 2.776973511883321089e-01
2.500000000000000000e-01 2.500000000000000000e-01 2.500000000000000000e-01 2.500000000000000000e-01
1.920840770162786648e-01 2.346745632493062866e-02 1.451617490977844538e-01 6.392867175610061903e-01
2.500000000000000000e-01 2.500000000000000000e-01 2.500000000000000000e-01 2.500000000000000000e-01
2.790323276323140589e-01 1.535073540787788571e-01 5.522310751248526994e-01 1.522924316405432910e-02
2.500000000000000000e-01 2.500000000000000000e-01 2.500000000000000000e-01 2.500000000000000000e-01
2.500000000000000000e-01 2.500000000000000000e-01 2.500000000000000000e-01 2.500000000000000000e-01
2.500000000000000000e-01 2.500000000000000000e-01 2.500000000000000000e-01 2.500000000000000000e-01
2.422129495342756345e-01 4.355112593197290605e-01 2.640550253722597218e-01 5.822076577373558326e-02
2.500000000000000000e-01 2.500000000000000000e-01 2.500000000000000000e-01 2.500000000000000000e-01
2.500000000000000000e-01 2.500000000000000000e-01 2.500000000000000000e-01 2.500000000000000000e-01
2.500000000000000000e-01 2.500000000000000000e-01 2.500000000000000000e-01 2.500000000000000000e-01
2.500000000000000000e-01 2.500000000000000000e-01 2.500000000000000000e-01 2.500000000000000000e-01
2.500000000000000000e-01 2.500000000000000000e-01 2.500000000000000000e-01 2.500000000000000000e-01
2.500000000000000000e-01 2.500000000000000000e-01 2.500000000000000000e-01 2.500000000000000000e-01
2.500000000000000000e-01 2.500000000000000000e-01 2.500000000000000000e-01 2.500000000000000000e-01
1.534426354391862368e-01 2.611441698440500336e-01 2.539390094574463519e-01 3.314741852593173776e-01
2.500000000000000000e-01 2.500000000000000000e-01 2.500000000000000000e-01 2.500000000000000000e-01
2.500000000000000000e-01 2.500000000000000000e-01 2.500000000000000000e-01 2.500000000000000000e-01
2.500000000000000000e-01 2.500000000000000000e-01 2.500000000000000000e-01 2.500000000000000000e-01
2.500000000000000000e-01 2.500000000000000000e-01 2.500000000000000000e-01 2.500000000000000000e-01
2.500000000000000000e-01 2.500000000000000000e-01 2.500000000000000000e-01 2.500000000000000000e-01
2.500000000000000000e-01 2.500000000000000000e-01 2.500000000000000000e-01 2.500000000000000000e-01
7.281610801175650849e-01 4.713306035531238114e-02 2.030430865984056421e-01 2.166277292871687798e-02
2.500000000000000000e-01 2.500000000000000000e-01 2.500000000000000000e-01 2.500000000000000000e-01
2.500000000000000000e-01 2.500000000000000000e-01 2.500000000000000000e-01 2.500000000000000000e-01
2.500000000000000000e-01 2.500000000000000000e-01 2.500000000000000000e-01 2.500000000000000000e-01
2.500000000000000000e-01 2.500000000000000000e-01 2.500000000000000000e-01 2.500000000000000000e-01
2.500000000000000000e-01 2.500000000000000000e-01 2.500000000000000000e-01 2.500000000000000000e-01
2.500000000000000000e-01 2.500000000000000000e-01 2.500000000000000000e-01 2.500000000000000000e-01
1.726547056152938353e-01 2.077585354447762378e-01 3.960825495208213920e-01 2.235042094191085349e-01
2.500000000000000000e-01 2.500000000000000000e-01 2.500000000000000000e-01 2.500000000000000000e-01
2.500000000000000000e-01 2.500000000000000000e-01 2.500000000000000000e-01 2.500000000000000000e-01
1.717023289084976256e-01 5.319711984092982959e-01 1.993916564082963694e-01 9.693481627390770905e-02
2.500000000000000000e-01 2.500000000000000000e-01 2.500000000000000000e-01 2.500000000000000000e-01
2.500000000000000000e-01 2.500000000000000000e-01 2.500000000000000000e-01 2.500000000000000000e-01
2.314776323160644689e-01 3.258317779910679390e-01 2.954367278829051480e-01 1.472538618099624441e-01
2.608660405210206368e-01 1.896426623362212904e-01 6.287104273817001321e-02 4.866202544045880596e-01
2.500000000000000000e-01 2.500000000000000000e-01 2.500000000000000000e-01 2.500000000000000000e-01
2.594406738530932732e-01 6.814147265837764422e-01 5.805534295884839935e-02 1.089256604281885199e-03
2.500000000000000000e-01 2.500000000000000000e-01 2.500000000000000000e-01 2.500000000000000000e-01
2.500000000000000000e-01 2.500000000000000000e-01 2.500000000000000000e-01 2.500000000000000000e-01
2.500000000000000000e-01 2.500000000000000000e-01 2.500000000000000000e-01 2.500000000000000000e-01
2.500000000000000000e-01 2.500000000000000000e-01 2.500000000000000000e-01 2.500000000000000000e-01
2.500000000000000000e-01 2.500000000000000000e-01 2.500000000000000000e-01 2.500000000000000000e-01
2.436267287807277471e-01 2.117899813765720951e-01 3.442656413743303556e-01 2.003176484683697745e-01
2.500000000000000000e-01 2.500000000000000000e-01 2.500000000000000000e-01 2.500000000000000000e-01
2.500000000000000000e-01 2.500000000000000000e-01 2.500000000000000000e-01 2.500000000000000000e-01
2.500000000000000000e-01 2.500000000000000000e-01 2.500000000000000000e-01 2.500000000000000000e-01
2.333678657890362607e-01 2.541176884112749668e-01 3.212992501744987850e-02 4.803845207822389218e-01
2.500000000000000000e-01 2.500000000000000000e-01 2.500000000000000000e-01 2.500000000000000000e-01
2.500000000000000000e-01 2.500000000000000000e-01 2.500000000000000000e-01 2.500000000000000000e-01
3.746895420025394552e-01 1.519848182496663647e-01 2.515919533236907757e-01 2.217336864241034045e-01
3.412055573590697718e-03 7.003808894660620843e-02 2.909169909180748803e-01 6.356328645617281836e-01
3.141870570880289093e-01 1.518842826032588619e-02 1.735595759197684218e-01 4.970649387318767931e-01
4.349811989691261538e-02 3.980546539100935366e-01 4.888655001575392678e-02 5.095606761772398796e-01
2.500000000000000000e-01 2.500000000000000000e-01 2.500000000000000000e-01 2.500000000000000000e-01
2.500000000000000000e-01 2.500000000000000000e-01 2.500000000000000000e-01 2.500000000000000000e-01
7.131267483978279698e-01 1.457393754142897180e-01 5.594265368412743022e-02 8.519122250375488203e-02
2.118767720351981965e-01 5.834361876339800856e-01 1.517875911116129961e-01 5.289944921920866627e-02
2.500000000000000000e-01 2.500000000000000000e-01 2.500000000000000000e-01 2.500000000000000000e-01
2.500000000000000000e-01 2.500000000000000000e-01 2.500000000000000000e-01 2.500000000000000000e-01
2.500000000000000000e-01 2.500000000000000000e-01 2.500000000000000000e-01 2.500000000000000000e-01
1.083014298894210622e-02 4.868579519432558178e-01 1.168624256667943895e-02 4.906256625011226613e-01
2.500000000000000000e-01 2.500000000000000000e-01 2.500000000000000000e-01 2.500000000000000000e-01
2.500000000000000000e-01 2.500000000000000000e-01 2.500000000000000000e-01 2.500000000000000000e-01
2.500000000000000000e-01 2.500000000000000000e-01 2.500000000000000000e-01 2.500000000000000000e-01
5.198192730345709833e-01 1.199470639081380297e-01 3.709257415125988278e-02 3.231410889060311042e-01
2.500000000000000000e-01 2.500000000000000000e-01 2.500000000000000000e-01 2.500000000000000000e-01
2.066733866672994802e-01 1.039428534343053434e-01 4.236574024877891587e-01 2.657263574106060178e-01
2.500000000000000000e-01 2.500000000000000000e-01 2.500000000000000000e-01 2.500000000000000000e-01
2.500000000000000000e-01 2.500000000000000000e-01 2.500000000000000000e-01 2.500000000000000000e-01
2.742884366946743979e-01 1.092740746043540240e-01 1.226099517673346767e-01 4.938275369336369014e-01
2.500000000000000000e-01 2.500000000000000000e-01 2.500000000000000000e-01 2.500000000000000000e-01
2.500000000000000000e-01 2.500000000000000000e-01 2.500000000000000000e-01 2.500000000000000000e-01
2.500000000000000000e-01 2.500000000000000000e-01 2.500000000000000000e-01 2.500000000000000000e-01
2.500000000000000000e-01 2.500000000000000000e-01 2.500000000000000000e-01 2.500000000000000000e-01
2.500000000000000000e-01 2.500000000000000000e-01 2.500000000000000000e-01 2.500000000000000000e-01
2.500000000000000000e-01 2.500000000000000000e-01 2.500000000000000000e-01 2.500000000000000000e-01
2.500000000000000000e-01 2.500000000000000000e-01 2.500000000000000000e-01 2.500000000000000000e-01
2.500000000000000000e-01 2.500000000000000000e-01 2.500000000000000000e-01 2.500000000000000000e-01
2.500000000000000000e-01 2.500000000000000000e-01 2.500000000000000000e-01 2.500000000000000000e-01
1.676922978782703633e-01 7.686825098233283915e-02 3.782035490542310363e-01 3.772359020851657752e-01
4.847909703603752729e-01 3.814123921136675088e-01 4.056625740052621776e-02 9.323038012543100050e-02
1.296850580493030536e-01 4.001258500292063924e-02 7.812894608789495987e-02 7.521734108598813195e-01
2.500000000000000000e-01 2.500000000000000000e-01 2.500000000000000000e-01 2.500000000000000000e-01
2.500000000000000000e-01 2.500000000000000000e-01 2.500000000000000000e-01 2.500000000000000000e-01
2.500000000000000000e-01 2.500000000000000000e-01 2.500000000000000000e-01 2.500000000000000000e-01
6.191324925948580304e-01 7.186375403477546220e-02 8.793005242855628234e-02 2.210737009418102250e-01
2.500000000000000000e-01 2.500000000000000000e-01 2.500000000000000000e-01 2.500000000000000000e-01
2.500000000000000000e-01 2.500000000000000000e-01 2.500000000000000000e-01 2.500000000000000000e-01
2.500000000000000000e-01 2.500000000000000000e-01 2.500000000000000000e-01 2.500000000000000000e-01
2.500000000000000000e-01 2.500000000000000000e-01 2.500000000000000000e-01 2.500000000000000000e-01
2.500000000000000000e-01 2.500000000000000000e-01 2.500000000000000000e-01 2.500000000000000000e-01
2.500000000000000000e-01 2.500000000000000000e-01 2.500000000000000000e-01 2.500000000000000000e-01
2.500000000000000000e-01 2.500000000000000000e-01 2.500000000000000000e-01 2.500000000000000000e-01
2.500000000000000000e-01 2.500000000000000000e-01 2.500000000000000000e-01 2.500000000000000000e-01
1.852027282859048385e-01 1.069040071760883059e-01 4.076414278342430086e-02 6.671291217545824992e-01
3.015936920451184333e-01 3.121739773580879396e-01 1.615444782006891788e-02 3.700778827767247092e-01
2.228622107255609774e-01 1.194441003267028428e-01 5.502210298615468620e-01 1.074726590861892761e-01
2.500000000000000000e-01 2.500000000000000000e-01 2.500000000000000000e-01 2.500000000000000000e-01
2.500000000000000000e-01 2.500000000000000000e-01 2.500000000000000000e-01 2.500000000000000000e-01
2.500000000000000000e-01 2.500000000000000000e-01 2.500000000000000000e-01 2.500000000000000000e-01
2.500000000000000000e-01 2.500000000000000000e-01 2.500000000000000000e-01 2.500000000000000000e-01
2.500000000000000000e-01 2.500000000000000000e-01 2.500000000000000000e-01 2.500000000000000000e-01
2.500000000000000000e-01 2.500000000000000000e-01 2.500000000000000000e-01 2.500000000000000000e-01
2.500000000000000000e-01 2.500000000000000000e-01 2.500000000000000000e-01 2.500000000000000000e-01
1.589365871708345312e-01 3.573088688626106096e-02 6.588075687206639275e-01 1.465249572222405150e-01
2.500000000000000000e-01 2.500000000000000000e-01 2.500000000000000000e-01 2.500000000000000000e-01
2.500000000000000000e-01 2.500000000000000000e-01 2.500000000000000000e-01 2.500000000000000000e-01
1.762133138854253545e-01 6.006783762975043128e-01 1.713319919835043503e-02 2.059751106187198977e-01
2.377256563023804059e-01 3.864969024574207990e-01 4.980442295146975118e-02 3.259730182887290439e-01
5.028412282985876836e-01 1.158022145928922636e-01 3.439387693031397686e-01 3.741778780538029814e-02
2.357388015680506321e-01 4.330291582027084307e-01 1.118675561901561477e-01 2.193644840390847894e-01
2.500000000000000000e-01 2.500000000000000000e-01 2.500000000000000000e-01 2.500000000000000000e-01
3.672030402283071870e-01 1.001213099323055994e-01 2.024635538778941646e-01 3.302120959614930351e-01
2.500000000000000000e-01 2.500000000000000000e-01 2.500000000000000000e-01 2.500000000000000000e-01
7.059458617504785205e-02 8.595064481242727095e-02 3.718687036446126359e-02 8.062678986480635857e-01
2.500000000000000000e-01 2.500000000000000000e-01 2.500000000000000000e-01 2.500000000000000000e-01
2.500000000000000000e-01 2.500000000000000000e-01 2.500000000000000000e-01 2.500000000000000000e-01
2.500000000000000000e-01 2.500000000000000000e-01 2.500000000000000000e-01 2.500000000000000000e-01
1.412347335616941091e-02 4.638982939378334391e-01 2.580488239396324657e-01 2.639294087663647259e-01
4.153628481237268688e-01 1.221912109550584574e-01 1.353100297983204081e-01 3.271359111228942518e-01
4.498846676696717228e-01 4.731061898977936830e-02 8.141769646191412968e-02 4.213870168786347792e-01
2.500000000000000000e-01 2.500000000000000000e-01 2.500000000000000000e-01 2.500000000000000000e-01
3.940437038182358909e-01 7.325577837472135867e-02 6.280206035092733563e-02 4.698984574561154148e-01
3.260543951152488074e-01 3.433123574740218342e-01 2.069881933485381853e-01 1.236450540621911176e-01
2.500000000000000000e-01 2.500000000000000000e-01 2.500000000000000000e-01 2.500000000000000000e-01
2.500000000000000000e-01 2.500000000000000000e-01 2.500000000000000000e-01 2.500000000000000000e-01
2.500000000000000000e-01 2.500000000000000000e-01 2.500000000000000000e-01 2.500000000000000000e-01
2.500000000000000000e-01 2.500000000000000000e-01 2.500000000000000000e-01 2.500000000000000000e-01
4.915708658446440449e-01 1.159058791718051290e-01 3.542119009681363173e-01 3.831135401541452268e-02
2.500000000000000000e-01 2.500000000000000000e-01 2.500000000000000000e-01 2.500000000000000000e-01
2.500000000000000000e-01 2.500000000000000000e-01 2.500000000000000000e-01 2.500000000000000000e-01
4.085995572221288175e-01 1.605752578682388687e-01 2.344689882058894892e-01 1.963561967037428246e-01
2.500000000000000000e-01 2.500000000000000000e-01 2.500000000000000000e-01 2.500000000000000000e-01
2.500000000000000000e-01 2.500000000000000000e-01 2.500000000000000000e-01 2.500000000000000000e-01
2.500000000000000000e-01 2.500000000000000000e-01 2.500000000000000000e-01 2.500000000000000000e-01
1.044029714942779768e-01 4.234255969857818602e-01 4.145363993405082326e-02 4.307177915858893535e-01
2.500000000000000000e-01 2.500000000000000000e-01 2.500000000000000000e-01 2.500000000000000000e-01
2.500000000000000000e-01 2.500000000000000000e-01 2.500000000000000000e-01 2.500000000000000000e-01
1.841317746448573878e-01 4.756716310676360748e-02 6.523235757651015820e-01 1.159774864832774643e-01
2.500000000000000000e-01 2.500000000000000000e-01 2.500000000000000000e-01 2.500000000000000000e-01
3.021667552677627100e-01 2.516511928869192075e-02 1.877430933836774507e-01 4.849250320598679220e-01
2.045168576178976183e-01 2.612535181992742817e-01 4.956687369728013381e-02 4.846627504855479662e-01
2.500000000000000000e-01 2.500000000000000000e-01 2.500000000000000000e-01 2.500000000000000000e-01
2.500000000000000000e-01 2.500000000000000000e-01 2.500000000000000000e-01 2.500000000000000000e-01
2.500000000000000000e-01 2.500000000000000000e-01 2.500000000000000000e-01 2.500000000000000000e-01
2.500000000000000000e-01 2.500000000000000000e-01 2.500000000000000000e-01 2.500000000000000000e-01
2.500000000000000000e-01 2.500000000000000000e-01 2.500000000000000000e-01 2.500000000000000000e-01
2.500000000000000000e-01 2.500000000000000000e-01 2.500000000000000000e-01 2.500000000000000000e-01
2.500000000000000000e-01 2.500000000000000000e-01 2.500000000000000000e-01 2.500000000000000000e-01
2.500000000000000000e-01 2.500000000000000000e-01 2.500000000000000000e-01 2.500000000000000000e-01
3.014311960231034204e-01 1.451568914732255244e-01 1.622889446337805186e-02 5.371830180402930033e-01
2.500000000000000000e-01 2.500000000000000000e-01 2.500000000000000000e-01 2.500000000000000000e-01
1.982187231931182014e-01 4.108425885097572450e-01 1.440256250370271496e-01 2.469130632600974040e-01
2.814141220914824215e-01 1.639192621119182902e-01 4.564535617849060367e-01 9.821305401169322380e-02
2.500000000000000000e-01 2.500000000000000000e-01 2.500000000000000000e-01 2.500000000000000000e-01
2.500000000000000000e-01 2.500000000000000000e-01 2.500000000000000000e-01 2.500000000000000000e-01
2.500000000000000000e-01 2.500000000000000000e-01 2.500000000000000000e-01 2.500000000000000000e-01
2.500000000000000000e-01 2.500000000000000000e-01 2.500000000000000000e-01 2.500000000000000000e-01
2.500000000000000000e-01 2.500000000000000000e-01 2.500000000000000000e-01 2.500000000000000000e-01
2.500000000000000000e-01 2.500000000000000000e-01 2.500000000000000000e-01 2.500000000000000000e-01
3.203026322585678654e-01 1.095577532668501469e-01 3.605222580173140789e-01 2.096173564572679227e-01
2.500000000000000000e-01 2.500000000000000000e-01 2.500000000000000000e-01 2.500000000000000000e-01
2.707590062777010531e-01 1.719298186150619578e-01 3.005024933462279169e-01 2.568086817610090722e-01
2.500000000000000000e-01 2.500000000000000000e-01 2.500000000000000000e-01 2.500000000000000000e-01
2.500000000000000000e-01 2.500000000000000000e-01 2.500000000000000000e-01 2.500000000000000000e-01
2.122581701478204186e-01 6.986374997746833126e-02 6.485708966652850571e-02 6.530209902081827167e-01
2.500000000000000000e-01 2.500000000000000000e-01 2.500000000000000000e-01 2.500000000000000000e-01
2.500000000000000000e-01 2.500000000000000000e-01 2.500000000000000000e-01 2.500000000000000000e-01
2.500000000000000000e-01 2.500000000000000000e-01 2.500000000000000000e-01 2.500000000000000000e-01
3.663828397370799128e-01 2.537328082578291233e-01 3.181531324260901683e-01 6.173121957900079559e-02
4.285834979489254737e-01 4.131838535687297198e-01 2.535950126777769542e-02 1.328731472145671111e-01
2.500000000000000000e-01 2.500000000000000000e-01 2.500000000000000000e-01 2.500000000000000000e-01
2.500000000000000000e-01 2.500000000000000000e-01 2.500000000000000000e-01 2.500000000000000000e-01
2.500000000000000000e-01 2.500000000000000000e-01 2.500000000000000000e-01 2.500000000000000000e-01
2.500000000000000000e-01 2.500000000000000000e-01 2.500000000000000000e-01 2.500000000000000000e-01
5.748258190729754746e-01 1.228242556492629145e-01 1.912446380617545127e-01 1.111052872160070981e-01
5.882957028812089151e-01 9.890403977008423164e-02 5.817686457636637998e-02 2.546233927723404733e-01
2.500000000000000000e-01 2.500000000000000000e-01 2.500000000000000000e-01 2.500000000000000000e-01
2.500000000000000000e-01 2.500000000000000000e-01 2.500000000000000000e-01 2.500000000000000000e-01
2.500000000000000000e-01 2.500000000000000000e-01 2.500000000000000000e-01 2.500000000000000000e-01
2.500000000000000000e-01 2.500000000000000000e-01 2.500000000000000000e-01 2.500000000000000000e-01
2.500000000000000000e-01 2.500000000000000000e-01 2.500000000000000000e-01 2.500000000000000000e-01
3.251024076255497053e-01 5.515626967023685712e-01 4.513843607544842929e-02 7.819645959663329426e-02
2.500000000000000000e-01 2.500000000000000000e-01 2.500000000000000000e-01 2.500000000000000000e-01
2.500000000000000000e-01 2.500000000000000000e-01 2.500000000000000000e-01 2.500000000000000000e-01
2.500000000000000000e-01 2.500000000000000000e-01 2.500000000000000000e-01 2.500000000000000000e-01
3.213679715237375834e-01 5.698766744511211124e-01 1.845801730755991521e-02 9.029733671758138902e-02
2.500000000000000000e-01 2.500000000000000000e-01 2.500000000000000000e-01 2.500000000000000000e-01
2.500000000000000000e-01 2.500000000000000000e-01 2.500000000000000000e-01 2.500000000000000000e-01
2.500000000000000000e-01 2.500000000000000000e-01 2.500000000000000000e-01 2.500000000000000000e-01
2.500000000000000000e-01 2.500000000000000000e-01 2.500000000000000000e-01 2.500000000000000000e-01
2.500000000000000000e-01 2.500000000000000000e-01 2.500000000000000000e-01 2.500000000000000000e-01
2.500000000000000000e-01 2.500000000000000000e-01 2.500000000000000000e-01 2.500000000000000000e-01
2.500000000000000000e-01 2.500000000000000000e-01 2.500000000000000000e-01 2.500000000000000000e-01
2.500000000000000000e-01 2.500000000000000000e-01 2.500000000000000000e-01 2.500000000000000000e-01
6.997347243405077633e-01 6.408134029064745628e-03 1.603230398739595441e-01 1.335341017564679600e-01
2.500000000000000000e-01 2.500000000000000000e-01 2.500000000000000000e-01 2.500000000000000000e-01
2.500000000000000000e-01 2.500000000000000000e-01 2.500000000000000000e-01 2.500000000000000000e-01
3.933331440954091485e-01 8.462564848408034301e-02 1.065449052243421652e-01 4.154963021961683434e-01
2.500000000000000000e-01 2.500000000000000000e-01 2.500000000000000000e-01 2.500000000000000000e-01
7.909806513615551260e-02 1.464491723852392180e-01 1.926061818347997445e-01 5.818465806438055665e-01
3.102847197052787664e-01 2.391809417974813112e-01 1.537276214624356541e-01 2.968067170348042683e-01
2.500000000000000000e-01 2.500000000000000000e-01 2.500000000000000000e-01 2.500000000000000000e-01
2.500000000000000000e-01 2.500000000000000000e-01 2.500000000000000000e-01 2.500000000000000000e-01
2.500000000000000000e-01 2.500000000000000000e-01 2.500000000000000000e-01 2.500000000000000000e-01
2.500000000000000000e-01 2.500000000000000000e-01 2.500000000000000000e-01 2.500000000000000000e-01
1.692150695155439089e-01 2.517071279449352716e-01 4.357558302974445241e-01 1.433219722420762954e-01
8.730947984418488406e-02 6.744848564319775308e-01 4.036534403839642238e-02 1.978403196854411628e-01
1.778774077660342789e-01 3.416974619153909098e-01 2.572120408231549082e-01 2.232130894954199030e-01
2.500000000000000000e-01 2.500000000000000000e-01 2.500000000000000000e-01 2.500000000000000000e-01
2.500000000000000000e-01 2.500000000000000000e-01 2.500000000000000000e-01 2.500000000000000000e-01
2.500000000000000000e-01 2.500000000000000000e-01 2.500000000000000000e-01 2.500000000000000000e-01
2.500000000000000000e-01 2.500000000000000000e-01 2.500000000000000000e-01 2.500000000000000000e-01
2.500000000000000000e-01 2.500000000000000000e-01 2.500000000000000000e-01 2.500000000000000000e-01
2.500000000000000000e-01 2.500000000000000000e-01 2.500000000000000000e-01 2.500000000000000000e-01
2.500000000000000000e-01 2.500000000000000000e-01 2.500000000000000000e-01 2.500000000000000000e-01
1.206551692320190355e-01 1.196404261790651874e-01 3.558532153176590662e-01 4.038511892712567386e-01
2.500000000000000000e-01 2.500000000000000000e-01 2.500000000000000000e-01 2.500000000000000000e-01
5.141998411958982329e-01 2.792863185193459330e-01 1.718651015659977688e-01 3.464873871875806532e-02
2.500000000000000000e-01 2.500000000000000000e-01 2.500000000000000000e-01 2.500000000000000000e-01
2.500000000000000000e-01 2.500000000000000000e-01 2.500000000000000000e-01 2.500000000000000000e-01
2.500000000000000000e-01 2.500000000000000000e-01 2.500000000000000000e-01 2.500000000000000000e-01
2.500000000000000000e-01 2.500000000000000000e-01 2.500000000000000000e-01 2.500000000000000000e-01
2.500000000000000000e-01 2.500000000000000000e-01 2.500000000000000000e-01 2.500000000000000000e-01
2.500000000000000000e-01 2.500000000000000000e-01 2.500000000000000000e-01 2.500000000000000000e-01
2.032477966862204777e-01 2.100455012441450053e-01 4.796813750798867293e-01 1.070253269897477877e-01
2.261158138261175066e-01 4.787385638618144035e-01 1.273663066365882668e-01 1.677793156754798232e-01
2.500000000000000000e-01 2.500000000000000000e-01 2.500000000000000000e-01 2.500000000000000000e-01
2.500000000000000000e-01 2.500000000000000000e-01 2.500000000000000000e-01 2.500000000000000000e-01
2.500000000000000000e-01 2.500000000000000000e-01 2.500000000000000000e-01 2.500000000000000000e-01
2.500000000000000000e-01 2.500000000000000000e-01 2.500000000000000000e-01 2.500000000000000000e-01
2.500000000000000000e-01 2.500000000000000000e-01 2.500000000000000000e-01 2.500000000000000000e-01
2.500000000000000000e-01 2.500000000000000000e-01 2.500000000000000000e-01 2.500000000000000000e-01
5.303939388441131220e-01 4.170797300503561456e-01 2.308339962390615341e-02 2.944293148162457907e-02
7.153399916023717164e-01 4.796529660059208251e-04 1.221746418502728387e-01 1.620057135813495197e-01
2.500000000000000000e-01 2.500000000000000000e-01 2.500000000000000000e-01 2.500000000000000000e-01
4.985998586259736132e-01 1.137545562048234982e-01 2.517519083423108150e-01 1.358936768268920736e-01
2.500000000000000000e-01 2.500000000000000000e-01 2.500000000000000000e-01 2.500000000000000000e-01
2.500000000000000000e-01 2.500000000000000000e-01 2.500000000000000000e-01 2.500000000000000000e-01
2.500000000000000000e-01 2.500000000000000000e-01 2.500000000000000000e-01 2.500000000000000000e-01
5.935939185448136923e-01 1.087284585005782317e-01 1.816475133314706669e-01 1.160301096231374229e-01
2.500000000000000000e-01 2.500000000000000000e-01 2.500000000000000000e-01 2.500000000000000000e-01
3.702296307300115275e-02 3.767993647710848881e-02 3.642344053939510773e-01 5.610626950559393089e-01
2.500000000000000000e-01 2.500000000000000000e-01 2.500000000000000000e-01 2.500000000000000000e-01
2.500000000000000000e-01 2.500000000000000000e-01 2.500000000000000000e-01 2.500000000000000000e-01
2.500000000000000000e-01 2.500000000000000000e-01 2.500000000000000000e-01 2.500000000000000000e-01
2.013824445957237419e-01 9.583535248608762713e-03 5.058172568979836248e-01 2.832167632576838567e-01
2.500000000000000000e-01 2.500000000000000000e-01 2.500000000000000000e-01 2.500000000000000000e-01
3.915528841840474894e-01 1.068697737791863139e-01 3.912758826871631235e-01 1.103014593496030593e-01
2.500000000000000000e-01 2.500000000000000000e-01 2.500000000000000000e-01 2.500000000000000000e-01
2.782326769229029328e-01 7.162275519375269073e-02 8.794201279567140372e-02 5.622025550876730282e-01
2.500000000000000000e-01 2.500000000000000000e-01 2.500000000000000000e-01 2.500000000000000000e-01
2.500000000000000000e-01 2.500000000000000000e-01 2.500000000000000000e-01 2.500000000000000000e-01
5.561499244641873174e-01 4.095196649107926690e-01 2.778393112942978416e-03 3.155201751207703520e-02
2.500000000000000000e-01 2.500000000000000000e-01 2.500000000000000000e-01 2.500000000000000000e-01
1.848001333477928831e-01 2.172923080866089041e-01 4.031612612202151169e-01 1.947462973453830681e-01
4.264334584582163412e-01 1.322106020856581021e-01 1.254568332602484237e-01 3.158991061958771329e-01
2.500000000000000000e-01 2.500000000000000000e-01 2.500000000000000000e-01 2.500000000000000000e-01
2.500000000000000000e-01 2.500000000000000000e-01 2.500000000000000000e-01 2.500000000000000000e-01
2.500000000000000000e-01 2.500000000000000000e-01 2.500000000000000000e-01 2.500000000000000000e-01
1.252135911752334449e-02 1.673987392197691104e-01 2.598389653455822623e-01 5.602409363171252377e-01
2.500000000000000000e-01 2.500000000000000000e-01 2.500000000000000000e-01 2.500000000000000000e-01
2.500000000000000000e-01 2.500000000000000000e-01 2.500000000000000000e-01 2.500000000000000000e-01
2.500000000000000000e-01 2.500000000000000000e-01 2.500000000000000000e-01 2.500000000000000000e-01
7.609823521461295259e-02 2.812200603414947153e-01 1.984389282697993639e-01 4.442427761740929681e-01
2.500000000000000000e-01 2.500000000000000000e-01 2.500000000000000000e-01 2.500000000000000000e-01
7.255551455615637524e-01 1.780209701565227398e-01 2.165570538602812345e-02 7.476817889588538435e-02
2.500000000000000000e-01 2.500000000000000000e-01 2.500000000000000000e-01 2.500000000000000000e-01
2.500000000000000000e-01 2.500000000000000000e-01 2.500000000000000000e-01 2.500000000000000000e-01
4.547052795153492810e-01 2.770987938099292620e-03 2.071347529658163766e-01 3.353889795807350471e-01
5.961469715544560621e-01 3.469491077356392505e-01 5.399296658448204944e-02 2.910954125422637873e-03
2.500000000000000000e-01 2.500000000000000000e-01 2.500000000000000000e-01 2.500000000000000000e-01
2.500000000000000000e-01 2.500000000000000000e-01 2.500000000000000000e-01 2.500000000000000000e-01
4.034235563358363752e-01 2.844572910902440910e-01 2.467948198409580796e-01 6.532433273296145426e-02
2.500000000000000000e-01 2.500000000000000000e-01 2.500000000000000000e-01 2.500000000000000000e-01
2.500000000000000000e-01 2.500000000000000000e-01 2.500000000000000000e-01 2.500000000000000000e-01
2.500000000000000000e-01 2.500000000000000000e-01 2.500000000000000000e-01 2.500000000000000000e-01
2.500000000000000000e-01 2.500000000000000000e-01 2.500000000000000000e-01 2.500000000000000000e-01
2.500000000000000000e-01 2.500000000000000000e-01 2.500000000000000000e-01 2.500000000000000000e-01
8.183989842218707123e-02 3.366882293052777531e-01 3.274260670069046864e-01 2.540458052656305310e-01
2.500000000000000000e-01 2.500000000000000000e-01 2.500000000000000000e-01 2.500000000000000000e-01
4.448840162145226151e-01 7.097711241455144371e-02 1.174991960398049234e-01 3.666396753311210177e-01
2.500000000000000000e-01 2.500000000000000000e-01 2.500000000000000000e-01 2.500000000000000000e-01
2.500000000000000000e-01 2.500000000000000000e-01 2.500000000000000000e-01 2.500000000000000000e-01
3.641132034894931646e-01 6.481381892714343021e-03 1.009149554031215229e-01 5.284904592146709712e-01
2.144839341159192336e-01 4.620811451095201416e-01 1.190891268640326128e-01 2.043457939105279564e-01
2.597139893402632960e-01 1.084568849433946575e-01 9.346002499212337222e-02 5.383691007242186188e-01
2.500000000000000000e-01 2.500000000000000000e-01 2.500000000000000000e-01 2.500000000000000000e-01
2.500000000000000000e-01 2.500000000000000000e-01 2.500000000000000000e-01 2.500000000000000000e-01
1.218041064978152010e-01 6.603342133431844285e-02 3.983675050690815844e-02 7.723257216609582532e-01
2.500000000000000000e-01 2.500000000000000000e-01 2.500000000000000000e-01 2.500000000000000000e-01
8.399436086524615652e-02 3.242112233107420916e-01 3.213487459751379061e-01 2.704456698488738597e-01
2.500000000000000000e-01 2.500000000000000000e-01 2.500000000000000000e-01 2.500000000000000000e-01
2.500000000000000000e-01 2.500000000000000000e-01 2.500000000000000000e-01 2.500000000000000000e-01
2.500000000000000000e-01 2.500000000000000000e-01 2.500000000000000000e-01 2.500000000000000000e-01
4.288641373688400482e-01 3.607204119486562277e-01 2.891642138180450239e-02 1.814990293006992217e-01
2.500000000000000000e-01 2.500000000000000000e-01 2.500000000000000000e-01 2.500000000000000000e-01
8.114470828244975120e-01 1.217644165706180219e-02 1.358411186902087342e-01 4.053535682823194986e-02
4.522860441841448642e-01 2.069913344832999824e-01 1.155878716919865878e-01 2.251347496405685655e-01
2.500000000000000000e-01 2.500000000000000000e-01 2.500000000000000000e-01 2.500000000000000000e-01
2.075148365537108908e-01 2.042467463335454481e-01 4.629603162827734542e-01 1.252781008299701515e-01
2.500000000000000000e-01 2.500000000000000000e-01 2.500000000000000000e-01 2.500000000000000000e-01
2.104203651469772618e-01 2.841690990536128170e-01 4.573492131601765709e-01 4.806132263923335035e-02
2.925698056053460117e-01 3.008092482375729002e-02 4.969274581483555386e-01 1.804218114225411562e-01
2.500000000000000000e-01 2.500000000000000000e-01 2.500000000000000000e-01 2.500000000000000000e-01
2.500000000000000000e-01 2.500000000000000000e-01 2.500000000000000000e-01 2.500000000000000000e-01
2.500000000000000000e-01 2.500000000000000000e-01 2.500000000000000000e-01 2.500000000000000000e-01
2.500000000000000000e-01 2.500000000000000000e-01 2.500000000000000000e-01 2.500000000000000000e-01
2.500000000000000000e-01 2.500000000000000000e-01 2.500000000000000000e-01 2.500000000000000000e-01
2.500000000000000000e-01 2.500000000000000000e-01 2.500000000000000000e-01 2.500000000000000000e-01
6.305575359742718149e-03 4.623530415106213987e-01 7.569109977807686462e-03 5.237722731518281716e-01
2.500000000000000000e-01 2.500000000000000000e-01 2.500000000000000000e-01 2.500000000000000000e-01
2.500000000000000000e-01 2.500000000000000000e-01 2.500000000000000000e-01 2.500000000000000000e-01
2.500000000000000000e-01 2.500000000000000000e-01 2.500000000000000000e-01 2.500000000000000000e-01
2.500000000000000000e-01 2.500000000000000000e-01 2.500000000000000000e-01 2.500000000000000000e-01
2.743050803674284555e-01 1.315331117990011789e-01 2.402154586139725323e-01 3.539463492195978334e-01
2.500000000000000000e-01 2.500000000000000000e-01 2.500000000000000000e-01 2.500000000000000000e-01
2.500000000000000000e-01 2.500000000000000000e-01 2.500000000000000000e-01 2.500000000000000000e-01
2.500000000000000000e-01 2.500000000000000000e-01 2.500000000000000000e-01 2.500000000000000000e-01
2.500000000000000000e-01 2.500000000000000000e-01 2.500000000000000000e-01 2.500000000000000000e-01
3.902483627713483894e-01 4.652597167631435278e-03 1.495651717465261710e-01 4.555338683144939949e-01
4.259319045694084371e-01 5.621550825557988795e-02 4.945856782865785117e-01 2.326690888843319094e-02
2.500000000000000000e-01 2.500000000000000000e-01 2.500000000000000000e-01 2.500000000000000000e-01
2.500000000000000000e-01 2.500000000000000000e-01 2.500000000000000000e-01 2.500000000000000000e-01
4.683841909017150140e-01 4.556142794839805610e-02 4.755406760613820061e-01 1.051370508850490992e-02
2.500000000000000000e-01 2.500000000000000000e-01 2.500000000000000000e-01 2.500000000000000000e-01
2.500000000000000000e-01 2.500000000000000000e-01 2.500000000000000000e-01 2.500000000000000000e-01
2.500000000000000000e-01 2.500000000000000000e-01 2.500000000000000000e-01 2.500000000000000000e-01
2.500000000000000000e-01 2.500000000000000000e-01 2.500000000000000000e-01 2.500000000000000000e-01
1.826515721631398192e-01 6.014946718938133374e-01 1.379190114322109695e-01 7.793474451083581833e-02
2.500000000000000000e-01 2.500000000000000000e-01 2.500000000000000000e-01 2.500000000000000000e-01
2.500000000000000000e-01 2.500000000000000000e-01 2.500000000000000000e-01 2.500000000000000000e-01
2.500000000000000000e-01 2.500000000000000000e-01 2.500000000000000000e-01 2.500000000000000000e-01
1.726217613166239895e-01 2.831782735112067240e-01 3.952817277092497417e-01 1.489182374629194894e-01
3.837431459071930506e-01 7.379680805185333259e-02 2.726518618105671643e-01 2.698081842303864386e-01
3.823847490780415970e-01 1.022359673155912724e-01 1.034430489250639379e-01 4.119362346813031928e-01
2.500000000000000000e-01 2.500000000000000000e-01 2.500000000000000000e-01 2.500000000000000000e-01
2.500000000000000000e-01 2.500000000000000000e-01 2.500000000000000000e-01 2.500000000000000000e-01
2.500000000000000000e-01 2.500000000000000000e-01 2.500000000000000000e-01 2.500000000000000000e-01
1.626275018267811789e-01 1.296647477076563748e-01 5.572819881740103121e-01 1.504257622915521619e-01
2.500000000000000000e-01 2.500000000000000000e-01 2.500000000000000000e-01 2.500000000000000000e-01
2.500000000000000000e-01 2.500000000000000000e-01 2.500000000000000000e-01 2.500000000000000000e-01
5.496433168638481526e-01 8.986870200758671767e-02 1.729822300810107127e-01 1.875057510475544031e-01
2.500000000000000000e-01 2.500000000000000000e-01 2.500000000000000000e-01 2.500000000000000000e-01
2.500000000000000000e-01 2.500000000000000000e-01 2.500000000000000000e-01 2.500000000000000000e-01
2.500000000000000000e-01 2.500000000000000000e-01 2.500000000000000000e-01 2.500000000000000000e-01
2.500000000000000000e-01 2.500000000000000000e-01 2.500000000000000000e-01 2.500000000000000000e-01
5.242330947546764985e-01 2.277745495316408630e-01 1.079002738857052501e-01 1.400920818279773883e-01
2.500000000000000000e-01 2.500000000000000000e-01 2.500000000000000000e-01 2.500000000000000000e-01
2.500000000000000000e-01 2.500000000000000000e-01 2.500000000000000000e-01 2.500000000000000000e-01
1.277521484000616325e-01 1.569675111247025023e-01 3.524198851294463308e-01 3.628604553457894788e-01
3.742380603915607673e-01 1.599763643529522605e-01 1.622062215478431435e-01 3.035793537076438287e-01
4.549603565318504073e-01 8.566844079267028900e-02 1.667595533734007041e-01 2.926116493020786136e-01
2.500000000000000000e-01 2.500000000000000000e-01 2.500000000000000000e-01 2.500000000000000000e-01
2.500000000000000000e-01 2.500000000000000000e-01 2.500000000000000000e-01 2.500000000000000000e-01
2.137630843936277059e-01 5.645537467357290839e-02 1.764966707856127637e-01 5.532848701471866359e-01
2.500000000000000000e-01 2.500000000000000000e-01 2.500000000000000000e-01 2.500000000000000000e-01
4.252582336181980893e-01 1.749068666152198970e-01 1.922599378222644706e-04 3.996426398287597492e-01
2.292843646420821280e-01 4.486632785874424822e-01 2.339224583455763451e-01 8.812989842489904468e-02
2.500000000000000000e-01 2.500000000000000000e-01 2.500000000000000000e-01 2.500000000000000000e-01
2.500000000000000000e-01 2.500000000000000000e-01 2.500000000000000000e-01 2.500000000000000000e-01
2.500000000000000000e-01 2.500000000000000000e-01 2.500000000000000000e-01 2.500000000000000000e-01
3.830932234319437413e-01 1.933629788133384708e-01 7.321502382216510396e-02 3.503287739325526839e-01
2.500000000000000000e-01 2.500000000000000000e-01 2.500000000000000000e-01 2.500000000000000000e-01
2.500000000000000000e-01 2.500000000000000000e-01 2.500000000000000000e-01 2.500000000000000000e-01
2.500000000000000000e-01 2.500000000000000000e-01 2.500000000000000000e-01 2.500000000000000000e-01
3.335574048162996408e-01 2.600830567820590078e-01 2.419136219940403176e-01 1.644459164076010338e-01
2.500000000000000000e-01 2.500000000000000000e-01 2.500000000000000000e-01 2.500000000000000000e-01
2.500000000000000000e-01 2.500000000000000000e-01 2.500000000000000000e-01 2.500000000000000000e-01
8.188351225340378958e-02 1.925806239740039671e-01 5.004037540199067768e-01 2.251321097526854387e-01
2.500000000000000000e-01 2.500000000000000000e-01 2.500000000000000000e-01 2.500000000000000000e-01
2.500000000000000000e-01 2.500000000000000000e-01 2.500000000000000000e-01 2.500000000000000000e-01
7.367119743502043017e-02 7.970044770942565776e-03 6.816765967716522656e-01 2.366821610223847627e-01
4.020785712162491810e-02 3.879449166152543760e-01 3.616926488971590747e-01 2.101545773659616312e-01
4.193948424218216231e-01 3.224034615693457950e-01 6.600573142468396659e-02 1.921959645841486153e-01
5.624028891973754662e-01 1.205408847667379935e-01 3.063729871931735182e-01 1.068323884271304980e-02
2.500000000000000000e-01 2.500000000000000000e-01 2.500000000000000000e-01 2.500000000000000000e-01
2.937625791978303313e-01 1.827368720657231160e-01 5.911176191129546842e-03 5.175893725453170058e-01
2.500000000000000000e-01 2.500000000000000000e-01 2.500000000000000000e-01 2.500000000000000000e-01
2.500000000000000000e-01 2.500000000000000000e-01 2.500000000000000000e-01 2.500000000000000000e-01
2.500000000000000000e-01 2.500000000000000000e-01 2.500000000000000000e-01 2.500000000000000000e-01
2.500000000000000000e-01 2.500000000000000000e-01 2.500000000000000000e-01 2.500000000000000000e-01
2.500000000000000000e-01 2.500000000000000000e-01 2.500000000000000000e-01 2.500000000000000000e-01
2.500000000000000000e-01 2.500000000000000000e-01 2.500000000000000000e-01 2.500000000000000000e-01
2.500000000000000000e-01 2.500000000000000000e-01 2.500000000000000000e-01 2.500000000000000000e-01
7.120340733680467771e-02 3.337408013850798882e-01 2.587476668631488730e-01 3.363081244149665472e-01
2.500000000000000000e-01 2.500000000000000000e-01 2.500000000000000000e-01 2.500000000000000000e-01
2.500000000000000000e-01 2.500000000000000000e-01 2.500000000000000000e-01 2.500000000000000000e-01
2.500000000000000000e-01 2.500000000000000000e-01 2.500000000000000000e-01 2.500000000000000000e-01
2.500000000000000000e-01 2.500000000000000000e-01 2.500000000000000000e-01 2.500000000000000000e-01
7.107516839657391783e-01 1.391830932826541578e-01 3.408264780373188030e-02 1.159825749478747836e-01
2.500000000000000000e-01 2.500000000000000000e-01 2.500000000000000000e-01 2.500000000000000000e-01
2.500000000000000000e-01 2.500000000000000000e-01 2.500000000000000000e-01 2.500000000000000000e-01
2.500000000000000000e-01 2.500000000000000000e-01 2.500000000000000000e-01 2.500000000000000000e-01
5.152218326649612434e-01 1.248044609515103487e-01 5.846865084532545942e-02 3.015050555382029485e-01
2.500000000000000000e-01 2.500000000000000000e-01 2.500000000000000000e-01 2.500000000000000000e-01
2.500000000000000000e-01 2.500000000000000000e-01 2.500000000000000000e-01 2.500000000000000000e-01
2.500000000000000000e-01 2.500000000000000000e-01 2.500000000000000000e-01 2.500000000000000000e-01
2.500000000000000000e-01 2.500000000000000000e-01 2.500000000000000000e-01 2.500000000000000000e-01
4.131297671600958621e-01 2.409183331516732973e-03 1.561674495012161934e-01 4.282936000071712046e-01
1.456910279487502735e-01 2.392858107735139905e-01 5.063973600320837987e-01 1.086258012456519095e-01
2.500000000000000000e-01 2.500000000000000000e-01 2.500000000000000000e-01 2.500000000000000000e-01
2.500000000000000000e-01 2.500000000000000000e-01 2.500000000000000000e-01 2.500000000000000000e-01
2.500000000000000000e-01 2.500000000000000000e-01 2.500000000000000000e-01 2.500000000000000000e-01
4.125456575210246779e-01 2.189848274896485369e-01 1.122082311453285186e-01 2.562612838439982665e-01
3.334386318925018355e-01 2.014503811988522242e-01 2.431542460119135440e-01 2.219567408967323963e-01
2.500000000000000000e-01 2.500000000000000000e-01 2.500000000000000000e-01 2.500000000000000000e-01
2.500000000000000000e-01 2.500000000000000000e-01 2.500000000000000000e-01 2.500000000000000000e-01
1.756886327833208639e-01 3.413397523674125411e-01 1.844189863202184698e-01 2.985526285290481807e-01
2.500000000000000000e-01 2.500000000000000000e-01 2.500000000000000000e-01 2.500000000000000000e-01
1.094021055474926618e-01 5.844270761994416752e-01 5.403630226723910024e-02 2.521345159858265905e-01
2.500000000000000000e-01 2.500000000000000000e-01 2.500000000000000000e-01 2.500000000000000000e-01
2.500000000000000000e-01 2.500000000000000000e-01 2.500000000000000000e-01 2.500000000000000000e-01
5.212707675059536916e-01 2.964307762922808731e-01 6.789666721682396933e-02 1.144017889849414660e-01
2.500000000000000000e-01 2.500000000000000000e-01 2.500000000000000000e-01 2.500000000000000000e-01
2.500000000000000000e-01 2.500000000000000000e-01 2.500000000000000000e-01 2.500000000000000000e-01
2.500000000000000000e-01 2.500000000000000000e-01 2.500000000000000000e-01 2.500000000000000000e-01
1.406752851988666841e-01 1.312064265452632938e-01 1.861609185917573184e-03 7.262566790699525043e-01
