2.500000000000000000e-01 2.500000000000000000e-01 2.500000000000000000e-01 2.500000000000000000e-01
2.500000000000000000e-01 2.500000000000000000e-01 2.500000000000000000e-01 2.500000000000000000e-01
2.416478896566789381e-01 4.298675723721486763e-01 2.677066072905088800e-01 6.077793068066350557e-02
2.500000000000000000e-01 2.500000000000000000e-01 2.500000000000000000e-01 2.500000000000000000e-01
4.792309111390933296e-01 1.957988609113278655e-01 5.520161517539051710e-02 2.697686127741882878e-01
1.120199107716672443e-01 4.203971217127316362e-01 2.102205928573280258e-01 2.573623746582731076e-01
6.791022028664300825e-01 1.167056748794797899e-01 1.117783805677226155e-01 9.241374168636751207e-02
2.500000000000000000e-01 2.500000000000000000e-01 2.500000000000000000e-01 2.500000000000000000e-01
3.135325563993320297e-01 4.499262260232248511e-01 1.304335152660585084e-01 1.061077023113846662e-01
2.500000000000000000e-01 2.500000000000000000e-01 2.500000000000000000e-01 2.500000000000000000e-01
2.500000000000000000e-01 2.500000000000000000e-01 2.500000000000000000e-01 2.500000000000000000e-01
2.500000000000000000e-01 2.500000000000000000e-01 2.500000000000000000e-01 2.500000000000000000e-01
2.500000000000000000e-01 2.500000000000000000e-01 2.500000000000000000e-01 2.500000000000000000e-01
2.500000000000000000e-01 2.500000000000000000e-01 2.500000000000000000e-01 2.500000000000000000e-01
2.500000000000000000e-01 2.500000000000000000e-01 2.500000000000000000e-01 2.500000000000000000e-01
2.500000000000000000e-01 2.500000000000000000e-01 2.500000000000000000e-01 2.500000000000000000e-01
2.500000000000000000e-01 2.500000000000000000e-01 2.500000000000000000e-01 2.500000000000000000e-01
2.500000000000000000e-01 2.500000000000000000e-01 2.500000000000000000e-01 2.500000000000000000e-01
2.905307687846560016e-01 1.255230421587811285e-01 2.671214212186339698e-01 3.168247678379289001e-01
2.500000000000000000e-01 2.500000000000000000e-01 2.500000000000000000e-01 2.500000000000000000e-01
2.500000000000000000e-01 2.500000000000000000e-01 2.500000000000000000e-01 2.500000000000000000e-01
2.500000000000000000e-01 2.500000000000000000e-01 2.500000000000000000e-01 2.500000000000000000e-01
2.494219760889483661e-01 2.061109017793447684e-01 1.489765111809278064e-01 3.954906109507790868e-01
4.965382339874393480e-01 2.851673536945092957e-01 1.397473933964793469e-01 7.854701892157200938e-02
2.500000000000000000e-01 2.500000000000000000e-01 2.500000000000000000e-01 2.500000000000000000e-01
2.500000000000000000e-01 2.500000000000000000e-01 2.500000000000000000e-01 2.500000000000000000e-01
2.500000000000000000e-01 2.500000000000000000e-01 2.500000000000000000e-01 2.500000000000000000e-01
2.500000000000000000e-01 2.500000000000000000e-01 2.500000000000000000e-01 2.500000000000000000e-01
5.188038442948624679e-03 4.796047939116049319e-01 1.261787336786194258e-01 3.890284339668270697e-01
2.500000000000000000e-01 2.500000000000000000e-01 2.500000000000000000e-01 2.500000000000000000e-01
3.697178498248744338e-01 3.980782984506704009e-02 3.668183337065240579e-01 2.236559866235344751e-01
4.132960952681464378e-02 3.228864550647345677e-01 4.057801326912751083e-01 2.300038027171756316e-01
2.500000000000000000e-01 2.500000000000000000e-01 2.500000000000000000e-01 2.500000000000000000e-01
2.500000000000000000e-01 2.500000000000000000e-01 2.500000000000000000e-01 2.500000000000000000e-01
2.958408350812826715e-01 4.554549001914797168e-01 2.000506967922233148e-01 4.865356793501429689e-02
2.500000000000000000e-01 2.500000000000000000e-01 2.500000000000000000e-01 2.500000000000000000e-01
2.500000000000000000e-01 2.500000000000000000e-01 2.500000000000000000e-01 2.500000000000000000e-01
2.500000000000000000e-01 2.500000000000000000e-01 2.500000000000000000e-01 2.500000000000000000e-01
2.500000000000000000e-01 2.500000000000000000e-01 2.500000000000000000e-01 2.500000000000000000e-01
2.500000000000000000e-01 2.500000000000000000e-01 2.500000000000000000e-01 2.500000000000000000e-01
1.154784978951746144e-01 2.364890819268622713e-01 6.866719791775863224e-02 5.793652222602044821e-01
2.500000000000000000e-01 2.500000000000000000e-01 2.500000000000000000e-01 2.500000000000000000e-01
2.500000000000000000e-01 2.500000000000000000e-01 2.500000000000000000e-01 2.500000000000000000e-01
4.172959273006034420e-01 8.466445516451291675e-02 1.276502215461586820e-01 3.703893959887249454e-01
2.500000000000000000e-01 2.500000000000000000e-01 2.500000000000000000e-01 2.500000000000000000e-01
2.503864989322061516e-02 2.631864204067070889e-01 4.652512713950135437e-02 6.652498025605709797e-01
2.500000000000000000e-01 2.500000000000000000e-01 2.500000000000000000e-01 2.500000000000000000e-01
1.305953765443829129e-01 4.537524062111176759e-01 5.779887148959661491e-02 3.578533457549027963e-01
2.500000000000000000e-01 2.500000000000000000e-01 2.500000000000000000e-01 2.500000000000000000e-01
2.500000000000000000e-01 2.500000000000000000e-01 2.500000000000000000e-01 2.500000000000000000e-01
2.500000000000000000e-01 2.500000000000000000e-01 2.500000000000000000e-01 2.500000000000000000e-01
3.311145830319006667e-01 7.712361203749732406e-03 1.026066640445561090e-01 5.585663917197934980e-01
2.500000000000000000e-01 2.500000000000000000e-01 2.500000000000000000e-01 2.500000000000000000e-01
2.500000000000000000e-01 2.500000000000000000e-01 2.500000000000000000e-01 2.500000000000000000e-01
1.947959744956418437e-01 5.358912246219379449e-01 2.038382771537496918e-01 6.547452372867051951e-02
5.058830049283126185e-01 2.472701336507730774e-01 3.526398909036468354e-02 2.115828723305496206e-01
1.271639357922045022e-01 1.548793700172594601e-01 2.621105150092043479e-01 4.558461791813316344e-01
2.500000000000000000e-01 2.500000000000000000e-01 2.500000000000000000e-01 2.500000000000000000e-01
2.500000000000000000e-01 2.500000000000000000e-01 2.500000000000000000e-01 2.500000000000000000e-01
7.443076581572695138e-01 1.904037575489312406e-01 2.663312901483261275e-02 3.865545527896663280e-02
2.500000000000000000e-01 2.500000000000000000e-01 2.500000000000000000e-01 2.500000000000000000e-01
2.500000000000000000e-01 2.500000000000000000e-01 2.500000000000000000e-01 2.500000000000000000e-01
2.500000000000000000e-01 2.500000000000000000e-01 2.500000000000000000e-01 2.500000000000000000e-01
1.368477054628663148e-01 1.391413147976384435e-01 2.191623495344893480e-01 5.048486302050059216e-01
2.500000000000000000e-01 2.500000000000000000e-01 2.500000000000000000e-01 2.500000000000000000e-01
2.500000000000000000e-01 2.500000000000000000e-01 2.500000000000000000e-01 2.500000000000000000e-01
2.500000000000000000e-01 2.500000000000000000e-01 2.500000000000000000e-01 2.500000000000000000e-01
3.348078924502038700e-01 8.103039414927376560e-02 2.790400499114080168e-01 3.051216634891143475e-01
2.500000000000000000e-01 2.500000000000000000e-01 2.500000000000000000e-01 2.500000000000000000e-01
2.500000000000000000e-01 2.500000000000000000e-01 2.500000000000000000e-01 2.500000000000000000e-01
2.500000000000000000e-01 2.500000000000000000e-01 2.500000000000000000e-01 2.500000000000000000e-01
8.778944072595726289e-02 2.462540005479978977e-01 2.902204233609743667e-01 3.757361353650704450e-01
2.500000000000000000e-01 2.500000000000000000e-01 2.500000000000000000e-01 2.500000000000000000e-01
2.500000000000000000e-01 2.500000000000000000e-01 2.500000000000000000e-01 2.500000000000000000e-01
3.291135540169289747e-02 2.544398163275422564e-01 3.610175183056034132e-01 3.516313099651614538e-01
2.500000000000000000e-01 2.500000000000000000e-01 2.500000000000000000e-01 2.500000000000000000e-01
2.500000000000000000e-01 2.500000000000000000e-01 2.500000000000000000e-01 2.500000000000000000e-01
2.914560810641495525e-01 5.315305203383991275e-03 1.432766228294297395e-01 5.599519909030367115e-01
2.500000000000000000e-01 2.500000000000000000e-01 2.500000000000000000e-01 2.500000000000000000e-01
2.976661591570088361e-01 1.476390401063989166e-01 1.367402835365549019e-01 4.179545172000373454e-01
5.551028082669084984e-01 8.445646327952081867e-02 2.996385294086549855e-01 6.080219904491568350e-02
2.944800530268217864e-01 1.292029154293931614e-01 3.852047965547590880e-01 1.911122349890259642e-01
2.500000000000000000e-01 2.500000000000000000e-01 2.500000000000000000e-01 2.500000000000000000e-01
3.646077547804500441e-01 2.071165831311433114e-01 1.218538506536806509e-02 4.160902770230385794e-01
8.047457962461480874e-02 1.804885170036133468e-01 5.215417897475074227e-01 2.174951136242644356e-01
2.500000000000000000e-01 2.500000000000000000e-01 2.500000000000000000e-01 2.500000000000000000e-01
5.145346052184152780e-02 1.818720878064547797e-01 6.631362320364833640e-02 7.003608284680553631e-01
2.500000000000000000e-01 2.500000000000000000e-01 2.500000000000000000e-01 2.500000000000000000e-01
2.500000000000000000e-01 2.500000000000000000e-01 2.500000000000000000e-01 2.500000000000000000e-01
2.500000000000000000e-01 2.500000000000000000e-01 2.500000000000000000e-01 2.500000000000000000e-01
2.500000000000000000e-01 2.500000000000000000e-01 2.500000000000000000e-01 2.500000000000000000e-01
2.500000000000000000e-01 2.500000000000000000e-01 2.500000000000000000e-01 2.500000000000000000e-01
2.500000000000000000e-01 2.500000000000000000e-01 2.500000000000000000e-01 2.500000000000000000e-01
2.500000000000000000e-01 2.500000000000000000e-01 2.500000000000000000e-01 2.500000000000000000e-01
2.500000000000000000e-01 2.500000000000000000e-01 2.500000000000000000e-01 2.500000000000000000e-01
2.500000000000000000e-01 2.500000000000000000e-01 2.500000000000000000e-01 2.500000000000000000e-01
2.500000000000000000e-01 2.500000000000000000e-01 2.500000000000000000e-01 2.500000000000000000e-01
4.169290760820543729e-01 2.442020959084821585e-01 2.100573854578614841e-01 1.288114425516019845e-01
3.782208564693265718e-01 1.114519592615042659e-01 4.265643738880626201e-01 8.376281038110655608e-02
4.032331218571070242e-01 4.175995091941397952e-02 1.658931693895909776e-01 3.891137578338880187e-01
2.500000000000000000e-01 2.500000000000000000e-01 2.500000000000000000e-01 2.500000000000000000e-01
2.500000000000000000e-01 2.500000000000000000e-01 2.500000000000000000e-01 2.500000000000000000e-01
2.500000000000000000e-01 2.500000000000000000e-01 2.500000000000000000e-01 2.500000000000000000e-01
1.166047873516153216e-01 1.243372777336219093e-01 4.611598951217935616e-01 2.978980397929691937e-01
2.500000000000000000e-01 2.500000000000000000e-01 2.500000000000000000e-01 2.500000000000000000e-01
8.441494273653826763e-02 3.292137739399906282e-01 9.850045410429442150e-03 5.765212379130416620e-01
2.500000000000000000e-01 2.500000000000000000e-01 2.500000000000000000e-01 2.500000000000000000e-01
2.911306887474771760e-02 1.767082265299149690e-01 1.383373986822887258e-01 6.558413059130485667e-01
2.500000000000000000e-01 2.500000000000000000e-01 2.500000000000000000e-01 2.500000000000000000e-01
2.500000000000000000e-01 2.500000000000000000e-01 2.500000000000000000e-01 2.500000000000000000e-01
6.815076239718177442e-01 3.127009987785048239e-02 2.131028214984287128e-01 7.411945465190306059e-02
5.649440303447654521e-02 6.088195193464507327e-01 5.846865029817172044e-02 2.762174273209009878e-01
2.500000000000000000e-01 2.500000000000000000e-01 2.500000000000000000e-01 2.500000000000000000e-01
2.500000000000000000e-01 2.500000000000000000e-01 2.500000000000000000e-01 2.500000000000000000e-01
2.500000000000000000e-01 2.500000000000000000e-01 2.500000000000000000e-01 2.500000000000000000e-01
1.063960935363072180e-01 9.902700723016212569e-02 3.533415457763525724e-01 4.412353534571781255e-01
2.500000000000000000e-01 2.500000000000000000e-01 2.500000000000000000e-01 2.500000000000000000e-01
2.500000000000000000e-01 2.500000000000000000e-01 2.500000000000000000e-01 2.500000000000000000e-01
1.367677235872643005e-01 1.021736833070326367e-01 5.593834493745237779e-01 2.016751437311792294e-01
2.500000000000000000e-01 2.500000000000000000e-01 2.500000000000000000e-01 2.500000000000000000e-01
2.500000000000000000e-01 2.500000000000000000e-01 2.500000000000000000e-01 2.500000000000000000e-01
2.500000000000000000e-01 2.500000000000000000e-01 2.500000000000000000e-01 2.500000000000000000e-01
2.500000000000000000e-01 2.500000000000000000e-01 2.500000000000000000e-01 2.500000000000000000e-01
2.500000000000000000e-01 2.500000000000000000e-01 2.500000000000000000e-01 2.500000000000000000e-01
1.181833130260176966e-02 1.830957967463812952e-01 1.148700274155732004e-01 6.902158445354437122e-01
2.966879278954526744e-01 2.160412500843580108e-01 4.518889422537475387e-01 3.538187976644174837e-02
2.351948212559049067e-01 1.269426810592323984e-01 3.482711718401883538e-01 2.895913258446743410e-01
2.500000000000000000e-01 2.500000000000000000e-01 2.500000000000000000e-01 2.500000000000000000e-01
2.500000000000000000e-01 2.500000000000000000e-01 2.500000000000000000e-01 2.500000000000000000e-01
2.500000000000000000e-01 2.500000000000000000e-01 2.500000000000000000e-01 2.500000000000000000e-01
2.500000000000000000e-01 2.500000000000000000e-01 2.500000000000000000e-01 2.500000000000000000e-01
2.500000000000000000e-01 2.500000000000000000e-01 2.500000000000000000e-01 2.500000000000000000e-01
2.500000000000000000e-01 2.500000000000000000e-01 2.500000000000000000e-01 2.500000000000000000e-01
5.268924751969115278e-02 5.448273916819138529e-01 1.620633115606843200e-01 2.404200492377106257e-01
3.349854817907888527e-01 2.693466110921358680e-01 2.580035175498655020e-01 1.376643895672097773e-01
3.757099177413515956e-01 3.562885913078499001e-01 2.406948228429762193e-01 2.730666810782234055e-02
2.500000000000000000e-01 2.500000000000000000e-01 2.500000000000000000e-01 2.500000000000000000e-01
2.500000000000000000e-01 2.500000000000000000e-01 2.500000000000000000e-01 2.500000000000000000e-01
5.349989009000409856e-01 2.574631113389074799e-01 8.068722628449542800e-03 1.994692651326019917e-01
9.084878574690045949e-02 4.138583978008982811e-01 3.195721026050949432e-01 1.757207138471063024e-01
5.799091074932373469e-02 4.329596442333762951e-01 1.314539950842792404e-01 3.775954499330207437e-01
6.246040338975471229e-02 2.865242485701660069e-01 5.570108699221498760e-02 5.953142610478643348e-01
2.500000000000000000e-01 2.500000000000000000e-01 2.500000000000000000e-01 2.500000000000000000e-01
2.500000000000000000e-01 2.500000000000000000e-01 2.500000000000000000e-01 2.500000000000000000e-01
3.014799947984120321e-01 3.950327302786080796e-01 3.708907027568242309e-02 2.663982046472974652e-01
2.500000000000000000e-01 2.500000000000000000e-01 2.500000000000000000e-01 2.500000000000000000e-01
2.825614237772156728e-02 7.799986521387637997e-03 7.312583560035346153e-01 2.326855150973561326e-01
2.500000000000000000e-01 2.500000000000000000e-01 2.500000000000000000e-01 2.500000000000000000e-01
1.455033156129251770e-01 2.289870910161445269e-02 2.971419642053300669e-01 5.344560110801302999e-01
2.500000000000000000e-01 2.500000000000000000e-01 2.500000000000000000e-01 2.500000000000000000e-01
2.500000000000000000e-01 2.500000000000000000e-01 2.500000000000000000e-01 2.500000000000000000e-01
2.500000000000000000e-01 2.500000000000000000e-01 2.500000000000000000e-01 2.500000000000000000e-01
2.500000000000000000e-01 2.500000000000000000e-01 2.500000000000000000e-01 2.500000000000000000e-01
5.262343160690584332e-02 4.585796050512636057e-01 2.328845486473607451e-03 4.864681178553569296e-01
6.781791802926175894e-01 1.395115098698227196e-01 5.505841233458078077e-02 1.272508975029789102e-01
2.500000000000000000e-01 2.500000000000000000e-01 2.500000000000000000e-01 2.500000000000000000e-01
2.500000000000000000e-01 2.500000000000000000e-01 2.500000000000000000e-01 2.500000000000000000e-01
1.117760828587544136e-01 3.652585102430138120e-01 1.125127599682016477e-01 4.104526469300301406e-01
3.608243414236462221e-01 9.403886385792692426e-02 5.025446247196767580e-01 4.259216999875009568e-02
2.500000000000000000e-01 2.500000000000000000e-01 2.500000000000000000e-01 2.500000000000000000e-01
2.500000000000000000e-01 2.500000000000000000e-01 2.500000000000000000e-01 2.500000000000000000e-01
2.500000000000000000e-01 2.500000000000000000e-01 2.500000000000000000e-01 2.500000000000000000e-01
2.500000000000000000e-01 2.500000000000000000e-01 2.500000000000000000e-01 2.500000000000000000e-01
2.500000000000000000e-01 2.500000000000000000e-01 2.500000000000000000e-01 2.500000000000000000e-01
8.950700408384462681e-02 3.583367950014346714e-01 1.276333433062133427e-01 4.245228576085073868e-01
2.500000000000000000e-01 2.500000000000000000e-01 2.500000000000000000e-01 2.500000000000000000e-01
2.500000000000000000e-01 2.500000000000000000e-01 2.500000000000000000e-01 2.500000000000000000e-01
2.500000000000000000e-01 2.500000000000000000e-01 2.500000000000000000e-01 2.500000000000000000e-01
2.280422177119119098e-01 2.031155810378566517e-01 5.386822741101733314e-01 3.015992714005805153e-02
6.605976132443103221e-01 1.806324437137996619e-01 4.508031953397179104e-02 1.136896235079182249e-01
2.472293424157877562e-01 1.567283793829390426e-01 2.319774565973471425e-01 3.640648216039260587e-01
2.705398476241780981e-01 3.556864364590355820e-01 2.253191894059625722e-01 1.484545265108237477e-01
8.249753090809260059e-02 1.319999588648335942e-01 1.759420500678794685e-01 6.095604601591942950e-01
4.251979595299533732e-01 1.829540477979464119e-01 2.452063526127943593e-01 1.466416400593058555e-01
1.431934057401891836e-01 1.231990843335759450e-01 3.976741203386053858e-01 3.359333895876294718e-01
2.545155058259389591e-01 2.567911421200308984e-03 2.772762426904302191e-01 4.656403400624304911e-01
6.424552865458563796e-04 4.624650729580697672e-01 2.415779891233738597e-01 2.953144826320105443e-01
2.500000000000000000e-01 2.500000000000000000e-01 2.500000000000000000e-01 2.500000000000000000e-01
4.255029608228736437e-01 4.530203804748535179e-02 3.489638017168679163e-01 1.802311994127731021e-01
2.500000000000000000e-01 2.500000000000000000e-01 2.500000000000000000e-01 2.500000000000000000e-01
2.500000000000000000e-01 2.500000000000000000e-01 2.500000000000000000e-01 2.500000000000000000e-01
2.500000000000000000e-01 2.500000000000000000e-01 2.500000000000000000e-01 2.500000000000000000e-01
2.500000000000000000e-01 2.500000000000000000e-01 2.500000000000000000e-01 2.500000000000000000e-01
2.500000000000000000e-01 2.500000000000000000e-01 2.500000000000000000e-01 2.500000000000000000e-01
2.500000000000000000e-01 2.500000000000000000e-01 2.500000000000000000e-01 2.500000000000000000e-01
2.022461723053753380e-01 4.138365363413576969e-01 2.785739308198625364e-01 1.053433605334044287e-01
9.222506783427190935e-02 3.101628533782032487e-02 6.819723441254924579e-01 1.947863027024153149e-01
2.500000000000000000e-01 2.500000000000000000e-01 2.500000000000000000e-01 2.500000000000000000e-01
2.500000000000000000e-01 2.500000000000000000e-01 2.500000000000000000e-01 2.500000000000000000e-01
2.500000000000000000e-01 2.500000000000000000e-01 2.500000000000000000e-01 2.500000000000000000e-01
2.500000000000000000e-01 2.500000000000000000e-01 2.500000000000000000e-01 2.500000000000000000e-01
2.655696530015509982e-01 5.819010598748880492e-01 4.579580474143674085e-02 1.067334823821241563e-01
2.500000000000000000e-01 2.500000000000000000e-01 2.500000000000000000e-01 2.500000000000000000e-01
2.500000000000000000e-01 2.500000000000000000e-01 2.500000000000000000e-01 2.500000000000000000e-01
2.500000000000000000e-01 2.500000000000000000e-01 2.500000000000000000e-01 2.500000000000000000e-01
2.882603774373095895e-01 5.007530631291979423e-02 3.557793745306140343e-01 3.058849417191565889e-01
8.797434999179044868e-02 4.692972591230745033e-02 6.004947210239611755e-01 2.646012030719409047e-01
2.500000000000000000e-01 2.500000000000000000e-01 2.500000000000000000e-01 2.500000000000000000e-01
6.277099290338492565e-01 9.901310283564218606e-02 1.766703051894029097e-01 9.660666294110564767e-02
2.500000000000000000e-01 2.500000000000000000e-01 2.500000000000000000e-01 2.500000000000000000e-01
2.500000000000000000e-01 2.500000000000000000e-01 2.500000000000000000e-01 2.500000000000000000e-01
2.500000000000000000e-01 2.500000000000000000e-01 2.500000000000000000e-01 2.500000000000000000e-01
2.491128150167700589e-02 1.556821549206483801e-01 3.546683248894098028e-01 4.647382386882648042e-01
2.500000000000000000e-01 2.500000000000000000e-01 2.500000000000000000e-01 2.500000000000000000e-01
2.500000000000000000e-01 2.500000000000000000e-01 2.500000000000000000e-01 2.500000000000000000e-01
2.500000000000000000e-01 2.500000000000000000e-01 2.500000000000000000e-01 2.500000000000000000e-01
2.500000000000000000e-01 2.500000000000000000e-01 2.500000000000000000e-01 2.500000000000000000e-01
6.016669372626758383e-01 1.599182088394742463e-01 1.831373763613336481e-03 2.365834801342365790e-01
4.830868361287373181e-01 1.313126793215427801e-01 3.764601310928175071e-01 9.140353456902394758e-03
3.779624313821449699e-01 1.479868028600596908e-01 4.355468197632224037e-01 3.850394599457290790e-02
1.483847453799909677e-01 2.280317654512962477e-01 4.947767065897411554e-01 1.288067825789716569e-01
2.500000000000000000e-01 2.500000000000000000e-01 2.500000000000000000e-01 2.500000000000000000e-01
2.615447936113087235e-01 4.813614760935273074e-01 1.145983669209744704e-01 1.424953633741894987e-01
2.500000000000000000e-01 2.500000000000000000e-01 2.500000000000000000e-01 2.500000000000000000e-01
6.998513965827432015e-01 9.251347286815379822e-02 1.207252559424758648e-01 8.690987460662713548e-02
2.500000000000000000e-01 2.500000000000000000e-01 2.500000000000000000e-01 2.500000000000000000e-01
2.500000000000000000e-01 2.500000000000000000e-01 2.500000000000000000e-01 2.500000000000000000e-01
2.500000000000000000e-01 2.500000000000000000e-01 2.500000000000000000e-01 2.500000000000000000e-01
2.500000000000000000e-01 2.500000000000000000e-01 2.500000000000000000e-01 2.500000000000000000e-01
2.500000000000000000e-01 2.500000000000000000e-01 2.500000000000000000e-01 2.500000000000000000e-01
2.500000000000000000e-01 2.500000000000000000e-01 2.500000000000000000e-01 2.500000000000000000e-01
4.735657706307160875e-01 7.211000693804643473e-03 5.068172290529293633e-01 1.240599962254984590e-02
2.500000000000000000e-01 2.500000000000000000e-01 2.500000000000000000e-01 2.500000000000000000e-01
2.394042090952659685e-01 9.840441854929266041e-02 4.864782131153494449e-02 6.135435510439064544e-01
2.500000000000000000e-01 2.500000000000000000e-01 2.500000000000000000e-01 2.500000000000000000e-01
2.500000000000000000e-01 2.500000000000000000e-01 2.500000000000000000e-01 2.500000000000000000e-01
2.500000000000000000e-01 2.500000000000000000e-01 2.500000000000000000e-01 2.500000000000000000e-01
2.500000000000000000e-01 2.500000000000000000e-01 2.500000000000000000e-01 2.500000000000000000e-01
2.500000000000000000e-01 2.500000000000000000e-01 2.500000000000000000e-01 2.500000000000000000e-01
3.487701412563083969e-01 1.249300654957282986e-01 1.672664386287289751e-02 5.095731493850903515e-01
4.353923539952512245e-01 9.177290425428813458e-02 2.333839802010990172e-01 2.394507615493616237e-01
8.390414767827526765e-02 1.520584473222922617e-01 4.152253955273088604e-01 3.488120094721236519e-01
2.500000000000000000e-01 2.500000000000000000e-01 2.500000000000000000e-01 2.500000000000000000e-01
2.500000000000000000e-01 2.500000000000000000e-01 2.500000000000000000e-01 2.500000000000000000e-01
3.328847235739565980e-01 3.745819679193525265e-02 1.724530837407772244e-01 4.572039958933309389e-01
2.500000000000000000e-01 2.500000000000000000e-01 2.500000000000000000e-01 2.500000000000000000e-01
2.500000000000000000e-01 2.500000000000000000e-01 2.500000000000000000e-01 2.500000000000000000e-01
2.500000000000000000e-01 2.500000000000000000e-01 2.500000000000000000e-01 2.500000000000000000e-01
4.559421235295220698e-01 2.377066812122133055e-01 1.011319320687286971e-01 2.052192631895359276e-01
2.500000000000000000e-01 2.500000000000000000e-01 2.500000000000000000e-01 2.500000000000000000e-01
6.686475780448400408e-02 4.918728647589560299e-01 1.767676826526944356e-01 2.644946947838655582e-01
4.956703929555518195e-01 4.997796539966069262e-02 3.218532081582849980e-01 1.324984334865024760e-01
1.598600981503481011e-01 3.068253208620391748e-01 3.113708618300448094e-02 5.021774948046082709e-01
2.500000000000000000e-01 2.500000000000000000e-01 2.500000000000000000e-01 2.500000000000000000e-01
2.500000000000000000e-01 2.500000000000000000e-01 2.500000000000000000e-01 2.500000000000000000e-01
6.836225532893343004e-01 4.582843712595291441e-02 2.278261169033551359e-01 4.272289268135764928e-02
2.500000000000000000e-01 2.500000000000000000e-01 2.500000000000000000e-01 2.500000000000000000e-01
2.500000000000000000e-01 2.500000000000000000e-01 2.500000000000000000e-01 2.500000000000000000e-01
2.500000000000000000e-01 2.500000000000000000e-01 2.500000000000000000e-01 2.500000000000000000e-01
2.500000000000000000e-01 2.500000000000000000e-01 2.500000000000000000e-01 2.500000000000000000e-01
2.644249297097045481e-01 5.291466236863036354e-02 3.641979461976103116e-01 3.184624617240547906e-01
2.611892636223855368e-01 5.163372616207047017e-01 1.910838552820944836e-01 3.138961947481527792e-02
6.904171708958908305e-01 1.727955845812362279e-01 5.581544561220563860e-02 8.097179891066730306e-02
5.472047468454128705e-01 9.642988289692820680e-02 2.555926827501010801e-02 3.308061019826488147e-01
2.500000000000000000e-01 2.500000000000000000e-01 2.500000000000000000e-01 2.500000000000000000e-01
1.629408333013230570e-01 3.886067311358177429e-02 3.943807676229388326e-01 4.038177259621563708e-01
2.500000000000000000e-01 2.500000000000000000e-01 2.500000000000000000e-01 2.500000000000000000e-01
2.500000000000000000e-01 2.500000000000000000e-01 2.500000000000000000e-01 2.500000000000000000e-01
2.500000000000000000e-01 2.500000000000000000e-01 2.500000000000000000e-01 2.500000000000000000e-01
2.500000000000000000e-01 2.500000000000000000e-01 2.500000000000000000e-01 2.500000000000000000e-01
2.500000000000000000e-01 2.500000000000000000e-01 2.500000000000000000e-01 2.500000000000000000e-01
2.500000000000000000e-01 2.500000000000000000e-01 2.500000000000000000e-01 2.500000000000000000e-01
2.500000000000000000e-01 2.500000000000000000e-01 2.500000000000000000e-01 2.500000000000000000e-01
2.500000000000000000e-01 2.500000000000000000e-01 2.500000000000000000e-01 2.500000000000000000e-01
2.500000000000000000e-01 2.500000000000000000e-01 2.500000000000000000e-01 2.500000000000000000e-01
2.500000000000000000e-01 2.500000000000000000e-01 2.500000000000000000e-01 2.500000000000000000e-01
2.518498399592922210e-02 5.885889530377588219e-01 7.817087739259975798e-02 3.080551855737122535e-01
2.500000000000000000e-01 2.500000000000000000e-01 2.500000000000000000e-01 2.500000000000000000e-01
4.545036762048314249e-02 3.883657284736471982e-01 3.526045867231062947e-01 2.135793171827632952e-01
2.500000000000000000e-01 2.500000000000000000e-01 2.500000000000000000e-01 2.500000000000000000e-01
2.500000000000000000e-01 2.500000000000000000e-01 2.500000000000000000e-01 2.500000000000000000e-01
2.500000000000000000e-01 2.500000000000000000e-01 2.500000000000000000e-01 2.500000000000000000e-01
5.724842220284919181e-01 1.566537017382765018e-01 1.331655659961607230e-01 1.376965102370708571e-01
2.500000000000000000e-01 2.500000000000000000e-01 2.500000000000000000e-01 2.500000000000000000e-01
5.423662474502456421e-01 9.344126333929343720e-02 3.297671211221175347e-01 3.442536808834339990e-02
2.292524262756921727e-01 2.912295177369970678e-01 3.132089135248355971e-02 4.481971646348271721e-01
2.229968807901707706e-01 2.557797170878131077e-01 2.744177597491654907e-01 2.468056423728506865e-01
2.500000000000000000e-01 2.500000000000000000e-01 2.500000000000000000e-01 2.500000000000000000e-01
2.500000000000000000e-01 2.500000000000000000e-01 2.500000000000000000e-01 2.500000000000000000e-01
2.500000000000000000e-01 2.500000000000000000e-01 2.500000000000000000e-01 2.500000000000000000e-01
2.500000000000000000e-01 2.500000000000000000e-01 2.500000000000000000e-01 2.500000000000000000e-01
9.531670935495435704e-02 2.875663034651049776e-01 1.749007304173098576e-01 4.422162567626308216e-01
2.500000000000000000e-01 2.500000000000000000e-01 2.500000000000000000e-01 2.500000000000000000e-01
6.514536101319010619e-01 1.670948127422516583e-01 3.068243253354277500e-02 1.507691445923045048e-01
1.754638012632287192e-01 9.004118672930873368e-02 5.103822105527483499e-01 2.241128014547142111e-01
3.682594830874874048e-01 1.484902905721274813e-01 4.708436277253585933e-01 1.240659861502652062e-02
2.500000000000000000e-01 2.500000000000000000e-01 2.500000000000000000e-01 2.500000000000000000e-01
2.025674510263645589e-01 4.985553218754379401e-02 1.977164400389412879e-01 5.498605767471503869e-01
2.500000000000000000e-01 2.500000000000000000e-01 2.500000000000000000e-01 2.500000000000000000e-01
2.500000000000000000e-01 2.500000000000000000e-01 2.500000000000000000e-01 2.500000000000000000e-01
3.108631369324882376e-01 1.269013517832065507e-01 4.013417235549449624e-01 1.608937877293602492e-01
2.500000000000000000e-01 2.500000000000000000e-01 2.500000000000000000e-01 2.500000000000000000e-01
2.500000000000000000e-01 2.500000000000000000e-01 2.500000000000000000e-01 2.500000000000000000e-01
7.900260378107522297e-02 2.228768329165137507e-01 4.674040063190268990e-01 2.307165569833842245e-01
2.500000000000000000e-01 2.500000000000000000e-01 2.500000000000000000e-01 2.500000000000000000e-01
2.500000000000000000e-01 2.500000000000000000e-01 2.500000000000000000e-01 2.500000000000000000e-01
2.500000000000000000e-01 2.500000000000000000e-01 2.500000000000000000e-01 2.500000000000000000e-01
2.736857625637561520e-01 2.173043863676386855e-01 5.317038352625660935e-02 4.558394675423485531e-01
2.500000000000000000e-01 2.500000000000000000e-01 2.500000000000000000e-01 2.500000000000000000e-01
2.295043956238812521e-01 3.734049369286874254e-01 1.462019774435810437e-01 2.508886900038502787e-01
1.114447866317187924e-01 3.063433655668360012e-01 2.188905377605500635e-01 3.633213100408951290e-01
6.890338040625109128e-01 1.770804517279822576e-01 9.050355783220809247e-02 4.338218637729873706e-02
2.500000000000000000e-01 2.500000000000000000e-01 2.500000000000000000e-01 2.500000000000000000e-01
2.500000000000000000e-01 2.500000000000000000e-01 2.500000000000000000e-01 2.500000000000000000e-01
2.500000000000000000e-01 2.500000000000000000e-01 2.500000000000000000e-01 2.500000000000000000e-01
2.500000000000000000e-01 2.500000000000000000e-01 2.500000000000000000e-01 2.500000000000000000e-01
2.500000000000000000e-01 2.500000000000000000e-01 2.500000000000000000e-01 2.500000000000000000e-01
2.500000000000000000e-01 2.500000000000000000e-01 2.500000000000000000e-01 2.500000000000000000e-01
2.500000000000000000e-01 2.500000000000000000e-01 2.500000000000000000e-01 2.500000000000000000e-01
2.500000000000000000e-01 2.500000000000000000e-01 2.500000000000000000e-01 2.500000000000000000e-01
2.500000000000000000e-01 2.500000000000000000e-01 2.500000000000000000e-01 2.500000000000000000e-01
2.500000000000000000e-01 2.500000000000000000e-01 2.500000000000000000e-01 2.500000000000000000e-01
2.500000000000000000e-01 2.500000000000000000e-01 2.500000000000000000e-01 2.500000000000000000e-01
2.500000000000000000e-01 2.500000000000000000e-01 2.500000000000000000e-01 2.500000000000000000e-01
3.757377869363333345e-02 4.001092678808679248e-02 1.248940872871128482e-01 7.975212072311670397e-01
2.500000000000000000e-01 2.500000000000000000e-01 2.500000000000000000e-01 2.500000000000000000e-01
1.805024842859574985e-01 2.562704528485343358e-01 1.978448564922644648e-01 3.653822063732437009e-01
1.659626405188931730e-01 5.654456722393300661e-01 1.757952848125498013e-01 9.279640242922701510e-02
2.500000000000000000e-01 2.500000000000000000e-01 2.500000000000000000e-01 2.500000000000000000e-01
6.238543545241659327e-02 9.875960886332114941e-02 9.324377964270656738e-02 7.456111760415556899e-01
2.526185006830357349e-02 1.553635248411350533e-01 6.156702785792342314e-02 7.578075972326379084e-01
2.500000000000000000e-01 2.500000000000000000e-01 2.500000000000000000e-01 2.500000000000000000e-01
2.500000000000000000e-01 2.500000000000000000e-01 2.500000000000000000e-01 2.500000000000000000e-01
2.500000000000000000e-01 2.500000000000000000e-01 2.500000000000000000e-01 2.500000000000000000e-01
2.500000000000000000e-01 2.500000000000000000e-01 2.500000000000000000e-01 2.500000000000000000e-01
2.500000000000000000e-01 2.500000000000000000e-01 2.500000000000000000e-01 2.500000000000000000e-01
2.500000000000000000e-01 2.500000000000000000e-01 2.500000000000000000e-01 2.500000000000000000e-01
2.500000000000000000e-01 2.500000000000000000e-01 2.500000000000000000e-01 2.500000000000000000e-01
2.500000000000000000e-01 2.500000000000000000e-01 2.500000000000000000e-01 2.500000000000000000e-01
2.584765976405811738e-01 1.305960427876436403e-01 8.920449583636386182e-02 5.217228637354113241e-01
2.500000000000000000e-01 2.500000000000000000e-01 2.500000000000000000e-01 2.500000000000000000e-01
6.604827724689095181e-01 1.098727072051895876e-01 1.673812611082294011e-02 2.129063942150779543e-01
2.500000000000000000e-01 2.500000000000000000e-01 2.500000000000000000e-01 2.500000000000000000e-01
2.500000000000000000e-01 2.500000000000000000e-01 2.500000000000000000e-01 2.500000000000000000e-01
2.500000000000000000e-01 2.500000000000000000e-01 2.500000000000000000e-01 2.500000000000000000e-01
5.913196990368016492e-02 1.420425474384077458e-01 1.432791839121782818e-01 6.555462987457337798e-01
2.500000000000000000e-01 2.500000000000000000e-01 2.500000000000000000e-01 2.500000000000000000e-01
2.013928647434584940e-01 2.291070551513752218e-01 8.433339935189174130e-02 4.851666807532745151e-01
2.500000000000000000e-01 2.500000000000000000e-01 2.500000000000000000e-01 2.500000000000000000e-01
3.808011926318371487e-01 4.546568864293972223e-01 1.461894434644886442e-01 1.835247747427698473e-02
2.500000000000000000e-01 2.500000000000000000e-01 2.500000000000000000e-01 2.500000000000000000e-01
2.500000000000000000e-01 2.500000000000000000e-01 2.500000000000000000e-01 2.500000000000000000e-01
2.500000000000000000e-01 2.500000000000000000e-01 2.500000000000000000e-01 2.500000000000000000e-01
2.500000000000000000e-01 2.500000000000000000e-01 2.500000000000000000e-01 2.500000000000000000e-01
2.500000000000000000e-01 2.500000000000000000e-01 2.500000000000000000e-01 2.500000000000000000e-01
2.500000000000000000e-01 2.500000000000000000e-01 2.500000000000000000e-01 2.500000000000000000e-01
1.438609202753132199e-01 3.423663263445331784e-01 4.727855877429404385e-02 4.664941946058595579e-01
2.500000000000000000e-01 2.500000000000000000e-01 2.500000000000000000e-01 2.500000000000000000e-01
2.070729735314062181e-01 3.316558419713764305e-01 4.163921771951077933e-01 4.487900730210955813e-02
2.500000000000000000e-01 2.500000000000000000e-01 2.500000000000000000e-01 2.500000000000000000e-01
2.000274312339845040e-01 5.387074685457787088e-02 1.692744954177771155e-01 5.768273264936605305e-01
2.500000000000000000e-01 2.500000000000000000e-01 2.500000000000000000e-01 2.500000000000000000e-01
2.500000000000000000e-01 2.500000000000000000e-01 2.500000000000000000e-01 2.500000000000000000e-01
2.500000000000000000e-01 2.500000000000000000e-01 2.500000000000000000e-01 2.500000000000000000e-01
2.500000000000000000e-01 2.500000000000000000e-01 2.500000000000000000e-01 2.500000000000000000e-01
2.500000000000000000e-01 2.500000000000000000e-01 2.500000000000000000e-01 2.500000000000000000e-01
2.500000000000000000e-01 2.500000000000000000e-01 2.500000000000000000e-01 2.500000000000000000e-01
2.500000000000000000e-01 2.500000000000000000e-01 2.500000000000000000e-01 2.500000000000000000e-01
7.045942277792801578e-01 3.893020431373984264e-02 2.048752661228938621e-01 5.160030178408614443e-02
2.889164877955882962e-02 3.661070881803826782e-01 2.028776277416979856e-01 4.021236352983605378e-01
2.500000000000000000e-01 2.500000000000000000e-01 2.500000000000000000e-01 2.500000000000000000e-01
2.500000000000000000e-01 2.500000000000000000e-01 2.500000000000000000e-01 2.500000000000000000e-01
2.500000000000000000e-01 2.500000000000000000e-01 2.500000000000000000e-01 2.500000000000000000e-01
2.500000000000000000e-01 2.500000000000000000e-01 2.500000000000000000e-01 2.500000000000000000e-01
2.500000000000000000e-01 2.500000000000000000e-01 2.500000000000000000e-01 2.500000000000000000e-01
2.500000000000000000e-01 2.500000000000000000e-01 2.500000000000000000e-01 2.500000000000000000e-01
1.936248604178675836e-01 3.083320516111936471e-01 4.299768018554711579e-02 4.550454077853916535e-01
2.500000000000000000e-01 2.500000000000000000e-01 2.500000000000000000e-01 2.500000000000000000e-01
2.500000000000000000e-01 2.500000000000000000e-01 2.500000000000000000e-01 2.500000000000000000e-01
2.500000000000000000e-01 2.500000000000000000e-01 2.500000000000000000e-01 2.500000000000000000e-01
2.500000000000000000e-01 2.500000000000000000e-01 2.500000000000000000e-01 2.500000000000000000e-01
2.500000000000000000e-01 2.500000000000000000e-01 2.500000000000000000e-01 2.500000000000000000e-01
2.500000000000000000e-01 2.500000000000000000e-01 2.500000000000000000e-01 2.500000000000000000e-01
4.276890213489926151e-01 5.421886384648767765e-02 6.051693832157788167e-02 4.575751764829418256e-01
2.500000000000000000e-01 2.500000000000000000e-01 2.500000000000000000e-01 2.500000000000000000e-01
2.500000000000000000e-01 2.500000000000000000e-01 2.500000000000000000e-01 2.500000000000000000e-01
2.500000000000000000e-01 2.500000000000000000e-01 2.500000000000000000e-01 2.500000000000000000e-01
2.500000000000000000e-01 2.500000000000000000e-01 2.500000000000000000e-01 2.500000000000000000e-01
2.500000000000000000e-01 2.500000000000000000e-01 2.500000000000000000e-01 2.500000000000000000e-01
2.500000000000000000e-01 2.500000000000000000e-01 2.500000000000000000e-01 2.500000000000000000e-01
3.404896101845988343e-01 4.645426198816135499e-01 1.196539339913991751e-01 7.531383594238844070e-02
2.500000000000000000e-01 2.500000000000000000e-01 2.500000000000000000e-01 2.500000000000000000e-01
4.223027482621415918e-01 1.692657388263527629e-01 5.573953600061187785e-03 4.028575593114444575e-01
5.686033621290411538e-02 5.020936529736299558e-01 3.043719821567214545e-02 4.106088125977937486e-01
2.500000000000000000e-01 2.500000000000000000e-01 2.500000000000000000e-01 2.500000000000000000e-01
2.500000000000000000e-01 2.500000000000000000e-01 2.500000000000000000e-01 2.500000000000000000e-01
2.500000000000000000e-01 2.500000000000000000e-01 2.500000000000000000e-01 2.500000000000000000e-01
2.500000000000000000e-01 2.500000000000000000e-01 2.500000000000000000e-01 2.500000000000000000e-01
2.500000000000000000e-01 2.500000000000000000e-01 2.500000000000000000e-01 2.500000000000000000e-01
9.036388459710058274e-02 2.713298738026950763e-01 1.384512748721024589e-01 4.998549667281018682e-01
1.142527852123838422e-01 6.399779528677210783e-01 8.859237317225299169e-02 1.571768887476420740e-01
2.500000000000000000e-01 2.500000000000000000e-01 2.500000000000000000e-01 2.500000000000000000e-01
2.500000000000000000e-01 2.500000000000000000e-01 2.500000000000000000e-01 2.500000000000000000e-01
2.500000000000000000e-01 2.500000000000000000e-01 2.500000000000000000e-01 2.500000000000000000e-01
2.500000000000000000e-01 2.500000000000000000e-01 2.500000000000000000e-01 2.500000000000000000e-01
2.500000000000000000e-01 2.500000000000000000e-01 2.500000000000000000e-01 2.500000000000000000e-01
2.500000000000000000e-01 2.500000000000000000e-01 2.500000000000000000e-01 2.500000000000000000e-01
2.500000000000000000e-01 2.500000000000000000e-01 2.500000000000000000e-01 2.500000000000000000e-01
2.500000000000000000e-01 2.500000000000000000e-01 2.500000000000000000e-01 2.500000000000000000e-01
2.500000000000000000e-01 2.500000000000000000e-01 2.500000000000000000e-01 2.500000000000000000e-01
2.500000000000000000e-01 2.500000000000000000e-01 2.500000000000000000e-01 2.500000000000000000e-01
5.508316631351042880e-02 4.171540221920829183e-01 2.425726063629532470e-01 2.851902051314534337e-01
2.500000000000000000e-01 2.500000000000000000e-01 2.500000000000000000e-01 2.500000000000000000e-01
2.500000000000000000e-01 2.500000000000000000e-01 2.500000000000000000e-01 2.500000000000000000e-01
2.500000000000000000e-01 2.500000000000000000e-01 2.500000000000000000e-01 2.500000000000000000e-01
2.500000000000000000e-01 2.500000000000000000e-01 2.500000000000000000e-01 2.500000000000000000e-01
2.500000000000000000e-01 2.500000000000000000e-01 2.500000000000000000e-01 2.500000000000000000e-01
2.824464644538373648e-01 6.416608748399879047e-01 3.529301299954346050e-02 4.059964770663126998e-02
5.937271827131010427e-02 1.172107374646187694e-01 1.222638559042414641e-01 7.011526883598296900e-01
2.500000000000000000e-01 2.500000000000000000e-01 2.500000000000000000e-01 2.500000000000000000e-01
2.500000000000000000e-01 2.500000000000000000e-01 2.500000000000000000e-01 2.500000000000000000e-01
1.177123546254371933e-01 5.980928081862866286e-01 9.459280099344447024e-02 1.896020361948317634e-01
2.500000000000000000e-01 2.500000000000000000e-01 2.500000000000000000e-01 2.500000000000000000e-01
2.500000000000000000e-01 2.500000000000000000e-01 2.500000000000000000e-01 2.500000000000000000e-01
2.500000000000000000e-01 2.500000000000000000e-01 2.500000000000000000e-01 2.500000000000000000e-01
2.500000000000000000e-01 2.500000000000000000e-01 2.500000000000000000e-01 2.500000000000000000e-01
2.500000000000000000e-01 2.500000000000000000e-01 2.500000000000000000e-01 2.500000000000000000e-01
2.500000000000000000e-01 2.500000000000000000e-01 2.500000000000000000e-01 2.500000000000000000e-01
3.630802185545586869e-01 6.701765280404800573e-02 5.381067707195748007e-01 3.179535792181847897e-02
1.372530262547930480e-01 3.142448358414129395e-01 2.235924396048249996e-01 3.249096982989689852e-01
4.317908363928645021e-02 6.345063550380009021e-02 6.349960096548652455e-01 2.583742712020482002e-01
1.555246145194989771e-02 9.051542394479955567e-02 1.115385843541122357e-02 8.827782561678393369e-01
2.500000000000000000e-01 2.500000000000000000e-01 2.500000000000000000e-01 2.500000000000000000e-01
2.500000000000000000e-01 2.500000000000000000e-01 2.500000000000000000e-01 2.500000000000000000e-01
6.076328752018280710e-01 1.683059713808227886e-01 1.717340417273332254e-01 5.232711169001591500e-02
2.500000000000000000e-01 2.500000000000000000e-01 2.500000000000000000e-01 2.500000000000000000e-01
2.500000000000000000e-01 2.500000000000000000e-01 2.500000000000000000e-01 2.500000000000000000e-01
2.500000000000000000e-01 2.500000000000000000e-01 2.500000000000000000e-01 2.500000000000000000e-01
2.500000000000000000e-01 2.500000000000000000e-01 2.500000000000000000e-01 2.500000000000000000e-01
2.500000000000000000e-01 2.500000000000000000e-01 2.500000000000000000e-01 2.500000000000000000e-01
2.369079256160696589e-01 1.013800455071369767e-02 2.398923869304607492e-01 5.130616829027558889e-01
2.500000000000000000e-01 2.500000000000000000e-01 2.500000000000000000e-01 2.500000000000000000e-01
2.500000000000000000e-01 2.500000000000000000e-01 2.500000000000000000e-01 2.500000000000000000e-01
2.500000000000000000e-01 2.500000000000000000e-01 2.500000000000000000e-01 2.500000000000000000e-01
2.500000000000000000e-01 2.500000000000000000e-01 2.500000000000000000e-01 2.500000000000000000e-01
2.500000000000000000e-01 2.500000000000000000e-01 2.500000000000000000e-01 2.500000000000000000e-01
2.500000000000000000e-01 2.500000000000000000e-01 2.500000000000000000e-01 2.500000000000000000e-01
2.500000000000000000e-01 2.500000000000000000e-01 2.500000000000000000e-01 2.500000000000000000e-01
2.500000000000000000e-01 2.500000000000000000e-01 2.500000000000000000e-01 2.500000000000000000e-01
6.024331485639522477e-01 6.690480852112400123e-02 1.031381455838215194e-01 2.275238973311022317e-01
2.448602990542856073e-01 3.947890376505660548e-01 3.359265091349462606e-01 2.442415416020207730e-02
2.609488710702584716e-02 3.399837760762327021e-01 3.531409418689374635e-01 2.807803949478039907e-01
2.500000000000000000e-01 2.500000000000000000e-01 2.500000000000000000e-01 2.500000000000000000e-01
2.500000000000000000e-01 2.500000000000000000e-01 2.500000000000000000e-01 2.500000000000000000e-01
2.500000000000000000e-01 2.500000000000000000e-01 2.500000000000000000e-01 2.500000000000000000e-01
2.500000000000000000e-01 2.500000000000000000e-01 2.500000000000000000e-01 2.500000000000000000e-01
2.500000000000000000e-01 2.500000000000000000e-01 2.500000000000000000e-01 2.500000000000000000e-01
1.308524618294801545e-01 1.633405334614607407e-01 4.531847126389254576e-01 2.526222920701336472e-01
2.500000000000000000e-01 2.500000000000000000e-01 2.500000000000000000e-01 2.500000000000000000e-01
2.500000000000000000e-01 2.500000000000000000e-01 2.500000000000000000e-01 2.500000000000000000e-01
4.321489497705218591e-02 3.513137657075151021e-01 3.956894216894087379e-01 2.097819176260239671e-01
2.500000000000000000e-01 2.500000000000000000e-01 2.500000000000000000e-01 2.500000000000000000e-01
2.794719094650461311e-01 2.218448228083661211e-01 1.977701882201411687e-01 3.009130795064465791e-01
2.500000000000000000e-01 2.500000000000000000e-01 2.500000000000000000e-01 2.500000000000000000e-01
2.500000000000000000e-01 2.500000000000000000e-01 2.500000000000000000e-01 2.500000000000000000e-01
2.988740655168709570e-01 2.185969541449050146e-01 4.673771650635305530e-01 1.515181527469350309e-02
2.500000000000000000e-01 2.500000000000000000e-01 2.500000000000000000e-01 2.500000000000000000e-01
2.500000000000000000e-01 2.500000000000000000e-01 2.500000000000000000e-01 2.500000000000000000e-01
2.500000000000000000e-01 2.500000000000000000e-01 2.500000000000000000e-01 2.500000000000000000e-01
2.500000000000000000e-01 2.500000000000000000e-01 2.500000000000000000e-01 2.500000000000000000e-01
1.921819068076488501e-01 1.116348888007784729e-01 2.257887738496682783e-01 4.703944305419043848e-01
2.961335965015114979e-01 2.593584727273984814e-01 4.318391458097435298e-01 1.266878496134643539e-02
2.500000000000000000e-01 2.500000000000000000e-01 2.500000000000000000e-01 2.500000000000000000e-01
2.500000000000000000e-01 2.500000000000000000e-01 2.500000000000000000e-01 2.500000000000000000e-01
2.500000000000000000e-01 2.500000000000000000e-01 2.500000000000000000e-01 2.500000000000000000e-01
2.500000000000000000e-01 2.500000000000000000e-01 2.500000000000000000e-01 2.500000000000000000e-01
2.500000000000000000e-01 2.500000000000000000e-01 2.500000000000000000e-01 2.500000000000000000e-01
2.500000000000000000e-01 2.500000000000000000e-01 2.500000000000000000e-01 2.500000000000000000e-01
2.500000000000000000e-01 2.500000000000000000e-01 2.500000000000000000e-01 2.500000000000000000e-01
2.500000000000000000e-01 2.500000000000000000e-01 2.500000000000000000e-01 2.500000000000000000e-01
2.500000000000000000e-01 2.500000000000000000e-01 2.500000000000000000e-01 2.500000000000000000e-01
2.500000000000000000e-01 2.500000000000000000e-01 2.500000000000000000e-01 2.500000000000000000e-01
1.023627781643353801e-01 1.661431170914401956e-01 2.184870134711991985e-01 5.130070912730252397e-01
5.725284592305831394e-02 1.102499156444118091e-02 4.307177775856098623e-01 5.010043849268905891e-01
2.500000000000000000e-01 2.500000000000000000e-01 2.500000000000000000e-01 2.500000000000000000e-01
2.067130564179488761e-01 3.370147332800896289e-01 1.849416265857882213e-01 2.713305837161732459e-01
2.500000000000000000e-01 2.500000000000000000e-01 2.500000000000000000e-01 2.500000000000000000e-01
6.129815150431574544e-01 1.118993947667553807e-01 5.454431969650384848e-02 2.205747704935833164e-01
3.007287791172920735e-02 2.005706914438694366e-01 1.819782539344718397e-01 5.873781767099295337e-01
2.500000000000000000e-01 2.500000000000000000e-01 2.500000000000000000e-01 2.500000000000000000e-01
2.500000000000000000e-01 2.500000000000000000e-01 2.500000000000000000e-01 2.500000000000000000e-01
2.500000000000000000e-01 2.500000000000000000e-01 2.500000000000000000e-01 2.500000000000000000e-01
2.500000000000000000e-01 2.500000000000000000e-01 2.500000000000000000e-01 2.500000000000000000e-01
2.500000000000000000e-01 2.500000000000000000e-01 2.500000000000000000e-01 2.500000000000000000e-01
1.349746766055588132e-01 1.419820250946338402e-01 8.954739797884750385e-02 6.334959003209598150e-01
5.760477239385853460e-02 2.801728841495234601e-01 1.905665954662711936e-01 4.716557479903468186e-01
1.637492479770703002e-01 4.654176203905243114e-01 2.158793461534604385e-01 1.549537854789450053e-01
2.500000000000000000e-01 2.500000000000000000e-01 2.500000000000000000e-01 2.500000000000000000e-01
2.500000000000000000e-01 2.500000000000000000e-01 2.500000000000000000e-01 2.500000000000000000e-01
2.500000000000000000e-01 2.500000000000000000e-01 2.500000000000000000e-01 2.500000000000000000e-01
2.500000000000000000e-01 2.500000000000000000e-01 2.500000000000000000e-01 2.500000000000000000e-01
1.481046166152878152e-01 4.462041913405735416e-01 4.720024702087577406e-02 3.584909450232628414e-01
2.500000000000000000e-01 2.500000000000000000e-01 2.500000000000000000e-01 2.500000000000000000e-01
2.500000000000000000e-01 2.500000000000000000e-01 2.500000000000000000e-01 2.500000000000000000e-01
2.500000000000000000e-01 2.500000000000000000e-01 2.500000000000000000e-01 2.500000000000000000e-01
1.099734235696191997e-01 1.263121186461166612e-01 2.648444907108907231e-02 7.372300087131751223e-01
2.500000000000000000e-01 2.500000000000000000e-01 2.500000000000000000e-01 2.500000000000000000e-01
2.500000000000000000e-01 2.500000000000000000e-01 2.500000000000000000e-01 2.500000000000000000e-01
2.500000000000000000e-01 2.500000000000000000e-01 2.500000000000000000e-01 2.500000000000000000e-01
2.500000000000000000e-01 2.500000000000000000e-01 2.500000000000000000e-01 2.500000000000000000e-01
