2.500000000000000000e-01 2.500000000000000000e-01 2.500000000000000000e-01 2.500000000000000000e-01
3.067417343443171740e-01 1.550386955968184773e-02 1.940100448592252391e-01 4.837443512367757270e-01
2.500000000000000000e-01 2.500000000000000000e-01 2.500000000000000000e-01 2.500000000000000000e-01
2.500000000000000000e-01 2.500000000000000000e-01 2.500000000000000000e-01 2.500000000000000000e-01
2.500000000000000000e-01 2.500000000000000000e-01 2.500000000000000000e-01 2.500000000000000000e-01
2.500000000000000000e-01 2.500000000000000000e-01 2.500000000000000000e-01 2.500000000000000000e-01
1.452503627070178271e-01 3.284615599330504843e-01 9.092963881049076491e-03 5.171951134788825843e-01
2.500000000000000000e-01 2.500000000000000000e-01 2.500000000000000000e-01 2.500000000000000000e-01
2.500000000000000000e-01 2.500000000000000000e-01 2.500000000000000000e-01 2.500000000000000000e-01
2.500000000000000000e-01 2.500000000000000000e-01 2.500000000000000000e-01 2.500000000000000000e-01
2.500000000000000000e-01 2.500000000000000000e-01 2.500000000000000000e-01 2.500000000000000000e-01
2.500000000000000000e-01 2.500000000000000000e-01 2.500000000000000000e-01 2.500000000000000000e-01
2.500000000000000000e-01 2.500000000000000000e-01 2.500000000000000000e-01 2.500000000000000000e-01
1.592826717021599559e-01 2.274633249980321514e-01 1.043629141592062604e-01 5.088910891406016601e-01
2.500000000000000000e-01 2.500000000000000000e-01 2.500000000000000000e-01 2.500000000000000000e-01
8.466639261932454863e-01 7.190754186551370775e-02 5.857861159906033177e-02 2.284992034218047419e-02
2.899878763427314321e-01 1.050389042139136253e-01 5.445935009992638465e-01 6.037971844409106836e-02
5.524954286556833516e-01 7.406390664902791354e-02 9.015393111358376010e-02 2.832867335817049748e-01
2.500000000000000000e-01 2.500000000000000000e-01 2.500000000000000000e-01 2.500000000000000000e-01
2.500000000000000000e-01 2.500000000000000000e-01 2.500000000000000000e-01 2.500000000000000000e-01
2.500000000000000000e-01 2.500000000000000000e-01 2.500000000000000000e-01 2.500000000000000000e-01
2.500000000000000000e-01 2.500000000000000000e-01 2.500000000000000000e-01 2.500000000000000000e-01
2.500000000000000000e-01 2.500000000000000000e-01 2.500000000000000000e-01 2.500000000000000000e-01
2.500000000000000000e-01 2.500000000000000000e-01 2.500000000000000000e-01 2.500000000000000000e-01
5.909866622512807144e-01 6.273793324736216814e-02 3.278069080423277604e-01 1.846849645902937098e-02
2.500000000000000000e-01 2.500000000000000000e-01 2.500000000000000000e-01 2.500000000000000000e-01
2.500000000000000000e-01 2.500000000000000000e-01 2.500000000000000000e-01 2.500000000000000000e-01
2.500000000000000000e-01 2.500000000000000000e-01 2.500000000000000000e-01 2.500000000000000000e-01
1.589348180837633906e-01 4.997170213537183159e-01 1.104050797294167108e-01 2.309430808331015827e-01
2.500000000000000000e-01 2.500000000000000000e-01 2.500000000000000000e-01 2.500000000000000000e-01
2.500000000000000000e-01 2.500000000000000000e-01 2.500000000000000000e-01 2.500000000000000000e-01
2.500000000000000000e-01 2.500000000000000000e-01 2.500000000000000000e-01 2.500000000000000000e-01
3.870218226605949639e-03 4.207531606163338878e-01 2.515236141179282847e-01 3.238530070391319460e-01
2.494407484186965049e-02 5.608811829468042243e-01 6.749922683436893056e-02 3.466755153769571218e-01
3.191664714844674178e-01 8.302463567196875782e-02 4.989592973311510193e-01 9.884959551241284670e-02
8.192408475693867265e-02 9.935783916341710265e-02 5.696006549289815979e-01 2.491174211506625435e-01
3.190020544228413524e-01 1.481566577484822733e-01 4.513918071969329482e-01 8.144948063174339836e-02
6.586434258331509417e-01 1.282539525262609524e-02 2.331310112249793121e-01 9.540016768924364232e-02
6.679206003774921241e-01 8.622244201338345737e-02 1.682437377495686892e-01 7.761321985955571545e-02
2.500000000000000000e-01 2.500000000000000000e-01 2.500000000000000000e-01 2.500000000000000000e-01
2.500000000000000000e-01 2.500000000000000000e-01 2.500000000000000000e-01 2.500000000000000000e-01
2.500000000000000000e-01 2.500000000000000000e-01 2.500000000000000000e-01 2.500000000000000000e-01
2.500000000000000000e-01 2.500000000000000000e-01 2.500000000000000000e-01 2.500000000000000000e-01
2.500000000000000000e-01 2.500000000000000000e-01 2.500000000000000000e-01 2.500000000000000000e-01
3.047651789689140300e-01 4.508140971626255489e-01 1.226557088875424029e-02 2.321551529797061808e-01
2.500000000000000000e-01 2.500000000000000000e-01 2.500000000000000000e-01 2.500000000000000000e-01
2.500000000000000000e-01 2.500000000000000000e-01 2.500000000000000000e-01 2.500000000000000000e-01
2.500000000000000000e-01 2.500000000000000000e-01 2.500000000000000000e-01 2.500000000000000000e-01
2.500000000000000000e-01 2.500000000000000000e-01 2.500000000000000000e-01 2.500000000000000000e-01
2.500000000000000000e-01 2.500000000000000000e-01 2.500000000000000000e-01 2.500000000000000000e-01
2.500000000000000000e-01 2.500000000000000000e-01 2.500000000000000000e-01 2.500000000000000000e-01
2.330209631007301371e-02 3.046198195509648432e-01 3.494833071106142608e-01 3.225947770283479343e-01
3.885458026344525972e-01 1.594385884905000564e-02 4.713342959029783730e-01 1.241760426135189999e-01
2.500000000000000000e-01 2.500000000000000000e-01 2.500000000000000000e-01 2.500000000000000000e-01
2.500000000000000000e-01 2.500000000000000000e-01 2.500000000000000000e-01 2.500000000000000000e-01
1.767969360887094166e-01 3.473857891347511759e-03 6.684098404006867389e-01 1.513193656192563796e-01
6.674542531352258834e-01 9.959303656189027673e-03 1.020502423090297039e-01 2.205362008995553902e-01
1.598001290251738205e-01 4.361779048304386536e-02 3.024891765534098442e-01 4.940929039383724630e-01
2.500000000000000000e-01 2.500000000000000000e-01 2.500000000000000000e-01 2.500000000000000000e-01
2.500000000000000000e-01 2.500000000000000000e-01 2.500000000000000000e-01 2.500000000000000000e-01
2.500000000000000000e-01 2.500000000000000000e-01 2.500000000000000000e-01 2.500000000000000000e-01
9.141659415208733264e-02 1.342932256974871570e-02 3.994552613395448981e-01 4.956988219386190275e-01
7.281898895986613773e-01 7.878131878471987537e-02 1.632301415699315972e-01 2.979865004668713624e-02
6.198155426694026415e-01 2.137763640327684095e-02 2.135273661521044364e-01 1.452794547752160881e-01
2.500000000000000000e-01 2.500000000000000000e-01 2.500000000000000000e-01 2.500000000000000000e-01
2.500000000000000000e-01 2.500000000000000000e-01 2.500000000000000000e-01 2.500000000000000000e-01
2.500000000000000000e-01 2.500000000000000000e-01 2.500000000000000000e-01 2.500000000000000000e-01
2.500000000000000000e-01 2.500000000000000000e-01 2.500000000000000000e-01 2.500000000000000000e-01
2.500000000000000000e-01 2.500000000000000000e-01 2.500000000000000000e-01 2.500000000000000000e-01
2.500000000000000000e-01 2.500000000000000000e-01 2.500000000000000000e-01 2.500000000000000000e-01
2.500000000000000000e-01 2.500000000000000000e-01 2.500000000000000000e-01 2.500000000000000000e-01
2.500000000000000000e-01 2.500000000000000000e-01 2.500000000000000000e-01 2.500000000000000000e-01
3.935323247549630810e-01 1.225810763692273264e-01 3.023262565647711897e-01 1.815603423110384029e-01
3.818848698872947534e-01 1.020078637404270849e-01 9.978379411071397476e-02 4.163234722615641870e-01
2.602553264496705876e-01 2.079864282028526523e-01 1.748259555634278095e-01 3.569322897840489506e-01
4.320418502085409118e-01 6.440523266102610167e-02 1.030535967857117430e-01 4.004993203447212435e-01
2.500000000000000000e-01 2.500000000000000000e-01 2.500000000000000000e-01 2.500000000000000000e-01
2.500000000000000000e-01 2.500000000000000000e-01 2.500000000000000000e-01 2.500000000000000000e-01
2.500000000000000000e-01 2.500000000000000000e-01 2.500000000000000000e-01 2.500000000000000000e-01
1.749261216441712688e-02 4.413124642514120732e-01 4.089754688345254019e-02 5.002973767007182770e-01
2.500000000000000000e-01 2.500000000000000000e-01 2.500000000000000000e-01 2.500000000000000000e-01
2.500000000000000000e-01 2.500000000000000000e-01 2.500000000000000000e-01 2.500000000000000000e-01
2.500000000000000000e-01 2.500000000000000000e-01 2.500000000000000000e-01 2.500000000000000000e-01
2.500000000000000000e-01 2.500000000000000000e-01 2.500000000000000000e-01 2.500000000000000000e-01
1.391503592545875745e-01 5.189914438759394427e-02 5.048957451193156754e-01 3.040547512385028406e-01
2.500000000000000000e-01 2.500000000000000000e-01 2.500000000000000000e-01 2.500000000000000000e-01
2.500000000000000000e-01 2.500000000000000000e-01 2.500000000000000000e-01 2.500000000000000000e-01
2.500000000000000000e-01 2.500000000000000000e-01 2.500000000000000000e-01 2.500000000000000000e-01
1.955598927065126669e-01 4.513291460111097941e-01 6.517778806172364048e-02 2.879331732206539263e-01
2.500000000000000000e-01 2.500000000000000000e-01 2.500000000000000000e-01 2.500000000000000000e-01
2.814128074558324699e-01 5.707687817270985509e-01 5.139771706010098917e-02 9.642069375696793454e-02
1.523145807861632506e-01 2.148518318842276564e-01 4.884354601909210447e-02 5.839900413105170163e-01
9.567305940311488302e-03 2.189265303199266488e-01 2.021326849942257087e-01 5.693734787455361213e-01
2.500000000000000000e-01 2.500000000000000000e-01 2.500000000000000000e-01 2.500000000000000000e-01
2.500000000000000000e-01 2.500000000000000000e-01 2.500000000000000000e-01 2.500000000000000000e-01
2.500000000000000000e-01 2.500000000000000000e-01 2.500000000000000000e-01 2.500000000000000000e-01
2.500000000000000000e-01 2.500000000000000000e-01 2.500000000000000000e-01 2.500000000000000000e-01
2.500000000000000000e-01 2.500000000000000000e-01 2.500000000000000000e-01 2.500000000000000000e-01
2.500000000000000000e-01 2.500000000000000000e-01 2.500000000000000000e-01 2.500000000000000000e-01
2.500000000000000000e-01 2.500000000000000000e-01 2.500000000000000000e-01 2.500000000000000000e-01
