2.500000000000000000e-01 2.500000000000000000e-01 2.500000000000000000e-01 2.500000000000000000e-01
2.500000000000000000e-01 2.500000000000000000e-01 2.500000000000000000e-01 2.500000000000000000e-01
2.500000000000000000e-01 2.500000000000000000e-01 2.500000000000000000e-01 2.500000000000000000e-01
1.406465898754444832e-01 8.719006486190962468e-02 6.518703890115935540e-01 1.202929562510523520e-01
2.500000000000000000e-01 2.500000000000000000e-01 2.500000000000000000e-01 2.500000000000000000e-01
2.500000000000000000e-01 2.500000000000000000e-01 2.500000000000000000e-01 2.500000000000000000e-01
3.087704192022445171e-01 5.273447355483774218e-02 1.148910037618772195e-01 5.236041034810405836e-01
3.685367549559612210e-01 9.890932305431456018e-02 3.534677470831208979e-01 1.790861749066033348e-01
2.500000000000000000e-01 2.500000000000000000e-01 2.500000000000000000e-01 2.500000000000000000e-01
3.576575066322498775e-02 6.297639775164471931e-01 5.855083009989758835e-02 2.759194417204302585e-01
1.772968845880165401e-01 4.298560355782302111e-01 1.363111076004991928e-01 2.565359722332539727e-01
2.500000000000000000e-01 2.500000000000000000e-01 2.500000000000000000e-01 2.500000000000000000e-01
2.500000000000000000e-01 2.500000000000000000e-01 2.500000000000000000e-01 2.500000000000000000e-01
2.500000000000000000e-01 2.500000000000000000e-01 2.500000000000000000e-01 2.500000000000000000e-01
2.500000000000000000e-01 2.500000000000000000e-01 2.500000000000000000e-01 2.500000000000000000e-01
2.500000000000000000e-01 2.500000000000000000e-01 2.500000000000000000e-01 2.500000000000000000e-01
2.500000000000000000e-01 2.500000000000000000e-01 2.500000000000000000e-01 2.500000000000000000e-01
2.500000000000000000e-01 2.500000000000000000e-01 2.500000000000000000e-01 2.500000000000000000e-01
6.111542232476685488e-01 2.891634424932447156e-01 7.413186823368272949e-02 2.555046602540400613e-02
2.500000000000000000e-01 2.500000000000000000e-01 2.500000000000000000e-01 2.500000000000000000e-01
2.500000000000000000e-01 2.500000000000000000e-01 2.500000000000000000e-01 2.500000000000000000e-01
8.118673793679531681e-01 1.209934853857581871e-01 1.865054059475254600e-02 4.848859465153609882e-02
2.500000000000000000e-01 2.500000000000000000e-01 2.500000000000000000e-01 2.500000000000000000e-01
7.761451886784798138e-01 1.187164891499673247e-01 4.012229083853105505e-02 6.501603133302180648e-02
2.500000000000000000e-01 2.500000000000000000e-01 2.500000000000000000e-01 2.500000000000000000e-01
2.500000000000000000e-01 2.500000000000000000e-01 2.500000000000000000e-01 2.500000000000000000e-01
2.500000000000000000e-01 2.500000000000000000e-01 2.500000000000000000e-01 2.500000000000000000e-01
2.500000000000000000e-01 2.500000000000000000e-01 2.500000000000000000e-01 2.500000000000000000e-01
7.410792830233160489e-01 1.241830048326805630e-01 1.014740155535683030e-02 1.245903105886465578e-01
2.880788362232300504e-01 4.324740166942406608e-03 5.297189353804927503e-01 1.778774882293347459e-01
