1.562407298932460276e-01 2.790791993444026176e-01 2.871261278111499893e-01 2.775539429512013934e-01
2.500000000000000000e-01 2.500000000000000000e-01 2.500000000000000000e-01 2.500000000000000000e-01
2.500000000000000000e-01 2.500000000000000000e-01 2.500000000000000000e-01 2.500000000000000000e-01
2.526773376879782318e-01 3.222476765609988414e-01 6.136951298723236636e-02 3.637054727637905605e-01
2.500000000000000000e-01 2.500000000000000000e-01 2.500000000000000000e-01 2.500000000000000000e-01
2.500000000000000000e-01 2.500000000000000000e-01 2.500000000000000000e-01 2.500000000000000000e-01
2.500000000000000000e-01 2.500000000000000000e-01 2.500000000000000000e-01 2.500000000000000000e-01
2.500000000000000000e-01 2.500000000000000000e-01 2.500000000000000000e-01 2.500000000000000000e-01
4.916940717778107151e-01 6.992419018899602087e-03 1.757522990272553931e-01 3.255612101760342880e-01
2.182817800552774301e-01 2.868696489214729861e-01 3.467596652385712130e-01 1.480889057846783152e-01
2.500000000000000000e-01 2.500000000000000000e-01 2.500000000000000000e-01 2.500000000000000000e-01
2.500000000000000000e-01 2.500000000000000000e-01 2.500000000000000000e-01 2.500000000000000000e-01
2.500000000000000000e-01 2.500000000000000000e-01 2.500000000000000000e-01 2.500000000000000000e-01
7.995636823002087723e-02 6.931940749918437117e-01 3.897864947558371540e-02 1.878709073025516818e-01
2.500000000000000000e-01 2.500000000000000000e-01 2.500000000000000000e-01 2.500000000000000000e-01
1.253866975149413032e-01 4.071253170998838100e-01 1.348903810523164881e-01 3.325976043328583986e-01
3.620410971494585906e-01 7.572219339405761307e-02 1.956243326557779438e-01 3.666123768007058525e-01
2.500000000000000000e-01 2.500000000000000000e-01 2.500000000000000000e-01 2.500000000000000000e-01
2.500000000000000000e-01 2.500000000000000000e-01 2.500000000000000000e-01 2.500000000000000000e-01
1.862122083122166871e-01 3.342268620899550569e-01 3.541747635503972313e-02 4.441434532427885329e-01
2.500000000000000000e-01 2.500000000000000000e-01 2.500000000000000000e-01 2.500000000000000000e-01
2.500000000000000000e-01 2.500000000000000000e-01 2.500000000000000000e-01 2.500000000000000000e-01
1.009229419125322741e-01 3.706241455283192376e-01 1.629189721247820133e-01 3.655339404343664889e-01
6.497021419111461693e-01 6.108378788533059406e-02 4.548886680771706964e-02 2.437252033958061670e-01
2.500000000000000000e-01 2.500000000000000000e-01 2.500000000000000000e-01 2.500000000000000000e-01
2.500000000000000000e-01 2.500000000000000000e-01 2.500000000000000000e-01 2.500000000000000000e-01
1.404724451683375674e-01 1.444519545320272214e-01 4.863745449130584264e-01 2.287010553865768681e-01
2.500000000000000000e-01 2.500000000000000000e-01 2.500000000000000000e-01 2.500000000000000000e-01
2.500000000000000000e-01 2.500000000000000000e-01 2.500000000000000000e-01 2.500000000000000000e-01
2.500000000000000000e-01 2.500000000000000000e-01 2.500000000000000000e-01 2.500000000000000000e-01
4.877131910066333509e-01 1.769392917538840648e-01 1.597302365210082065e-01 1.756172807184743778e-01
1.775653637906398907e-01 4.724636102882373567e-01 3.987636490420110036e-03 3.459833894307026148e-01
2.500000000000000000e-01 2.500000000000000000e-01 2.500000000000000000e-01 2.500000000000000000e-01
4.229889298850926793e-01 4.059048112969235178e-01 1.322808264727543537e-01 3.882543234522944919e-02
2.500000000000000000e-01 2.500000000000000000e-01 2.500000000000000000e-01 2.500000000000000000e-01
2.500000000000000000e-01 2.500000000000000000e-01 2.500000000000000000e-01 2.500000000000000000e-01
2.500000000000000000e-01 2.500000000000000000e-01 2.500000000000000000e-01 2.500000000000000000e-01
1.747282571503230575e-01 9.369742446045062345e-02 2.603783358102942369e-01 4.711959825789321377e-01
2.872324921856240776e-01 2.951364336004352884e-01 1.413767016583452607e-01 2.762543725555953733e-01
2.500000000000000000e-01 2.500000000000000000e-01 2.500000000000000000e-01 2.500000000000000000e-01
2.500000000000000000e-01 2.500000000000000000e-01 2.500000000000000000e-01 2.500000000000000000e-01
2.662423355659198632e-01 1.155104418347626533e-01 5.735887348543623476e-01 4.465848774495506657e-02
2.500000000000000000e-01 2.500000000000000000e-01 2.500000000000000000e-01 2.500000000000000000e-01
2.500000000000000000e-01 2.500000000000000000e-01 2.500000000000000000e-01 2.500000000000000000e-01
2.500000000000000000e-01 2.500000000000000000e-01 2.500000000000000000e-01 2.500000000000000000e-01
2.500000000000000000e-01 2.500000000000000000e-01 2.500000000000000000e-01 2.500000000000000000e-01
2.500000000000000000e-01 2.500000000000000000e-01 2.500000000000000000e-01 2.500000000000000000e-01
2.038164262605886116e-03 6.650262320949046346e-02 8.654011299119462874e-02 8.449190995367090729e-01
1.672106818143475615e-01 1.115901509857897267e-02 2.857061501772295564e-01 5.359241529098439649e-01
5.325355836067720006e-01 9.368720727296804551e-02 1.422318704609054074e-01 2.315453386593545604e-01
2.500000000000000000e-01 2.500000000000000000e-01 2.500000000000000000e-01 2.500000000000000000e-01
2.500000000000000000e-01 2.500000000000000000e-01 2.500000000000000000e-01 2.500000000000000000e-01
2.500000000000000000e-01 2.500000000000000000e-01 2.500000000000000000e-01 2.500000000000000000e-01
2.500000000000000000e-01 2.500000000000000000e-01 2.500000000000000000e-01 2.500000000000000000e-01
2.500000000000000000e-01 2.500000000000000000e-01 2.500000000000000000e-01 2.500000000000000000e-01
2.500000000000000000e-01 2.500000000000000000e-01 2.500000000000000000e-01 2.500000000000000000e-01
2.500000000000000000e-01 2.500000000000000000e-01 2.500000000000000000e-01 2.500000000000000000e-01
2.500000000000000000e-01 2.500000000000000000e-01 2.500000000000000000e-01 2.500000000000000000e-01
2.500000000000000000e-01 2.500000000000000000e-01 2.500000000000000000e-01 2.500000000000000000e-01
2.500000000000000000e-01 2.500000000000000000e-01 2.500000000000000000e-01 2.500000000000000000e-01
2.500000000000000000e-01 2.500000000000000000e-01 2.500000000000000000e-01 2.500000000000000000e-01
2.500000000000000000e-01 2.500000000000000000e-01 2.500000000000000000e-01 2.500000000000000000e-01
4.063564687652390095e-01 4.345442489641097583e-01 8.414754015478526084e-02 7.495174211586597135e-02
2.500000000000000000e-01 2.500000000000000000e-01 2.500000000000000000e-01 2.500000000000000000e-01
2.500000000000000000e-01 2.500000000000000000e-01 2.500000000000000000e-01 2.500000000000000000e-01
2.500000000000000000e-01 2.500000000000000000e-01 2.500000000000000000e-01 2.500000000000000000e-01
2.500000000000000000e-01 2.500000000000000000e-01 2.500000000000000000e-01 2.500000000000000000e-01
9.068660251605516198e-02 3.884370820337393337e-01 1.679872582957417371e-01 3.528890571544637256e-01
7.122715425181124216e-01 9.741783080201173173e-02 5.217337535249431946e-02 1.381372513273815272e-01
2.500000000000000000e-01 2.500000000000000000e-01 2.500000000000000000e-01 2.500000000000000000e-01
2.500000000000000000e-01 2.500000000000000000e-01 2.500000000000000000e-01 2.500000000000000000e-01
3.782513936733494092e-02 1.775843684190447826e-03 1.122486949681732737e-01 8.481503219803013804e-01
1.772442820951380393e-01 7.360376060030372758e-02 5.232632386067020969e-01 2.258887186978561501e-01
2.500000000000000000e-01 2.500000000000000000e-01 2.500000000000000000e-01 2.500000000000000000e-01
2.500000000000000000e-01 2.500000000000000000e-01 2.500000000000000000e-01 2.500000000000000000e-01
2.500000000000000000e-01 2.500000000000000000e-01 2.500000000000000000e-01 2.500000000000000000e-01
2.500000000000000000e-01 2.500000000000000000e-01 2.500000000000000000e-01 2.500000000000000000e-01
2.500000000000000000e-01 2.500000000000000000e-01 2.500000000000000000e-01 2.500000000000000000e-01
2.500000000000000000e-01 2.500000000000000000e-01 2.500000000000000000e-01 2.500000000000000000e-01
2.500000000000000000e-01 2.500000000000000000e-01 2.500000000000000000e-01 2.500000000000000000e-01
2.500000000000000000e-01 2.500000000000000000e-01 2.500000000000000000e-01 2.500000000000000000e-01
2.500000000000000000e-01 2.500000000000000000e-01 2.500000000000000000e-01 2.500000000000000000e-01
2.500000000000000000e-01 2.500000000000000000e-01 2.500000000000000000e-01 2.500000000000000000e-01
1.975495428179500912e-01 5.137794157084266677e-01 2.284019437225214277e-01 6.026909775110175782e-02
2.500000000000000000e-01 2.500000000000000000e-01 2.500000000000000000e-01 2.500000000000000000e-01
2.500000000000000000e-01 2.500000000000000000e-01 2.500000000000000000e-01 2.500000000000000000e-01
2.683910133604363105e-02 4.354454777131188670e-01 2.872304490291289203e-01 2.504849719217085990e-01
2.500000000000000000e-01 2.500000000000000000e-01 2.500000000000000000e-01 2.500000000000000000e-01
2.500000000000000000e-01 2.500000000000000000e-01 2.500000000000000000e-01 2.500000000000000000e-01
2.373847966680178445e-01 1.743402573273008377e-02 6.248981977647445341e-01 1.202829798345075030e-01
2.500000000000000000e-01 2.500000000000000000e-01 2.500000000000000000e-01 2.500000000000000000e-01
4.918837490102496296e-02 5.952928367079874522e-02 6.127863509699446043e-01 2.784959904582316459e-01
2.500000000000000000e-01 2.500000000000000000e-01 2.500000000000000000e-01 2.500000000000000000e-01
2.500000000000000000e-01 2.500000000000000000e-01 2.500000000000000000e-01 2.500000000000000000e-01
2.500000000000000000e-01 2.500000000000000000e-01 2.500000000000000000e-01 2.500000000000000000e-01
2.500000000000000000e-01 2.500000000000000000e-01 2.500000000000000000e-01 2.500000000000000000e-01
2.500000000000000000e-01 2.500000000000000000e-01 2.500000000000000000e-01 2.500000000000000000e-01
1.725330823780960032e-01 1.055464311230547014e-01 1.010126619108584756e-01 6.209078245879908753e-01
7.588361674836193727e-01 6.040454318576784359e-02 6.668446514429557381e-02 1.140748241863172030e-01
2.500000000000000000e-01 2.500000000000000000e-01 2.500000000000000000e-01 2.500000000000000000e-01
2.500000000000000000e-01 2.500000000000000000e-01 2.500000000000000000e-01 2.500000000000000000e-01
2.500000000000000000e-01 2.500000000000000000e-01 2.500000000000000000e-01 2.500000000000000000e-01
2.500000000000000000e-01 2.500000000000000000e-01 2.500000000000000000e-01 2.500000000000000000e-01
2.500000000000000000e-01 2.500000000000000000e-01 2.500000000000000000e-01 2.500000000000000000e-01
2.027391820359074615e-01 1.044089023429661950e-01 6.339269187480210677e-02 6.294592237463242368e-01
2.500000000000000000e-01 2.500000000000000000e-01 2.500000000000000000e-01 2.500000000000000000e-01
2.500000000000000000e-01 2.500000000000000000e-01 2.500000000000000000e-01 2.500000000000000000e-01
6.368715940446822987e-01 9.577277376202759929e-02 1.411399699712492795e-01 1.262156622220408364e-01
2.114417438474226474e-01 5.490362791087506633e-02 3.253365053791401063e-01 4.083181228625621939e-01
4.628357981003117239e-01 1.322088170124477158e-01 5.671697736304323612e-02 3.482384075241973242e-01
2.500000000000000000e-01 2.500000000000000000e-01 2.500000000000000000e-01 2.500000000000000000e-01
2.500000000000000000e-01 2.500000000000000000e-01 2.500000000000000000e-01 2.500000000000000000e-01
2.500000000000000000e-01 2.500000000000000000e-01 2.500000000000000000e-01 2.500000000000000000e-01
2.500000000000000000e-01 2.500000000000000000e-01 2.500000000000000000e-01 2.500000000000000000e-01
2.500000000000000000e-01 2.500000000000000000e-01 2.500000000000000000e-01 2.500000000000000000e-01
2.544166761760659479e-01 1.646756948736665116e-01 3.429939306844000946e-01 2.379136982658674460e-01
3.721365817638485063e-01 5.561187267561885222e-02 3.161094399612712769e-01 2.561421055992613716e-01
2.500000000000000000e-01 2.500000000000000000e-01 2.500000000000000000e-01 2.500000000000000000e-01
6.607245067710861841e-01 1.558421224071058209e-01 1.141731912929908610e-01 6.926017952881713402e-02
5.740093048558152500e-01 9.256437054133725972e-02 2.485676179638274252e-02 3.085695628064647478e-01
2.500000000000000000e-01 2.500000000000000000e-01 2.500000000000000000e-01 2.500000000000000000e-01
7.778521870490292534e-01 1.030446872587065660e-01 3.665885946796161587e-02 8.244426622430256479e-02
2.500000000000000000e-01 2.500000000000000000e-01 2.500000000000000000e-01 2.500000000000000000e-01
2.500000000000000000e-01 2.500000000000000000e-01 2.500000000000000000e-01 2.500000000000000000e-01
3.095902548850461566e-01 9.132321289553014046e-03 2.780633476038063545e-01 4.032140762215944974e-01
2.905262084176051252e-01 2.678351088668538549e-01 1.673623436055808322e-01 2.742763391099601877e-01
2.500000000000000000e-01 2.500000000000000000e-01 2.500000000000000000e-01 2.500000000000000000e-01
6.962970006994175787e-01 5.328165396452481939e-02 6.940190469025082909e-02 1.810194406458067728e-01
2.500000000000000000e-01 2.500000000000000000e-01 2.500000000000000000e-01 2.500000000000000000e-01
4.852271171075097089e-01 1.602960347340995906e-01 1.006724877012610264e-01 2.538043604571296741e-01
2.500000000000000000e-01 2.500000000000000000e-01 2.500000000000000000e-01 2.500000000000000000e-01
3.393696426238311803e-01 6.893435814985300614e-02 2.693416420815374912e-01 3.223543571447783362e-01
2.500000000000000000e-01 2.500000000000000000e-01 2.500000000000000000e-01 2.500000000000000000e-01
2.500000000000000000e-01 2.500000000000000000e-01 2.500000000000000000e-01 2.500000000000000000e-01
2.866115272970739354e-04 2.038709783762336913e-01 1.989299071631761562e-01 5.969125029332931209e-01
2.500000000000000000e-01 2.500000000000000000e-01 2.500000000000000000e-01 2.500000000000000000e-01
2.476667383738315187e-02 3.169731389482349782e-01 8.994837119065690612e-02 5.683118160237249361e-01
2.500000000000000000e-01 2.500000000000000000e-01 2.500000000000000000e-01 2.500000000000000000e-01
2.500000000000000000e-01 2.500000000000000000e-01 2.500000000000000000e-01 2.500000000000000000e-01
2.500000000000000000e-01 2.500000000000000000e-01 2.500000000000000000e-01 2.500000000000000000e-01
1.086028404337969350e-01 1.641758939703624187e-01 5.424401367142817065e-01 1.847811288815589537e-01
2.500000000000000000e-01 2.500000000000000000e-01 2.500000000000000000e-01 2.500000000000000000e-01
2.500000000000000000e-01 2.500000000000000000e-01 2.500000000000000000e-01 2.500000000000000000e-01
4.179157622416337925e-02 2.087124842921861678e-01 2.663774289634289749e-01 4.831185105202214780e-01
2.500000000000000000e-01 2.500000000000000000e-01 2.500000000000000000e-01 2.500000000000000000e-01
2.500000000000000000e-01 2.500000000000000000e-01 2.500000000000000000e-01 2.500000000000000000e-01
2.500000000000000000e-01 2.500000000000000000e-01 2.500000000000000000e-01 2.500000000000000000e-01
2.500000000000000000e-01 2.500000000000000000e-01 2.500000000000000000e-01 2.500000000000000000e-01
2.500000000000000000e-01 2.500000000000000000e-01 2.500000000000000000e-01 2.500000000000000000e-01
2.500000000000000000e-01 2.500000000000000000e-01 2.500000000000000000e-01 2.500000000000000000e-01
2.500000000000000000e-01 2.500000000000000000e-01 2.500000000000000000e-01 2.500000000000000000e-01
2.500000000000000000e-01 2.500000000000000000e-01 2.500000000000000000e-01 2.500000000000000000e-01
2.500000000000000000e-01 2.500000000000000000e-01 2.500000000000000000e-01 2.500000000000000000e-01
2.500000000000000000e-01 2.500000000000000000e-01 2.500000000000000000e-01 2.500000000000000000e-01
2.500000000000000000e-01 2.500000000000000000e-01 2.500000000000000000e-01 2.500000000000000000e-01
4.792846909080875073e-01 1.029293891291628155e-01 3.419501723517809344e-01 7.583574761096872896e-02
2.500000000000000000e-01 2.500000000000000000e-01 2.500000000000000000e-01 2.500000000000000000e-01
2.500000000000000000e-01 2.500000000000000000e-01 2.500000000000000000e-01 2.500000000000000000e-01
4.357563244482545728e-01 5.763515079997755253e-02 3.458097981679321697e-01 1.607987265838357049e-01
2.658910208939730957e-01 1.578454356020256855e-01 8.864840200442158924e-02 4.876151414995796296e-01
3.904868402551270323e-01 3.405633783450954799e-01 1.370552056482882142e-02 2.552442608349486663e-01
2.500000000000000000e-01 2.500000000000000000e-01 2.500000000000000000e-01 2.500000000000000000e-01
2.500000000000000000e-01 2.500000000000000000e-01 2.500000000000000000e-01 2.500000000000000000e-01
3.487646914283444310e-01 6.097692133550575155e-01 2.100063309300570502e-03 3.936603190729753843e-02
4.329551829976045763e-02 1.908349448686433997e-02 3.220232235509298824e-01 6.155977636624453408e-01
2.500000000000000000e-01 2.500000000000000000e-01 2.500000000000000000e-01 2.500000000000000000e-01
1.444957722802829581e-01 8.659040328879127890e-02 4.790174758688522383e-01 2.898963485620735803e-01
2.527212369767866118e-01 5.984610214930831118e-01 1.227998365295313032e-01 2.601790500059897315e-02
1.837627994976142876e-01 2.036347790123785861e-01 2.194707485671797409e-01 3.931316729228273577e-01
6.219629572016199814e-01 1.604101488988841917e-01 1.485436048478236681e-01 6.908328905167215872e-02
2.500000000000000000e-01 2.500000000000000000e-01 2.500000000000000000e-01 2.500000000000000000e-01
2.500000000000000000e-01 2.500000000000000000e-01 2.500000000000000000e-01 2.500000000000000000e-01
2.500000000000000000e-01 2.500000000000000000e-01 2.500000000000000000e-01 2.500000000000000000e-01
2.500000000000000000e-01 2.500000000000000000e-01 2.500000000000000000e-01 2.500000000000000000e-01
2.500000000000000000e-01 2.500000000000000000e-01 2.500000000000000000e-01 2.500000000000000000e-01
1.942331048938125693e-01 5.565837776773067125e-01 1.618776284023496492e-01 8.730548902653112453e-02
3.707458436635662213e-01 5.939553765953504982e-02 2.639344703016996418e-01 3.059241483751991009e-01
1.601164363390755185e-01 4.662118026253853631e-01 1.662195890026019751e-01 2.074521720329371988e-01
2.500000000000000000e-01 2.500000000000000000e-01 2.500000000000000000e-01 2.500000000000000000e-01
2.500000000000000000e-01 2.500000000000000000e-01 2.500000000000000000e-01 2.500000000000000000e-01
2.500000000000000000e-01 2.500000000000000000e-01 2.500000000000000000e-01 2.500000000000000000e-01
2.827755505322614438e-01 2.729159081746270615e-02 5.051480912130024148e-01 1.847847674372734561e-01
2.500000000000000000e-01 2.500000000000000000e-01 2.500000000000000000e-01 2.500000000000000000e-01
5.488421644889953654e-01 3.324914236110644294e-01 1.675420938437988116e-02 1.019122025155603239e-01
2.500000000000000000e-01 2.500000000000000000e-01 2.500000000000000000e-01 2.500000000000000000e-01
5.226972244725144323e-01 3.053768298522948066e-01 7.351363960439200040e-02 9.841230607079876069e-02
2.500000000000000000e-01 2.500000000000000000e-01 2.500000000000000000e-01 2.500000000000000000e-01
2.500000000000000000e-01 2.500000000000000000e-01 2.500000000000000000e-01 2.500000000000000000e-01
2.500000000000000000e-01 2.500000000000000000e-01 2.500000000000000000e-01 2.500000000000000000e-01
2.500000000000000000e-01 2.500000000000000000e-01 2.500000000000000000e-01 2.500000000000000000e-01
2.500000000000000000e-01 2.500000000000000000e-01 2.500000000000000000e-01 2.500000000000000000e-01
2.460307090455252643e-01 4.325258862289554362e-01 2.746833335371888229e-01 4.676007118833047649e-02
2.500000000000000000e-01 2.500000000000000000e-01 2.500000000000000000e-01 2.500000000000000000e-01
2.500000000000000000e-01 2.500000000000000000e-01 2.500000000000000000e-01 2.500000000000000000e-01
2.500000000000000000e-01 2.500000000000000000e-01 2.500000000000000000e-01 2.500000000000000000e-01
6.512641980430230459e-01 8.723534589813359413e-03 2.947632781707401062e-01 4.524898919642350581e-02
3.392341300194279818e-01 6.179501710764862335e-03 5.090284690393743761e-01 1.455578992304327746e-01
2.500000000000000000e-01 2.500000000000000000e-01 2.500000000000000000e-01 2.500000000000000000e-01
2.489490029631517831e-01 5.328556224704336097e-01 1.961688962843770589e-01 2.202647828203754821e-02
3.784148518797102456e-01 4.533148308152081807e-01 1.018978482476170511e-01 6.637246905746452263e-02
2.500000000000000000e-01 2.500000000000000000e-01 2.500000000000000000e-01 2.500000000000000000e-01
3.000996530887290459e-01 2.258213548206437771e-02 6.081025662469019544e-01 6.921564518230471919e-02
2.500000000000000000e-01 2.500000000000000000e-01 2.500000000000000000e-01 2.500000000000000000e-01
3.252459042791921995e-01 1.649125676049358336e-01 7.192298493721643871e-02 4.379185431786555283e-01
2.500000000000000000e-01 2.500000000000000000e-01 2.500000000000000000e-01 2.500000000000000000e-01
2.500000000000000000e-01 2.500000000000000000e-01 2.500000000000000000e-01 2.500000000000000000e-01
2.361736399334279368e-01 5.877906043006423387e-01 1.430862110887781702e-01 3.294954467715155433e-02
2.797287485120609207e-01 4.775023311246071600e-01 2.390156475554828797e-01 3.753272807849039605e-03
2.500000000000000000e-01 2.500000000000000000e-01 2.500000000000000000e-01 2.500000000000000000e-01
2.500000000000000000e-01 2.500000000000000000e-01 2.500000000000000000e-01 2.500000000000000000e-01
9.038281245717806611e-02 1.461381620086860122e-01 4.671186136486262797e-01 2.963604118855096559e-01
5.170881984340186185e-03 6.373916104779965286e-01 1.409131104260408218e-02 3.433461964950592082e-01
2.500000000000000000e-01 2.500000000000000000e-01 2.500000000000000000e-01 2.500000000000000000e-01
5.741373137740440891e-01 4.012279806367829299e-02 2.794764807189566436e-01 1.062634074433209674e-01
2.500000000000000000e-01 2.500000000000000000e-01 2.500000000000000000e-01 2.500000000000000000e-01
2.500000000000000000e-01 2.500000000000000000e-01 2.500000000000000000e-01 2.500000000000000000e-01
2.500000000000000000e-01 2.500000000000000000e-01 2.500000000000000000e-01 2.500000000000000000e-01
2.316547841713547939e-01 4.179193106479077158e-01 8.891649531236173187e-02 2.615094098683757862e-01
2.500000000000000000e-01 2.500000000000000000e-01 2.500000000000000000e-01 2.500000000000000000e-01
2.500000000000000000e-01 2.500000000000000000e-01 2.500000000000000000e-01 2.500000000000000000e-01
1.804460396233149577e-01 5.235160985539667466e-01 1.089943661472562164e-01 1.870434956754621347e-01
2.500000000000000000e-01 2.500000000000000000e-01 2.500000000000000000e-01 2.500000000000000000e-01
2.500000000000000000e-01 2.500000000000000000e-01 2.500000000000000000e-01 2.500000000000000000e-01
2.500000000000000000e-01 2.500000000000000000e-01 2.500000000000000000e-01 2.500000000000000000e-01
2.500000000000000000e-01 2.500000000000000000e-01 2.500000000000000000e-01 2.500000000000000000e-01
6.126994034937816025e-01 1.616369604979892294e-01 1.396978098296998427e-01 8.596582617852932540e-02
4.784147828133695213e-01 3.886136675534044294e-01 8.797396817918867740e-02 4.499758145403737197e-02
6.569505325682162278e-02 5.018170937672642579e-02 5.643784959183276717e-01 3.197447414481243144e-01
2.500000000000000000e-01 2.500000000000000000e-01 2.500000000000000000e-01 2.500000000000000000e-01
2.500000000000000000e-01 2.500000000000000000e-01 2.500000000000000000e-01 2.500000000000000000e-01
2.500000000000000000e-01 2.500000000000000000e-01 2.500000000000000000e-01 2.500000000000000000e-01
2.500000000000000000e-01 2.500000000000000000e-01 2.500000000000000000e-01 2.500000000000000000e-01
2.500000000000000000e-01 2.500000000000000000e-01 2.500000000000000000e-01 2.500000000000000000e-01
3.345429825543083102e-01 2.723340901653129587e-01 2.991395427922327599e-01 9.398338448814597124e-02
5.258318131638594073e-01 2.503194867885744634e-01 1.828184109936531465e-02 2.055668589482008146e-01
3.149456906013148871e-01 6.151701515972136242e-02 5.462374232622917852e-02 5.689135519127346274e-01
2.500000000000000000e-01 2.500000000000000000e-01 2.500000000000000000e-01 2.500000000000000000e-01
3.119290787385566310e-01 1.591446798001877605e-02 9.299155214026616489e-02 5.791649011411583725e-01
2.500000000000000000e-01 2.500000000000000000e-01 2.500000000000000000e-01 2.500000000000000000e-01
2.500000000000000000e-01 2.500000000000000000e-01 2.500000000000000000e-01 2.500000000000000000e-01
2.500000000000000000e-01 2.500000000000000000e-01 2.500000000000000000e-01 2.500000000000000000e-01
2.500000000000000000e-01 2.500000000000000000e-01 2.500000000000000000e-01 2.500000000000000000e-01
2.500000000000000000e-01 2.500000000000000000e-01 2.500000000000000000e-01 2.500000000000000000e-01
2.500000000000000000e-01 2.500000000000000000e-01 2.500000000000000000e-01 2.500000000000000000e-01
6.953288601262588853e-02 8.803887980773338062e-02 4.829694741904262401e-01 3.594587599892143936e-01
4.922793864823686860e-01 1.069762659518162934e-01 2.974945422165125031e-01 1.032498053493025036e-01
2.500000000000000000e-01 2.500000000000000000e-01 2.500000000000000000e-01 2.500000000000000000e-01
2.500000000000000000e-01 2.500000000000000000e-01 2.500000000000000000e-01 2.500000000000000000e-01
2.500000000000000000e-01 2.500000000000000000e-01 2.500000000000000000e-01 2.500000000000000000e-01
2.500000000000000000e-01 2.500000000000000000e-01 2.500000000000000000e-01 2.500000000000000000e-01
4.508542097371046053e-01 1.321466660686613226e-01 3.863894700593404341e-01 3.060965413489363796e-02
2.436898781493844132e-02 2.463477608986840706e-01 1.902153510839539041e-01 5.390679002024235666e-01
2.500000000000000000e-01 2.500000000000000000e-01 2.500000000000000000e-01 2.500000000000000000e-01
1.787362192640754854e-01 3.295282565505878170e-01 2.599154526269712440e-01 2.318200715583654536e-01
2.500000000000000000e-01 2.500000000000000000e-01 2.500000000000000000e-01 2.500000000000000000e-01
1.966050814309311945e-01 3.467947280473086535e-01 1.267385932740488497e-01 3.298615972477113023e-01
2.500000000000000000e-01 2.500000000000000000e-01 2.500000000000000000e-01 2.500000000000000000e-01
4.587901058412384159e-01 9.503847953857787190e-02 2.978035053369080809e-01 1.483679092832756452e-01
2.500000000000000000e-01 2.500000000000000000e-01 2.500000000000000000e-01 2.500000000000000000e-01
2.500000000000000000e-01 2.500000000000000000e-01 2.500000000000000000e-01 2.500000000000000000e-01
1.187730180399833163e-01 1.235569191960783769e-01 5.463180213283800324e-01 2.113520414355583021e-01
2.500000000000000000e-01 2.500000000000000000e-01 2.500000000000000000e-01 2.500000000000000000e-01
2.500000000000000000e-01 2.500000000000000000e-01 2.500000000000000000e-01 2.500000000000000000e-01
2.500000000000000000e-01 2.500000000000000000e-01 2.500000000000000000e-01 2.500000000000000000e-01
1.755812062465674783e-01 1.754451182512579699e-01 2.311269073046389178e-01 4.178467681975356340e-01
2.500000000000000000e-01 2.500000000000000000e-01 2.500000000000000000e-01 2.500000000000000000e-01
2.500000000000000000e-01 2.500000000000000000e-01 2.500000000000000000e-01 2.500000000000000000e-01
2.500000000000000000e-01 2.500000000000000000e-01 2.500000000000000000e-01 2.500000000000000000e-01
2.500000000000000000e-01 2.500000000000000000e-01 2.500000000000000000e-01 2.500000000000000000e-01
2.500000000000000000e-01 2.500000000000000000e-01 2.500000000000000000e-01 2.500000000000000000e-01
2.500000000000000000e-01 2.500000000000000000e-01 2.500000000000000000e-01 2.500000000000000000e-01
2.500000000000000000e-01 2.500000000000000000e-01 2.500000000000000000e-01 2.500000000000000000e-01
2.500000000000000000e-01 2.500000000000000000e-01 2.500000000000000000e-01 2.500000000000000000e-01
2.500000000000000000e-01 2.500000000000000000e-01 2.500000000000000000e-01 2.500000000000000000e-01
3.731311450830233079e-01 9.099357889987655379e-02 1.123322633562205131e-01 4.235430126608796253e-01
2.210598295056171725e-01 1.802574291808779483e-01 4.679332113630430001e-01 1.307495299504618791e-01
2.500000000000000000e-01 2.500000000000000000e-01 2.500000000000000000e-01 2.500000000000000000e-01
3.875114749140634030e-01 5.013880369476270138e-02 1.247839509514628298e-01 4.375657704397110659e-01
1.259716945331870730e-01 4.658725557787508076e-01 1.629835878402505212e-01 2.451721618478115983e-01
2.500000000000000000e-01 2.500000000000000000e-01 2.500000000000000000e-01 2.500000000000000000e-01
2.500000000000000000e-01 2.500000000000000000e-01 2.500000000000000000e-01 2.500000000000000000e-01
2.500000000000000000e-01 2.500000000000000000e-01 2.500000000000000000e-01 2.500000000000000000e-01
1.907867952589736155e-02 1.068461938529631644e-01 6.161396906233953530e-01 2.579354359977441558e-01
2.500000000000000000e-01 2.500000000000000000e-01 2.500000000000000000e-01 2.500000000000000000e-01
1.606421026148918685e-01 2.779351658827255989e-01 3.450459770162540574e-01 2.163767544861284753e-01
2.500000000000000000e-01 2.500000000000000000e-01 2.500000000000000000e-01 2.500000000000000000e-01
2.500000000000000000e-01 2.500000000000000000e-01 2.500000000000000000e-01 2.500000000000000000e-01
2.500000000000000000e-01 2.500000000000000000e-01 2.500000000000000000e-01 2.500000000000000000e-01
2.500000000000000000e-01 2.500000000000000000e-01 2.500000000000000000e-01 2.500000000000000000e-01
9.846068037587137056e-02 2.518814665725369051e-01 2.954233285678376508e-01 3.542345244837540874e-01
2.500000000000000000e-01 2.500000000000000000e-01 2.500000000000000000e-01 2.500000000000000000e-01
4.051390136771292338e-01 2.501492845677759282e-03 5.447953285281034175e-01 4.756416494908949355e-02
2.500000000000000000e-01 2.500000000000000000e-01 2.500000000000000000e-01 2.500000000000000000e-01
2.868183268380619655e-01 1.638505247590898717e-01 6.142947639948839744e-02 4.879016720033597654e-01
2.500000000000000000e-01 2.500000000000000000e-01 2.500000000000000000e-01 2.500000000000000000e-01
6.340138727551469788e-01 3.117044395987173845e-03 1.307862375300514468e-01 2.320828453188144014e-01
2.500000000000000000e-01 2.500000000000000000e-01 2.500000000000000000e-01 2.500000000000000000e-01
2.500000000000000000e-01 2.500000000000000000e-01 2.500000000000000000e-01 2.500000000000000000e-01
2.500000000000000000e-01 2.500000000000000000e-01 2.500000000000000000e-01 2.500000000000000000e-01
2.137182144959789143e-01 2.011682672287677665e-01 2.918522549115923348e-02 5.559282927840940580e-01
2.500000000000000000e-01 2.500000000000000000e-01 2.500000000000000000e-01 2.500000000000000000e-01
2.500000000000000000e-01 2.500000000000000000e-01 2.500000000000000000e-01 2.500000000000000000e-01
2.500000000000000000e-01 2.500000000000000000e-01 2.500000000000000000e-01 2.500000000000000000e-01
2.500000000000000000e-01 2.500000000000000000e-01 2.500000000000000000e-01 2.500000000000000000e-01
2.500000000000000000e-01 2.500000000000000000e-01 2.500000000000000000e-01 2.500000000000000000e-01
2.500000000000000000e-01 2.500000000000000000e-01 2.500000000000000000e-01 2.500000000000000000e-01
5.143599919761134842e-01 4.364269635400491384e-03 4.286365358045721718e-01 5.263920258391385776e-02
2.500000000000000000e-01 2.500000000000000000e-01 2.500000000000000000e-01 2.500000000000000000e-01
1.481524382649958282e-01 6.679979890424896094e-02 4.911117533492966036e-02 7.359365874958255782e-01
1.748653374510696773e-02 1.793728147485968427e-01 3.020842546523535010e-01 5.010563968539426538e-01
6.846288253828453074e-01 3.134712762151860982e-02 1.967449621832075557e-01 8.727908481242852012e-02
2.500000000000000000e-01 2.500000000000000000e-01 2.500000000000000000e-01 2.500000000000000000e-01
6.643134299316991731e-01 4.195509369941245043e-02 1.133683992493560166e-01 1.803630771195323668e-01
2.500000000000000000e-01 2.500000000000000000e-01 2.500000000000000000e-01 2.500000000000000000e-01
2.500000000000000000e-01 2.500000000000000000e-01 2.500000000000000000e-01 2.500000000000000000e-01
2.500000000000000000e-01 2.500000000000000000e-01 2.500000000000000000e-01 2.500000000000000000e-01
2.500000000000000000e-01 2.500000000000000000e-01 2.500000000000000000e-01 2.500000000000000000e-01
2.500000000000000000e-01 2.500000000000000000e-01 2.500000000000000000e-01 2.500000000000000000e-01
2.500000000000000000e-01 2.500000000000000000e-01 2.500000000000000000e-01 2.500000000000000000e-01
2.332362154901381629e-02 5.017311903291016284e-01 2.238749175143533998e-01 2.510702706075312318e-01
6.838521314473150481e-01 4.736770322875157035e-02 8.235729398001860602e-02 1.864228713439147755e-01
2.500000000000000000e-01 2.500000000000000000e-01 2.500000000000000000e-01 2.500000000000000000e-01
5.468871562329347125e-02 4.283231465203048149e-02 1.905465408802972660e-01 7.119324288443787951e-01
3.271595413965486254e-01 1.384044988865199555e-01 1.731848652159241331e-01 3.612510945010072860e-01
2.500000000000000000e-01 2.500000000000000000e-01 2.500000000000000000e-01 2.500000000000000000e-01
2.500000000000000000e-01 2.500000000000000000e-01 2.500000000000000000e-01 2.500000000000000000e-01
2.500000000000000000e-01 2.500000000000000000e-01 2.500000000000000000e-01 2.500000000000000000e-01
1.171865860184415631e-01 7.823018419121720302e-02 9.720417101447563490e-02 7.073790587758655990e-01
1.807678327273676000e-01 1.070029348786475792e-01 5.170924572351235371e-01 1.951367751588613808e-01
2.500000000000000000e-01 2.500000000000000000e-01 2.500000000000000000e-01 2.500000000000000000e-01
2.500000000000000000e-01 2.500000000000000000e-01 2.500000000000000000e-01 2.500000000000000000e-01
2.500000000000000000e-01 2.500000000000000000e-01 2.500000000000000000e-01 2.500000000000000000e-01
3.192613477562763480e-01 5.599356707940698064e-01 1.130437140074556090e-01 7.759267442198236608e-03
2.511940850260331315e-01 2.821081721687617172e-01 4.345978254339488700e-02 4.232379602618102643e-01
2.500000000000000000e-01 2.500000000000000000e-01 2.500000000000000000e-01 2.500000000000000000e-01
1.051953887429262768e-01 1.922549907180646014e-02 7.255991299100440495e-01 1.499799822752232448e-01
2.500000000000000000e-01 2.500000000000000000e-01 2.500000000000000000e-01 2.500000000000000000e-01
2.500000000000000000e-01 2.500000000000000000e-01 2.500000000000000000e-01 2.500000000000000000e-01
4.073850408948148649e-01 2.014729467789795336e-01 3.774990222008123286e-01 1.364299012539321732e-02
2.500000000000000000e-01 2.500000000000000000e-01 2.500000000000000000e-01 2.500000000000000000e-01
8.577022292109144283e-03 6.205815268402262719e-01 1.257324111072816164e-01 2.451090397603829241e-01
2.500000000000000000e-01 2.500000000000000000e-01 2.500000000000000000e-01 2.500000000000000000e-01
2.500000000000000000e-01 2.500000000000000000e-01 2.500000000000000000e-01 2.500000000000000000e-01
1.127117762799035861e-01 2.303104939005576890e-01 4.206823412315124910e-01 2.362953885880262894e-01
2.500000000000000000e-01 2.500000000000000000e-01 2.500000000000000000e-01 2.500000000000000000e-01
3.036988807178533367e-01 4.448208023831922153e-01 1.154745014167155581e-01 1.360058154822388898e-01
2.500000000000000000e-01 2.500000000000000000e-01 2.500000000000000000e-01 2.500000000000000000e-01
2.500000000000000000e-01 2.500000000000000000e-01 2.500000000000000000e-01 2.500000000000000000e-01
2.500000000000000000e-01 2.500000000000000000e-01 2.500000000000000000e-01 2.500000000000000000e-01
2.500000000000000000e-01 2.500000000000000000e-01 2.500000000000000000e-01 2.500000000000000000e-01
2.500000000000000000e-01 2.500000000000000000e-01 2.500000000000000000e-01 2.500000000000000000e-01
2.500000000000000000e-01 2.500000000000000000e-01 2.500000000000000000e-01 2.500000000000000000e-01
2.500000000000000000e-01 2.500000000000000000e-01 2.500000000000000000e-01 2.500000000000000000e-01
2.500000000000000000e-01 2.500000000000000000e-01 2.500000000000000000e-01 2.500000000000000000e-01
2.500000000000000000e-01 2.500000000000000000e-01 2.500000000000000000e-01 2.500000000000000000e-01
2.500000000000000000e-01 2.500000000000000000e-01 2.500000000000000000e-01 2.500000000000000000e-01
2.500000000000000000e-01 2.500000000000000000e-01 2.500000000000000000e-01 2.500000000000000000e-01
2.500000000000000000e-01 2.500000000000000000e-01 2.500000000000000000e-01 2.500000000000000000e-01
2.500000000000000000e-01 2.500000000000000000e-01 2.500000000000000000e-01 2.500000000000000000e-01
2.500000000000000000e-01 2.500000000000000000e-01 2.500000000000000000e-01 2.500000000000000000e-01
2.500000000000000000e-01 2.500000000000000000e-01 2.500000000000000000e-01 2.500000000000000000e-01
1.370472303853866869e-01 3.201023191752496722e-01 7.820339187914238099e-02 4.646470585602212600e-01
2.500000000000000000e-01 2.500000000000000000e-01 2.500000000000000000e-01 2.500000000000000000e-01
2.500000000000000000e-01 2.500000000000000000e-01 2.500000000000000000e-01 2.500000000000000000e-01
2.500000000000000000e-01 2.500000000000000000e-01 2.500000000000000000e-01 2.500000000000000000e-01
2.500000000000000000e-01 2.500000000000000000e-01 2.500000000000000000e-01 2.500000000000000000e-01
5.274541352134203276e-01 3.328457389429702040e-01 1.287723229413003656e-01 1.092780290230910278e-02
2.500000000000000000e-01 2.500000000000000000e-01 2.500000000000000000e-01 2.500000000000000000e-01
3.912964147217156130e-01 8.465926263783236927e-02 3.580931871424281598e-01 1.659511354980238718e-01
2.500000000000000000e-01 2.500000000000000000e-01 2.500000000000000000e-01 2.500000000000000000e-01
5.034431925935339835e-01 1.237752714209037347e-01 2.792467329684503730e-01 9.353480301711192268e-02
2.500000000000000000e-01 2.500000000000000000e-01 2.500000000000000000e-01 2.500000000000000000e-01
1.568038248891083231e-01 1.912112975867980014e-01 2.448752984042890102e-02 6.274973476836647190e-01
2.500000000000000000e-01 2.500000000000000000e-01 2.500000000000000000e-01 2.500000000000000000e-01
2.543445082165845528e-01 3.531357810274771136e-02 4.428504135737758585e-01 2.674915001068918774e-01
2.500000000000000000e-01 2.500000000000000000e-01 2.500000000000000000e-01 2.500000000000000000e-01
3.872001224254374430e-01 3.028678922244711913e-01 5.096809216789532915e-02 2.589638931821960366e-01
2.500000000000000000e-01 2.500000000000000000e-01 2.500000000000000000e-01 2.500000000000000000e-01
2.500000000000000000e-01 2.500000000000000000e-01 2.500000000000000000e-01 2.500000000000000000e-01
2.500000000000000000e-01 2.500000000000000000e-01 2.500000000000000000e-01 2.500000000000000000e-01
2.500000000000000000e-01 2.500000000000000000e-01 2.500000000000000000e-01 2.500000000000000000e-01
5.837845135569613708e-01 1.750369180114255685e-01 5.621136699630585598e-02 1.849672014353072047e-01
2.500000000000000000e-01 2.500000000000000000e-01 2.500000000000000000e-01 2.500000000000000000e-01
2.500000000000000000e-01 2.500000000000000000e-01 2.500000000000000000e-01 2.500000000000000000e-01
2.500000000000000000e-01 2.500000000000000000e-01 2.500000000000000000e-01 2.500000000000000000e-01
2.500000000000000000e-01 2.500000000000000000e-01 2.500000000000000000e-01 2.500000000000000000e-01
2.500000000000000000e-01 2.500000000000000000e-01 2.500000000000000000e-01 2.500000000000000000e-01
1.590327422857848172e-01 2.908912537531568171e-02 5.338069585462971167e-01 2.780711737926023774e-01
2.500000000000000000e-01 2.500000000000000000e-01 2.500000000000000000e-01 2.500000000000000000e-01
8.854492680721808007e-02 5.471208251267184464e-01 1.338463921791822608e-01 2.304878558868811989e-01
2.500000000000000000e-01 2.500000000000000000e-01 2.500000000000000000e-01 2.500000000000000000e-01
5.785661492850229237e-01 8.072840815770823686e-03 1.978367971394138780e-01 2.155242127597923885e-01
2.500000000000000000e-01 2.500000000000000000e-01 2.500000000000000000e-01 2.500000000000000000e-01
2.205690504181740674e-01 1.624335530511974435e-01 3.361147499530644511e-01 2.808826465775640102e-01
2.500000000000000000e-01 2.500000000000000000e-01 2.500000000000000000e-01 2.500000000000000000e-01
2.500000000000000000e-01 2.500000000000000000e-01 2.500000000000000000e-01 2.500000000000000000e-01
2.500000000000000000e-01 2.500000000000000000e-01 2.500000000000000000e-01 2.500000000000000000e-01
8.027800044891889586e-01 5.269248004986114287e-02 1.343839359956197077e-01 1.014357946533017696e-02
2.500000000000000000e-01 2.500000000000000000e-01 2.500000000000000000e-01 2.500000000000000000e-01
2.500000000000000000e-01 2.500000000000000000e-01 2.500000000000000000e-01 2.500000000000000000e-01
4.372158643957874680e-01 1.535263154637324934e-01 2.648066589199749021e-01 1.444511612205051088e-01
4.051128329364362401e-01 3.468332444361428568e-02 4.109836527771574821e-01 1.492201898427920059e-01
3.244538293680176988e-01 1.292584867482154953e-01 5.705248645597893464e-02 4.892351974277878712e-01
2.500000000000000000e-01 2.500000000000000000e-01 2.500000000000000000e-01 2.500000000000000000e-01
5.196484128712199890e-01 3.284312314049173120e-02 3.437036939268188762e-01 1.038047700614693758e-01
2.500000000000000000e-01 2.500000000000000000e-01 2.500000000000000000e-01 2.500000000000000000e-01
2.500000000000000000e-01 2.500000000000000000e-01 2.500000000000000000e-01 2.500000000000000000e-01
2.500000000000000000e-01 2.500000000000000000e-01 2.500000000000000000e-01 2.500000000000000000e-01
2.500000000000000000e-01 2.500000000000000000e-01 2.500000000000000000e-01 2.500000000000000000e-01
1.498315327079050296e-01 1.142268753340552473e-01 5.489193229514658379e-01 1.870222690065737881e-01
3.652019561969694350e-01 4.952494266056419597e-02 2.631896430368620976e-01 3.220834581056042922e-01
2.500000000000000000e-01 2.500000000000000000e-01 2.500000000000000000e-01 2.500000000000000000e-01
2.500000000000000000e-01 2.500000000000000000e-01 2.500000000000000000e-01 2.500000000000000000e-01
3.240504736706154576e-01 1.630803228417645467e-01 3.736474995153385992e-01 1.392217039722813965e-01
2.500000000000000000e-01 2.500000000000000000e-01 2.500000000000000000e-01 2.500000000000000000e-01
2.500000000000000000e-01 2.500000000000000000e-01 2.500000000000000000e-01 2.500000000000000000e-01
2.500000000000000000e-01 2.500000000000000000e-01 2.500000000000000000e-01 2.500000000000000000e-01
2.500000000000000000e-01 2.500000000000000000e-01 2.500000000000000000e-01 2.500000000000000000e-01
2.500000000000000000e-01 2.500000000000000000e-01 2.500000000000000000e-01 2.500000000000000000e-01
2.500000000000000000e-01 2.500000000000000000e-01 2.500000000000000000e-01 2.500000000000000000e-01
2.500000000000000000e-01 2.500000000000000000e-01 2.500000000000000000e-01 2.500000000000000000e-01
2.500000000000000000e-01 2.500000000000000000e-01 2.500000000000000000e-01 2.500000000000000000e-01
2.106512167822250092e-01 1.894205151560084469e-02 7.299654908895564231e-01 4.044124081261776804e-02
5.475449090164001831e-01 1.853070264412940982e-01 7.203577068845917752e-02 1.951122938538465412e-01
1.436351931090593392e-01 2.703636868008709726e-01 2.399593239376422993e-01 3.460417961524274721e-01
2.500000000000000000e-01 2.500000000000000000e-01 2.500000000000000000e-01 2.500000000000000000e-01
2.500000000000000000e-01 2.500000000000000000e-01 2.500000000000000000e-01 2.500000000000000000e-01
2.500000000000000000e-01 2.500000000000000000e-01 2.500000000000000000e-01 2.500000000000000000e-01
2.500000000000000000e-01 2.500000000000000000e-01 2.500000000000000000e-01 2.500000000000000000e-01
2.500000000000000000e-01 2.500000000000000000e-01 2.500000000000000000e-01 2.500000000000000000e-01
2.500000000000000000e-01 2.500000000000000000e-01 2.500000000000000000e-01 2.500000000000000000e-01
2.500000000000000000e-01 2.500000000000000000e-01 2.500000000000000000e-01 2.500000000000000000e-01
2.500000000000000000e-01 2.500000000000000000e-01 2.500000000000000000e-01 2.500000000000000000e-01
1.001352636085119617e-02 1.871310054115582489e-01 2.891524350765477536e-01 5.137030331510428205e-01
4.560176968788434149e-01 2.506308878053898903e-01 1.196035513974794684e-01 1.737478639182872264e-01
2.500000000000000000e-01 2.500000000000000000e-01 2.500000000000000000e-01 2.500000000000000000e-01
2.851039927564002693e-02 3.582868383409412716e-01 2.294273334363270966e-01 3.837754289470916014e-01
2.500000000000000000e-01 2.500000000000000000e-01 2.500000000000000000e-01 2.500000000000000000e-01
2.500000000000000000e-01 2.500000000000000000e-01 2.500000000000000000e-01 2.500000000000000000e-01
6.191809391504789900e-02 8.853907766110286071e-02 5.129981706385994267e-02 7.982430113599893184e-01
2.500000000000000000e-01 2.500000000000000000e-01 2.500000000000000000e-01 2.500000000000000000e-01
2.500000000000000000e-01 2.500000000000000000e-01 2.500000000000000000e-01 2.500000000000000000e-01
2.500000000000000000e-01 2.500000000000000000e-01 2.500000000000000000e-01 2.500000000000000000e-01
2.500000000000000000e-01 2.500000000000000000e-01 2.500000000000000000e-01 2.500000000000000000e-01
3.631488795220345900e-02 6.870066134574316641e-02 1.380411214678034515e-01 7.569433292342498953e-01
2.642022917758107825e-01 3.788585047370200409e-01 2.555065778998760750e-02 3.313885456971815691e-01
2.500000000000000000e-01 2.500000000000000000e-01 2.500000000000000000e-01 2.500000000000000000e-01
1.895302777484869361e-01 5.820514944049016703e-01 1.603219253027182711e-01 6.809630254389306692e-02
2.500000000000000000e-01 2.500000000000000000e-01 2.500000000000000000e-01 2.500000000000000000e-01
2.500000000000000000e-01 2.500000000000000000e-01 2.500000000000000000e-01 2.500000000000000000e-01
2.500000000000000000e-01 2.500000000000000000e-01 2.500000000000000000e-01 2.500000000000000000e-01
2.500000000000000000e-01 2.500000000000000000e-01 2.500000000000000000e-01 2.500000000000000000e-01
5.139228378725834157e-01 2.950697122364980829e-01 1.104682395931320671e-01 8.053921029778643437e-02
2.500000000000000000e-01 2.500000000000000000e-01 2.500000000000000000e-01 2.500000000000000000e-01
2.500000000000000000e-01 2.500000000000000000e-01 2.500000000000000000e-01 2.500000000000000000e-01
2.500000000000000000e-01 2.500000000000000000e-01 2.500000000000000000e-01 2.500000000000000000e-01
2.500000000000000000e-01 2.500000000000000000e-01 2.500000000000000000e-01 2.500000000000000000e-01
2.500000000000000000e-01 2.500000000000000000e-01 2.500000000000000000e-01 2.500000000000000000e-01
1.695416959659266642e-01 5.301339418265076792e-02 2.383908159794745907e-01 5.390540938719479147e-01
2.500000000000000000e-01 2.500000000000000000e-01 2.500000000000000000e-01 2.500000000000000000e-01
2.500000000000000000e-01 2.500000000000000000e-01 2.500000000000000000e-01 2.500000000000000000e-01
2.500000000000000000e-01 2.500000000000000000e-01 2.500000000000000000e-01 2.500000000000000000e-01
2.500000000000000000e-01 2.500000000000000000e-01 2.500000000000000000e-01 2.500000000000000000e-01
2.500000000000000000e-01 2.500000000000000000e-01 2.500000000000000000e-01 2.500000000000000000e-01
2.500000000000000000e-01 2.500000000000000000e-01 2.500000000000000000e-01 2.500000000000000000e-01
2.500000000000000000e-01 2.500000000000000000e-01 2.500000000000000000e-01 2.500000000000000000e-01
2.500000000000000000e-01 2.500000000000000000e-01 2.500000000000000000e-01 2.500000000000000000e-01
2.500000000000000000e-01 2.500000000000000000e-01 2.500000000000000000e-01 2.500000000000000000e-01
1.712281728268336689e-01 1.788467085014732727e-01 2.601904176075143238e-01 3.897347010641787346e-01
3.434016854762880766e-02 1.416150460780667975e-01 2.272696753840576789e-01 5.967751099902467438e-01
2.500000000000000000e-01 2.500000000000000000e-01 2.500000000000000000e-01 2.500000000000000000e-01
2.500000000000000000e-01 2.500000000000000000e-01 2.500000000000000000e-01 2.500000000000000000e-01
2.826315462275125756e-01 1.081624708630011811e-01 3.745261303715091139e-01 2.346798525379771294e-01
2.500000000000000000e-01 2.500000000000000000e-01 2.500000000000000000e-01 2.500000000000000000e-01
2.500000000000000000e-01 2.500000000000000000e-01 2.500000000000000000e-01 2.500000000000000000e-01
2.500000000000000000e-01 2.500000000000000000e-01 2.500000000000000000e-01 2.500000000000000000e-01
2.500000000000000000e-01 2.500000000000000000e-01 2.500000000000000000e-01 2.500000000000000000e-01
2.500000000000000000e-01 2.500000000000000000e-01 2.500000000000000000e-01 2.500000000000000000e-01
2.500000000000000000e-01 2.500000000000000000e-01 2.500000000000000000e-01 2.500000000000000000e-01
1.213478375910012480e-01 3.323420720611148238e-01 1.638154987846709987e-01 3.824945915632129156e-01
2.500000000000000000e-01 2.500000000000000000e-01 2.500000000000000000e-01 2.500000000000000000e-01
2.500000000000000000e-01 2.500000000000000000e-01 2.500000000000000000e-01 2.500000000000000000e-01
4.247707928000341582e-01 3.758654413044730525e-02 7.631457590332342555e-02 4.613280871661951110e-01
2.500000000000000000e-01 2.500000000000000000e-01 2.500000000000000000e-01 2.500000000000000000e-01
4.254200067460797152e-01 8.273258571248069682e-02 3.834206143475556161e-02 4.535053461066840264e-01
2.034491859135127145e-01 3.917597100274900490e-01 2.027319127206159144e-01 2.020591913383813221e-01
2.500000000000000000e-01 2.500000000000000000e-01 2.500000000000000000e-01 2.500000000000000000e-01
1.977426557992633671e-01 3.024540212579091697e-02 7.218034769123998773e-02 6.998315943837056796e-01
2.500000000000000000e-01 2.500000000000000000e-01 2.500000000000000000e-01 2.500000000000000000e-01
2.500000000000000000e-01 2.500000000000000000e-01 2.500000000000000000e-01 2.500000000000000000e-01
2.500000000000000000e-01 2.500000000000000000e-01 2.500000000000000000e-01 2.500000000000000000e-01
2.500000000000000000e-01 2.500000000000000000e-01 2.500000000000000000e-01 2.500000000000000000e-01
2.500000000000000000e-01 2.500000000000000000e-01 2.500000000000000000e-01 2.500000000000000000e-01
2.500000000000000000e-01 2.500000000000000000e-01 2.500000000000000000e-01 2.500000000000000000e-01
4.856527913878348479e-01 5.655752131632725554e-03 2.902706857859627121e-01 2.184207706945697214e-01
2.500000000000000000e-01 2.500000000000000000e-01 2.500000000000000000e-01 2.500000000000000000e-01
3.562759313342421796e-01 5.540290258513869137e-01 3.761109044950528002e-03 8.593393376942037865e-02
2.500000000000000000e-01 2.500000000000000000e-01 2.500000000000000000e-01 2.500000000000000000e-01
6.299043102447962617e-02 6.727868102940978701e-02 3.853172647007327978e-01 4.844136232453777335e-01
2.500000000000000000e-01 2.500000000000000000e-01 2.500000000000000000e-01 2.500000000000000000e-01
