2.500000000000000000e-01 2.500000000000000000e-01 2.500000000000000000e-01 2.500000000000000000e-01
2.500000000000000000e-01 2.500000000000000000e-01 2.500000000000000000e-01 2.500000000000000000e-01
4.283239470001934390e-02 4.126684223194297500e-03 3.443320641392789705e-01 6.087088569375074254e-01
2.500000000000000000e-01 2.500000000000000000e-01 2.500000000000000000e-01 2.500000000000000000e-01
2.500000000000000000e-01 2.500000000000000000e-01 2.500000000000000000e-01 2.500000000000000000e-01
2.500000000000000000e-01 2.500000000000000000e-01 2.500000000000000000e-01 2.500000000000000000e-01
4.443739110323130515e-01 1.498665904867292620e-01 1.529615156391363751e-01 2.527979828418213115e-01
6.136462542575338297e-01 7.979892288252569965e-02 1.544156551664606636e-01 1.521391676934797932e-01
2.500000000000000000e-01 2.500000000000000000e-01 2.500000000000000000e-01 2.500000000000000000e-01
2.500000000000000000e-01 2.500000000000000000e-01 2.500000000000000000e-01 2.500000000000000000e-01
2.500000000000000000e-01 2.500000000000000000e-01 2.500000000000000000e-01 2.500000000000000000e-01
2.500000000000000000e-01 2.500000000000000000e-01 2.500000000000000000e-01 2.500000000000000000e-01
2.500000000000000000e-01 2.500000000000000000e-01 2.500000000000000000e-01 2.500000000000000000e-01
2.170366356393599316e-01 3.970716204689725415e-02 3.121043115150592406e-01 4.311518907986835458e-01
2.500000000000000000e-01 2.500000000000000000e-01 2.500000000000000000e-01 2.500000000000000000e-01
2.500000000000000000e-01 2.500000000000000000e-01 2.500000000000000000e-01 2.500000000000000000e-01
2.500000000000000000e-01 2.500000000000000000e-01 2.500000000000000000e-01 2.500000000000000000e-01
3.925069223492503451e-02 1.340438696114338024e-01 3.966022753091688613e-02 7.870452106227242561e-01
2.500000000000000000e-01 2.500000000000000000e-01 2.500000000000000000e-01 2.500000000000000000e-01
5.803184887966260641e-01 1.594297770962943561e-01 2.451233012448841286e-01 1.512843286219545114e-02
2.500000000000000000e-01 2.500000000000000000e-01 2.500000000000000000e-01 2.500000000000000000e-01
1.344049444347591646e-02 3.502480391846408136e-01 8.812306784293516548e-02 5.481883985289480732e-01
2.500000000000000000e-01 2.500000000000000000e-01 2.500000000000000000e-01 2.500000000000000000e-01
2.500000000000000000e-01 2.500000000000000000e-01 2.500000000000000000e-01 2.500000000000000000e-01
2.500000000000000000e-01 2.500000000000000000e-01 2.500000000000000000e-01 2.500000000000000000e-01
2.500000000000000000e-01 2.500000000000000000e-01 2.500000000000000000e-01 2.500000000000000000e-01
2.500000000000000000e-01 2.500000000000000000e-01 2.500000000000000000e-01 2.500000000000000000e-01
2.309448616263007625e-01 3.268327241069336475e-01 1.858886465521212283e-01 2.563337677146443339e-01
3.487534964338836474e-01 5.596602174377476313e-01 8.445283101260925296e-02 7.133455115759468335e-03
2.500000000000000000e-01 2.500000000000000000e-01 2.500000000000000000e-01 2.500000000000000000e-01
2.500000000000000000e-01 2.500000000000000000e-01 2.500000000000000000e-01 2.500000000000000000e-01
2.500000000000000000e-01 2.500000000000000000e-01 2.500000000000000000e-01 2.500000000000000000e-01
1.752019677110031037e-01 1.728657649102248797e-02 3.606798887882932680e-01 4.468315670096811298e-01
2.500000000000000000e-01 2.500000000000000000e-01 2.500000000000000000e-01 2.500000000000000000e-01
3.025997191269622077e-01 2.930796817886598404e-01 3.402322424810237944e-01 6.408835660335421291e-02
2.500000000000000000e-01 2.500000000000000000e-01 2.500000000000000000e-01 2.500000000000000000e-01
2.500000000000000000e-01 2.500000000000000000e-01 2.500000000000000000e-01 2.500000000000000000e-01
2.500000000000000000e-01 2.500000000000000000e-01 2.500000000000000000e-01 2.500000000000000000e-01
2.500000000000000000e-01 2.500000000000000000e-01 2.500000000000000000e-01 2.500000000000000000e-01
1.709074509955716970e-01 2.819220259992580857e-01 2.845862590598713382e-01 2.625842639452988792e-01
8.940825792160521368e-02 6.197835784748769727e-01 7.408758525684155938e-02 2.167205783466761848e-01
2.500000000000000000e-01 2.500000000000000000e-01 2.500000000000000000e-01 2.500000000000000000e-01
2.500000000000000000e-01 2.500000000000000000e-01 2.500000000000000000e-01 2.500000000000000000e-01
2.500000000000000000e-01 2.500000000000000000e-01 2.500000000000000000e-01 2.500000000000000000e-01
3.386374246002704091e-01 1.954956778458706926e-02 3.295586963916602441e-01 3.122543112234822948e-01
2.500000000000000000e-01 2.500000000000000000e-01 2.500000000000000000e-01 2.500000000000000000e-01
2.500000000000000000e-01 2.500000000000000000e-01 2.500000000000000000e-01 2.500000000000000000e-01
2.500000000000000000e-01 2.500000000000000000e-01 2.500000000000000000e-01 2.500000000000000000e-01
2.500000000000000000e-01 2.500000000000000000e-01 2.500000000000000000e-01 2.500000000000000000e-01
2.500000000000000000e-01 2.500000000000000000e-01 2.500000000000000000e-01 2.500000000000000000e-01
2.500000000000000000e-01 2.500000000000000000e-01 2.500000000000000000e-01 2.500000000000000000e-01
2.758430132434855353e-01 1.354517222056717818e-01 4.037262512651614843e-01 1.849790132856811709e-01
2.500000000000000000e-01 2.500000000000000000e-01 2.500000000000000000e-01 2.500000000000000000e-01
2.500000000000000000e-01 2.500000000000000000e-01 2.500000000000000000e-01 2.500000000000000000e-01
1.967660912971206377e-01 6.605094136481823308e-02 1.006600936938003843e-01 6.365228736442607449e-01
5.835584507510337415e-01 8.667307439200803987e-02 1.408843527201281698e-01 1.888841221368300349e-01
2.500000000000000000e-01 2.500000000000000000e-01 2.500000000000000000e-01 2.500000000000000000e-01
2.500000000000000000e-01 2.500000000000000000e-01 2.500000000000000000e-01 2.500000000000000000e-01
2.500000000000000000e-01 2.500000000000000000e-01 2.500000000000000000e-01 2.500000000000000000e-01
2.500000000000000000e-01 2.500000000000000000e-01 2.500000000000000000e-01 2.500000000000000000e-01
3.420930205243130073e-01 1.843500102323621104e-01 3.809829547441291320e-01 9.257401449919577807e-02
2.500000000000000000e-01 2.500000000000000000e-01 2.500000000000000000e-01 2.500000000000000000e-01
2.400463654203540131e-01 2.228386052715222998e-01 3.439963454464449732e-01 1.931186838616786861e-01
3.133089792256820716e-01 3.655673661566949395e-02 1.032902655680472126e-01 5.468440185906011664e-01
3.583351885451715457e-01 4.398317362062960645e-01 1.649389712410437858e-01 3.689410400748854846e-02
2.500000000000000000e-01 2.500000000000000000e-01 2.500000000000000000e-01 2.500000000000000000e-01
2.500000000000000000e-01 2.500000000000000000e-01 2.500000000000000000e-01 2.500000000000000000e-01
2.500000000000000000e-01 2.500000000000000000e-01 2.500000000000000000e-01 2.500000000000000000e-01
2.500000000000000000e-01 2.500000000000000000e-01 2.500000000000000000e-01 2.500000000000000000e-01
2.500000000000000000e-01 2.500000000000000000e-01 2.500000000000000000e-01 2.500000000000000000e-01
2.500000000000000000e-01 2.500000000000000000e-01 2.500000000000000000e-01 2.500000000000000000e-01
2.445570808142413233e-01 3.931062074617601154e-01 1.288072573644686858e-01 2.335294543595298755e-01
2.500000000000000000e-01 2.500000000000000000e-01 2.500000000000000000e-01 2.500000000000000000e-01
2.500000000000000000e-01 2.500000000000000000e-01 2.500000000000000000e-01 2.500000000000000000e-01
2.373465084352213150e-01 4.957939604434004055e-01 2.382929993466517127e-01 2.856653177472651128e-02
2.500000000000000000e-01 2.500000000000000000e-01 2.500000000000000000e-01 2.500000000000000000e-01
2.887268644835696008e-01 4.199055865505813001e-01 1.263506314270839148e-01 1.650169175387651843e-01
2.500000000000000000e-01 2.500000000000000000e-01 2.500000000000000000e-01 2.500000000000000000e-01
2.500000000000000000e-01 2.500000000000000000e-01 2.500000000000000000e-01 2.500000000000000000e-01
2.500000000000000000e-01 2.500000000000000000e-01 2.500000000000000000e-01 2.500000000000000000e-01
2.932874679760243963e-01 3.693107301818265853e-02 5.734416809652287395e-01 9.633977804056420569e-02
2.500000000000000000e-01 2.500000000000000000e-01 2.500000000000000000e-01 2.500000000000000000e-01
2.500000000000000000e-01 2.500000000000000000e-01 2.500000000000000000e-01 2.500000000000000000e-01
2.500000000000000000e-01 2.500000000000000000e-01 2.500000000000000000e-01 2.500000000000000000e-01
2.279888829750668366e-01 5.225537672419705570e-01 1.491661066079733589e-01 1.002912431749891919e-01
7.650038785193048751e-02 5.357321877694861678e-01 4.061710080696978586e-02 3.471503235716135727e-01
2.500000000000000000e-01 2.500000000000000000e-01 2.500000000000000000e-01 2.500000000000000000e-01
3.716818195875991049e-01 1.694688904429358656e-01 1.964608294992623017e-02 4.392032070195387994e-01
2.500000000000000000e-01 2.500000000000000000e-01 2.500000000000000000e-01 2.500000000000000000e-01
2.500000000000000000e-01 2.500000000000000000e-01 2.500000000000000000e-01 2.500000000000000000e-01
3.606287608933017585e-01 1.370361659789843256e-01 3.096152050217683693e-01 1.927198681059455465e-01
4.230064129853094435e-01 1.195946748042725771e-01 2.871659585432738693e-01 1.702329536671441379e-01
2.500000000000000000e-01 2.500000000000000000e-01 2.500000000000000000e-01 2.500000000000000000e-01
2.500000000000000000e-01 2.500000000000000000e-01 2.500000000000000000e-01 2.500000000000000000e-01
7.573792204681381590e-02 1.143336813789314205e-01 3.903517315549046574e-01 4.195766650193500924e-01
2.500000000000000000e-01 2.500000000000000000e-01 2.500000000000000000e-01 2.500000000000000000e-01
2.500000000000000000e-01 2.500000000000000000e-01 2.500000000000000000e-01 2.500000000000000000e-01
1.322538192009796443e-01 3.845635878172589117e-01 1.096772604132238427e-01 3.735053325685375736e-01
4.073924771455113003e-01 2.701526823988824599e-01 1.479094633814400650e-01 1.745453770741661748e-01
6.069641996425905184e-01 7.523459578744079446e-02 6.937433104252116456e-02 2.484268735274475226e-01
