2.500000000000000000e-01 2.500000000000000000e-01 2.500000000000000000e-01 2.500000000000000000e-01
2.500000000000000000e-01 2.500000000000000000e-01 2.500000000000000000e-01 2.500000000000000000e-01
3.048324607568768385e-02 3.328041974032042855e-02 1.785986264194548423e-01 7.576377077645370939e-01
2.500000000000000000e-01 2.500000000000000000e-01 2.500000000000000000e-01 2.500000000000000000e-01
2.500000000000000000e-01 2.500000000000000000e-01 2.500000000000000000e-01 2.500000000000000000e-01
2.500000000000000000e-01 2.500000000000000000e-01 2.500000000000000000e-01 2.500000000000000000e-01
2.500000000000000000e-01 2.500000000000000000e-01 2.500000000000000000e-01 2.500000000000000000e-01
2.551114035727047868e-01 1.654491720220253037e-01 5.004881817873092498e-01 7.895124261796065968e-02
1.717716524243323162e-01 5.318901459281989430e-01 8.830625789989721142e-03 2.875075758574789919e-01
6.875996939981082745e-02 1.773233655829750677e-01 2.353380300006792658e-01 5.185786350165348946e-01
2.500000000000000000e-01 2.500000000000000000e-01 2.500000000000000000e-01 2.500000000000000000e-01
2.500000000000000000e-01 2.500000000000000000e-01 2.500000000000000000e-01 2.500000000000000000e-01
1.148158940259386140e-01 4.119871663982313525e-01 9.361485605090275053e-02 3.795820835249272829e-01
2.500000000000000000e-01 2.500000000000000000e-01 2.500000000000000000e-01 2.500000000000000000e-01
2.500000000000000000e-01 2.500000000000000000e-01 2.500000000000000000e-01 2.500000000000000000e-01
6.760315838499446339e-02 2.018279416540269544e-01 5.070217100968179569e-01 2.235471898641606669e-01
2.500000000000000000e-01 2.500000000000000000e-01 2.500000000000000000e-01 2.500000000000000000e-01
2.980620595851938281e-01 4.948084986262842322e-01 1.346076467321731251e-01 7.252179505634881451e-02
2.500000000000000000e-01 2.500000000000000000e-01 2.500000000000000000e-01 2.500000000000000000e-01
2.500000000000000000e-01 2.500000000000000000e-01 2.500000000000000000e-01 2.500000000000000000e-01
2.500000000000000000e-01 2.500000000000000000e-01 2.500000000000000000e-01 2.500000000000000000e-01
6.977648142543150245e-01 2.224694490269812919e-01 1.304952069833309469e-02 6.671621602037058896e-02
2.500000000000000000e-01 2.500000000000000000e-01 2.500000000000000000e-01 2.500000000000000000e-01
2.500000000000000000e-01 2.500000000000000000e-01 2.500000000000000000e-01 2.500000000000000000e-01
2.500000000000000000e-01 2.500000000000000000e-01 2.500000000000000000e-01 2.500000000000000000e-01
4.799832229688327234e-01 1.808936512401848051e-01 1.092736669346267564e-01 2.298494588563557151e-01
2.126104694638538128e-01 1.691545874164007701e-01 3.216712195367440463e-01 2.965637235830013707e-01
2.500000000000000000e-01 2.500000000000000000e-01 2.500000000000000000e-01 2.500000000000000000e-01
2.500000000000000000e-01 2.500000000000000000e-01 2.500000000000000000e-01 2.500000000000000000e-01
2.500000000000000000e-01 2.500000000000000000e-01 2.500000000000000000e-01 2.500000000000000000e-01
2.500000000000000000e-01 2.500000000000000000e-01 2.500000000000000000e-01 2.500000000000000000e-01
2.500000000000000000e-01 2.500000000000000000e-01 2.500000000000000000e-01 2.500000000000000000e-01
2.500000000000000000e-01 2.500000000000000000e-01 2.500000000000000000e-01 2.500000000000000000e-01
2.500000000000000000e-01 2.500000000000000000e-01 2.500000000000000000e-01 2.500000000000000000e-01
2.500000000000000000e-01 2.500000000000000000e-01 2.500000000000000000e-01 2.500000000000000000e-01
2.500000000000000000e-01 2.500000000000000000e-01 2.500000000000000000e-01 2.500000000000000000e-01
2.500000000000000000e-01 2.500000000000000000e-01 2.500000000000000000e-01 2.500000000000000000e-01
8.567099509544144620e-03 1.074418165039207895e-01 5.185322455180569889e-01 3.654588384684780977e-01
2.500000000000000000e-01 2.500000000000000000e-01 2.500000000000000000e-01 2.500000000000000000e-01
2.500000000000000000e-01 2.500000000000000000e-01 2.500000000000000000e-01 2.500000000000000000e-01
2.500000000000000000e-01 2.500000000000000000e-01 2.500000000000000000e-01 2.500000000000000000e-01
2.500000000000000000e-01 2.500000000000000000e-01 2.500000000000000000e-01 2.500000000000000000e-01
2.575315657124697122e-01 8.217296966675456671e-02 5.226741325197632460e-01 1.376213321010124613e-01
2.500000000000000000e-01 2.500000000000000000e-01 2.500000000000000000e-01 2.500000000000000000e-01
2.500000000000000000e-01 2.500000000000000000e-01 2.500000000000000000e-01 2.500000000000000000e-01
2.500000000000000000e-01 2.500000000000000000e-01 2.500000000000000000e-01 2.500000000000000000e-01
3.154350291028205910e-02 1.077330778023765645e-01 2.822954644257819057e-02 8.324938728447631719e-01
6.659684667660580037e-02 4.409859461613836462e-01 3.757851797556821527e-02 4.548386891864423243e-01
3.722032045130294065e-01 3.273213000951582380e-02 1.279361034331432945e-01 4.671285620443114683e-01
2.500000000000000000e-01 2.500000000000000000e-01 2.500000000000000000e-01 2.500000000000000000e-01
2.500000000000000000e-01 2.500000000000000000e-01 2.500000000000000000e-01 2.500000000000000000e-01
3.561643038284441065e-01 2.349556396460110719e-01 1.845958849734825602e-01 2.242841715520622614e-01
2.500000000000000000e-01 2.500000000000000000e-01 2.500000000000000000e-01 2.500000000000000000e-01
2.947378101175372467e-01 3.752175578807075973e-01 1.456178040229796911e-01 1.844268279787754650e-01
2.500000000000000000e-01 2.500000000000000000e-01 2.500000000000000000e-01 2.500000000000000000e-01
6.770977777501501205e-01 1.958069753775851241e-01 2.356079405129996029e-03 1.247391674671347594e-01
2.500000000000000000e-01 2.500000000000000000e-01 2.500000000000000000e-01 2.500000000000000000e-01
2.500000000000000000e-01 2.500000000000000000e-01 2.500000000000000000e-01 2.500000000000000000e-01
1.330084778830336878e-01 1.383872874516663687e-01 5.043179431598562301e-01 2.242862915054436301e-01
4.353092665145980034e-01 8.282182503844447152e-02 3.186899721138461983e-01 1.631789363331113130e-01
1.782751181392743245e-01 2.875269533271947453e-01 4.071231373030378964e-01 1.270747912304930338e-01
2.698694209555480006e-01 1.024769103589467656e-01 1.058764662811334800e-01 5.217772024043717538e-01
2.500000000000000000e-01 2.500000000000000000e-01 2.500000000000000000e-01 2.500000000000000000e-01
5.404127092898612927e-01 9.476016442511854543e-02 8.529795086427986728e-02 2.795291754207402946e-01
2.500000000000000000e-01 2.500000000000000000e-01 2.500000000000000000e-01 2.500000000000000000e-01
6.792619089610022476e-01 1.129389964814379865e-01 9.563866862086181642e-02 1.121604259366979495e-01
2.500000000000000000e-01 2.500000000000000000e-01 2.500000000000000000e-01 2.500000000000000000e-01
2.500000000000000000e-01 2.500000000000000000e-01 2.500000000000000000e-01 2.500000000000000000e-01
2.500000000000000000e-01 2.500000000000000000e-01 2.500000000000000000e-01 2.500000000000000000e-01
3.970042560759221018e-01 1.705447399873820380e-01 6.898511764023432247e-02 3.634658862964615378e-01
2.500000000000000000e-01 2.500000000000000000e-01 2.500000000000000000e-01 2.500000000000000000e-01
5.088036719103579131e-01 2.477357536726253195e-01 1.847611374574128773e-01 5.869943695960389007e-02
1.434974430027025072e-01 4.860432259517548093e-01 1.383433607917433084e-01 2.321159702537993197e-01
1.258141628365418985e-01 4.972932513462139381e-01 1.649910948623201090e-02 3.603934763310122080e-01
2.090450607138302219e-01 2.398425933809506805e-01 9.480458838123587140e-02 4.563077575239832262e-01
5.070261294695016518e-01 1.491210501090946827e-01 3.674754051033682356e-02 3.071052799110668419e-01
5.908701236852722527e-01 7.505546665469349510e-02 6.984011395881577211e-02 2.642342957012184801e-01
3.684581069330278291e-02 8.017244343875994106e-02 3.519007967105548529e-01 5.310809491573824648e-01
8.401305643152262581e-02 2.364186199363355334e-01 2.934379459449779626e-01 3.861303776871639060e-01
1.742345512091390825e-02 2.246730656560033401e-01 2.140002771442633678e-01 5.439032020788193700e-01
2.500000000000000000e-01 2.500000000000000000e-01 2.500000000000000000e-01 2.500000000000000000e-01
1.411247862165964095e-01 3.753813348991724697e-01 1.075658934109915421e-01 3.759279854732395787e-01
2.500000000000000000e-01 2.500000000000000000e-01 2.500000000000000000e-01 2.500000000000000000e-01
2.500000000000000000e-01 2.500000000000000000e-01 2.500000000000000000e-01 2.500000000000000000e-01
2.500000000000000000e-01 2.500000000000000000e-01 2.500000000000000000e-01 2.500000000000000000e-01
2.500000000000000000e-01 2.500000000000000000e-01 2.500000000000000000e-01 2.500000000000000000e-01
2.500000000000000000e-01 2.500000000000000000e-01 2.500000000000000000e-01 2.500000000000000000e-01
4.051334136654345941e-01 2.686744358313511993e-01 6.723723222876132333e-02 2.589549182744528832e-01
2.500000000000000000e-01 2.500000000000000000e-01 2.500000000000000000e-01 2.500000000000000000e-01
2.500000000000000000e-01 2.500000000000000000e-01 2.500000000000000000e-01 2.500000000000000000e-01
2.500000000000000000e-01 2.500000000000000000e-01 2.500000000000000000e-01 2.500000000000000000e-01
6.490530094674001882e-02 7.415251959148808081e-02 3.554359385102787150e-02 8.253985856107439734e-01
2.500000000000000000e-01 2.500000000000000000e-01 2.500000000000000000e-01 2.500000000000000000e-01
1.406748882124693178e-01 1.463626325728168143e-01 5.228560938383203238e-01 1.901063853763935718e-01
4.909456006471096257e-01 1.784006135195720377e-01 2.817867761526086090e-01 4.886700968070972761e-02
2.500000000000000000e-01 2.500000000000000000e-01 2.500000000000000000e-01 2.500000000000000000e-01
1.249912077656688408e-01 1.801644773360233653e-01 4.030519300441535169e-01 2.917923848541542076e-01
2.500000000000000000e-01 2.500000000000000000e-01 2.500000000000000000e-01 2.500000000000000000e-01
2.500000000000000000e-01 2.500000000000000000e-01 2.500000000000000000e-01 2.500000000000000000e-01
2.500000000000000000e-01 2.500000000000000000e-01 2.500000000000000000e-01 2.500000000000000000e-01
2.500000000000000000e-01 2.500000000000000000e-01 2.500000000000000000e-01 2.500000000000000000e-01
2.500000000000000000e-01 2.500000000000000000e-01 2.500000000000000000e-01 2.500000000000000000e-01
4.502223561678558306e-01 4.636224276538754296e-02 4.608392263226234742e-01 4.257617474413316616e-02
2.500000000000000000e-01 2.500000000000000000e-01 2.500000000000000000e-01 2.500000000000000000e-01
2.715242423865326105e-01 1.123262280216408976e-02 4.110341372475200261e-01 3.062089975637832806e-01
2.500000000000000000e-01 2.500000000000000000e-01 2.500000000000000000e-01 2.500000000000000000e-01
2.500000000000000000e-01 2.500000000000000000e-01 2.500000000000000000e-01 2.500000000000000000e-01
1.356875068290051278e-01 1.954280097268752958e-01 4.374037969241612589e-01 2.314806865199583175e-01
2.500000000000000000e-01 2.500000000000000000e-01 2.500000000000000000e-01 2.500000000000000000e-01
2.500000000000000000e-01 2.500000000000000000e-01 2.500000000000000000e-01 2.500000000000000000e-01
1.385456188550749645e-01 2.058564545926550027e-01 3.757418241897950706e-01 2.798561023624749344e-01
2.500000000000000000e-01 2.500000000000000000e-01 2.500000000000000000e-01 2.500000000000000000e-01
6.978715690303475272e-01 2.243647091555475148e-01 4.889102797846589521e-02 2.887269383563906278e-02
1.221305027170258989e-01 2.596488396901502904e-01 2.861767811617014212e-01 3.320438764311223756e-01
2.500000000000000000e-01 2.500000000000000000e-01 2.500000000000000000e-01 2.500000000000000000e-01
1.987690182663470750e-01 2.877963691057321485e-02 1.508807011274127530e-01 6.215706436956669467e-01
2.500000000000000000e-01 2.500000000000000000e-01 2.500000000000000000e-01 2.500000000000000000e-01
2.500000000000000000e-01 2.500000000000000000e-01 2.500000000000000000e-01 2.500000000000000000e-01
2.500000000000000000e-01 2.500000000000000000e-01 2.500000000000000000e-01 2.500000000000000000e-01
2.818795233869096362e-01 2.528580716968988895e-01 2.741487753053004628e-01 1.911136296108910115e-01
2.500000000000000000e-01 2.500000000000000000e-01 2.500000000000000000e-01 2.500000000000000000e-01
4.904219160060762639e-01 1.732272777822354559e-01 1.488062267120416893e-01 1.875445794996465909e-01
2.500000000000000000e-01 2.500000000000000000e-01 2.500000000000000000e-01 2.500000000000000000e-01
2.500000000000000000e-01 2.500000000000000000e-01 2.500000000000000000e-01 2.500000000000000000e-01
2.500000000000000000e-01 2.500000000000000000e-01 2.500000000000000000e-01 2.500000000000000000e-01
5.773243485401455821e-01 3.848097382243047537e-01 3.435860975057414279e-02 3.507303484975521357e-03
2.023096820153556241e-01 1.704779186718710648e-02 2.189144652024278270e-01 5.617280609150294701e-01
2.500000000000000000e-01 2.500000000000000000e-01 2.500000000000000000e-01 2.500000000000000000e-01
1.463404508931805403e-01 4.940549838180071512e-02 8.574960357947761236e-02 7.185044471455410697e-01
3.321158628161133275e-01 1.460679755712143146e-01 3.951965059949443804e-01 1.266196556177280330e-01
2.500000000000000000e-01 2.500000000000000000e-01 2.500000000000000000e-01 2.500000000000000000e-01
2.338187894133285649e-01 4.145685385858209893e-01 1.107368632707143030e-01 2.408758087301361428e-01
2.500000000000000000e-01 2.500000000000000000e-01 2.500000000000000000e-01 2.500000000000000000e-01
2.500000000000000000e-01 2.500000000000000000e-01 2.500000000000000000e-01 2.500000000000000000e-01
2.500000000000000000e-01 2.500000000000000000e-01 2.500000000000000000e-01 2.500000000000000000e-01
2.500000000000000000e-01 2.500000000000000000e-01 2.500000000000000000e-01 2.500000000000000000e-01
2.500000000000000000e-01 2.500000000000000000e-01 2.500000000000000000e-01 2.500000000000000000e-01
8.623038230360278167e-01 7.745108581621794330e-02 4.147695901243998728e-02 1.876813213531425273e-02
4.306520168723367847e-01 2.141086411796682965e-01 4.913483417244104978e-02 3.061045077755538690e-01
2.500000000000000000e-01 2.500000000000000000e-01 2.500000000000000000e-01 2.500000000000000000e-01
2.160442103246512369e-01 1.701749921932738940e-01 3.836499990945830829e-01 2.301307983874917029e-01
2.500000000000000000e-01 2.500000000000000000e-01 2.500000000000000000e-01 2.500000000000000000e-01
5.450338281443144473e-01 2.007780455445759560e-01 1.593074431771219213e-01 9.488068313398767550e-02
2.500000000000000000e-01 2.500000000000000000e-01 2.500000000000000000e-01 2.500000000000000000e-01
2.492308372784171611e-01 1.749242510097664266e-02 4.656742464668642278e-01 2.676024911537419615e-01
2.500000000000000000e-01 2.500000000000000000e-01 2.500000000000000000e-01 2.500000000000000000e-01
2.500000000000000000e-01 2.500000000000000000e-01 2.500000000000000000e-01 2.500000000000000000e-01
2.500000000000000000e-01 2.500000000000000000e-01 2.500000000000000000e-01 2.500000000000000000e-01
2.500000000000000000e-01 2.500000000000000000e-01 2.500000000000000000e-01 2.500000000000000000e-01
4.261206574579412543e-02 6.689994327818123976e-01 5.806526818193835648e-02 2.303232332904551760e-01
2.994005529990259595e-02 3.375489771924541915e-02 1.264627128490783126e-01 8.098423341317736446e-01
2.500000000000000000e-01 2.500000000000000000e-01 2.500000000000000000e-01 2.500000000000000000e-01
1.330641628289322698e-01 4.878781888451388243e-02 4.531586562123534057e-01 3.649893620742004074e-01
2.500000000000000000e-01 2.500000000000000000e-01 2.500000000000000000e-01 2.500000000000000000e-01
2.500000000000000000e-01 2.500000000000000000e-01 2.500000000000000000e-01 2.500000000000000000e-01
7.037699368440006875e-01 1.081519236181012616e-01 4.935361872035844144e-02 1.387245208175396094e-01
2.500000000000000000e-01 2.500000000000000000e-01 2.500000000000000000e-01 2.500000000000000000e-01
5.503056869002745932e-01 2.677358593243343576e-01 1.266377562789127720e-01 5.532069749647827717e-02
7.244820376990086519e-01 1.431765552615309189e-01 2.237305440294826142e-02 1.099683526365121677e-01
2.500000000000000000e-01 2.500000000000000000e-01 2.500000000000000000e-01 2.500000000000000000e-01
2.169390582219051511e-01 1.703197185726509910e-01 2.543200115606308875e-02 5.873092220493807414e-01
2.500000000000000000e-01 2.500000000000000000e-01 2.500000000000000000e-01 2.500000000000000000e-01
1.122557618530224260e-01 4.230988213925290786e-01 6.547441072681203789e-02 3.991710060276364436e-01
7.891173764539932689e-02 4.786701961717305664e-01 1.940783162363879377e-01 2.483397499464821689e-01
2.500000000000000000e-01 2.500000000000000000e-01 2.500000000000000000e-01 2.500000000000000000e-01
2.500000000000000000e-01 2.500000000000000000e-01 2.500000000000000000e-01 2.500000000000000000e-01
2.500000000000000000e-01 2.500000000000000000e-01 2.500000000000000000e-01 2.500000000000000000e-01
2.500000000000000000e-01 2.500000000000000000e-01 2.500000000000000000e-01 2.500000000000000000e-01
2.500000000000000000e-01 2.500000000000000000e-01 2.500000000000000000e-01 2.500000000000000000e-01
2.500000000000000000e-01 2.500000000000000000e-01 2.500000000000000000e-01 2.500000000000000000e-01
2.500000000000000000e-01 2.500000000000000000e-01 2.500000000000000000e-01 2.500000000000000000e-01
2.500000000000000000e-01 2.500000000000000000e-01 2.500000000000000000e-01 2.500000000000000000e-01
2.500000000000000000e-01 2.500000000000000000e-01 2.500000000000000000e-01 2.500000000000000000e-01
2.500000000000000000e-01 2.500000000000000000e-01 2.500000000000000000e-01 2.500000000000000000e-01
1.609546878149740179e-01 1.622711374411220375e-01 4.063150796206689841e-01 2.704590951232349050e-01
2.500000000000000000e-01 2.500000000000000000e-01 2.500000000000000000e-01 2.500000000000000000e-01
3.033688055776820880e-01 3.225100603285410011e-02 2.951073329187900440e-01 3.692728554706737887e-01
2.075789561341520317e-01 1.630648626341802895e-02 7.019569773845396599e-01 7.415758021789034538e-02
2.500000000000000000e-01 2.500000000000000000e-01 2.500000000000000000e-01 2.500000000000000000e-01
2.500000000000000000e-01 2.500000000000000000e-01 2.500000000000000000e-01 2.500000000000000000e-01
6.636261864416313772e-02 1.962719802374141009e-01 4.560263204039270990e-01 2.813390807144956485e-01
3.211238632571685181e-01 1.747031900774785595e-01 3.172424667786736263e-01 1.869304798866792683e-01
2.500000000000000000e-01 2.500000000000000000e-01 2.500000000000000000e-01 2.500000000000000000e-01
2.500000000000000000e-01 2.500000000000000000e-01 2.500000000000000000e-01 2.500000000000000000e-01
6.583948168756821595e-02 1.995106521733915339e-01 3.302490840468668698e-01 4.044007820921733942e-01
2.500000000000000000e-01 2.500000000000000000e-01 2.500000000000000000e-01 2.500000000000000000e-01
4.839525249482214131e-02 6.073563306327372374e-02 5.617768597990244750e-01 3.290922546428797224e-01
2.500000000000000000e-01 2.500000000000000000e-01 2.500000000000000000e-01 2.500000000000000000e-01
2.500000000000000000e-01 2.500000000000000000e-01 2.500000000000000000e-01 2.500000000000000000e-01
2.500000000000000000e-01 2.500000000000000000e-01 2.500000000000000000e-01 2.500000000000000000e-01
4.457093659122142171e-01 1.122488031776871925e-01 2.550368021980983779e-01 1.870050287120001986e-01
2.500000000000000000e-01 2.500000000000000000e-01 2.500000000000000000e-01 2.500000000000000000e-01
4.612399586081752934e-02 1.757697622767070977e-01 1.123078470249506133e-01 6.657983948375247873e-01
2.500000000000000000e-01 2.500000000000000000e-01 2.500000000000000000e-01 2.500000000000000000e-01
2.500000000000000000e-01 2.500000000000000000e-01 2.500000000000000000e-01 2.500000000000000000e-01
2.500000000000000000e-01 2.500000000000000000e-01 2.500000000000000000e-01 2.500000000000000000e-01
2.500000000000000000e-01 2.500000000000000000e-01 2.500000000000000000e-01 2.500000000000000000e-01
2.500000000000000000e-01 2.500000000000000000e-01 2.500000000000000000e-01 2.500000000000000000e-01
3.292011920542361469e-01 1.074074173718722602e-01 7.369660127193938814e-02 4.896947893019522047e-01
2.500000000000000000e-01 2.500000000000000000e-01 2.500000000000000000e-01 2.500000000000000000e-01
2.500000000000000000e-01 2.500000000000000000e-01 2.500000000000000000e-01 2.500000000000000000e-01
1.513126024644134149e-01 3.602709305553007946e-01 1.871113909364189309e-01 3.013050760438668596e-01
2.500000000000000000e-01 2.500000000000000000e-01 2.500000000000000000e-01 2.500000000000000000e-01
2.500000000000000000e-01 2.500000000000000000e-01 2.500000000000000000e-01 2.500000000000000000e-01
2.500000000000000000e-01 2.500000000000000000e-01 2.500000000000000000e-01 2.500000000000000000e-01
2.500000000000000000e-01 2.500000000000000000e-01 2.500000000000000000e-01 2.500000000000000000e-01
1.359364683305043786e-01 5.243655011896712903e-01 2.028296282253464478e-01 1.368684022544778833e-01
5.740175908003985333e-02 4.159088557084296145e-01 2.138091237764859764e-01 3.128802614350445488e-01
1.630689023838756968e-01 1.053622834537174258e-01 2.169867909016792995e-01 5.145820232607275502e-01
2.500000000000000000e-01 2.500000000000000000e-01 2.500000000000000000e-01 2.500000000000000000e-01
2.500000000000000000e-01 2.500000000000000000e-01 2.500000000000000000e-01 2.500000000000000000e-01
2.500000000000000000e-01 2.500000000000000000e-01 2.500000000000000000e-01 2.500000000000000000e-01
4.624137580945714143e-01 3.819504712542635128e-01 8.674115949768357314e-02 6.889461115348149978e-02
2.500000000000000000e-01 2.500000000000000000e-01 2.500000000000000000e-01 2.500000000000000000e-01
2.500000000000000000e-01 2.500000000000000000e-01 2.500000000000000000e-01 2.500000000000000000e-01
2.500000000000000000e-01 2.500000000000000000e-01 2.500000000000000000e-01 2.500000000000000000e-01
2.500000000000000000e-01 2.500000000000000000e-01 2.500000000000000000e-01 2.500000000000000000e-01
2.500000000000000000e-01 2.500000000000000000e-01 2.500000000000000000e-01 2.500000000000000000e-01
2.500000000000000000e-01 2.500000000000000000e-01 2.500000000000000000e-01 2.500000000000000000e-01
2.500000000000000000e-01 2.500000000000000000e-01 2.500000000000000000e-01 2.500000000000000000e-01
2.600862122849033065e-01 3.738465833485257045e-02 2.987928586419265620e-01 4.037362707383175819e-01
2.500000000000000000e-01 2.500000000000000000e-01 2.500000000000000000e-01 2.500000000000000000e-01
2.500000000000000000e-01 2.500000000000000000e-01 2.500000000000000000e-01 2.500000000000000000e-01
2.500000000000000000e-01 2.500000000000000000e-01 2.500000000000000000e-01 2.500000000000000000e-01
4.226840673166950418e-02 8.427406305534962394e-02 4.538303718204549919e-01 4.196271583925259008e-01
2.500000000000000000e-01 2.500000000000000000e-01 2.500000000000000000e-01 2.500000000000000000e-01
1.673442538681638725e-01 5.287979292813445031e-01 3.440342197775003719e-03 3.004174746527166207e-01
2.500000000000000000e-01 2.500000000000000000e-01 2.500000000000000000e-01 2.500000000000000000e-01
2.500000000000000000e-01 2.500000000000000000e-01 2.500000000000000000e-01 2.500000000000000000e-01
2.500000000000000000e-01 2.500000000000000000e-01 2.500000000000000000e-01 2.500000000000000000e-01
2.500000000000000000e-01 2.500000000000000000e-01 2.500000000000000000e-01 2.500000000000000000e-01
2.500000000000000000e-01 2.500000000000000000e-01 2.500000000000000000e-01 2.500000000000000000e-01
2.500000000000000000e-01 2.500000000000000000e-01 2.500000000000000000e-01 2.500000000000000000e-01
2.500000000000000000e-01 2.500000000000000000e-01 2.500000000000000000e-01 2.500000000000000000e-01
5.449571580241348023e-01 1.382866496591300398e-01 2.860930593176003178e-01 3.066313299913481227e-02
4.888056905038434263e-01 1.858085513869574268e-01 1.570203650415242513e-01 1.683653930676748955e-01
2.500000000000000000e-01 2.500000000000000000e-01 2.500000000000000000e-01 2.500000000000000000e-01
2.500000000000000000e-01 2.500000000000000000e-01 2.500000000000000000e-01 2.500000000000000000e-01
2.500000000000000000e-01 2.500000000000000000e-01 2.500000000000000000e-01 2.500000000000000000e-01
1.437949153426417437e-01 2.256621540252152225e-01 2.544906731847255688e-01 3.760522574474174373e-01
2.500000000000000000e-01 2.500000000000000000e-01 2.500000000000000000e-01 2.500000000000000000e-01
3.144188336898615654e-01 4.189132434825422746e-01 2.239096266516534262e-01 4.275829617594273380e-02
2.500000000000000000e-01 2.500000000000000000e-01 2.500000000000000000e-01 2.500000000000000000e-01
2.500000000000000000e-01 2.500000000000000000e-01 2.500000000000000000e-01 2.500000000000000000e-01
2.500000000000000000e-01 2.500000000000000000e-01 2.500000000000000000e-01 2.500000000000000000e-01
1.874060468815697544e-01 4.740568834486925676e-01 2.016476551298499453e-01 1.368894145398876772e-01
2.500000000000000000e-01 2.500000000000000000e-01 2.500000000000000000e-01 2.500000000000000000e-01
6.214641076308078382e-01 8.408422593472424100e-02 5.830202996365214940e-02 2.361496364708157714e-01
2.500000000000000000e-01 2.500000000000000000e-01 2.500000000000000000e-01 2.500000000000000000e-01
2.573153746669658293e-02 6.313361694317218276e-02 3.300152590758662630e-01 5.811195865142649852e-01
2.500000000000000000e-01 2.500000000000000000e-01 2.500000000000000000e-01 2.500000000000000000e-01
2.173423896968032509e-01 2.807933317803397721e-01 3.872370559862935990e-01 1.146272225365633779e-01
7.084782746118033214e-03 1.585726046899249841e-01 2.180981995876405122e-01 6.162444129763164913e-01
2.500000000000000000e-01 2.500000000000000000e-01 2.500000000000000000e-01 2.500000000000000000e-01
2.500000000000000000e-01 2.500000000000000000e-01 2.500000000000000000e-01 2.500000000000000000e-01
2.500000000000000000e-01 2.500000000000000000e-01 2.500000000000000000e-01 2.500000000000000000e-01
2.500000000000000000e-01 2.500000000000000000e-01 2.500000000000000000e-01 2.500000000000000000e-01
4.470929627753228996e-01 3.522448141155342105e-01 1.251901170500192562e-01 7.547210605912363368e-02
1.640104600370184407e-01 1.571097369003932875e-01 2.828000616855937954e-01 3.960797413769944209e-01
2.500000000000000000e-01 2.500000000000000000e-01 2.500000000000000000e-01 2.500000000000000000e-01
2.500000000000000000e-01 2.500000000000000000e-01 2.500000000000000000e-01 2.500000000000000000e-01
2.500000000000000000e-01 2.500000000000000000e-01 2.500000000000000000e-01 2.500000000000000000e-01
2.500000000000000000e-01 2.500000000000000000e-01 2.500000000000000000e-01 2.500000000000000000e-01
2.500000000000000000e-01 2.500000000000000000e-01 2.500000000000000000e-01 2.500000000000000000e-01
2.311662160718065129e-01 7.552705842081992860e-02 1.934858495285033952e-01 4.998208759788701494e-01
3.041761583710543282e-01 1.440851556885195395e-01 3.948633166350834500e-02 5.122523542769177318e-01
1.658423981644749912e-01 3.054583219932503479e-01 5.255894888940354504e-02 4.761403309528711159e-01
2.500000000000000000e-01 2.500000000000000000e-01 2.500000000000000000e-01 2.500000000000000000e-01
2.500000000000000000e-01 2.500000000000000000e-01 2.500000000000000000e-01 2.500000000000000000e-01
1.940125706110356896e-01 1.056495556544194553e-01 5.745290600236065137e-02 6.428849677321841760e-01
3.255467230177185867e-01 1.351161843020659281e-01 3.384179019345222583e-01 2.009191907456931991e-01
2.500000000000000000e-01 2.500000000000000000e-01 2.500000000000000000e-01 2.500000000000000000e-01
2.500000000000000000e-01 2.500000000000000000e-01 2.500000000000000000e-01 2.500000000000000000e-01
2.500000000000000000e-01 2.500000000000000000e-01 2.500000000000000000e-01 2.500000000000000000e-01
2.500000000000000000e-01 2.500000000000000000e-01 2.500000000000000000e-01 2.500000000000000000e-01
2.041570247062918231e-02 8.609611178446119339e-02 3.968291236837140357e-01 4.966590620611955886e-01
2.500000000000000000e-01 2.500000000000000000e-01 2.500000000000000000e-01 2.500000000000000000e-01
2.500000000000000000e-01 2.500000000000000000e-01 2.500000000000000000e-01 2.500000000000000000e-01
2.500000000000000000e-01 2.500000000000000000e-01 2.500000000000000000e-01 2.500000000000000000e-01
2.500000000000000000e-01 2.500000000000000000e-01 2.500000000000000000e-01 2.500000000000000000e-01
2.500000000000000000e-01 2.500000000000000000e-01 2.500000000000000000e-01 2.500000000000000000e-01
2.500000000000000000e-01 2.500000000000000000e-01 2.500000000000000000e-01 2.500000000000000000e-01
2.500000000000000000e-01 2.500000000000000000e-01 2.500000000000000000e-01 2.500000000000000000e-01
2.500000000000000000e-01 2.500000000000000000e-01 2.500000000000000000e-01 2.500000000000000000e-01
2.500000000000000000e-01 2.500000000000000000e-01 2.500000000000000000e-01 2.500000000000000000e-01
2.500000000000000000e-01 2.500000000000000000e-01 2.500000000000000000e-01 2.500000000000000000e-01
3.972101241993679088e-01 5.556840686255777828e-05 1.290583153895061286e-01 4.736759920042634131e-01
2.500000000000000000e-01 2.500000000000000000e-01 2.500000000000000000e-01 2.500000000000000000e-01
2.500000000000000000e-01 2.500000000000000000e-01 2.500000000000000000e-01 2.500000000000000000e-01
2.500000000000000000e-01 2.500000000000000000e-01 2.500000000000000000e-01 2.500000000000000000e-01
4.065168981541349424e-01 8.187162705244865890e-02 4.065589408961454154e-01 1.050525338972709832e-01
2.500000000000000000e-01 2.500000000000000000e-01 2.500000000000000000e-01 2.500000000000000000e-01
1.600140337599742502e-01 7.546394980686348120e-02 2.970593237765662420e-01 4.674626926565960128e-01
3.858394609482316828e-01 3.254265948854469237e-02 4.502789723190942506e-01 1.313389072441293881e-01
1.016538653773502859e-01 2.310603395572249086e-01 2.280270415973605636e-01 4.392587534680642558e-01
2.500000000000000000e-01 2.500000000000000000e-01 2.500000000000000000e-01 2.500000000000000000e-01
2.242582954596136491e-01 2.743622804106384261e-01 2.497940745766922821e-01 2.515853495530556705e-01
2.500000000000000000e-01 2.500000000000000000e-01 2.500000000000000000e-01 2.500000000000000000e-01
2.500000000000000000e-01 2.500000000000000000e-01 2.500000000000000000e-01 2.500000000000000000e-01
2.500000000000000000e-01 2.500000000000000000e-01 2.500000000000000000e-01 2.500000000000000000e-01
2.500000000000000000e-01 2.500000000000000000e-01 2.500000000000000000e-01 2.500000000000000000e-01
2.500000000000000000e-01 2.500000000000000000e-01 2.500000000000000000e-01 2.500000000000000000e-01
2.500000000000000000e-01 2.500000000000000000e-01 2.500000000000000000e-01 2.500000000000000000e-01
2.500000000000000000e-01 2.500000000000000000e-01 2.500000000000000000e-01 2.500000000000000000e-01
2.500000000000000000e-01 2.500000000000000000e-01 2.500000000000000000e-01 2.500000000000000000e-01
2.500000000000000000e-01 2.500000000000000000e-01 2.500000000000000000e-01 2.500000000000000000e-01
2.500000000000000000e-01 2.500000000000000000e-01 2.500000000000000000e-01 2.500000000000000000e-01
2.500000000000000000e-01 2.500000000000000000e-01 2.500000000000000000e-01 2.500000000000000000e-01
2.500000000000000000e-01 2.500000000000000000e-01 2.500000000000000000e-01 2.500000000000000000e-01
2.258102457787644901e-01 5.192415717306478676e-03 6.774439461088057612e-01 9.155339239512330640e-02
2.500000000000000000e-01 2.500000000000000000e-01 2.500000000000000000e-01 2.500000000000000000e-01
2.500000000000000000e-01 2.500000000000000000e-01 2.500000000000000000e-01 2.500000000000000000e-01
2.500000000000000000e-01 2.500000000000000000e-01 2.500000000000000000e-01 2.500000000000000000e-01
2.500000000000000000e-01 2.500000000000000000e-01 2.500000000000000000e-01 2.500000000000000000e-01
2.500000000000000000e-01 2.500000000000000000e-01 2.500000000000000000e-01 2.500000000000000000e-01
2.500000000000000000e-01 2.500000000000000000e-01 2.500000000000000000e-01 2.500000000000000000e-01
2.500000000000000000e-01 2.500000000000000000e-01 2.500000000000000000e-01 2.500000000000000000e-01
3.734079050961751634e-01 5.163887320055520203e-01 6.016326409797900787e-02 5.004009880029375301e-02
1.898176633606741270e-01 8.964418675145834070e-02 3.899634984752721467e-02 6.815418000403403731e-01
1.103458684360176245e-01 2.484323091121629912e-01 3.244082526333615935e-01 3.168135698184578186e-01
2.500000000000000000e-01 2.500000000000000000e-01 2.500000000000000000e-01 2.500000000000000000e-01
2.500000000000000000e-01 2.500000000000000000e-01 2.500000000000000000e-01 2.500000000000000000e-01
5.665263636592932084e-02 2.219287187826926855e-01 2.388414723747302182e-01 4.825771724766477755e-01
2.853682035177433352e-01 2.655523449575705186e-01 2.979605854504064899e-01 1.511188660742796563e-01
2.500000000000000000e-01 2.500000000000000000e-01 2.500000000000000000e-01 2.500000000000000000e-01
2.500000000000000000e-01 2.500000000000000000e-01 2.500000000000000000e-01 2.500000000000000000e-01
2.500000000000000000e-01 2.500000000000000000e-01 2.500000000000000000e-01 2.500000000000000000e-01
2.500000000000000000e-01 2.500000000000000000e-01 2.500000000000000000e-01 2.500000000000000000e-01
2.175637676976992230e-01 1.773189928263045612e-01 3.710174779404010192e-02 5.680154916819560862e-01
2.500000000000000000e-01 2.500000000000000000e-01 2.500000000000000000e-01 2.500000000000000000e-01
1.188675975211808261e-01 5.053504855287056508e-01 1.424099565118798205e-01 2.333719604382337165e-01
2.500000000000000000e-01 2.500000000000000000e-01 2.500000000000000000e-01 2.500000000000000000e-01
2.500000000000000000e-01 2.500000000000000000e-01 2.500000000000000000e-01 2.500000000000000000e-01
2.500000000000000000e-01 2.500000000000000000e-01 2.500000000000000000e-01 2.500000000000000000e-01
2.500000000000000000e-01 2.500000000000000000e-01 2.500000000000000000e-01 2.500000000000000000e-01
2.500000000000000000e-01 2.500000000000000000e-01 2.500000000000000000e-01 2.500000000000000000e-01
2.500000000000000000e-01 2.500000000000000000e-01 2.500000000000000000e-01 2.500000000000000000e-01
6.660176477512309567e-01 2.108208229077877804e-02 2.835859686705620719e-01 2.931430128742817942e-02
2.500000000000000000e-01 2.500000000000000000e-01 2.500000000000000000e-01 2.500000000000000000e-01
2.500000000000000000e-01 2.500000000000000000e-01 2.500000000000000000e-01 2.500000000000000000e-01
1.500216999676562413e-01 3.504994555069282369e-02 6.191270073294729004e-01 1.958013471521779514e-01
2.175305607740716796e-01 3.672206657754771841e-01 8.704387951609937613e-02 3.282048939343517602e-01
2.500000000000000000e-01 2.500000000000000000e-01 2.500000000000000000e-01 2.500000000000000000e-01
2.500000000000000000e-01 2.500000000000000000e-01 2.500000000000000000e-01 2.500000000000000000e-01
2.500000000000000000e-01 2.500000000000000000e-01 2.500000000000000000e-01 2.500000000000000000e-01
2.500000000000000000e-01 2.500000000000000000e-01 2.500000000000000000e-01 2.500000000000000000e-01
2.500000000000000000e-01 2.500000000000000000e-01 2.500000000000000000e-01 2.500000000000000000e-01
2.500000000000000000e-01 2.500000000000000000e-01 2.500000000000000000e-01 2.500000000000000000e-01
5.083905464658589057e-01 7.601148555532853679e-02 2.887655705199788647e-01 1.268323974588336789e-01
2.500000000000000000e-01 2.500000000000000000e-01 2.500000000000000000e-01 2.500000000000000000e-01
4.468937655750413462e-01 9.576102002018520298e-02 6.589960197372575490e-02 3.914456124310476959e-01
6.034574910276561122e-01 5.988574102649217579e-02 2.509825753886906763e-01 8.567419255716102189e-02
2.500000000000000000e-01 2.500000000000000000e-01 2.500000000000000000e-01 2.500000000000000000e-01
2.500000000000000000e-01 2.500000000000000000e-01 2.500000000000000000e-01 2.500000000000000000e-01
3.254393185252664744e-01 5.167414052560272975e-01 7.700930743222456076e-02 8.080996878648166737e-02
2.500000000000000000e-01 2.500000000000000000e-01 2.500000000000000000e-01 2.500000000000000000e-01
2.500000000000000000e-01 2.500000000000000000e-01 2.500000000000000000e-01 2.500000000000000000e-01
2.500000000000000000e-01 2.500000000000000000e-01 2.500000000000000000e-01 2.500000000000000000e-01
2.500000000000000000e-01 2.500000000000000000e-01 2.500000000000000000e-01 2.500000000000000000e-01
2.500000000000000000e-01 2.500000000000000000e-01 2.500000000000000000e-01 2.500000000000000000e-01
2.500000000000000000e-01 2.500000000000000000e-01 2.500000000000000000e-01 2.500000000000000000e-01
2.500000000000000000e-01 2.500000000000000000e-01 2.500000000000000000e-01 2.500000000000000000e-01
2.500000000000000000e-01 2.500000000000000000e-01 2.500000000000000000e-01 2.500000000000000000e-01
2.500000000000000000e-01 2.500000000000000000e-01 2.500000000000000000e-01 2.500000000000000000e-01
1.562965892314006067e-01 5.441732892076120987e-01 1.365664039162811649e-01 1.629637176447061298e-01
2.500000000000000000e-01 2.500000000000000000e-01 2.500000000000000000e-01 2.500000000000000000e-01
2.500000000000000000e-01 2.500000000000000000e-01 2.500000000000000000e-01 2.500000000000000000e-01
2.274689191550045009e-01 3.265563485529848764e-02 1.086542145117506686e-01 6.312212314779463984e-01
2.500000000000000000e-01 2.500000000000000000e-01 2.500000000000000000e-01 2.500000000000000000e-01
2.500000000000000000e-01 2.500000000000000000e-01 2.500000000000000000e-01 2.500000000000000000e-01
3.795724382101235972e-01 1.140602144950288860e-02 3.930558356679707543e-01 2.159657046724027807e-01
2.500000000000000000e-01 2.500000000000000000e-01 2.500000000000000000e-01 2.500000000000000000e-01
2.845356782619599123e-01 1.023141519570842373e-01 1.571381084233894332e-02 5.974363589386169071e-01
2.500000000000000000e-01 2.500000000000000000e-01 2.500000000000000000e-01 2.500000000000000000e-01
2.500000000000000000e-01 2.500000000000000000e-01 2.500000000000000000e-01 2.500000000000000000e-01
2.500000000000000000e-01 2.500000000000000000e-01 2.500000000000000000e-01 2.500000000000000000e-01
2.500000000000000000e-01 2.500000000000000000e-01 2.500000000000000000e-01 2.500000000000000000e-01
2.096342986389400018e-02 2.589157048899524693e-01 1.657519731634758409e-01 5.543688920826777000e-01
2.506088117748921373e-01 4.698935803178171944e-01 3.774080484712744044e-02 2.417568030601632278e-01
2.500000000000000000e-01 2.500000000000000000e-01 2.500000000000000000e-01 2.500000000000000000e-01
2.500000000000000000e-01 2.500000000000000000e-01 2.500000000000000000e-01 2.500000000000000000e-01
8.178786338835303260e-02 5.058634687868721613e-01 6.852520759640368109e-02 3.438234602283711250e-01
2.500000000000000000e-01 2.500000000000000000e-01 2.500000000000000000e-01 2.500000000000000000e-01
2.500000000000000000e-01 2.500000000000000000e-01 2.500000000000000000e-01 2.500000000000000000e-01
1.136037815652097757e-02 2.455585216459060457e-02 2.804216442148789734e-01 6.836621254640093959e-01
1.586482865704841039e-01 7.532561541087137019e-03 6.287618417045985897e-01 2.050573101838301382e-01
2.500000000000000000e-01 2.500000000000000000e-01 2.500000000000000000e-01 2.500000000000000000e-01
1.578597324534034008e-01 1.533907576509189463e-01 5.713672885344082131e-01 1.173822213612694676e-01
2.500000000000000000e-01 2.500000000000000000e-01 2.500000000000000000e-01 2.500000000000000000e-01
2.845167451248105661e-01 3.124594669153056559e-02 3.088143688563824707e-01 3.754229393272763837e-01
2.500000000000000000e-01 2.500000000000000000e-01 2.500000000000000000e-01 2.500000000000000000e-01
2.242979537685999003e-01 1.382217238085836630e-01 1.786802003058266530e-01 4.588001221169897836e-01
2.500000000000000000e-01 2.500000000000000000e-01 2.500000000000000000e-01 2.500000000000000000e-01
2.276271434081703071e-01 5.464479813181762763e-02 4.419214287126868590e-01 2.758066297473252271e-01
2.500000000000000000e-01 2.500000000000000000e-01 2.500000000000000000e-01 2.500000000000000000e-01
2.500000000000000000e-01 2.500000000000000000e-01 2.500000000000000000e-01 2.500000000000000000e-01
2.500000000000000000e-01 2.500000000000000000e-01 2.500000000000000000e-01 2.500000000000000000e-01
2.500000000000000000e-01 2.500000000000000000e-01 2.500000000000000000e-01 2.500000000000000000e-01
2.500000000000000000e-01 2.500000000000000000e-01 2.500000000000000000e-01 2.500000000000000000e-01
2.500000000000000000e-01 2.500000000000000000e-01 2.500000000000000000e-01 2.500000000000000000e-01
2.500000000000000000e-01 2.500000000000000000e-01 2.500000000000000000e-01 2.500000000000000000e-01
2.500000000000000000e-01 2.500000000000000000e-01 2.500000000000000000e-01 2.500000000000000000e-01
2.500000000000000000e-01 2.500000000000000000e-01 2.500000000000000000e-01 2.500000000000000000e-01
2.500000000000000000e-01 2.500000000000000000e-01 2.500000000000000000e-01 2.500000000000000000e-01
2.932941985669436091e-01 3.487743399715958481e-01 3.289588660996872749e-02 3.250355748514918153e-01
2.500000000000000000e-01 2.500000000000000000e-01 2.500000000000000000e-01 2.500000000000000000e-01
2.500000000000000000e-01 2.500000000000000000e-01 2.500000000000000000e-01 2.500000000000000000e-01
2.500000000000000000e-01 2.500000000000000000e-01 2.500000000000000000e-01 2.500000000000000000e-01
2.500000000000000000e-01 2.500000000000000000e-01 2.500000000000000000e-01 2.500000000000000000e-01
2.500000000000000000e-01 2.500000000000000000e-01 2.500000000000000000e-01 2.500000000000000000e-01
2.349891108349099755e-01 6.449969274886809822e-01 9.450307993333451062e-02 2.551088174307447609e-02
2.500000000000000000e-01 2.500000000000000000e-01 2.500000000000000000e-01 2.500000000000000000e-01
2.500000000000000000e-01 2.500000000000000000e-01 2.500000000000000000e-01 2.500000000000000000e-01
2.500000000000000000e-01 2.500000000000000000e-01 2.500000000000000000e-01 2.500000000000000000e-01
2.500000000000000000e-01 2.500000000000000000e-01 2.500000000000000000e-01 2.500000000000000000e-01
4.374856004980333668e-01 6.532583913859993374e-02 2.381925020045670693e-01 2.589960583587996301e-01
5.922985759335201994e-01 7.262664418104564090e-02 3.527243977779331852e-02 2.998023401076408412e-01
2.500000000000000000e-01 2.500000000000000000e-01 2.500000000000000000e-01 2.500000000000000000e-01
2.500000000000000000e-01 2.500000000000000000e-01 2.500000000000000000e-01 2.500000000000000000e-01
2.500000000000000000e-01 2.500000000000000000e-01 2.500000000000000000e-01 2.500000000000000000e-01
2.500000000000000000e-01 2.500000000000000000e-01 2.500000000000000000e-01 2.500000000000000000e-01
2.500000000000000000e-01 2.500000000000000000e-01 2.500000000000000000e-01 2.500000000000000000e-01
2.500000000000000000e-01 2.500000000000000000e-01 2.500000000000000000e-01 2.500000000000000000e-01
4.280854255824871335e-01 2.203022221168792968e-02 5.089054091949685166e-01 4.097894301085641677e-02
3.458365292466567542e-01 2.039824366600866412e-01 1.125672508668003058e-01 3.376137832264562988e-01
2.500000000000000000e-01 2.500000000000000000e-01 2.500000000000000000e-01 2.500000000000000000e-01
1.804271580092165761e-01 8.902583127708003918e-02 7.145022244318237348e-02 6.590967882705209835e-01
8.060562360468603860e-01 1.532595836940132267e-02 8.524898517396117814e-02 9.336882040977712016e-02
2.500000000000000000e-01 2.500000000000000000e-01 2.500000000000000000e-01 2.500000000000000000e-01
8.858707036879320817e-02 3.478897074815525681e-01 3.402111513197174641e-01 2.233120708299367596e-01
2.500000000000000000e-01 2.500000000000000000e-01 2.500000000000000000e-01 2.500000000000000000e-01
2.327203270806905699e-01 6.945551520722081928e-01 4.219274371466985585e-02 3.053177713243143687e-02
2.500000000000000000e-01 2.500000000000000000e-01 2.500000000000000000e-01 2.500000000000000000e-01
2.500000000000000000e-01 2.500000000000000000e-01 2.500000000000000000e-01 2.500000000000000000e-01
2.500000000000000000e-01 2.500000000000000000e-01 2.500000000000000000e-01 2.500000000000000000e-01
2.500000000000000000e-01 2.500000000000000000e-01 2.500000000000000000e-01 2.500000000000000000e-01
2.372837299106767828e-01 1.636000593898417343e-01 4.447313588080413216e-01 1.543848518914401613e-01
2.500000000000000000e-01 2.500000000000000000e-01 2.500000000000000000e-01 2.500000000000000000e-01
2.500000000000000000e-01 2.500000000000000000e-01 2.500000000000000000e-01 2.500000000000000000e-01
2.500000000000000000e-01 2.500000000000000000e-01 2.500000000000000000e-01 2.500000000000000000e-01
2.500000000000000000e-01 2.500000000000000000e-01 2.500000000000000000e-01 2.500000000000000000e-01
2.500000000000000000e-01 2.500000000000000000e-01 2.500000000000000000e-01 2.500000000000000000e-01
2.500000000000000000e-01 2.500000000000000000e-01 2.500000000000000000e-01 2.500000000000000000e-01
2.500000000000000000e-01 2.500000000000000000e-01 2.500000000000000000e-01 2.500000000000000000e-01
5.177908318531699861e-01 2.529611508574952650e-01 2.488348719057398295e-02 2.043645300987607660e-01
3.351840202430791948e-01 2.723780939687366343e-01 1.365920177631879673e-02 3.787786840118653742e-01
4.840754327851182759e-01 5.711212374588820612e-02 5.425644340594542453e-02 4.045560000630480935e-01
2.500000000000000000e-01 2.500000000000000000e-01 2.500000000000000000e-01 2.500000000000000000e-01
2.500000000000000000e-01 2.500000000000000000e-01 2.500000000000000000e-01 2.500000000000000000e-01
2.500000000000000000e-01 2.500000000000000000e-01 2.500000000000000000e-01 2.500000000000000000e-01
2.970364703639856441e-02 1.794710509707010404e-01 5.505825554595057403e-01 2.402427465333947243e-01
2.500000000000000000e-01 2.500000000000000000e-01 2.500000000000000000e-01 2.500000000000000000e-01
1.407211262385217876e-01 6.226026870896246290e-01 7.330840846305208824e-02 1.633677782088014951e-01
2.500000000000000000e-01 2.500000000000000000e-01 2.500000000000000000e-01 2.500000000000000000e-01
2.500000000000000000e-01 2.500000000000000000e-01 2.500000000000000000e-01 2.500000000000000000e-01
2.500000000000000000e-01 2.500000000000000000e-01 2.500000000000000000e-01 2.500000000000000000e-01
2.405496711323490411e-01 4.237699230548518797e-02 5.574334575630895960e-01 1.596398789990761680e-01
2.500000000000000000e-01 2.500000000000000000e-01 2.500000000000000000e-01 2.500000000000000000e-01
2.500000000000000000e-01 2.500000000000000000e-01 2.500000000000000000e-01 2.500000000000000000e-01
2.500000000000000000e-01 2.500000000000000000e-01 2.500000000000000000e-01 2.500000000000000000e-01
2.500000000000000000e-01 2.500000000000000000e-01 2.500000000000000000e-01 2.500000000000000000e-01
2.631848046485974479e-01 2.590439348246417195e-01 4.473843272262060244e-01 3.038693330055486364e-02
2.500000000000000000e-01 2.500000000000000000e-01 2.500000000000000000e-01 2.500000000000000000e-01
2.500000000000000000e-01 2.500000000000000000e-01 2.500000000000000000e-01 2.500000000000000000e-01
2.500000000000000000e-01 2.500000000000000000e-01 2.500000000000000000e-01 2.500000000000000000e-01
2.500000000000000000e-01 2.500000000000000000e-01 2.500000000000000000e-01 2.500000000000000000e-01
4.122954646834312564e-01 1.991593039904544782e-01 3.688461760627412267e-02 3.516606137198401427e-01
1.807844902544657739e-01 3.960568944411230197e-01 3.635501328444090685e-02 3.868036020199703273e-01
2.500000000000000000e-01 2.500000000000000000e-01 2.500000000000000000e-01 2.500000000000000000e-01
2.500000000000000000e-01 2.500000000000000000e-01 2.500000000000000000e-01 2.500000000000000000e-01
2.500000000000000000e-01 2.500000000000000000e-01 2.500000000000000000e-01 2.500000000000000000e-01
2.500000000000000000e-01 2.500000000000000000e-01 2.500000000000000000e-01 2.500000000000000000e-01
2.500000000000000000e-01 2.500000000000000000e-01 2.500000000000000000e-01 2.500000000000000000e-01
5.078007376053189637e-01 3.484802838376455103e-01 6.109217903155550466e-02 8.262679952548002138e-02
2.500000000000000000e-01 2.500000000000000000e-01 2.500000000000000000e-01 2.500000000000000000e-01
1.372596132566734073e-01 1.932435907422820343e-01 1.068299284447082886e-02 6.588138031565737851e-01
2.910778316724667650e-02 1.670254807791686502e-01 4.403953952473763644e-01 3.634713408062082984e-01
2.500000000000000000e-01 2.500000000000000000e-01 2.500000000000000000e-01 2.500000000000000000e-01
2.500000000000000000e-01 2.500000000000000000e-01 2.500000000000000000e-01 2.500000000000000000e-01
2.500000000000000000e-01 2.500000000000000000e-01 2.500000000000000000e-01 2.500000000000000000e-01
2.500000000000000000e-01 2.500000000000000000e-01 2.500000000000000000e-01 2.500000000000000000e-01
3.575307929465612600e-01 1.698747141738353450e-01 3.764744398349011423e-01 9.612005304470222500e-02
2.500000000000000000e-01 2.500000000000000000e-01 2.500000000000000000e-01 2.500000000000000000e-01
2.500000000000000000e-01 2.500000000000000000e-01 2.500000000000000000e-01 2.500000000000000000e-01
1.481625428473357653e-01 4.750959403311453833e-01 9.536740128520543314e-02 2.813741155363134183e-01
2.500000000000000000e-01 2.500000000000000000e-01 2.500000000000000000e-01 2.500000000000000000e-01
2.500000000000000000e-01 2.500000000000000000e-01 2.500000000000000000e-01 2.500000000000000000e-01
2.500000000000000000e-01 2.500000000000000000e-01 2.500000000000000000e-01 2.500000000000000000e-01
2.500000000000000000e-01 2.500000000000000000e-01 2.500000000000000000e-01 2.500000000000000000e-01
9.032347396350601243e-02 9.789389932231200298e-02 4.813991999249518927e-01 3.303834267892300502e-01
2.500000000000000000e-01 2.500000000000000000e-01 2.500000000000000000e-01 2.500000000000000000e-01
1.681492335974479613e-01 2.039542240746677615e-01 2.994957588305591223e-01 3.284007834973251549e-01
2.500000000000000000e-01 2.500000000000000000e-01 2.500000000000000000e-01 2.500000000000000000e-01
2.450580641702172768e-01 1.148790572535760973e-01 5.238392001844300871e-01 1.162236783917766358e-01
2.500000000000000000e-01 2.500000000000000000e-01 2.500000000000000000e-01 2.500000000000000000e-01
9.087315889808046665e-02 1.593548981117917651e-01 3.810806594543190706e-01 3.686912835358087115e-01
2.500000000000000000e-01 2.500000000000000000e-01 2.500000000000000000e-01 2.500000000000000000e-01
2.500000000000000000e-01 2.500000000000000000e-01 2.500000000000000000e-01 2.500000000000000000e-01
2.500000000000000000e-01 2.500000000000000000e-01 2.500000000000000000e-01 2.500000000000000000e-01
2.884671207248603042e-01 5.197165366490835714e-01 1.804629889976931967e-01 1.135335362836292772e-02
