2.068757116794586182e-01 -1.572093844413757324e+00 -7.755509018898010254e-01
-7.362824082374572754e-01 1.607490897178649902e+00 9.301178455352783203e-01
7.441139817237854004e-01 -6.691932678222656250e-01 8.031413555145263672e-01
-4.582637846469879150e-01 5.846286416053771973e-01 1.227137446403503418e+00
-5.683050155639648438e-01 3.007793426513671875e-01 2.960473895072937012e-01
-2.403920888900756836e+00 7.381119728088378906e-01 -1.248774409294128418e+00
6.303737759590148926e-01 1.214827418327331543e+00 2.764032781124114990e-01
-1.248255297541618347e-01 -7.681404948234558105e-01 -1.659074664115905762e+00
5.023584365844726562e-01 1.204481244087219238e+00 8.835759162902832031e-01
-1.268829107284545898e+00 -9.343984723091125488e-02 -3.723512589931488037e-01
-4.406922459602355957e-01 7.072397470474243164e-01 1.057031631469726562e+00
3.616305291652679443e-01 -1.785030402243137360e-02 2.909552752971649170e-01
-1.256131052970886230e+00 -2.616437375545501709e-01 4.931717216968536377e-01
-4.818925857543945312e-01 -1.246512174606323242e+00 -1.100128069519996643e-01
-7.037119865417480469e-01 7.597667574882507324e-01 -1.112198233604431152e+00
-2.130650520324707031e+00 9.134454727172851562e-01 -5.045741200447082520e-01
1.522409796714782715e+00 -8.284400105476379395e-01 2.446814298629760742e+00
-1.364852666854858398e+00 -7.615066319704055786e-02 -2.296510636806488037e-01
1.334036350250244141e+00 1.692314982414245605e+00 8.142420053482055664e-01
8.041194081306457520e-02 -5.728855133056640625e-01 -2.641304492950439453e+00
-4.113431870937347412e-01 9.852716922760009766e-01 -4.220204651355743408e-01
-6.909464597702026367e-01 1.304600477218627930e+00 -1.200987577438354492e+00
7.436051368713378906e-01 3.028396368026733398e-01 -1.973366260528564453e+00
-6.226162910461425781e-01 8.922576308250427246e-01 9.636508822441101074e-01
-7.012394070625305176e-01 -1.078674316406250000e+00 -1.955398797988891602e+00
-2.138643115758895874e-01 9.221645593643188477e-01 1.917349100112915039e-01
1.468714356422424316e+00 -5.498350262641906738e-01 -4.516363143920898438e-01
1.211143583059310913e-01 -8.170086145401000977e-02 -4.600013196468353271e-01
5.844261646270751953e-01 -1.249046444892883301e+00 -1.462813258171081543e+00
-8.890891075134277344e-01 -9.395598620176315308e-02 2.527604997158050537e-02
-1.219034790992736816e+00 -3.041822016239166260e-01 -1.119234919548034668e+00
1.397385478019714355e+00 5.428868532180786133e-01 -2.643427848815917969e-01
-7.994732260704040527e-01 5.001932978630065918e-01 1.251220345497131348e+00
1.820502400398254395e+00 -1.099889397621154785e+00 -2.113554775714874268e-01
6.477814316749572754e-01 -5.923984050750732422e-01 6.781024336814880371e-01
4.543877840042114258e-01 -8.664564788341522217e-02 7.993121743202209473e-01
-8.446915745735168457e-01 9.143005013465881348e-01 4.282804727554321289e-01
5.272378325462341309e-01 1.219650149345397949e+00 -5.055446624755859375e-01
-1.037844896316528320e+00 5.299605727195739746e-01 2.550518512725830078e-01
-9.695034623146057129e-01 -8.998604863882064819e-02 -9.304087162017822266e-01
-1.101206660270690918e+00 1.807492136955261230e+00 2.456880569458007812e+00
1.833461880683898926e+00 3.846944868564605713e-02 -5.331922769546508789e-01
1.017414212226867676e+00 -6.612022519111633301e-01 -2.902712225914001465e-01
-1.608965247869491577e-01 -7.300800681114196777e-01 -3.215236663818359375e-01
-1.767477869987487793e+00 1.250680088996887207e+00 1.177904725074768066e+00
-7.103248834609985352e-01 1.897547483444213867e+00 -9.979455471038818359e-01
-8.250946998596191406e-01 2.175084650516510010e-01 -5.493606925010681152e-01
2.015523910522460938e+00 -1.344311118125915527e+00 -2.051531314849853516e+00
9.865207672119140625e-01 -1.128616333007812500e+00 -9.113823771476745605e-01
-6.180894970893859863e-01 3.192314207553863525e-01 -8.884181976318359375e-01
4.043003320693969727e-01 -3.957629799842834473e-01 -2.790304422378540039e+00
-1.867599040269851685e-01 -2.206996083259582520e-01 -5.372884273529052734e-01
-3.098817765712738037e-01 -1.196247816085815430e+00 -6.707956790924072266e-01
-4.505912587046623230e-02 4.219861328601837158e-01 4.125625193119049072e-01
-1.087263822555541992e+00 2.194832861423492432e-01 7.046248912811279297e-01
-1.726000905036926270e-01 1.069695353507995605e+00 -2.840578556060791016e+00
1.917572617530822754e-01 -2.316843718290328979e-01 -1.164111852645874023e+00
1.329126477241516113e+00 1.089151263236999512e+00 -1.064313650131225586e+00
1.561167120933532715e+00 1.585794925689697266e+00 8.611373305320739746e-01
2.008648067712783813e-01 1.404638767242431641e+00 -5.337683558464050293e-01
-1.296472907066345215e+00 2.995444238185882568e-01 -2.426722496747970581e-01
3.818157315254211426e-01 2.748517319560050964e-03 -2.144511938095092773e+00
5.853326320648193359e-01 5.931730866432189941e-01 -4.493857026100158691e-01
-2.385975420475006104e-01 -6.410266160964965820e-01 -1.369003504514694214e-01
1.678386330604553223e+00 1.225780844688415527e+00 -5.687935948371887207e-01
2.790788710117340088e-01 1.317586153745651245e-01 2.357722520828247070e-01
-5.521374940872192383e-01 1.049068689346313477e+00 -1.604589581489562988e+00
3.303525969386100769e-02 -1.830495476722717285e+00 4.310279786586761475e-01
4.791745245456695557e-01 -8.433409333229064941e-01 -1.661935329437255859e+00
-9.942978024482727051e-01 -6.445507705211639404e-02 1.699128866195678711e+00
-3.038662672042846680e-01 -1.969442129135131836e+00 -2.028789520263671875e-01
-5.264040827751159668e-01 -8.218360543251037598e-01 1.174392938613891602e+00
1.750677108764648438e+00 -5.940310955047607422e-01 -1.512169465422630310e-02
-2.092485427856445312e-01 -8.309069275856018066e-01 -1.108593225479125977e+00
-4.052356183528900146e-01 -1.262200713157653809e+00 -1.326629638671875000e+00
4.504589140415191650e-01 -9.077581763267517090e-01 9.471220374107360840e-01
-3.718256354331970215e-01 5.723994970321655273e-01 1.829919219017028809e-01
-4.269329607486724854e-01 1.206181764602661133e+00 -1.790438741445541382e-01
-8.361110687255859375e-01 1.052735209465026855e+00 1.627166628837585449e+00
-5.380489230155944824e-01 2.136503532528877258e-02 -1.001186966896057129e+00
1.538530111312866211e+00 3.617401123046875000e-01 -1.831424087285995483e-01
-1.924430429935455322e-01 -7.239668071269989014e-02 -1.358169078826904297e+00
4.290575385093688965e-01 9.313137531280517578e-01 1.560778260231018066e+00
7.563913613557815552e-02 1.251324564218521118e-01 1.923842191696166992e+00
-9.383103251457214355e-01 7.117642760276794434e-01 8.147247880697250366e-02
-9.440801143646240234e-01 2.407260090112686157e-01 2.147258073091506958e-01
1.577066898345947266e+00 -1.327602148056030273e+00 -1.406423568725585938e+00
1.492172360420227051e+00 -3.271535336971282959e-01 7.805948257446289062e-01
7.234458327293395996e-01 -1.045128941535949707e+00 -8.764210343360900879e-01
-2.120943069458007812e+00 1.357287168502807617e-01 3.673777729272842407e-02
1.449226588010787964e-01 1.356616854667663574e+00 -2.245987504720687866e-01
-5.413198471069335938e-01 -1.498965859413146973e+00 -2.181580305099487305e+00
1.212625503540039062e+00 -6.916787624359130859e-01 -7.469226717948913574e-01
1.254582047462463379e+00 1.053936719894409180e+00 1.451089739799499512e+00
-1.769695281982421875e+00 8.146186470985412598e-01 1.196503758430480957e+00
-1.591023355722427368e-01 -9.818452000617980957e-01 -3.584008514881134033e-01
2.356231361627578735e-01 -6.796228289604187012e-01 9.710037708282470703e-02
2.188573837280273438e+00 -1.456501126289367676e+00 -6.020834445953369141e-01
-4.601623713970184326e-01 1.057875037193298340e+00 2.185007929801940918e-01
-8.513733744621276855e-01 -2.184291779994964600e-01 -1.173561066389083862e-01
