2.030405629994458394e-01 6.361525457042560561e-01 -1.556954628537828011e-01
7.843255738852060455e-02 8.488176345061433370e-01 7.806848405095435650e-01
-2.600908197961909196e-01 1.723008864181546862e+00 6.381179123638895945e-01
8.948824282432439325e-01 -1.392005853012963090e+00 1.802710320325653814e+00
1.378082115183422163e+00 2.146020677129191867e+00 1.585882056019940700e+00
-8.248821450862280358e-01 1.582405788688079074e-01 -7.839796071347540085e-01
1.546677147525424012e-01 1.372812210861812154e+00 9.695519981528213371e-01
9.365900033771922262e-01 -1.562050126178966547e-01 7.993798944409693519e-01
-1.329827347985726160e-01 -4.874347671229380952e-01 1.368154146797573301e-01
6.153738739870484586e-01 -1.165672629900486923e+00 1.139388544771594347e+00
-2.515644966830720142e-01 1.706832829487376468e+00 -6.892123463196204725e-01
2.011170793963701353e+00 2.437268406982306512e+00 1.788843472590644579e+00
-1.763471126546523937e+00 3.295407297242168188e+00 -6.142982722154389785e-01
4.637114858350535052e-01 1.343408194058764993e+00 6.320136984869442198e-01
-9.550110475829863554e-02 1.535905416719465677e+00 1.613540807619714967e-01
1.829154016431044472e+00 7.297024493849078031e-01 -1.265245695119980862e+00
-4.204258563538459392e-01 6.988727371266738597e-01 3.339092023050314051e-01
-4.313983417284172339e-01 -4.657419573865190787e-01 3.675025276001059327e-01
-5.024007402694006252e-01 -5.865000658596961070e-02 4.323422315325246568e-01
2.445670704474019463e-01 1.421618163795505208e+00 -1.484133467826390884e+00
5.007301137682985681e-01 -4.686893849225706038e-02 2.545597678595551638e+00
9.030400692847205812e-01 1.265204258742405052e+00 6.390735427995829498e-01
4.815904321317301950e-01 8.950276168480557626e-01 1.486128908650160341e+00
1.219386386120089094e+00 1.367113777926250717e-01 1.982695767295299394e-01
5.121871495218116577e-01 1.786308685820211295e+00 -4.572777541493302546e-03
7.378539583250689482e-01 9.496011527148239262e-01 -9.878763004232828937e-01
-2.036494170399648362e-02 -4.296937620219137277e-01 1.590690119340906872e+00
-9.143107293880811115e-01 -1.539364395816815723e-01 -2.387558537848502915e+00
7.436522902447900707e-01 1.529211261884035444e+00 2.618396090214229144e+00
7.813561451713051387e-01 -6.821007696624153960e-01 -5.584610399024165783e-01
9.125587424366380374e-01 5.247041534040411959e-01 1.306734602903646403e+00
9.046536351947043197e-01 -6.234440090481655622e-02 4.213204353776596189e-01
6.144586418296940078e-01 -2.409805449417707024e+00 -1.719245836906232727e-01
-7.138166383864712472e-01 -3.004889300883145653e-01 6.975979161074561397e-01
1.200439753792680531e+00 1.800702016603266120e+00 7.428270381729314142e-02
-1.687745406699244777e+00 -4.658763390677420624e-01 -7.167761074607591487e-01
3.256902264444753170e-01 -5.381750945802500352e-01 1.266930277724737763e+00
-3.522182690711798680e-01 -8.378235475481142780e-01 9.794631758470287997e-01
2.419877657123852277e+00 -4.067049332549335094e-01 2.974247073718760612e-02
1.142244368542871369e+00 -9.328228646760244880e-01 1.063868813038054251e+00
-9.043075371928675776e-02 -1.587820751140813780e+00 2.673852884197484236e+00
1.273620791254078011e+00 1.956842608186253774e+00 -1.619885393497045856e+00
-8.930231173541445244e-01 -3.433359207178213746e-01 1.197542195471438031e+00
2.318108309585180660e+00 -2.486018398154161702e-01 9.158044812464630757e-01
2.467799198077290868e+00 -1.346740239170042042e+00 -1.271377964080046219e+00
1.037298546188127446e+00 -9.886723714259855189e-01 3.305967450914868433e-01
-1.728411244682522607e+00 7.370598962893003536e-01 7.309415350818389001e-01
2.816120194100190655e-01 1.654891061577492994e+00 6.318284562356936418e-02
7.133116514562616306e-01 1.220970854682459139e+00 7.975347168339915749e-01
-3.825910271990214800e-02 1.971569614604503917e-01 7.696469467605044912e-01
5.505108957770314948e-01 2.848621630318058706e+00 9.111564056257748234e-02
-9.421581384330433018e-01 -1.400469020339341508e+00 5.876617793260352496e-02
-7.843603101538316746e-01 1.282631396026025605e+00 -3.093200297864323600e-01
-1.346324266143319737e-01 7.517425576186392844e-01 1.775890115999926522e+00
-4.824248327053974328e-01 5.397738998850840630e-01 1.351314676227947764e+00
7.988145299773614649e-01 -1.410081083854998862e+00 -1.361866207527399730e+00
2.125209646884819392e+00 1.188104811819118423e+00 1.379983643181238673e+00
-4.511188237109450272e-01 -8.410518690703271405e-01 1.349924193251225590e+00
1.007077573673631765e-01 -1.045868827741405216e+00 2.916382569396156477e-01
1.780585513979425327e+00 1.301644318439543868e+00 -1.311279849743310466e+00
7.536460341831406895e-01 2.636442402685507780e+00 -1.291545416238883526e+00
8.386815420769724305e-01 8.170045697516610250e-01 8.949995672469045482e-01
6.329128290416598246e-02 -8.863430099541612650e-01 2.925534045472986122e-01
9.775768894436462908e-01 1.762932401916851965e+00 -5.830200450942846224e-02
-1.402247570076262384e-01 9.573806146686925089e-01 1.471694688811787666e+00
1.507615476393032283e+00 -8.716894541454327516e-01 8.146128888160095727e-01
-6.910156021076749866e-01 1.253969507668527994e+00 2.557823477585278837e+00
-6.257538647289877520e-01 -8.032150441099812355e-01 3.618091716970494587e-01
7.030327033479059073e-01 6.586189192374686252e-01 9.703771908663871848e-02
1.000247710486699970e-01 3.734680503506569993e-01 -1.380391162356325419e+00
7.051845836557585345e-01 1.381139090283741433e-01 2.813029300087150908e+00
-8.723114023640792247e-01 1.387909779020297441e+00 -5.667944529830636347e-01
8.746449516502031729e-01 -9.810210557095268291e-02 -6.702535571502961087e-01
1.850350292129275820e+00 -2.356808441129984999e-01 -1.716773150904399525e+00
-2.019334703948550969e-01 7.790544977801707738e-01 3.097710332654867837e+00
-1.601190917840109862e-01 1.353058120690536104e+00 -3.219370268671343793e-01
3.887608388007333243e-02 -6.383092670252459022e-02 8.337820509082497500e-01
9.727871994004025913e-01 -9.267262930005833177e-02 -5.583004667833265655e-01
1.013015515589805515e+00 1.384066807486655115e+00 1.167537628265768318e-01
1.408163243501606487e+00 1.115085641110592052e+00 4.179746344600032137e-01
-5.354471024236213683e-01 -1.218423157841455606e-01 1.183309796802578084e+00
1.777240015352012925e+00 2.692477431790276099e-01 -2.156357974559110560e-02
-1.471972284998180336e-01 -7.896914086331395799e-01 -1.313563385544525008e-01
7.917088778816664396e-01 1.044533306310000548e-01 1.188624490960703328e+00
1.921713065962232569e+00 2.088147476558864235e-01 -2.965429590633429924e-01
2.152498661858275320e+00 -6.498440559834234298e-01 1.856323852849173006e+00
1.050465102544232643e+00 3.599893882506728371e-01 2.450629169993181200e-01
1.223140339872103244e+00 1.247403602902984909e+00 9.463711483594170470e-01
1.758196618369316955e+00 1.646274656171204498e+00 8.845518468975461790e-01
3.438364272533225297e+00 -2.051997294228869340e+00 7.179674081775270222e-01
-6.185343882953606709e-01 -8.419584105029416232e-01 -1.571592721053465702e+00
1.385215561448875921e+00 -1.802963515380202164e+00 -2.616743180287898207e-01
2.465589483685585837e+00 -6.332722113586293222e-01 -4.386744395695232335e-01
4.254925253470029922e-01 -5.977845351602866231e-01 -5.386291520545853917e-01
-2.621953606434723194e-01 1.637253206523308968e+00 -9.237215582918416601e-01
-5.709981796521561986e-02 7.260776075838066834e-01 2.100180957863698072e+00
-3.963676124209419838e-01 -8.423830565570601392e-01 2.420858200520107362e-01
5.098606018338499579e-01 2.303144067554656171e+00 1.920445646841176801e+00
-1.961964267584200561e-01 3.051475646572226474e-01 3.926423195088126761e-01
4.315988099089945185e-01 3.443143073486673034e-01 -7.787254833094553463e-01
-8.039189588639376050e-01 -3.971384663575546620e-02 -4.842521686730190122e-01
-7.890375754888584447e-01 1.294042350576966482e+00 3.347748711808168354e-01
-9.620852199981347885e-01 1.261355976025996917e+00 -4.535156264431960960e-01
-9.419901256877341034e-01 -1.994808944045841081e-01 -3.210148279079512168e-01
1.276622214030348479e+00 4.165522321846741871e-01 1.337180670708457919e+00
9.953281512520528729e-01 3.793418480594522579e-01 -2.406934231053317941e+00
-2.194735709269446389e-01 1.131187632492361317e+00 2.193700287810256347e-02
-1.236889632971365893e+00 -1.107839652903316763e+00 1.497107935408560131e+00
2.122722475968638278e+00 8.765504988482935023e-01 -1.386207085962265939e+00
1.421720121896566935e-01 -8.446449595159168933e-01 1.396624705726868365e+00
1.054603431286006698e-01 1.516191959308708315e+00 1.424232781135578607e+00
-1.268565400402396737e+00 5.271235513672164474e-01 -1.952471790417085185e-01
9.039575255290478450e-01 -1.563466523102043926e-01 2.751903574799058894e-01
-7.748211541135541225e-02 -7.015326642439523308e-01 5.737471947244870973e-01
-7.961816797294913872e-01 2.401452504596718995e+00 -8.191150412627091759e-01
2.843549031586167231e-01 1.088675959260294146e+00 1.035209210040488603e-02
5.989449125177669780e-02 1.272298283043570732e+00 -4.052345043137161595e-01
2.042389049654457639e-02 4.920749724222076016e-01 2.421023058582701282e+00
2.280221022916884277e-01 1.859358949518350901e+00 1.498084117466619070e+00
4.156779628410603777e+00 -1.466734126016949968e+00 -1.040501239109152820e+00
-2.236693663731326165e-01 8.001329857615574470e-01 1.452878782752306419e+00
8.099891630250066754e-02 2.084021317753273372e+00 7.842432282356261164e-02
-5.699293470530371053e-01 -1.902274918863990083e-01 -4.553990539749016575e-01
7.567623233174374242e-01 7.608800412802192437e-01 8.410272217807193140e-01
1.211994221333160926e+00 -4.309750460793115856e-01 -3.922617013261688879e-01
3.729062711883952552e-01 1.396900448082339263e+00 -1.552526441768380616e+00
1.103382949991023043e-01 -9.181151169326386974e-01 2.650250517037484155e+00
-1.043416655175051666e+00 1.734130328440797619e+00 3.000093917105880470e-01
-8.861068132047033030e-01 2.174934124584248174e+00 9.693228073405023570e-01
-1.073283587407339423e+00 2.302411635932608558e+00 -3.063773953652259019e-01
5.676976392519916814e-01 1.339564203446449442e+00 -9.101773067117475968e-02
6.275179344912961144e-01 -5.933038085667872163e-01 2.246431492385313478e-01
-3.268657043586331579e-01 -5.424587883382935294e-01 1.964265022955909157e-01
-3.831300107811783651e-01 -9.172992037611293892e-02 2.231431028656800652e+00
-8.161957097771999070e-02 1.760133933553107877e+00 2.233786700616028131e+00
8.457699058995898911e-01 1.951595078426678898e+00 1.192102807021180044e-01
1.121469527037996405e+00 1.179735139030630764e+00 -9.042430078152323414e-02
4.282475818146104229e-01 2.063338038255612406e-01 2.689697357843052195e-01
-1.531640424792981292e-01 -1.142484878655385394e-01 5.420737446757238898e-01
1.692999996676480823e+00 -1.112746183118195953e+00 1.352954954884207084e-01
1.360170355287924515e+00 -4.120557194003128254e-01 1.537757084976085098e+00
2.802217431348275944e+00 2.468135703158703953e-01 -1.781767531829473228e+00
2.865211948946700393e-01 2.841451117419872219e+00 -2.957361004836504548e-01
1.311906607817669546e+00 -5.059542946575177336e-01 -5.335179874045545834e-01
-2.896944298016175257e-01 -3.548536606057863252e-01 6.272855519895581544e-02
-4.180972395498849248e-01 -1.683241616679473918e-01 1.138459286240953272e+00
1.981535450938403997e+00 -1.107584742430577363e+00 1.027144382990126781e+00
2.268344616943063219e-01 -9.520455017704890777e-01 8.775180019164054990e-01
-6.226414660471557561e-02 1.741980904003967989e+00 -4.797559535629661864e-01
-7.047239388148155426e-01 9.637260366574376125e-01 1.125027594195183944e+00
2.906728436075669553e-01 6.039192850089769582e-01 2.934304274818899216e+00
1.660832874029321227e+00 6.672024056194605368e-01 -5.287826312029848541e-01
9.513203262525855852e-02 4.450575995730661205e-01 1.673122253324809128e+00
1.111883833608299010e+00 2.935359096239254839e+00 1.228700657446772038e+00
1.375098860151638513e+00 1.249695456901188217e+00 -2.878221067407797373e-01
5.663592803900797668e-01 8.046780797026883425e-01 5.779649565258344612e-01
4.169404457913107320e-01 -4.654727484596625220e-01 1.425423773234349101e+00
-7.344105804229733581e-01 2.298905004004378472e-01 1.052795764063346295e+00
3.050583898022777296e-01 8.223503798140711085e-01 1.501272383881873673e-01
1.043795590127454265e+00 -1.051229182780767601e+00 1.139547959131424593e+00
1.289256109336616829e+00 -4.443314218129152948e-01 -8.071781530751256373e-01
1.524519990235752687e+00 -3.641693934375907493e-01 8.538178508494547181e-01
1.435592414653777071e+00 1.381874776052046450e+00 1.783301811140328708e+00
-1.457518108733493412e+00 1.789578504668685621e+00 1.323527532071384183e+00
1.252511193084616892e+00 1.647733239062183497e+00 -6.444614709246413442e-01
1.259617920133143443e+00 9.468680780473093250e-02 1.211639797917103634e+00
7.199875070665542331e-01 4.071545398366309687e-01 1.580360953290862680e+00
1.244867269930377329e+00 -3.054499611377684554e-01 1.851834602679753417e+00
1.938207384003650668e+00 -5.496265096606074430e-01 1.157082832510796688e+00
1.309459240097814003e+00 2.493719415223346891e-01 -1.959598519149647333e-01
-3.967555528602043774e-02 8.465618262523830762e-01 5.991421326907939715e-01
5.717914341534373612e-01 -1.846496993942519163e-02 1.521178879476928092e+00
2.035976239076438432e+00 1.654115262799073616e+00 2.373903721394728272e+00
9.880393705737140486e-01 1.097752204855958924e+00 6.757554332563144861e-01
2.484362102939332573e-01 3.724740452384115441e-01 1.167881263972209815e+00
1.249044621181653714e+00 6.124791557556072963e-01 -2.351077641119272144e-01
1.916115592303466730e+00 1.201634673282667709e+00 9.300791376289710977e-01
-1.732038727667247272e-02 -1.761753617403820193e+00 2.290854396654576242e+00
1.848196733993297425e+00 1.047247003009574629e+00 4.556150137953071666e-02
1.319619762491970771e+00 2.018554036344446079e+00 -1.217182393294238718e+00
9.584467946542719607e-01 1.535119525485911796e-01 4.110164486268647055e-01
1.878016662853772001e-01 -9.282474323955972606e-01 1.645638167476030755e+00
-1.116649781631274818e+00 5.723802721592842202e-01 9.713527554313848844e-01
3.753542775936991038e-01 1.419760179392400845e+00 4.702474925122252514e-01
1.800971926890230446e+00 4.202589022179214484e-01 -4.918365756395652877e-01
-4.070111793335285943e-01 5.861256050197333894e-02 2.069823644646024530e+00
-3.492916618349511948e-01 2.759984235871351665e-02 1.863063974354556063e+00
1.189323957578021673e+00 -1.319163452030923889e+00 -1.104176853167823324e+00
1.325586880906961307e+00 4.622978810928018989e-01 1.533618865393952202e+00
6.230204975921612709e-01 1.658728161186739936e-02 8.835544285606192760e-01
5.254731725448867907e-01 6.332919224054208707e-01 -2.231568974376141767e+00
-5.030326195872790729e-01 1.150950843155094327e+00 1.969320726158823032e+00
1.135381843554217340e+00 -7.999077103082372631e-01 3.420737732055784797e+00
3.014437206352476792e-02 1.384085220734554866e+00 -8.198513992584790522e-01
3.884906755378754184e-01 2.359918201645474500e+00 2.076395205003247924e+00
2.740204156144387060e+00 1.346212180351891385e+00 8.800629649595904658e-01
4.235363968019804637e-01 -8.620207393036336541e-01 8.549893442234468566e-02
6.210726551665677331e-01 1.654827936810780109e+00 6.968979163146695743e-01
-3.212228582349480055e-01 -1.717099978638338298e+00 2.986543586330067335e+00
9.052035832549688577e-01 9.106216322408708930e-01 2.152434795488137043e-01
1.077504547431039073e-01 -1.204909262793266711e+00 3.853257529680842453e-02
-2.946846415655481888e-01 3.530030970381455635e+00 9.230972626444347018e-01
5.344304389715017756e-01 -3.799819704551697375e-01 1.754904231634808465e+00
-2.147884923426306436e-01 7.709065696418573310e-01 1.283990228179541004e+00
-6.817060296172877676e-01 3.056382930440526557e-01 1.196764188365102427e-01
3.682488884064311074e-01 9.932297332785401389e-01 -7.179076034481022273e-01
3.906838726883443691e-02 -9.098086531691634837e-01 -5.615787106160731179e-01
4.082646201670949160e-01 1.910465770823186693e+00 -1.136479721304829438e+00
3.638787627364852284e-01 6.500397979189332931e-01 4.621829801082321665e-01
3.523694880772436200e+00 -1.261912164473801175e-02 8.200773392547080487e-01
-7.332757911062711687e-01 1.630827189780097886e+00 -4.253739290455588185e-01
-2.179483866920188806e-01 -2.439237578177073651e-01 -2.272752994551830719e-01
8.862946972936815992e-01 -1.819060623102584234e-02 1.156920503514648590e+00
3.305764155073788402e+00 4.955359009566180362e-01 1.236197309363667340e+00
5.785088708751551234e-01 1.272878605368365612e+00 5.062499839557911274e-01
9.000586511867010309e-01 -1.592665185660751659e+00 1.798379853250271054e+00
-1.130815813720611462e-01 -3.648448884071068404e-02 -6.591793484987418239e-01
1.818064448965633240e+00 1.108371446446432956e-01 1.172891465306451497e+00
3.382163762161649045e-01 1.302360784352378564e+00 -2.206732189666135380e+00
-1.980961596056739937e+00 -1.665194417396459681e+00 -6.618370675514997359e-01
-1.415878941528378787e+00 1.108873256502259652e+00 -7.923513647109177438e-02
-1.743408607240481967e-01 -4.453703656673347888e-01 7.254442503096572015e-01
3.338405896464463063e-01 6.591566045493055803e-01 1.749291724733607278e+00
5.482817796396127763e-01 6.957686653454057957e-02 3.965625346081349395e-02
5.522390291545181684e-01 -1.419341200375290324e-01 2.714792573156070699e+00
-2.175378545534689678e-02 -8.641975687802676553e-01 2.100781780016278688e+00
-1.157383411052507194e+00 4.923325811003314012e-01 1.237984025314886827e+00
-1.631403447171546617e+00 -8.163052706587495821e-01 1.815663145093666220e+00
1.189796637304142424e+00 1.805028703164422765e+00 -2.130123401435810582e+00
2.115350546111873786e+00 1.023156112775475579e+00 7.164553685085337520e-01
-1.556585634498197201e+00 1.751989868395075867e+00 -4.960211049678680539e-01
1.206197570849282696e+00 1.133573651427865148e+00 3.683575933845487649e-01
1.499984210560392772e-01 3.039709467577209612e-01 6.969395590563736143e-01
-1.423217670704233218e-01 1.091150767295635537e+00 -8.064005564823961691e-01
1.466377656295922982e-01 3.169379762223773489e-01 4.128515458583932873e-01
-7.940560316052192036e-01 -6.379358268930508391e-01 -2.958945717601335068e-01
-7.484238539299179482e-01 2.427576033369752417e-01 -4.414070873616171564e-01
1.724575987895752061e+00 1.430532845567358713e+00 1.558980736885619667e+00
1.537512843551078090e+00 -1.372119743608415376e+00 -4.233502562291037163e-01
1.011211321410871333e+00 1.059478083133629900e+00 -1.118977989766452907e+00
-1.026603699040999684e+00 -2.927325044989748104e-01 -1.584876539284253427e-01
1.330470817863658173e+00 -1.695216472838247279e+00 -4.165152533077534081e-01
-3.581280127528904123e-01 1.321951649713752897e-01 9.342391063340976798e-01
7.538434083039097233e-01 -1.562624582915890459e+00 -9.074076801117594293e-01
1.512173408802971464e+00 1.336813162423842627e+00 -7.821877826414901369e-01
4.626807558589739466e-01 -1.514198925007345320e+00 -4.288187227689398313e-03
-1.761079981964531527e+00 1.191775825693356161e+00 -3.309267048322747651e-01
-1.738382583409438853e+00 -9.077723145753955336e-01 -2.475631920472800562e-01
-1.183602248683666147e-01 -1.661370566107325697e+00 1.032607900235645415e+00
2.097318654597407850e+00 1.764976199203084128e+00 6.903204399316754669e-01
-2.585788379702390061e-01 -9.677635099277468456e-01 -2.472188477259453787e+00
1.016236722209557186e+00 -6.873519660491350658e-01 8.922090772853842333e-01
3.094270453494659900e+00 -5.077679594864941137e-01 -3.536834536082525404e-01
2.977364730958779737e-01 1.045350842833643101e+00 -6.457712439322559339e-01
2.057433347846179483e+00 1.935574029704144328e-02 -5.228385628778106087e-01
1.563655175597372438e+00 2.847511152585449623e-01 4.519742499141207182e-01
-1.934829712606332963e+00 -2.039248918672997402e+00 1.568915544092351011e+00
-5.547829698988260283e-02 3.984825643094085101e-02 1.368798548766081868e+00
2.035778303482053797e+00 -7.400473274689493008e-01 -1.204549974107996663e-01
2.094669437115990185e+00 1.339493383430900408e+00 -8.923207275646958259e-01
-1.760506896344406214e-01 -1.264914047351089810e+00 2.402491548099832563e+00
-2.076146849377477899e-01 -6.390898902279147364e-01 7.016722233482739490e-01
8.754469366029284105e-02 1.393647587775042274e+00 7.609804145091176864e-01
-2.209975995040285579e-01 2.788017116945833429e-01 8.036285665794811184e-01
-7.763824154943101963e-01 5.095672339346529744e-01 2.885175078355062261e-01
-1.996608483201182338e+00 -8.943170314342970828e-01 1.733129023236490429e-01
-1.244852980970354572e+00 9.476821058899764783e-01 -1.361344759458148701e+00
-1.605077600698959217e-01 1.432048599395177035e+00 1.583291128234077805e-01
5.315175839835649674e-01 8.335263553578885487e-01 8.270568781140558157e-01
6.943532434762348382e-01 9.471758229852134114e-02 1.179826889522404276e-01
9.194107628294683199e-01 -1.366602508792671977e-01 -1.035668420147996260e-01
1.396315933378988294e+00 -3.986764010087995302e-01 -5.216938430215198874e-01
-1.259147650141573926e+00 -1.357762801444668099e+00 -1.686144513588829108e+00
2.936462061166538184e+00 4.417334056689994903e-01 5.081494679309471463e-02
-8.871201151411634012e-01 5.187470101169966430e-01 6.115791235605824716e-02
4.490708339059107379e-01 -6.717743065772570077e-01 -1.889861511828431206e-01
1.450191516219451637e+00 1.872749470030293795e+00 1.657046384895353386e+00
1.865375172100211199e+00 -5.884462515423737328e-01 -3.049595298733996929e-01
1.395676361360274731e+00 6.923371206745954076e-01 1.602435641354803098e+00
-5.438286675113289670e-01 1.596203254369047198e+00 9.655513777637190209e-01
1.016515342554838552e+00 1.281819170581726341e+00 -6.909585236851329970e-01
1.848918977675970465e+00 -2.846334836685535108e-01 1.333025063391920950e+00
-4.297962972908861978e-01 -1.763628451539417830e+00 -1.024222605225999505e-01
1.419239617520576369e+00 -8.117214261471444869e-01 3.033358015641370864e-01
2.253249405281641415e+00 -1.357845722209273243e-01 5.839294489230567597e-01
8.209758756399602175e-01 1.270609062373582843e+00 2.314452328284082760e+00
1.374064663023769395e+00 3.191757748633644587e-01 -1.109299307248290400e+00
1.232879385230675418e+00 1.717740747766502429e-01 -9.126991984223905563e-01
3.419949829190191415e-01 1.022917225935709329e+00 -1.921682597257998726e+00
1.635918538248662291e+00 4.549757864232775173e-01 8.954258819473382980e-01
-3.727221632077556599e-04 1.490448308484680240e+00 7.231467611879751622e-01
2.896916597937693183e-01 -1.125498188137770139e+00 -1.599476626348354413e+00
-1.456354776061950407e+00 -1.257120979012414042e+00 1.016905552262532764e+00
-3.836990410069940904e-01 -1.527306340108038007e+00 1.488036295786914209e-01
9.109458345051484329e-01 2.544203784410274949e+00 -1.658753305978826198e-01
1.389380288365477334e+00 -2.426302931145432884e-01 5.624634149449504461e-01
-3.546164591009892675e-02 6.648844707550334299e-01 -1.179034377923110943e+00
-1.436975806220615492e+00 2.365987266540547473e+00 7.278915285384190970e-01
1.134417003183221528e-01 -6.450397060710348907e-01 7.384660221648773337e-01
-6.213140526422554766e-01 3.320496321762144154e-01 -6.584393455846438981e-01
-7.198238111308319365e-01 4.479067226004551650e-02 4.786067619894940339e-01
2.763205823049404763e+00 -4.112818529816721358e-01 1.098288767444282193e-01
-8.728810887160509679e-02 -1.485284225588524354e+00 1.401389499311143538e+00
-4.801976614368976826e-01 1.783031311765431060e+00 -1.462209057144152391e+00
1.643756264376087239e+00 1.397796804384057179e-01 -1.918026848975535881e-01
9.209363259276597269e-01 3.715125326437264119e-01 5.646764405451656366e-01
1.226226963085591093e+00 1.353921245620494984e+00 -6.538448021206264560e-01
2.045579668299959686e-01 -6.258419051173575998e-01 2.567983754745231106e-01
7.152959744728271119e-01 -1.216673658691380666e+00 8.002550441239641987e-01
-2.787885585568199986e-01 -5.609732577741448623e-01 3.488183919166906843e+00
-4.297699735960789913e-01 3.384040182112850292e+00 8.462313023214673713e-01
-3.058699152422447720e-01 1.725227143464638513e-01 -1.004191514664209972e-01
6.636693218934222038e-01 1.200047410476882126e+00 -6.630980633636816002e-01
1.662479749859227862e+00 6.030937413810597558e-01 2.769770335461078647e-01
-7.879245126538018118e-01 2.159061280737451405e+00 2.617863750827430280e+00
-3.352440813110200146e-01 6.877676521488518269e-01 -8.415786152159425715e-01
-2.563385870910863673e-01 4.337118815393430915e-01 -4.804682092048370712e-02
6.731051700299757190e-01 1.156581164323655209e+00 1.721028457439991222e+00
-2.450343857467688569e+00 2.195153933458642737e+00 -1.457740341994893996e+00
-1.437320514996929255e-01 4.154333831831855117e-01 3.446404999588100093e+00
9.514526091939347063e-01 -7.744344203942100657e-01 -5.404576720654142852e-01
1.863028258482191557e+00 6.452724202285364807e-01 -1.852977395611624944e-01
-1.871674150517002866e-01 1.776995317733620627e-02 1.157593163359266875e+00
-3.488942556178343812e-01 2.270609315781627835e+00 1.425606315804123669e+00
2.833280377331247601e-01 1.107671516190289918e+00 2.496480224696835393e-01
1.474844526603836359e+00 7.565671826187561622e-02 9.813937037676488950e-01
-9.726398881274902486e-01 3.174993462527513355e-01 8.925001396961343980e-01
1.469153790599324827e+00 1.135641020608547436e+00 -1.262938826305629592e+00
-8.750870507548315080e-01 8.617025989914146589e-01 3.894647615788325856e-01
1.603418213169649220e-01 1.456733821013966423e+00 8.297953678001116495e-01
-2.061998908461023794e-01 -3.928646927693815738e-01 1.762211658469315267e+00
1.129162046506808903e-01 1.578034192463080743e+00 1.596514873306837723e+00
1.874169476518128041e+00 1.600708831760222051e+00 6.700697941042592642e-01
-1.200649504730228578e+00 9.983418255663328855e-01 2.026833686360443032e+00
1.497508591943122358e+00 4.318998685932026738e-01 -1.118398811842970630e+00
1.477141294071961264e+00 2.216348036016793088e+00 1.710642677901134112e+00
-2.134021010448040705e-03 4.602533103192286701e-01 -1.186026908006014402e+00
-1.360783841321620002e-01 7.570516857470968031e-01 -1.530828333717873635e+00
-3.375062938345675945e-01 -5.559518056621275128e-02 6.778110791767875121e-01
2.997381421168380022e+00 -2.005274515108536326e-02 -5.030751106566652142e-01
3.026644907667466189e+00 1.251411195175700097e-01 -6.013499017923120693e-01
-9.285254169016606829e-01 3.261027880589097983e-01 1.514801540787146461e+00
5.141666809538413929e+00 1.063203700446325284e+00 -1.841944074341177018e+00
3.827147937895185592e-01 -3.429152660264627728e-01 8.308895257806858670e-01
4.286161050497975800e-01 1.213200676168378012e+00 2.710667098230374883e-01
1.557238210321045147e+00 -7.184160727441100125e-01 -4.682121795047633483e-01
3.559603458553179944e-01 7.027077121597324894e-01 2.128841818607922320e+00
9.573151844056957405e-01 -1.024442964558350377e+00 7.029114292833241739e-01
6.413355387628499882e-02 4.426590041156440170e-01 1.020667371033367576e+00
2.284478403384648248e-01 -8.859298332703927636e-01 2.047727650050285009e-01
-1.753967577983728543e-01 9.760676826817586971e-01 -5.567139809311124621e-01
-1.027742919018852952e+00 1.592716374773634591e+00 -1.140828271890035328e+00
1.328274222010862093e+00 5.659904143582958902e-01 -5.131489956085102389e-01
1.448288873369875995e+00 -1.130351369213848267e+00 4.281003227884599416e-01
2.215218867130292590e+00 1.786584498527995779e-01 8.400854006236206928e-01
2.687341905315798196e-01 -1.857747970783052149e-01 1.313177445885199246e+00
-3.469362905934675334e-01 3.250634483219825288e-01 7.652517515954396776e-01
2.072859898616934871e+00 1.350829316531528823e-01 -2.545256263202863578e-01
-1.176064463614626021e+00 7.282743269832741007e-01 -1.258909699554707329e+00
-5.539719693889665342e-01 4.270393851064612223e-01 1.568669583003833579e-01
-4.702769875327112437e-01 9.784861520400730539e-01 9.464405798399411207e-02
1.282155849390902436e+00 9.894054520415135334e-01 7.024614705841465412e-01
-2.526512896058369595e+00 8.190514275796978438e-01 1.703949230308460461e+00
-1.468163779714284356e+00 -1.047290050838175723e+00 -1.676775605998021001e+00
-6.186917430388000350e-01 2.121496830689535429e+00 4.534500602137321312e-01
1.845369690823806641e+00 -1.245350200545688901e+00 -8.892879310325889353e-02
-8.590012043272029357e-03 9.537670932623146802e-01 6.716811870476852020e-01
1.772013929958127787e-01 1.938721045493019268e+00 3.012190052863765732e-01
2.414875957097623704e+00 -4.757752236705815596e-01 1.213138718556365792e-01
9.902301286447284800e-01 1.547604876658862594e+00 3.950354928448649439e-01
3.356969464849112184e-01 1.843316904666064238e+00 2.054309734506444551e-01
8.341647799003694130e-01 -3.961154018999528681e-01 5.167700015452338924e-01
9.689768782011737303e-01 -3.874553876242738948e-01 7.305576276961016635e-01
-3.817174714320227258e-01 7.866698624472804324e-01 -1.764564248602386032e-01
4.768697785936999445e-01 1.119779185074172956e+00 2.751118331940924921e-01
2.886714192954843994e-01 1.801796204292279269e+00 1.195992488994894742e+00
-1.023969914193157971e+00 -9.522073582656886970e-02 5.546371746173806017e-01
1.080020520655046612e+00 1.911981114454403663e+00 8.779224549953074108e-01
5.962402092404451848e-01 7.544635921852074212e-01 -4.540754793037878878e-01
2.238924789040273033e+00 9.586053906239003775e-01 -4.899679257762856177e-01
6.516591261079114350e-01 4.031669748554247423e-01 -1.418724806443337483e-01
1.227184381671517110e+00 -4.299428025279804499e-01 -1.392684908762976015e+00
-4.098898048534772021e-01 2.569575017993799282e-01 -1.862233886302602448e+00
5.740948411716879640e-01 -1.441076697812147256e-01 4.423881031060851177e-01
1.207629106122481977e-01 2.067032978294656154e+00 1.374140526519697092e+00
4.509033713932061316e-01 -3.247737320202697675e-01 -3.615753925846022093e-02
6.872331498838374353e-01 2.774218195530044451e+00 1.623108593063551153e+00
8.521087469709945905e-01 -7.674211712624015580e-02 4.066595961003504067e-01
4.271414289196833747e-01 1.398836881203227911e+00 8.308490817609992529e-01
3.286384540735683313e+00 8.867473160748367000e-01 -1.048517741561554861e-01
-1.011934889412851035e+00 1.441012163985820660e+00 -7.428657817790788043e-01
-1.005981567084448081e+00 1.748313335515152112e+00 1.347236710636826817e+00
8.808203300099240463e-02 8.445104797389835216e-02 -1.109085889909929706e-02
2.934048283283400949e+00 -4.328152906235200881e-01 -5.896395332402548650e-01
-1.233487950807433897e+00 7.874668299969386220e-01 6.958328101332348359e-01
-7.072171113295724343e-01 -1.122456290640701848e+00 1.148220010639439792e+00
2.006909186995009808e-01 -6.157088619183285205e-01 7.359821443147072095e-01
1.795042279992753453e-01 3.466540152869032054e-01 1.785567284462655557e+00
-2.353296703912872712e-01 4.457630626564687004e-01 3.174524936243899864e-01
-1.044210589328666172e+00 3.838326222213363503e-01 3.126823582834361570e+00
7.270693639117541407e-01 2.794158902219081142e+00 1.213381403374837575e+00
8.639236323538301843e-01 -1.220016547975862675e+00 -1.781911242565437647e-01
3.406701046603914484e+00 5.643390031324008183e-01 1.236547200500113519e-01
-2.609305208505601215e-01 1.078724179368190761e+00 -8.623815883387925263e-01
1.037251225996350806e-01 -2.169357763816937013e+00 8.119516136935598372e-01
1.906361566542713160e+00 -1.657008335373431618e-01 2.896326052949110830e-01
-9.039477743616334271e-01 7.113095240854678813e-01 1.910586698892345225e+00
9.165775232640874792e-01 7.019240574958264534e-02 -2.062573014475371086e-02
2.247917177725901328e-01 5.818160256638449379e-01 4.701298166632268405e-01
-9.960142569891335118e-02 3.992926698898273674e-01 -8.744351727240532446e-01
4.623975178242445416e-01 2.753357484349835405e-01 2.969730384647261690e-01
7.148935346855943562e-01 1.008943412650122440e+00 8.771754075161063424e-01
6.299140293727619744e-01 8.770198476549766475e-01 -8.040485520938078778e-01
4.727938633544366276e-01 4.453976061047166812e-01 -2.458766895370431416e-01
1.898736782778380761e+00 5.428583154938637634e-01 3.792284067153885441e-01
-8.054517939494630907e-01 -5.714274030918911063e-01 2.094322623842954201e+00
2.652078991653699536e+00 -6.682993908975002340e-01 -1.955739419934525269e+00
-9.943528088459870073e-02 2.077340379661014591e+00 7.550892383809140740e-02
1.382283383729178805e+00 -2.003827897756909129e-02 -4.618861670579376133e-01
1.971565056033366847e+00 4.543381233695535926e-01 -2.121965857037759751e-01
-2.105768536653380263e+00 -5.995916609475712145e-01 1.802059934047318679e+00
6.568539734158970189e-01 1.866741021477427154e-01 4.780715225634695198e-01
-1.716255777929941662e+00 4.430713704341129877e-01 4.030990580113337218e-01
4.028340130520792206e-01 -1.937824437858738591e+00 1.098936962123944650e+00
-8.086839345960832315e-01 1.154028998631870806e+00 1.229215853828591110e+00
-1.747534503930567029e-01 -1.049255409744203504e+00 -1.579890139616799249e+00
8.931580576321683784e-01 7.521787167118270112e-01 1.695056688209654716e+00
7.347167366935781763e-01 -9.418937323342017054e-01 2.564814735830936776e+00
-2.552679611041036578e-01 1.253843692352890171e+00 1.752748993513209008e+00
-5.252824603000569859e-01 6.217894592565496037e-01 -5.501153910594451801e-01
8.902802653048345061e-01 1.670200610629629878e+00 5.293747365646964687e-01
2.591947204886914768e+00 -1.267210053001529418e-02 -5.532055676087728191e-01
-9.229151243679779570e-01 -4.911487618379430098e-02 2.910517563434984023e+00
-3.451068816408751072e-01 3.194265449400078172e+00 -1.289846431522780890e+00
1.755644351963371097e+00 2.060082603519926558e-01 4.616321408486987465e-01
-1.544693893435305360e-02 2.482154052482389295e-01 -1.328810898591827216e+00
1.983967902039741826e+00 -1.503672406257877681e+00 1.414967356214089200e+00
7.384939748662530112e-01 1.432300553166756751e+00 6.235028761781157280e-01
1.234156268675310919e+00 -2.739177580941700163e-01 -1.048655597021693531e+00
1.482786271695507141e+00 9.083798836832835955e-01 -8.037269311161193697e-01
-6.379214008843252515e-01 -1.416045676620087124e-01 2.481547558710425483e-01
-9.265065236790935854e-01 -1.084705708390390377e+00 2.658278863641980738e-01
-6.512039903207932356e-01 7.338587695416736167e-01 1.037058239177063745e+00
1.004203471847480156e-01 7.046176941487708456e-01 2.268097848906718353e-02
-2.350437331897079762e-01 1.492419652563611310e+00 3.245446765313895754e-01
2.168342209719833935e+00 2.545298552066492803e+00 -1.312072232033571373e+00
2.817605097003742731e+00 1.860752760745504553e+00 -7.840536481905681088e-01
-1.442415851904729207e+00 -4.153701555414382462e-01 1.041022416073833723e+00
1.662401082065454228e+00 1.934029274165896206e+00 4.145034626934853139e-01
1.301697633593403403e+00 -6.268714679216425001e-01 1.056102586062191762e+00
1.503668620448454174e+00 3.865697499167060069e-01 -1.457695479496632807e+00
4.270144103442620853e+00 8.028981159495774955e-01 -2.024618064330282186e-01
4.803042273588724043e-01 -6.305917677175856273e-01 1.625088979895475516e+00
4.024748811640646573e-02 -3.724073848772768702e-01 -9.972180402941912547e-01
1.481238509845652418e+00 1.369823918782040462e+00 -8.362154320795996965e-01
1.378973785612912506e-01 1.654909600247091328e+00 -3.660128925715275816e-01
1.563598939522582443e-01 5.446560514863751923e-01 -1.325493497900492423e+00
2.164484567468748288e+00 -9.098772147419765810e-01 -1.562475242860672742e+00
-1.396993231838006451e-02 5.035618861618793574e-01 5.993046267028446783e-01
3.574455555502252802e-01 -6.960522170374723316e-01 -1.816965442738713299e-01
1.281456170792280913e+00 6.007228611430812104e-02 4.789481597488729481e-01
1.722443690310215825e+00 7.982654773042666685e-01 -3.186209944375884007e+00
1.561623691271970815e-01 5.695816040359030774e-01 -6.570777401562747366e-01
7.894050310821192351e-01 7.587188132487983072e-01 2.807490090917948988e-01
-8.577111159346686442e-01 1.164121430386970690e-01 7.480721904117282328e-01
-9.446814162330736953e-02 1.652282778370042227e+00 3.009487507016404551e-01
1.415253882532208740e+00 -1.033818310937343998e+00 2.167366118228688798e-01
8.682967469773650304e-01 1.304501933826792470e+00 4.997291350223750372e-01
2.651374050329661447e+00 8.327842292471898666e-01 -8.571814096897533153e-01
1.318235608298175432e+00 -7.774079135134076557e-01 2.236660863616810879e-01
7.879978246795608099e-01 1.370990625635698290e+00 -4.409706460973665254e-01
2.352735877389217301e+00 -4.941348118047718674e-01 -5.008834106687022336e-01
-1.349500656167125223e+00 2.011969624004630752e+00 8.249849589983433429e-01
6.243772660841397926e-01 2.033518677557136112e+00 -1.091375742112353331e+00
-7.015886277615082101e-01 1.226234552717765602e+00 -1.941372872074390354e+00
-1.261240966742936731e+00 1.809138079933464427e+00 7.614678414794480155e-01
1.929699633027737171e+00 -3.966607071492648795e-01 6.150135221113193218e-01
-1.006418472231845440e+00 -1.618667403095097601e-01 2.596271214532634986e-01
1.637812778058769680e+00 -2.302662590411630905e+00 9.785832391482337522e-01
-7.044920606887705716e-01 -1.275683367889475894e+00 1.016418129726356812e+00
6.351216263267712714e-01 1.252065545060396579e+00 1.436990748499959558e+00
3.243493107147700782e-01 -1.804878643197229238e+00 1.378426595546480282e+00
-1.149988074614387124e+00 -2.676597857043577777e-01 8.418312185599177155e-01
1.625095809052387708e+00 5.692842010793534024e-01 2.077701061079620937e-01
6.768499479511860262e-01 2.172840582340020532e+00 -1.749072142940725660e+00
7.612632556617966451e-01 7.676293555650738343e-01 -1.083901362248310685e+00
-2.508545661185113129e+00 -1.227165434302154440e-01 2.083687547750709079e+00
6.438799843407500001e-01 -9.682729229461853881e-01 1.192185425894833672e+00
8.414153490306328642e-01 7.781368928879404123e-01 1.138365868429058736e+00
-1.407472851126735369e+00 1.344406410756742609e+00 9.950329278258263077e-02
-2.396301984244487426e-01 1.575742918416149552e+00 1.401850836068604167e+00
1.448581501757469914e+00 -5.942522641525815885e-02 1.884762733029160253e-01
1.010872326996675286e+00 1.420946336228343654e+00 1.602975291306186004e-02
8.234950620345123928e-01 -1.154538366463628840e+00 -3.559693983688210772e-01
1.564911004331346778e+00 1.300189976153184324e-01 -9.686766088686462606e-01
-1.108541360701356782e+00 -1.739743513685863441e+00 7.560495221168224145e-01
-6.517190229793472511e-01 7.375968391346624520e-01 3.103729808612319951e-01
2.738427207620398596e-01 3.866702970697745712e-01 3.830412946009636999e-01
7.874552916128883806e-02 1.126077874756764352e+00 5.626707446143909275e-01
-3.229565270816179834e-01 1.378077812048552619e-01 -3.806088465130513104e-02
2.068368321893789830e+00 -7.078755202269580993e-01 5.071693139419630736e-01
1.602436043836628299e+00 9.241178926124630211e-01 9.919524694430733591e-01
1.695782709435352142e+00 -8.790967914862356514e-01 -2.260700174970806664e-01
1.284122382898990278e+00 2.412120235126131440e-01 -5.578028793563799548e-01
2.980071498060812285e-01 7.034975807713500506e-01 -1.728975574337151058e-02
5.205470997229647567e-01 -1.715044466456057792e+00 4.166648305045485001e-01
7.452962004882085489e-01 -1.061481670620402662e+00 -3.090563643875541833e-01
-7.327827395596399063e-01 3.923343736776652851e-03 1.047412563664863461e-01
-9.326522508097369046e-01 8.215915916871300295e-01 3.593517482284627196e-01
5.703730588568762805e-01 6.199634103803324248e-01 6.397718081733337891e-01
1.976971636543099820e+00 3.674002836058538890e-02 -1.468430333634406004e+00
1.161791669583362996e+00 -1.125916656373958658e+00 4.782030497370715061e-01
-3.394967027467092890e-01 1.322843824830858495e+00 1.492344917353568112e+00
5.988476244037244101e-01 1.349619744536792343e+00 -5.073382402402339952e-01
-4.846451627105431981e-01 -2.824816375190224438e-01 7.775017629422014132e-01
-2.854983243653785308e-01 2.951922216420480805e+00 6.207449755473555264e-01
7.931880068648659021e-01 2.012424029449339236e-01 2.625022457534898379e+00
-1.362967967618060827e+00 8.005293228630125935e-01 -8.981896873399698444e-01
1.795319927682281325e+00 1.653716887274301772e+00 -4.002011427237052166e-01
8.133834060187166148e-01 7.008623161077823793e-01 6.982138904247335576e-02
6.707487102846583227e-01 5.826590304029048983e-01 2.044993506629661228e-01
-3.270260249675095016e-02 2.579308190716083082e+00 6.592769679565947671e-02
-1.017190068559182592e+00 1.466701201097599716e+00 -1.375669153396442967e-01
1.229615866629121701e+00 -2.556491582241128935e+00 7.301328940395825084e-02
1.589983481889492456e+00 -6.941666218101549823e-01 -4.831843819184115651e-01
-9.245431964097104716e-02 1.694217028824150373e-01 1.118781418752734957e+00
4.239011451294512067e-01 9.657610520184277680e-01 -8.075452324332133003e-01
-8.638979846403705976e-01 4.007957345611878885e-03 1.785901905859456296e+00
2.517732502931918637e-01 -1.706487516988808961e+00 1.898976943328101186e-01
8.208708697901258289e-02 1.244930830386225429e+00 9.267978356371819881e-01
2.422451129255160041e+00 -1.591513032686278750e+00 -1.731166239524770445e+00
-7.598641123273450759e-01 2.263307175501955815e+00 1.193215993596832059e+00
1.968818001169653442e+00 5.656597513800563082e-01 -1.351503477893762462e+00
-2.471588965490618239e+00 -8.599940293739370967e-01 1.460245506114730363e+00
1.041162319518000423e+00 1.769053492425511076e-01 -8.501330778343541006e-01
-2.038600008085606763e-01 8.937650154113819800e-01 3.922644703876221328e-01
-5.658816813860507722e-01 1.156659689883778208e+00 -2.404076049665916925e-01
9.788279104027980404e-01 1.065579564910955845e+00 -3.706713545016089295e-01
1.161645512260782720e+00 8.165372511277763090e-01 -3.001186297117539037e-01
7.194644567084794717e-01 -2.111656419524328421e-01 -2.018912028915109680e+00
9.877212562179357724e-02 1.401312467291904618e+00 6.459827013554400033e-01
-1.469940529574616406e+00 1.521271337861370476e+00 1.699064232313837630e+00
2.620337796147199860e+00 2.195413787763929314e-01 -1.080986128786862954e+00
3.564173230775071755e-01 2.711987072532322074e+00 -7.009169127277471434e-01
-3.749514833007140391e-01 3.202317994779230848e+00 6.479765502097419860e-01
-5.131078269926415691e-01 -2.655215915567916696e-01 1.179648639072247596e+00
-2.141508357635465654e+00 2.075175142652604166e+00 -3.010413955065394109e-01
1.207853636927801677e+00 2.955991570954715986e+00 -8.529840188832958914e-01
1.691097560618282369e-01 2.886201724799271950e+00 2.321707448559426457e+00
2.542606582500216428e-01 5.602017801748825077e-02 1.052266706969150478e+00
-2.322636788910004135e-02 3.872832723155976709e-01 4.103889722184817651e-02
5.834539870694557262e-01 -1.292878695270494260e+00 -1.529891207563531808e-01
-1.195754752956546874e+00 -8.378737471049007013e-01 -1.448576561206011748e+00
7.465850245171845589e-01 -1.471830436129114794e+00 2.329530204016557970e+00
6.266690037852975514e-01 1.612395876187038279e+00 1.615813021463556431e+00
4.160991771788630778e-01 -2.624873013066148508e-01 8.095491135669208305e-03
1.220483284857836415e+00 -4.897940839089640619e-01 5.914322723002040094e-01
-6.134326248196467768e-01 -6.360542267808952932e-01 -3.937559634974336920e-01
2.372619417926298269e-01 2.501210008518708339e-01 -9.198820626919769206e-01
1.980145466224024764e-01 1.425604664826825463e+00 2.081040405236575186e+00
-1.201035870482915560e-02 2.414915162952524421e-03 1.879653000357935255e+00
1.511757552948773897e+00 1.915615580843383237e+00 -1.505741527337475683e+00
3.994721766999167478e-01 -3.473049980963220373e-01 -6.186910510925446305e-01
5.477426749127873862e-01 -1.332805025303810842e+00 -6.505069272433061656e-02
2.843126219272640309e-01 -4.403891418739313002e-01 1.148830944294741307e+00
9.972392066015420831e-01 -2.407185403773071108e+00 8.422742893816986820e-01
4.966842485294965526e-01 2.909705677345357233e-01 1.018777261653247557e+00
-7.558073734171115721e-01 -1.281370609181873732e+00 2.510522548561940237e+00
1.113775257294189913e+00 1.485924857373165375e+00 3.691415128325583050e-01
2.085354623013474740e+00 2.552004564348335780e-01 6.198552206361969130e-01
-1.402867957759728057e-01 8.090387396065851222e-01 1.508226196619359305e+00
1.791944195428963660e+00 5.649438521399027108e-02 -1.269745878528463490e-01
-1.204100368909612584e+00 4.962611486123533755e-01 1.613817103348884618e-01
-9.363036136870339643e-01 8.814824005379663374e-01 -4.009790518783641344e-01
-3.038639142812167848e-01 1.428907584992739288e+00 -6.139146373916577470e-01
-1.342141988997753943e+00 -6.945852610289603435e-01 -1.383533782908168419e-01
9.549934132847739399e-01 1.088043370862467052e+00 6.566845753066834490e-01
1.664684068965377683e+00 1.136077686527851016e+00 6.385801090837083249e-01
2.463195131494143875e-01 9.310219738235708808e-02 2.669871292856014211e+00
3.594559645112566093e-01 -1.217040136049377386e-01 7.061330548250969175e-01
9.709380904611866411e-03 -6.851971312929393543e-01 4.884457071988556054e-01
1.320535778087792433e+00 8.428492242365899501e-02 2.088686387067241412e+00
1.569935054422986198e+00 -2.506926620059769517e-01 5.574172913409569663e-01
3.530994884905008568e+00 -1.081840462418134363e+00 1.352970998899571509e+00
-7.111014096846660082e-02 9.646868666155598016e-01 4.734184316718426100e-01
6.141860287959188813e-02 1.011568040820348013e+00 1.921412273629792000e-01
1.055585788246124895e-01 1.527400732243729742e+00 9.920394244712624210e-02
2.693199629667430095e+00 -5.533447956187942385e-01 -9.825492223697253058e-01
-1.193614002756234083e+00 1.170847668220512228e+00 7.182771424447771391e-01
1.171291531608906533e+00 -2.268154402207464004e-01 -1.232054078805549846e+00
7.589415428950018194e-01 2.309083381733470774e-01 7.311760397541997580e-01
-8.772827280114591231e-01 -2.094411252556053871e+00 9.756104029662217014e-01
7.601304823698071811e-01 9.031586363353136804e-01 -1.445485372910078337e-01
6.528688268545863593e-01 1.765259878755632617e+00 -7.984555586017464401e-01
1.164068081689850098e+00 -9.073248772312848542e-01 1.012444587907167737e+00
7.927476078919939995e-02 1.158572594500266950e+00 3.049490848386676500e+00
2.150067352947643951e+00 8.418248477154562925e-01 7.232457285064501917e-01
-3.467047602777652282e-02 8.868699819629636272e-01 2.686818944550681376e+00
1.120730440477500256e+00 6.675485089388016879e-01 1.235318010908939002e+00
5.308472982724201650e-01 -1.347826426294887137e+00 -1.089672761900751574e+00
-5.868973985286318751e-02 1.589294587575365847e-01 -1.251414187719566584e+00
4.235652914968084382e-01 -9.255144261931090854e-01 1.492221599939887788e+00
6.683313238747780050e-01 1.398224077758804862e+00 -6.326335852740511134e-01
7.279423600413399420e-01 1.308814580785219395e+00 -1.588021393012150728e+00
3.253125498199602728e-01 9.220199271507109606e-02 4.454869167281050313e-02
1.241155851847975500e+00 -6.870103566931718975e-01 -4.264046409269020010e-01
2.896189059997957838e-01 9.245945742880579132e-01 -5.040038225718045384e-01
1.068064073279049619e+00 2.392246688828563617e+00 2.025489454599273209e+00
8.494240841384517182e-01 3.609291002116419289e-01 -3.172460516062584612e-01
1.134355097537661061e+00 -5.322128247732619416e-02 1.650563198906902063e+00
3.852650306581431594e-01 1.698934262661945915e+00 -4.825415413813479160e-01
-3.710177970489705324e-01 -1.457968994540691066e+00 -6.115595282009478328e-01
8.650150039126796031e-01 7.301605208173582717e-01 -1.136642288028967274e+00
1.979119260106835476e+00 -2.005807742333038934e-01 -5.300631701751596925e-01
1.987186741551127511e+00 -6.031810253465278437e-01 -1.704425682674024278e+00
5.990818617249943356e-01 -5.268183617202337743e-02 -9.655953359214903831e-01
-2.664917476298922505e-01 -1.628603771937714884e+00 5.360772788705674419e-01
-1.489731269536083369e+00 9.282205013679551975e-01 6.011871406767184123e-01
1.629166887099304128e+00 -2.412753995004804697e+00 -1.382591686511152496e+00
-4.810522683942128341e-01 -3.877080094767264562e-01 4.610233654762377897e-01
-2.086815092199408195e+00 -7.503745605823309850e-01 1.308514966965624193e+00
6.771332705373686034e-01 -1.014452366028811836e-01 -4.042317199083496071e-01
5.300217551792077986e-01 -1.269250019316816580e+00 2.506586494183289382e-01
3.852818719797858060e-01 1.268278598426998194e+00 3.157373101122853409e-01
3.664597694681175355e+00 -4.056549150461003644e-02 8.307196042723931084e-01
7.168077764400414553e-01 7.124565595510410354e-01 7.407760473515994093e-01
4.170757328670814390e-01 -1.018089431154073576e+00 1.442988819305060400e+00
2.174459804982353361e+00 -6.111642708471952679e-01 -8.843075824707807842e-01
1.897741721012976113e+00 2.894866492948884762e+00 2.343594763253446178e+00
-1.075500203275445488e+00 -1.587627959403854483e-01 -1.014466559288225600e+00
1.110798570814507391e+00 -4.515306412750940135e-01 -9.220083937525708206e-01
-6.472362377354085039e-01 1.126548498311540580e+00 2.600499067691711019e+00
7.850035492939904103e-01 1.236940422993873634e+00 3.331988166536964391e-01
3.675501163155341922e-01 2.242684989211784607e+00 -3.152663192801841707e-01
4.343625452125704500e-01 1.280369942195304311e+00 -2.061083569896191847e-01
-6.423682509345213232e-01 8.753309379170298721e-01 -1.274776097577774880e+00
1.979249671706982294e+00 1.287407744591391623e+00 2.038002378707278073e+00
-3.933128322541640243e-01 -1.030817007570207222e-01 1.061253684757408555e+00
-1.123017265482652904e+00 7.673038513979499875e-01 9.419282137929355647e-01
-5.602400155047101427e-01 -2.738831840105708793e-01 -4.556778220119970801e-01
-6.926180329028470695e-01 6.568004239123016452e-01 5.299243135634083002e-01
7.558870532265077324e-01 5.414706884604105763e-01 3.047132757268052883e-01
1.307884931456837485e+00 -8.215771483407621201e-01 1.637921940408741950e-01
1.350484721623666173e+00 9.570521172737338489e-01 4.721546130386288231e-01
9.314993748230864234e-01 -3.006869514404898469e-01 1.378656289203880503e+00
7.532588514364428889e-01 1.092239484429387453e+00 1.787022622636823821e-01
-3.904479007254364475e-01 4.385968075225563645e-01 1.052217643037154149e+00
9.027262712126341571e-01 2.271511645435396076e+00 3.763677578489490472e-01
3.128255895301931266e-01 2.126464930179758017e+00 -7.297210330391479260e-01
8.799742938522063795e-01 6.772610479666336669e-01 -1.678262883502299463e+00
8.487245073638469139e-02 1.372928743155285458e+00 1.375861376635530320e+00
-1.552072189956572312e-01 -2.519205216111075618e-01 -4.991648150756915481e-01
2.425044541769175943e+00 -1.090076776864360220e+00 4.588044188861182260e-01
8.431132378528236604e-01 -7.544861457386594639e-01 5.918566591022890455e-03
-1.630809111822357355e-02 -6.027825179856463045e-01 1.590427878720125143e+00
-1.345679185222002028e+00 8.164499214308330588e-01 1.772646646422313843e+00
-8.541463033956779860e-01 7.132565281973662907e-01 6.985655886949247995e-01
-7.194495257422072187e-01 1.581826267434218503e+00 8.174214313697001355e-01
-1.192315880079470425e+00 4.748547200744115959e-01 1.758953242293057384e+00
5.293319686510236100e-01 1.302540025670301249e+00 3.689491578109279635e-01
-6.066471544602214383e-01 -1.072171257185921434e+00 1.151902802123216496e+00
-2.176452489019295999e+00 1.930603640057936499e+00 1.564100556139279785e+00
-3.327107941721845208e-01 1.223024125715596044e+00 -1.423050209786720366e-01
-9.140968900355683768e-01 1.093502583947820517e+00 1.552324226300494825e+00
-3.880966823797531440e-01 1.751709458646684148e-01 -1.117564251898224725e+00
8.356384543566247602e-01 7.784372495942626369e-02 -1.394298532954551195e+00
6.816085653783872100e-01 5.283481606890847587e-02 -1.450874678803270590e-01
-6.783652607162724557e-01 1.044247343650445359e+00 -1.413734556940030807e+00
-7.296647768084402186e-01 2.461026335567116696e+00 -4.040436154549423287e-02
-7.961521304631571372e-01 1.272038228504936419e-01 -6.358061478443910453e-01
1.445989411287998960e+00 -1.106912555143243049e+00 -1.294380192880906444e+00
9.074509882513781545e-02 -8.436920659007549617e-01 9.012138435608031406e-01
-9.361532332227820996e-01 -4.420930945790444433e-01 6.835377715195519732e-01
2.123707458550245342e+00 1.226904062376973359e+00 -1.131745897705752624e+00
5.859124002007358722e-01 1.055280362006842276e+00 -4.156793869819764425e-02
-1.189657082840192892e+00 2.120941598067993539e+00 6.288798066323325608e-01
-9.266017661020575780e-01 8.031121924117324840e-01 -2.519192672622878604e-01
-2.741784035480663850e-01 6.823499522036857723e-02 5.049335548280239339e-01
1.665668715239789766e-01 -1.360181372325588889e+00 -1.033277114918597972e+00
7.554026371212048396e-02 -9.895425817727502293e-01 -1.301020072953947171e+00
-2.129356362371145062e-01 -2.448523718636752555e-02 -1.776814130077868092e-02
1.146040061720515313e+00 7.513666023208764866e-02 -1.143065237093111031e-01
1.468928935893483168e-01 8.570545584981302811e-01 1.209897902107160972e+00
8.760362420999545652e-01 1.643581377721315739e+00 -3.858804038323735974e-01
-1.553283922240594084e+00 1.874386997454074777e+00 1.656757718796973755e+00
2.663346981102136524e-01 -1.281516630564524473e+00 1.380869377625533634e+00
2.636491361672004818e-01 1.657049470098598709e+00 1.836870419527529830e+00
-5.255888645650915736e-01 4.616141618701479765e-01 4.500867213172748960e-01
8.585088228026440671e-01 2.781562685182209727e+00 1.144905344931413715e+00
2.437073876536704375e+00 -1.783092777907135940e-01 1.645139959792801587e+00
-7.402699245823215479e-01 -2.266037754829995365e-01 1.122482198159571176e-01
2.669635039168088309e+00 -2.178190394854593592e-01 4.942464042607462860e-01
1.299787069846512821e+00 -4.447223768437731373e-01 -2.180635079726383208e-01
1.642263826672860194e+00 2.543792635206092889e+00 3.133266396329416059e-01
9.648156948766274388e-01 -1.358880699702872841e+00 7.156336899829933706e-01
3.722193095445095468e-01 5.324764186595604132e-01 -1.979704291164931851e+00
-1.270429954861815425e+00 7.644343628659543421e-01 -1.595468127582812645e+00
-8.258259737153621494e-01 1.471010292212428849e+00 1.693597833360834359e+00
-8.237383566657423550e-01 -8.801046780367817457e-02 3.706561239117704964e-01
-1.534657441128053357e+00 -1.323296111779885265e-01 4.988033536913150101e-01
1.474314557506159140e+00 -1.976981990451451288e-01 -5.914378081589737324e-01
1.679471938036706559e-03 -6.471643640235006378e-01 -7.550306815973661934e-02
5.611117273723669197e-01 1.772997948582952343e+00 4.205648030206423083e-01
2.703758190690961349e-01 7.601757204193686501e-01 -7.306167260043482381e-01
9.974327429996675265e-02 9.448741993674010242e-01 7.323518211932480426e-01
8.379571963025580494e-01 3.484652264951063616e-01 7.028618780584159342e-01
-4.471734150692647236e-01 1.909043743491011025e+00 1.905782624234095834e-01
1.018922582443534841e+00 1.246907457400047603e+00 -4.680932136446558367e-02
-4.201228077081898271e-01 1.380916374708406232e-02 2.384399376628555167e+00
6.870696466804606661e-01 -3.746930574891002563e-01 1.011634617948376919e-01
8.799517069164863869e-01 3.989396549944398962e-01 -1.087047398318650021e-01
-1.983390530937296781e+00 -9.411756598374711180e-02 1.815486395020321497e-01
9.563293981778333563e-01 3.303288629605388160e-01 -1.427598414628397094e+00
-6.530083272182645171e-01 2.323740877861586007e+00 1.050740244227083009e+00
-2.607267317970082265e-01 1.299016401541231769e+00 6.873833884381377324e-01
5.697306283021925655e-01 7.314396273215602040e-01 6.947697036108877455e-01
-1.008849771674557472e+00 1.197461295402909576e+00 2.803321382235427969e-02
2.015800882508113290e+00 -4.194320502594579558e-01 -1.380507788393613433e+00
-8.022810848303161269e-01 4.439990055739396202e-01 9.764052600585826358e-01
2.735846710778723434e+00 7.752672675929819235e-01 -2.945546914714930464e-01
6.998413233339153550e-01 -8.080899398344288942e-01 8.987785224144813068e-01
-3.614856254328613905e-01 7.906881023256009389e-01 1.133270090130082730e+00
2.914370682128973877e-01 1.071132515281074449e+00 3.098311839638465126e-01
-4.378911654439313628e-01 3.392616726585205300e-01 -6.168176651202250671e-01
5.236403429289397948e-01 -7.764680543280615410e-01 1.540659686073071022e+00
-3.622538040787536273e-01 1.897372979757704359e+00 1.041868547675415924e+00
2.640137541554271050e-01 1.125396531030872005e+00 -2.346623268421875075e+00
2.539363149781592721e-01 -1.533343777850901812e-01 3.103558260412486725e-01
1.271347328798075216e+00 1.175222785468869602e-01 1.371218949238793616e+00
1.920653186900577736e-01 8.851319918284581423e-01 4.853287352476948202e-01
3.757386736111694159e-01 -1.931039641981450727e-01 -4.419583899991190445e-02
3.582927053724257682e+00 5.647096522709543764e-01 -7.633830301915637273e-01
1.341224988853116251e+00 1.695937676681082085e+00 -1.399965940532206465e+00
-1.009332896504619104e+00 8.725535346906997392e-01 9.838253977531198347e-01
-3.555690040932553142e-01 8.107046801537758363e-01 3.717023715292164798e-01
-3.151384702539794525e-01 1.977086089234237232e+00 3.467892310808058931e-01
4.554130397947565578e-01 1.347098434239795139e+00 -1.125018873261511176e+00
1.083788349239158233e+00 -1.037448596703071990e+00 9.322600975090951092e-01
1.827666229122136388e+00 -5.111103085491919273e-01 1.392907732245607377e+00
1.413793865617803736e+00 -2.370414478519660903e-02 -7.290654111702746798e-01
-1.002907166033095709e+00 1.612673614855587356e+00 1.151303305131011312e+00
-3.467412581904298352e-01 1.324336127490849169e+00 -8.678552080031584626e-02
1.110512017964013110e+00 5.115456060820221529e-01 2.841960794367253129e-01
4.161529906685514368e-01 1.687502236144094447e-01 1.738060631452854832e+00
-1.266358754361341654e-01 -3.221923895487301404e-01 1.735101391890048639e+00
4.540847750333357191e-01 -1.831214824171528921e+00 4.180140713136665243e-01
3.520385436416993419e-01 -6.458664866889423095e-01 1.170865208669007451e+00
7.721517725275824917e-01 -2.952538378715613976e-01 1.084875963274506860e+00
-2.533412086537863428e-01 3.309099824923530608e+00 -4.883451141036054266e-01
5.296088214872928246e-01 2.126203402091205064e+00 -6.517906759669516159e-01
1.849485471197489295e+00 -2.664917028106964736e+00 -6.613656467010199380e-01
8.118321774375887312e-01 -5.758569957583730137e-01 6.125593533288875570e-01
1.621511002889067521e-01 2.095931102791458223e+00 -1.843863955796444243e+00
1.406116187265246342e+00 -9.482609947428926045e-01 -1.787905264992577292e+00
6.200182948989427789e-01 1.167531304602615005e+00 9.200545912739294119e-01
1.386884552409512750e-01 -1.275610886885025330e+00 1.689815010020904840e+00
5.745724322404943685e-01 9.350136820270624760e-01 -2.792534673613232821e-01
2.179907892449536977e+00 1.445428649736668625e+00 -9.936837794874323615e-01
1.272926591676255548e+00 3.865505804710174520e-02 -5.823946715334927804e-01
7.808732017929507219e-01 1.128821748349142506e+00 -6.647992397992540103e-02
1.208811485738343627e+00 8.644645873112968282e-01 -8.112653925645686437e-01
-1.162871595670357250e+00 3.033070084153989487e+00 -1.289688285149627633e+00
-4.292237184451627718e-01 2.504787221776605954e-01 1.134055031321129059e+00
1.376859953858997399e+00 -1.282460595498955414e+00 6.649996050333480957e-01
2.699483239968440973e-01 3.187490217098563505e+00 9.913070173135581920e-01
2.691307290510958072e-02 -1.109192059534446662e+00 8.768258558388772883e-01
-5.619087803092153166e-01 5.363191253273891235e-01 5.128010859424714241e-01
6.873597175849844865e-01 6.331449602433674162e-01 -1.090614266946815292e+00
1.465456295775728446e+00 1.949565040162662077e+00 -1.146154386457093610e-01
7.249629214575017411e-01 1.395622059627279699e+00 2.660575311897084294e-01
-3.617053668184262438e-01 -1.251335390042019435e+00 -9.276205283544899372e-01
9.635053245403132349e-01 3.618257766213395232e-01 1.723212887202172083e-01
-5.500187790011668021e-02 -1.879161080911358139e+00 4.559442627222122235e-01
8.038466936501333926e-01 1.227505969245842765e+00 9.538237470011972086e-01
1.070800647085530022e+00 3.783155527674180729e-01 7.573802131134298454e-01
1.475119296609118003e+00 1.425457031962001020e+00 2.003921532833959684e+00
-1.317498590114054791e+00 2.330277294585213710e+00 -2.384542769266704720e+00
1.251744035737877514e+00 7.523431572873962025e-01 7.964441960026753531e-01
1.121367862848132724e-02 8.109713854909796071e-02 -5.074125033947939345e-01
-1.018877323307128213e+00 1.328022982624886161e+00 -5.420004494711369025e-01
-1.758637514847043171e-01 2.337749986908566058e+00 1.291273563961092830e+00
8.165038409509969286e-01 -7.797763453162873670e-01 -8.398548682543459654e-01
3.272655678211464081e-01 1.004692265096542858e+00 2.198156626202299790e+00
-1.213614023947070741e+00 -4.804019832966026082e-01 2.388110268261425695e+00
1.302903698828412171e+00 4.062217728908066455e-02 3.654946938466032691e-01
4.607720110091911847e-01 -1.091813298010612110e+00 -1.629649643063242892e-01
-2.582505608614098502e-01 9.400510098990334518e-01 -1.296306607630408614e+00
-1.237111795036271999e+00 4.131657949109379668e-01 -4.546891362761291688e-01
1.654472375227693526e-01 2.805374656202114236e-01 -8.065220016141892989e-01
1.449979684190075169e+00 -6.293799154097864390e-01 -4.147336728658564120e-02
1.434736485821208163e+00 -4.344325318482177289e-01 -1.752991315658861016e+00
-8.114645874992190144e-01 3.152054523878273784e+00 4.660302135513956778e-01
-5.142452870295427525e-01 2.364914332526282692e+00 2.305418588371045130e-01
1.573653343456102416e+00 3.627912292032978159e-01 1.758660613522343430e-01
3.655936884559211897e-02 -1.316682005054611526e+00 3.957377346884074498e-01
-1.458014459896859405e+00 1.011619633917068217e+00 3.139732977728645569e+00
8.068144443881730687e-01 5.513002825806213175e-02 1.101875199587878162e+00
2.504505936584317638e+00 1.719380886613621762e+00 -3.288563886049393203e-01
-4.598936206641949243e-01 1.584432492752002597e+00 2.455728963909196427e-01
-5.885620133698032941e-01 1.402108341190233975e+00 -6.563971617889285959e-01
2.896150940613969604e-01 1.917965340637953486e-01 4.735174301121000684e-01
-5.170774999873173350e-01 2.395394100130940007e+00 8.357800504357816296e-01
4.400097025357566638e-01 1.996735105880567684e-01 1.713743267801013825e+00
1.321969969942683898e+00 4.706610624700987011e-01 -1.140625046617812499e+00
2.690189623569092525e-01 1.712286579899875649e+00 -2.599591369170406896e+00
-1.026857737041282803e+00 -3.039730918395147086e-01 -1.563754668002427461e+00
-3.652542508816546407e-01 -4.462658964007866214e-01 6.218636232440977185e-02
1.689548319435881574e+00 1.504147108684692258e+00 -5.666231796785453634e-01
5.286332375676490170e-01 8.382363012559419513e-01 -5.715119029279306373e-01
4.991057493901103204e-01 6.957488601728222255e-01 -3.090159514079654501e-01
-1.098645273483338292e+00 1.719972569394375927e+00 1.071186346349736640e+00
-2.989474308163081462e-01 -1.386797156434963707e+00 -4.355841463743417297e-01
2.511841671279773647e-01 1.926226021385240683e+00 -1.071620370131596722e+00
4.316343183187709709e-02 -1.281818595356286616e+00 7.151183970108086763e-02
-1.120624696348285321e+00 1.384150482412604966e+00 1.261947757904750000e+00
6.461470043742942870e-01 4.643557033826904712e-02 1.106141742300898873e-01
1.006439228756116577e+00 3.020160319151943273e-01 -7.752776783609853783e-01
7.786298192847406208e-01 -6.587935885499408561e-01 -1.248055567171783564e-01
-1.124177126427254647e+00 -7.158863999990671134e-01 2.240953651350935605e+00
1.258355762547545886e+00 9.690185364897522247e-01 7.319353351739177338e-01
2.162810562251168189e+00 1.213245694086176329e-01 5.170841659947760238e-01
-9.487275873634317680e-01 -1.147021359381095174e-02 -1.291047405866996511e+00
-8.036599084150514161e-01 2.606297357901432021e-01 1.118751172234307978e+00
1.361949113205822015e-01 1.944457183415952084e+00 -1.259731696524253319e+00
1.655419837195317156e-01 -6.111317531526722080e-01 8.053350363104948562e-01
4.173105377307384511e-01 6.588028962484360207e-01 1.535162216637117272e+00
-9.029453520996635341e-01 1.260269597874804637e+00 1.070400089710743075e+00
-1.035245406881847074e+00 5.243740736327370117e-02 1.144828894197329916e+00
7.604410576794770060e-01 -7.372359819958207439e-03 -6.164366078278734618e-01
-4.362877028267188040e-01 5.843396961959390623e-01 1.305975840707024105e+00
4.685718869313920121e-01 1.131748613447538743e+00 -1.559412840957444812e-01
1.617564311635925733e+00 5.202301560255790519e-02 -3.469162479878761252e-01
2.037714053834545069e+00 1.698525161677302053e+00 -8.797431246147233708e-01
1.014068662016158529e+00 5.881089550319297254e-01 -1.258440282800930565e-01
-3.004654191633363003e-01 -1.664116606689083122e+00 2.718150438288359227e-01
6.789073886403914626e-01 2.538080763760311998e-01 2.350977845808805144e-01
-1.398602667853164339e-01 -5.713383185170636258e-01 5.299888296278749689e-01
4.975601195199522708e-01 2.283585432508560054e+00 -9.203404193885292850e-01
2.026235078619720575e-01 2.798591126496557946e-01 1.128047062473514828e+00
1.648391687789110827e-01 -2.880626984581495242e-01 1.062757272740462167e+00
-1.533755762112546162e+00 7.525577031498555947e-01 1.702745158115638535e+00
1.412608039551481731e+00 1.514625257825875426e+00 -1.467201054293953089e+00
1.285192562460427679e+00 1.732515487753527594e-01 1.103218239472654183e+00
-2.238586379555568051e+00 1.105071959668920911e+00 1.611797311967407609e+00
6.980724643434921273e-01 -3.901394143049813912e-01 1.551662675602571984e+00
9.299206456695964240e-01 2.863840089151139523e+00 4.245319727064980064e-01
5.126816467157968571e-01 2.378374778379297005e+00 -1.202793880542862182e+00
-9.312056217108191092e-01 5.773912292667420232e-01 2.769664409093747892e+00
1.475684070324325248e+00 -9.470374701690955632e-01 -5.005495573101851337e-01
2.811816615279749687e-01 -1.560876367331797576e+00 -9.595974322693341385e-01
-1.162639989971661958e+00 -5.576234921632572394e-02 1.091971935657509718e+00
2.291600656860625307e+00 2.134607433323626180e-01 1.901056386485149963e+00
9.796315244113370513e-01 4.731045182904835000e-01 9.434531497780472842e-01
-1.490390724688278823e+00 -3.809538051587850749e-01 -3.741644171554815435e-01
1.512006191755694395e+00 1.411573039485874148e-01 -2.126359039404800977e-01
7.855696078514685654e-01 4.133869561683359839e-01 -9.277403351938426912e-01
6.311707807520594571e-02 -1.257427556332244345e+00 -8.706879937995294361e-01
3.781981383017199438e-01 7.267375033950658203e-01 6.516321147499744004e-01
5.268931734025474878e-01 -5.726605019010942987e-01 9.216205430013437727e-01
2.168729492562397887e+00 -1.428054061836547595e+00 -6.087067489659693242e-01
-1.798646588433311377e-01 2.869141105535576663e+00 7.604620338556966619e-01
6.536576330552208436e-01 2.257952763933611884e+00 2.374442113734789750e+00
-1.246749833370592725e-01 5.694135962417268618e-03 -5.720904860147730808e-01
-1.002443019594374318e+00 1.735284493523594485e+00 -3.808219249014367591e+00
8.905327286158472022e-01 1.318240138100051917e-01 -1.287697027032878305e-01
-3.452761749337074915e-01 4.956435779113949058e-01 -5.883424742832277232e-02
9.509358272855046312e-01 -9.548208212969584441e-01 3.069736127686052418e-01
-2.469436257118075240e+00 1.019502591794256841e+00 1.202048591852664106e-01
-6.072901118773302853e-01 7.738232627715793122e-01 1.432349142410863863e+00
1.063055649680175518e+00 -7.209618650986646671e-01 -6.325606356440175437e-01
5.569353557172462832e-01 1.899558876532200014e+00 5.644501319091644875e-01
5.346599371614189078e-01 -8.449754386185381883e-02 1.551241541691612102e+00
1.154173681702335807e+00 -1.316712924612490010e+00 -6.554244272996334608e-01
1.005145671091351112e+00 2.495722029654860119e+00 1.070757388995432935e+00
-3.420402974937523655e-01 2.705202268659316900e+00 6.792066727624278544e-01
-1.101665846711229690e+00 -1.351628772980457693e+00 9.092505242781193653e-01
8.619747416343053192e-01 1.961610377640466529e+00 -1.075910952966363521e+00
1.742193263200451925e-01 1.405133350078600518e+00 -1.176939017491264172e+00
1.003661211994781421e+00 -1.191110263929029411e-01 1.977565430213387154e-01
3.049463711509444175e-01 1.095663102698895663e+00 3.098548934930816401e+00
2.042779431477057095e+00 -4.658901252882838295e-01 2.208850937863183761e-01
1.370377117449940174e-01 -1.649791752219365470e+00 -1.274027917360787354e+00
-2.039695873785924540e+00 2.630257822198074358e+00 -6.833707275901269584e-01
-6.532609350263059167e-02 1.074017423860504694e+00 1.022794630054525422e+00
-6.047810813451548473e-01 2.152259720840080104e-01 1.083733275496967075e+00
-5.881481468105249633e-01 -4.098273641075201867e-01 -7.600191610553490573e-01
3.044416435544179400e-01 -5.559028366241983710e-01 2.252775228293376841e+00
1.184100498560570758e-01 -2.407024338000635644e-01 -2.759795020536171539e-01
-1.458612292308514302e+00 -7.400879304924623536e-01 7.451517391500450671e-02
8.646493115943746366e-01 7.115661613274937292e-01 -4.720265522498868771e-01
7.026024329047164674e-01 7.309272396567532137e-01 1.091878160757387528e+00
-5.305890175533425346e-01 -3.059150024716730254e-01 2.812692322669831935e-01
-2.545264323052233157e-01 8.917301769902193920e-01 1.142490990904465153e+00
-2.269740697111864713e-01 7.344230887974378952e-01 1.203731719113450671e+00
-1.253597345993551215e-01 -9.062267359115179222e-01 -2.873054079049698895e-01
3.658497995466033492e-01 -1.061750007720616118e+00 1.091742101497153783e+00
5.432012379883931485e-01 -1.030515100862256839e+00 4.011259086064006274e-01
-9.746924477980540846e-01 1.629741118822771062e+00 1.570556721871050998e+00
3.003515861702719114e-01 1.678721109281535728e-01 -1.252294501181662745e-01
2.495367883719790125e+00 9.055530476359023861e-01 2.212785525818576016e+00
1.192050295432142137e+00 6.623153921499708163e-02 -1.178397941041632313e+00
6.459340243164044537e-01 -1.842432552753067165e-01 -1.200017784829223721e-01
6.231565263157192724e-01 -1.091682450193031784e+00 -9.610204581680163727e-02
-2.492241171968311964e+00 1.342364086024132153e+00 -8.240055853500757310e-01
-2.300996379798272873e+00 -3.889391983346073278e-01 -3.140353890775344214e-01
2.347306279619255642e-01 1.093704255300711886e-01 1.765566540265993689e-01
-1.094544583560343787e+00 -1.827344245179441495e+00 1.452167136810551318e+00
7.766972477087230597e-01 -8.889138096286239854e-01 5.579333496110592261e-01
1.031813348292740240e-01 4.948011354576529186e-01 4.093968927965845883e-01
1.443672251063028877e+00 7.517801906278960278e-01 9.897116511650670967e-01
-5.034641634197265514e-01 1.844854076194459180e+00 7.338239212989716709e-01
1.823144899801553365e+00 9.736140153012435849e-01 1.077839020903398337e+00
-7.348112302363347670e-01 2.094525904545443129e-01 -1.469952775569800529e-01
-5.259170880447807533e-02 1.297330965844672113e+00 1.763953676165582074e+00
5.287777769380637150e-01 7.464784796362029518e-01 -7.369004607069391533e-01
6.868964843942249043e-01 -3.682760847811294425e-01 -2.076721299722155134e-01
2.152500950807397784e-01 8.378333951220738873e-01 1.322134530503465522e+00
3.310417951135898318e-01 7.272269365705267274e-01 8.763161098658356352e-01
-1.121900584490329589e+00 -6.732508768285175860e-01 -6.075226370900013162e-01
1.686769908098153525e-01 -1.008045090336581850e+00 7.151013408313758868e-01
-5.231714206184470140e-01 -1.205057430630299686e+00 -3.778420555133769621e-01
-7.312513753340587064e-01 -5.561628010732864169e-01 2.456570137693918077e-01
1.283031383098490741e-01 1.777614323708211153e+00 -3.850881325573577429e-01
1.233652268129320273e+00 1.961823350790912468e-01 -1.123641782619489993e+00
2.225245376097990224e+00 1.670406531105300685e-01 9.200051361979083575e-01
-6.301606784686319962e-01 7.748018206563779264e-01 1.051979935355834783e+00
-1.580097887843407101e+00 -7.562359493429465784e-01 2.233205415372755409e-01
-1.054059706341085034e+00 -1.621225813971878260e-01 -5.829923596084705117e-01
7.808434355149116435e-01 3.490322985483748641e-01 -3.732277246612334398e-01
-5.636034712936860425e-01 1.467772372955968629e+00 1.105389549172893338e+00
-1.669431580411922800e-01 3.199667761756719742e+00 6.399303777329299336e-01
-6.646942928771318315e-02 1.755382025468655183e+00 1.233328076812176544e-01
1.262201640148983006e-01 -8.194791629114228648e-02 -1.937307017226595485e-01
-1.331861440375019745e+00 6.751171062320918681e-01 9.071953675539469186e-01
8.830906329888694728e-01 -1.464629260369987973e+00 3.557622180591366590e-01
2.523301283820104324e+00 -6.358962981508302637e-01 -1.074784322894407722e-02
-6.696551059700975861e-01 1.755534525165166393e+00 1.261368170992458460e+00
5.679843204035194271e-01 7.159575136216647095e-01 -2.719286364504288067e-01
3.779424550635213098e-01 5.983043455040930603e-01 6.037241507433320775e-01
1.556920458194212653e+00 2.090281059798446694e-01 4.412903016572917170e-01
-2.532096422485771825e+00 9.918653259957601609e-01 -1.253410867966592734e+00
-1.537669672343930927e-01 -3.439983781893179438e-01 -1.266782768457725664e-04
5.733364524922388572e-01 -6.368496144787443303e-01 8.722259444844864262e-01
1.174115556776585079e+00 -1.503766273136597942e+00 -1.146048729789270526e+00
1.529904334416143374e+00 1.256068822104492166e-01 3.289611510508402281e-01
4.468434193046066927e-01 3.516853030388994439e-01 1.036705778625584440e+00
1.434670241844314464e+00 -1.552940234879947035e+00 8.291423868989256096e-02
2.722951656519826957e-01 -5.129004142348356776e-01 7.150722620700653565e-01
4.984365389388343837e-01 -2.844144105682412382e-01 2.129990847334926052e+00
-4.381836772144224491e-03 -5.549013906860228440e-01 1.739305633240011639e+00
9.253926504409558662e-01 9.337583758816392354e-01 1.566309879746920375e+00
2.910320003753264495e-01 2.096669081697023262e+00 -6.685373661370775933e-01
6.124636336470884457e-01 2.227782957077533155e+00 1.794510715951072921e+00
-1.043839090521858637e-03 -9.056278905069116147e-01 7.785656207818975050e-02
1.522917520841732708e+00 1.447681959296748776e-02 9.930179936005307795e-01
1.845340018225354761e+00 1.132386869665843454e+00 2.281472448914676487e-01
1.631830581980047823e+00 -7.372507375646127903e-01 -2.314132416184410790e+00
-1.596243857512697817e+00 1.718086099137207334e+00 7.996074483137851630e-01
7.259006978628301798e-01 -1.066202485897083552e+00 -5.360281122665671028e-01
-1.398722902286342995e+00 1.468513214656738120e+00 -8.099576402453098067e-01
1.621761606113198972e-01 1.807971678071737642e+00 -2.688039343822808402e-01
1.606756290956810940e+00 -4.802295597552407730e-02 -8.702445869568243841e-01
7.804570610234132788e-01 1.382248862346484586e+00 8.262140325161386745e-01
-1.013492477308641782e-01 2.502091694901626417e-01 -5.205624401937178902e-01
2.152722277495128511e-01 1.651144898395837668e+00 9.431438028389301786e-01
-4.170534765951392497e-01 -8.172285906651470810e-01 1.002462034160389592e-01
9.053888104638704304e-01 2.362371227196847501e-01 8.873779874400696821e-01
-3.048546966093679256e-01 6.106261072331634621e-01 1.127102056013473685e+00
-4.632678095101811500e-01 -1.588386634708297329e+00 9.099521677109375650e-01
-3.794508500655913164e-02 -2.558396069977791898e-01 1.532352063514344831e+00
5.563337949288350570e-01 3.159346027046470717e-01 9.985699078222310954e-01
5.762909747703656160e-01 1.013335196295584328e+00 1.798972325672840489e+00
-3.931586630084494272e-01 4.686656610206282325e-01 1.344962600718607071e+00
-9.359879923368987775e-01 5.199970456375716532e-01 9.237166875925196807e-01
1.093490386220608235e+00 8.366091360587419867e-01 -1.536090927200903344e+00
1.455623159812527767e+00 1.064890412903739980e+00 9.310361008657208615e-01
8.433143075557957002e-02 2.208179728895349303e+00 1.405369518415690688e+00
1.138914886153231221e+00 -1.765892688602786809e+00 -2.869783385756063954e-01
-4.885270298566669611e-01 9.893628855704011960e-01 5.684737435036472109e-01
-4.516709368628752941e-01 7.324509050685316103e-01 1.865781973829038209e-01
1.341641420219518377e+00 -1.862920070073714740e+00 5.816695330341030701e-01
-4.094241604529696987e-01 1.566078305942897320e-02 1.381990742050911880e+00
8.917995644989815673e-01 1.111177498172458256e+00 -3.002421006118940472e-01
2.232080348415945714e+00 5.980681003639898297e-01 -4.109300887950528280e-01
1.251031393909055822e+00 3.256350150004245769e-01 1.022378551256316603e+00
1.375519253053938185e+00 1.424242658643843029e+00 1.365014534708433869e-01
6.397450590299268436e-01 7.767639772250017893e-01 1.647224760909127728e+00
-4.963034577956075832e-01 1.287130206401485288e-01 -1.635475500036485119e+00
-3.725100904757226994e-01 -1.157108337252665597e+00 1.105735543016728384e+00
2.557329345905049234e+00 -1.905772570797716448e+00 -7.366304513986058344e-01
-1.785995740796952447e+00 -5.750836481410950274e-01 1.870784379335856951e+00
3.539912778485744260e-01 1.628742283014497527e+00 8.395547957669540207e-01
-2.700174112279814520e-01 5.899407454558088792e-01 5.437802813012004854e-01
1.602128567915998225e+00 -1.251181921897621951e-01 -2.285346136757357982e-01
6.398447127617575836e-01 -9.154997332591858772e-01 1.494876659509271066e-01
8.336466751571854905e-01 4.454116603156483833e-01 4.896519609726956990e-01
1.893765784962964327e+00 1.883545850312742465e+00 -6.765403825248061942e-01
-2.094340259817754346e-01 1.166266849372061598e+00 4.740211265790055251e-01
1.522550119900284438e+00 -5.236656765656501067e-01 -1.611359791544629827e+00
-8.174368111205309040e-01 -9.956326292010686529e-02 -7.316730726880619207e-01
