-1.286020874977111816e-01 -2.484780102968215942e-01 -3.171190023422241211e-01
-5.664014816284179688e-01 -3.968107104301452637e-01 -2.187063395977020264e-01
1.263519644737243652e+00 1.737380623817443848e-01 -1.331665873527526855e+00
-1.254830598831176758e+00 2.743535041809082031e-01 7.906692624092102051e-01
-6.944780796766281128e-02 3.265503406524658203e+00 6.611143350601196289e-01
-6.420537829399108887e-01 8.957195281982421875e-01 -1.460966944694519043e+00
-5.396685004234313965e-01 -5.654663443565368652e-01 -8.775738477706909180e-01
5.443632602691650391e-01 -2.010954856872558594e+00 3.342932835221290588e-02
-9.741570055484771729e-02 -2.555689513683319092e-01 -1.590345203876495361e-01
9.094676375389099121e-02 7.932986021041870117e-01 -9.022917747497558594e-01
-1.215623412281274796e-02 -1.325314342975616455e-01 3.994248509407043457e-01
-7.247366756200790405e-02 5.134218931198120117e-01 -1.164613008499145508e+00
1.218228340148925781e+00 6.678972244262695312e-01 -7.832992076873779297e-01
1.013143658638000488e+00 1.821701973676681519e-01 -1.909426003694534302e-01
-1.118558645248413086e+00 3.520964086055755615e-01 1.300503015518188477e+00
1.652345418930053711e+00 4.790351986885070801e-01 -5.227884054183959961e-01
-2.828912973403930664e+00 4.087857902050018311e-01 -5.715894699096679688e-01
3.233458101749420166e-01 3.521445989608764648e-01 1.873417049646377563e-01
1.520579338073730469e+00 7.211005687713623047e-01 -7.565208673477172852e-01
5.161862969398498535e-01 9.146104753017425537e-02 8.394504785537719727e-01
-4.527628719806671143e-01 -1.249256730079650879e+00 6.847071051597595215e-01
4.631967544555664062e-01 -8.547588586807250977e-01 -1.612734049558639526e-01
1.519765734672546387e+00 1.592584729194641113e+00 -8.331156373023986816e-01
-2.198087215423583984e+00 9.755150675773620605e-01 -2.337894588708877563e-01
1.032339856028556824e-01 -9.314780235290527344e-01 -2.481443881988525391e+00
9.045023918151855469e-01 -1.495190739631652832e+00 -2.368113547563552856e-01
-2.158911466598510742e+00 1.792245149612426758e+00 8.571062684059143066e-01
-1.470812797546386719e+00 4.714269340038299561e-01 -9.437932968139648438e-01
-9.832510352134704590e-01 1.199449777603149414e+00 3.239720463752746582e-01
-3.672970533370971680e-01 9.132909774780273438e-01 -3.694350421428680420e-01
8.858753442764282227e-01 1.131416320800781250e+00 -1.124662280082702637e+00
-5.537043213844299316e-01 1.253821849822998047e+00 -1.832947850227355957e+00
-1.017617806792259216e-01 1.311191797256469727e+00 -3.075539767742156982e-01
1.128107666969299316e+00 1.037869572639465332e+00 8.159955590963363647e-02
1.446653246879577637e+00 -4.726026207208633423e-02 3.946519792079925537e-01
5.121433734893798828e-01 1.159767627716064453e+00 9.944184422492980957e-01
-1.326440572738647461e+00 -5.738100036978721619e-02 8.987756371498107910e-01
-1.419427871704101562e+00 -1.303658008575439453e+00 1.593400537967681885e-01
5.446446537971496582e-01 -6.263517141342163086e-01 1.460732460021972656e+00
-1.278976321220397949e+00 -9.213756918907165527e-01 -1.405311346054077148e+00
-6.118969321250915527e-01 1.408795416355133057e-01 -1.537786841392517090e+00
-3.924193084239959717e-01 1.141631007194519043e+00 -2.392980605363845825e-01
-2.129219532012939453e+00 8.186202049255371094e-01 -1.310259222984313965e+00
4.885189235210418701e-01 1.135244295001029968e-01 -7.114463448524475098e-01
-1.056372165679931641e+00 7.033922076225280762e-01 7.179645895957946777e-01
-6.461215019226074219e-01 -1.195219516754150391e+00 -1.149919867515563965e+00
1.146319389343261719e+00 -8.605042099952697754e-02 1.430073142051696777e+00
9.695612788200378418e-01 -1.313578128814697266e+00 3.191289603710174561e-01
1.573852539062500000e+00 -1.723843812942504883e+00 -1.235149264335632324e+00
8.778838515281677246e-01 -2.099759429693222046e-01 -4.539837837219238281e-01
