-1.291789055502808869e-01 1.211483204153974924e+00 -6.798410550768826388e-01
9.929550464922668462e-01 -1.215999627746775058e+00 2.620000468429786178e+00
8.696750541710218663e-02 -1.162362980388210731e+00 -1.234964165804574465e+00
7.571648683373189970e-01 7.599137237279051105e-01 3.302625727233965969e-01
-8.102970415663304227e-01 -1.611433000752313882e+00 1.694226900844960859e+00
1.129856742575543249e+00 3.294693726289759095e+00 3.911098020411328258e-01
8.433250468538315836e-01 1.012429292472666775e+00 -5.154962052928072636e-01
-4.867500462226149738e-01 5.077429420380553671e-01 2.390986912575140177e+00
1.506732048297258153e+00 -5.586938180193747883e-01 -1.346190188777990793e+00
6.043365927229941287e-02 -4.247357745520848882e-01 -9.943682192214564619e-01
1.936773250891526077e+00 -3.277737116334060730e-01 -4.406034815208120237e-01
8.403840306596661591e-01 -7.365720592613064222e-01 4.043350037580581424e-01
-2.098096356022390641e+00 3.450133159662609472e-01 -1.881425398040896591e+00
-2.672086639936630537e-01 -8.675393845974621598e-01 -7.536457168338854817e-01
1.437212030231275195e+00 -2.393321464604136750e-03 3.728725356549926206e-01
-1.498242948850370126e-01 1.054186827485326106e+00 4.004685618397223479e-01
7.401713066505464234e-01 1.418119429328087877e+00 1.199161245244427798e-01
2.030839851813444064e-01 -8.023951058395571989e-01 -1.497138714726709230e+00
-6.337596654868681290e-01 8.830745040254350808e-01 7.072849642309332330e-01
1.105043172638811688e+00 -2.215094574887886303e+00 1.387381259160249458e+00
-7.247615611425539672e-01 -8.880622726131783828e-01 2.059008500015160781e+00
-1.332028199348384456e+00 1.029675908780075977e+00 -2.466638071791215914e-01
-7.621970685148260483e-01 6.966825268318853626e-01 5.828903063070325352e-01
4.148528857738464359e-01 1.672024588437244663e+00 -9.012600569428801389e-01
1.199526162171209887e+00 6.046617866570874744e-01 -1.165360832282814396e+00
7.276708321302658433e-01 1.074417253464386324e+00 -1.153732173426134988e+00
-1.600065148630120282e+00 5.172682973907209020e-02 2.873762396468876545e+00
2.430992889161112558e+00 1.565453567682737190e-01 8.299479914044154416e-01
-8.838644226322096564e-01 -2.664246059415955603e-01 -1.200984608961315647e+00
1.226817246751657903e-01 5.528910205559511848e-01 -8.161336279709667796e-01
-9.881078638415856652e-01 -1.287752832937897995e+00 4.185304145627881112e-01
-8.284848088017995327e-01 1.039485243051440744e+00 -1.062843500972052047e+00
8.091458877395937277e-01 1.095438089612934318e+00 5.580274739856947441e-01
3.810640778893344960e-01 2.005889982020435447e+00 -6.343668335110024259e-01
-2.597238028245872354e-01 5.928144257237377701e-01 1.391471821602609849e+00
4.419640000228930443e-02 6.863437743360519816e-01 4.915363309540788928e-01
5.258646460286110491e-01 6.827264686813294681e-01 1.290362218156752006e+00
-4.811241130222682627e-01 7.006367555659980262e-01 1.324780345550694349e+00
1.349392812052819801e+00 9.101972518857158745e-01 1.237303372647408750e+00
-7.683017843379537082e-01 1.676958833395267578e-01 -1.723720449955736811e-01
1.759559139486706059e+00 -1.056774362687959101e+00 7.134582770782119665e-01
-3.529750220292413587e-01 -1.102782442515080286e+00 7.375495428612367788e-02
4.942707297146878842e-01 -3.179392469248860653e-01 -4.039879188788726705e-02
2.041323170599400605e-01 -2.526280554943007850e-01 1.692526527204097242e+00
-1.307788448886323396e+00 1.246921503515896035e+00 1.691294580586948149e+00
3.563259331563535803e-01 2.579812710189634206e+00 2.974332998409479067e-01
1.193868044356024116e+00 1.778337063774197535e+00 -1.646793672278886456e-01
4.712998861834348796e-01 -4.861278390878549099e-02 -3.682711900975549901e-01
-4.349781664894348809e-01 9.114440186862539095e-01 -6.191060038439369917e-01
-1.115009153911383916e-01 -1.630294208532646394e+00 4.626741046428154425e-01
-4.086018694623414493e-01 -9.950217462488315512e-01 1.647870430083996363e+00
3.816604041097736988e-01 1.388099828719091100e+00 -2.235110065965124182e+00
1.735125759644641885e+00 6.080059207590170489e-01 -9.657408755908005737e-01
6.592123477772171558e-01 1.851129789051255470e+00 3.785606766227254671e-01
7.243390725697482768e-01 1.519007371380709792e-01 -1.545663871976174608e+00
1.367995290763753369e+00 -1.024977459293002324e+00 -2.850801206666031540e-01
-7.813837354681490988e-01 -4.924674752129327149e-01 2.692172986260734646e-01
3.254388864954761984e-01 -8.266555019603186727e-01 2.546616312077754074e-02
-1.314542477820565214e+00 9.768419502696487067e-01 -1.117305677180483903e+00
-9.823185612626961216e-01 4.600542730195096852e-01 -7.341881649565996648e-01
4.460436509878459299e-01 8.533440201601773245e-02 8.295123963978582315e-01
6.814644278873893679e-01 -1.911370830973509127e+00 9.004688428751035367e-01
1.302452941523458252e+00 -5.975644167163612908e-01 9.725463076779468086e-01
-1.918118059284045981e-02 -2.341415832184063905e-01 -1.192951031747065960e+00
3.393077934351645952e-01 1.040196459145463548e+00 -5.028182271334958875e-01
1.188527093344956986e+00 -2.068954244245835294e+00 1.983573672174760771e+00
-1.420899750089184010e-01 6.532626453181685777e-01 -6.960881677499368703e-01
-4.301459136350940238e-01 -1.791902605404683754e-02 -1.518966552485249977e-01
6.450774607444195174e-01 4.039749239241456458e+00 -7.842636853963717014e-01
1.870866852686302817e+00 -6.423284069850828670e-01 7.879641446997379117e-02
-5.197048533798953596e-01 2.810232070647463165e-01 -1.708462234406194824e+00
1.824188902697669201e+00 -7.788760208066208834e-01 1.777432088210214811e+00
-1.307808260359628327e-01 7.204215636512624199e-01 1.605521634040611545e+00
7.130748835546676934e-02 -8.451660515144572283e-01 1.423610993957734383e+00
-5.650177016281772158e-01 -2.241159357200326330e-01 -1.000412011800623446e+00
-1.904045669378398919e+00 8.488550683561538746e-01 -3.048040165385370107e-02
9.359673375513176685e-01 4.588864547235740332e-01 -7.488987362649701662e-01
1.122347022625913571e-01 6.075831760533549897e-01 -7.773650000623764100e-01
5.608757553952209429e-01 2.934951889315631779e-01 4.095179833000849035e-02
2.280857186826629746e-01 2.090581180456826171e+00 7.478247321504900569e-01
5.355043872470054422e-01 7.490234389254395442e-01 -1.729866140554589204e+00
6.157099599538602419e-01 -1.639750106991465228e-01 -5.556282478793162644e-02
-1.050800143726082769e+00 -8.428857473314765869e-01 1.617096991470350575e+00
4.275614297094243454e-02 4.636317690547365755e-01 4.712322446370483253e-01
2.278330875833416425e+00 8.946800779781360902e-01 9.195296562769915694e-01
-2.533025450377177634e-01 -1.049878615816266236e-01 4.242355623455013047e-01
1.559510053521462325e+00 1.280080995750836559e+00 6.487355477389784575e-01
-1.452806184732884143e+00 9.929944831337322864e-01 -8.337994137565746255e-01
5.619397472023306417e-01 3.996307359663869851e-01 5.146140476812017805e-01
6.222109428164409595e-01 1.166430813235987074e+00 -1.296944063557610605e+00
-4.796900101488313917e-01 -1.594587696525737064e+00 1.744894197737712815e+00
-2.649161221300934677e-01 2.326720621464184457e+00 -1.759664773097851853e+00
-1.763673602402813937e-03 -9.619338776875892005e-01 3.873584037422079240e-01
-3.990850161454120304e-01 6.897950400190102638e-01 7.181219554222049162e-01
-2.218291125454447399e-01 5.531431954239798277e-01 1.457401685148158821e+00
9.064206510756656066e-01 1.254467064426715850e-01 6.447713370717758075e-01
3.991168053430199647e-01 1.345032666047336622e+00 -1.076172948230122994e+00
-3.031820787796968730e+00 9.466570419571380679e-01 3.095204041129543393e-01
2.101544982781051174e-01 -1.197684950134782156e+00 2.351533082807848452e+00
-2.060797076670756525e-02 5.812210868104303874e-01 1.132209406438542176e+00
-2.320208509215160031e-01 8.332781157085433765e-01 2.430068097682956119e-01
1.847502650608187524e+00 2.578032939678707169e-01 -2.148729188197237683e+00
-1.470304306506501568e+00 -1.708361374290243262e+00 1.984655544439342556e+00
1.005271090213006729e-01 -1.575639021618572944e+00 1.164948380635159708e+00
6.219759355934091349e-01 -1.782121667233588891e+00 3.904338995417782066e-01
1.085259673004241865e-01 1.439885282946163692e+00 1.926608626796760815e-01
4.659934384026601095e-01 1.071218118143709486e+00 9.725467614588491072e-01
-3.129722269636565635e-01 3.290084095120075602e+00 9.526951300279155044e-01
1.365724204147824805e+00 -3.603847901093822359e-01 1.662650003763108009e+00
6.260965219190309794e-01 -4.689372151588958593e-01 -1.683832466895910929e-01
-1.693740607869619330e-01 -3.005710033767305389e-01 2.494087586384563959e+00
-3.494483981301592657e-01 -4.398031613331220280e-01 1.119022917260661609e+00
5.093958641422031697e-01 8.082228972541652956e-01 2.383374240219226781e-01
1.396030179448877417e+00 4.382187560758374345e-01 2.384303333441459394e+00
-1.137189124607069918e-01 1.803017690576311338e+00 -5.205200449743710989e-01
1.125223771490108327e+00 1.737034473819559333e+00 -2.407882728598618183e+00
1.202259029985117467e+00 4.141725579056425022e-01 2.333311427695574203e+00
2.760829975799135028e-01 1.396632310658580289e+00 -3.987239983973747161e-03
1.574279871481647941e+00 -1.702093539386488219e+00 3.957674706028539435e-01
2.542736325748061743e-01 2.100020632231007323e+00 3.530482712087992248e+00
1.167780836027288993e+00 1.623141787392777591e+00 3.339669778566644265e+00
-2.613057664974160477e-01 7.973583278256066720e-01 1.169899770683976437e+00
1.487258449295395524e+00 3.727052507416780958e-01 1.443947671226334606e+00
3.749370385939723160e-01 1.031308538791710028e+00 8.477975355761481202e-01
1.393992417643278303e+00 6.675533451845261368e-01 6.777200111583832065e-01
1.834090066824367038e-01 3.765963254310447650e-01 3.153533894757531986e-02
1.232545627481697048e+00 -9.334719540044309483e-01 2.216049742376786924e-01
1.373478851368868936e-01 9.832137285745531363e-01 -7.546911307476633635e-02
-7.788907405760904235e-01 -1.239330005400237411e+00 -1.448884337135246225e+00
-1.200509766817444923e+00 1.797227202122779310e+00 9.410128193917778328e-01
1.227481043184674991e+00 1.743293683745532896e-01 -4.619137997743871793e-02
-2.383865393064151128e+00 2.571447185170591121e-01 2.293136793749158686e-01
-1.233117368910410683e+00 -4.978017986908866988e-01 3.326616165721119067e-01
7.549077366028307257e-01 -1.424391489419229773e+00 2.333555656129092881e+00
-6.039970125338719464e-01 -6.588081385655348843e-01 1.522261950074018877e+00
7.618319902374262043e-01 -2.447482790972534961e-01 -5.532512395634365809e-01
1.406367891058337705e+00 1.424909002137019876e+00 -9.904986154612674953e-01
-1.154612790956692558e+00 -7.670294708461671274e-01 1.825411471641110284e+00
3.860274716940129136e-01 1.928385559514281367e+00 4.881087737437294627e-01
-6.676311006618163013e-01 -9.653641755126300961e-01 6.913997201163477602e-01
7.254475876817967350e-01 2.512783651329881796e-01 1.372403727558343112e-01
8.897849128437080868e-01 2.200962685422770626e+00 1.508258465764825473e+00
-1.328824872206186170e+00 -4.432424099564430953e-01 1.275738592335476707e+00
1.546085072118359660e+00 3.967397456073703532e-01 1.513507457618200380e+00
8.621407082737462257e-01 5.604663628154876731e-01 -5.873767699092193872e-01
-1.008017786946643124e+00 8.613515109460545549e-01 -1.287601268726364045e+00
-8.759255093579887408e-02 -3.215260290983393165e+00 1.137115293756974177e+00
-1.351108839208481349e-02 2.050386053650153084e-01 -1.502974614387141195e+00
-1.307586435179950227e-02 7.665119105572172353e-01 8.527238891810865473e-01
-8.381880706132697201e-01 4.788577551947933442e-01 1.240995430678099920e+00
-1.170344071863602231e+00 1.302564846153342559e+00 -3.339342686902924129e-01
1.316796930953667788e+00 -6.804836813205348278e-01 6.645743039645586325e-01
1.421235148796504699e+00 -1.011969809497135886e+00 -1.938463489332225009e+00
-1.656250187256556927e+00 1.352156344685765399e+00 -6.273716349396645242e-01
-6.759454000535271012e-01 5.028578390018252353e-01 9.475889037501549206e-01
2.505715326271407584e+00 2.843618086598724282e-01 2.608149893109070264e-02
1.412747706931585912e+00 -2.081520105317656230e-02 8.792280356880735059e-01
-2.215242058160637129e+00 -4.891998257950064266e-01 2.514713394007011882e+00
2.323680935230552080e+00 -7.294647544384410542e-01 -5.757513297790912699e-01
1.181647086659789458e+00 8.197274709208103305e-01 3.830550634646590624e-01
1.787557234217241886e+00 -7.381878445499673314e-01 1.460235295590767424e-01
-1.194750815699879398e+00 2.178921423315712147e+00 1.640906908953911669e+00
-3.338473737259112784e-01 1.585927306427485473e+00 -9.819693937800655359e-01
-1.183237230236011683e+00 3.662790293087870852e-01 -3.954073750044612146e-01
1.533045864459974261e+00 1.315216695337294572e+00 -6.609309554296061151e-01
4.860600489301301064e-01 -4.711585701099058054e-01 2.021472022677629710e+00
1.244535835290279779e+00 2.588304711074729952e-02 2.014805997520731751e+00
1.976034977490434885e+00 1.207074912278227385e+00 -2.028806267816555264e-01
4.784994653058717295e-01 3.941019026446541673e-01 -1.021811056315855781e+00
2.288351537117973677e+00 8.402551447338121315e-01 1.105157034347515471e-01
2.154978752547262122e+00 -1.590840148803795095e+00 2.499031131529485805e-01
7.886503600943942094e-02 2.162492135586885078e-01 -1.047550967226498209e-01
8.754604772961842585e-01 -9.616982403911313870e-01 1.887044372939782555e+00
-3.343517348313438942e-01 -8.287270387850799169e-01 3.654071240998382208e-01
-1.455794242608255962e+00 1.520286935810992057e+00 1.280581566342803068e+00
1.354605879238657495e+00 5.975487934317028627e-01 -3.844994226283313665e-01
-1.396897655791376591e+00 5.463118066403513939e-01 -8.491130911430303518e-01
-1.715210353880352312e-01 -5.775303678521448436e-01 9.398044425426421711e-01
-1.377172562344652462e+00 -1.579493191485301429e+00 1.591870090200808052e+00
-1.069627602896608298e+00 -4.179512162809155829e-01 -1.553050098211798513e+00
1.134463817310953804e+00 -4.114005233804121087e-01 6.556590862483216431e-02
2.587413626756583929e-01 -1.191781754217344780e+00 -9.845350720801306910e-01
7.946558491444616346e-01 -1.499974863282280413e-01 -8.770950921968643232e-01
2.612403127553382109e-01 -1.499499339794627129e-01 1.304288087626402470e+00
8.033631659730158248e-01 -3.409728116850996305e-01 1.409571213758745278e+00
-1.702424739541744447e+00 2.902567119735185663e+00 2.349714804039530480e-01
8.140231098964532119e-01 3.841999440686767464e-01 3.571865680832432832e-01
2.598906212945445660e+00 -1.870278376238269091e+00 6.246606869671559314e-01
-1.202407258455309991e-01 1.065032017874172343e-01 -1.243822440944746255e+00
5.377099774246859587e-01 -7.727029001008701714e-01 1.374306672062204360e+00
1.198231851446956320e+00 -9.662009155845132646e-01 -3.472412111126520207e-02
1.450719294825435712e+00 1.014891236867440760e+00 1.053562659331368639e-01
1.633444409135783593e+00 -5.539431164294509324e-01 -2.992470225127011330e-01
-3.187785311577188696e-01 1.413289643064491230e+00 7.670241968011932698e-01
-4.854463771238530234e-01 1.245210583670838922e+00 -9.574481579592526437e-01
4.744095002142618284e-02 -9.180462763440357943e-01 -1.459204679249025638e+00
1.598692658735783256e+00 -3.824326816022203396e-02 5.030745179310273096e-01
4.799606570538734185e-01 7.469824061383514291e-01 -6.467361201364328904e-01
-9.165406817236385617e-01 2.367954402765665378e+00 2.881224345724125446e-01
3.861818736837265287e-01 -1.444604778690761426e+00 2.608768313703738961e+00
-1.079621694464483417e+00 3.762327259274820812e-01 3.032003577274830164e+00
6.413640293010286486e-01 -6.466268235823372512e-01 2.647867402050984253e+00
8.124461167228279601e-01 1.688376453725783710e+00 -1.243866310950062060e+00
3.648071203902567700e-02 6.003968912494475063e-01 1.121768717719486386e+00
2.805403360366848786e-01 6.039338599037749056e-01 8.722365819482202909e-02
-5.562074745357769023e-01 -1.596915975257114262e+00 1.014855410736388741e+00
1.142848278764991843e+00 3.274559847757242403e-01 2.892096686638150338e-01
1.603810309656801270e+00 -1.094710287246332792e+00 -1.308397738705816327e+00
1.886049257066132245e+00 -1.243123210384204258e+00 1.596052757720235471e+00
4.986276463544113691e-01 -5.019622730340449479e-01 -3.192370604246009269e-01
2.794538426243066143e-01 1.080546252858697542e+00 1.164285825934513685e+00
-8.522614304787941020e-01 -9.350810096709574748e-02 5.852043844580434584e-01
4.250016423464183513e-01 8.200711244085875373e-01 -1.020026228682090030e+00
9.968708877190410877e-01 1.437174726863574836e+00 -2.666427684314662816e-01
1.928277325439569756e+00 2.345093208259720452e+00 -7.664426963776838075e-01
1.025095461206886549e+00 2.250185811419718185e-01 6.368181396801446681e-01
6.589004680252206203e-01 1.047731135512058431e+00 -1.175883114962108927e-01
1.482118013758191521e+00 -2.855445151711113461e-01 -8.887389392652983444e-01
-1.979102022927963223e+00 -7.241560269998410515e-01 1.565484366657218906e+00
2.708169695792656650e+00 1.346054874312909044e+00 -2.551461459285830902e-01
1.035215241418372401e+00 3.596469171886037403e-02 2.063983922421556150e-01
-7.197493288338412398e-01 1.507373717825298387e+00 2.418159773345967434e+00
2.468883375833457738e-01 1.929966409836646468e-01 1.986890133317262830e-01
2.813567165897914446e-01 1.369096347618823595e+00 -9.306149154248056776e-01
7.103002929897650475e-01 -9.367473286611197048e-02 -1.313649077732633952e+00
1.943288509244849083e+00 3.313010083515102733e-01 4.430315122858852206e-01
-3.091489467232289012e-01 1.359994140325420764e+00 1.038213580991044216e-01
3.149491268639381114e-01 2.542269516517286831e+00 1.219812516474704900e+00
5.788893349619955719e-01 1.209409866574870707e+00 3.937903985000465457e-02
-5.973951265754229301e-02 -2.394872443138029716e-02 3.754929160059573556e-01
7.151150760136845141e-01 -2.508440000744380227e-01 1.085637116367053290e+00
4.458489325443500961e-01 8.771092339447795760e-01 5.894771822467919087e-01
6.494752643440832029e-01 -1.663418307799231943e+00 2.212783234623084905e+00
1.365272417137660010e+00 -2.266067572356653681e+00 1.310706843109534336e+00
9.514010413667802757e-01 -6.765571987166755230e-01 8.704991154999391911e-01
-3.615554838585146591e-01 3.669246314684810883e-01 -5.011962512105161416e-02
-2.998669486505328718e-01 -1.956315865035968216e+00 -7.733015768715822968e-01
3.057804430771968174e-01 3.660582012497497928e+00 -8.474745707433267716e-01
-2.362365873757046042e-01 1.480154685083611810e+00 -5.768726922292921611e-01
-7.299476096277295323e-01 1.020463236604135071e+00 3.764912499270933743e-01
-9.008478574677376838e-02 1.930007921741572652e+00 8.681555485183654053e-01
1.247376356838352462e+00 -6.209127038668822707e-02 -2.416272681651839283e-01
3.659696467139826215e+00 1.091347156587703982e+00 -1.144074390674865604e+00
7.231607648546060085e-01 4.874263336090454146e-01 -1.818599825882904197e-01
1.056633282159833875e+00 3.115620141957692324e-01 8.505137777271404298e-02
1.588913561389211804e+00 -4.256725907139102261e-01 1.281314685313048561e-02
7.994969598596871618e-01 -2.733209155610084595e-01 1.486149690684148039e+00
3.505389681668534818e-01 1.630619994255175786e+00 -4.908726596666618258e-01
1.611844182330949504e+00 4.761811627229503019e-01 6.043861744186358465e-01
2.907872544065203124e-01 4.556937701398215967e-01 7.460841352151167394e-01
-8.813075017095461927e-01 -1.966284100918826550e+00 7.474481721321873939e-01
4.024777063517718245e-01 -8.148071165832395657e-01 1.886847439397852710e+00
7.289472998954297234e-01 -1.276648422844233632e+00 4.964640556097388857e-01
8.512044519163461942e-01 2.146805521706413311e-01 1.249336154772075380e+00
-7.521900227706668218e-01 1.570599253767867687e+00 -4.489764705792737010e-01
4.203681021266778006e-01 1.344300679591603265e+00 1.506242381526768259e+00
-4.797615683572897805e-01 -2.051873403365896742e+00 1.498411152736333296e+00
-9.258305183581133635e-01 -6.640905916381664165e-01 2.062732568144553191e+00
-1.246398194826811912e+00 1.102117176488653927e+00 -4.085976346702189232e-01
1.086856884277622948e+00 8.542721479847138477e-01 -1.818647074665726837e+00
1.491514179333863321e+00 4.326772220050076334e-02 2.019138619206716001e+00
8.438464648517194355e-01 3.695931131581686735e-01 -2.114656073707227968e+00
2.618497622447914508e-01 -1.202412098980469413e+00 1.668200594390298219e+00
-1.321538173899492685e+00 7.804594925924075444e-01 7.849617354970561678e-01
2.424568696720851513e+00 -1.548001577870668832e+00 -6.917618604676037397e-02
1.348722419459266408e+00 -1.993726119357188020e+00 3.450465035093076560e-01
-3.496240910711318484e-01 1.100139355715648248e+00 -1.070619965171217158e+00
5.892032149308583655e-01 -6.395312398784140928e-01 5.001265226222313398e-01
-1.388654996703229783e+00 -6.265897952168005824e-01 1.678404164784939478e+00
1.600860315308503479e+00 -5.821810487896024178e-01 1.675255920278099442e+00
1.784318868273560232e+00 1.583109619756754460e+00 -6.041705152062125661e-01
5.535995520288298222e-01 6.501305914218703519e-01 7.881167461880391745e-01
9.212597632206103171e-01 3.352267375221097412e-01 4.001345816596364457e-01
-5.119112013911283343e-01 -2.452236117967457607e-01 7.750168670696789830e-01
1.561751526339048235e+00 1.112010856128714975e+00 -1.864928466780149396e-01
-1.785794876858086244e+00 5.019040817434985424e-01 2.786433815359857791e-01
-9.324087668566644060e-01 1.299858625661099554e+00 4.823587820526575864e-01
1.436632424362108029e+00 -1.126949170056426697e+00 2.689149036791974035e-01
-6.235966441835144591e-01 2.181284472768408200e+00 -9.994043747114339515e-01
6.751068630580145946e-01 -4.572049965104976188e-01 1.092560963264686436e+00
1.409111038239194480e+00 9.026118877255591144e-01 1.009876537573449085e+00
-1.262099050872425465e+00 -7.663736870188286865e-02 -4.730988453441506425e-01
-5.765006378768329220e-01 1.548687144187035347e+00 8.317740023509727632e-01
-2.523252021047213578e+00 2.166636761025440894e+00 9.682927376931647068e-01
-3.348427416719684802e-01 1.118651955865011205e+00 8.362891465471417041e-01
-9.500706141111270320e-01 -3.522459351704289032e-01 6.907745287828678249e-01
-5.498274141109367186e-01 1.100210590757837004e+00 1.790218359682511640e-01
-4.542110766000767019e-01 2.779972415813620756e-01 7.177077059998481223e-01
1.124566632271042588e+00 8.356968280064361876e-01 6.770298975870587821e-01
9.839984844691043175e-01 1.401174968613505323e+00 4.130518658137688481e-01
3.002522113446143837e-01 -3.510486232039843335e-01 5.162769702008623840e-01
2.028760755028265805e+00 -5.711901269036988582e-01 3.387787464034400231e-02
-1.941779611028053187e+00 -3.853728055553430898e-01 6.126407091449810327e-01
4.802591622924121811e-02 8.357141080280027223e-01 -6.522510245448016886e-02
-6.661960202787926555e-01 4.953635610402093437e-01 -3.604354061165043754e-01
5.825789280765669709e-02 -2.544344955186504720e+00 -7.390834413959612714e-01
-9.173526870057840954e-01 1.354381818661232861e+00 2.135537986356939033e-01
2.452214938525417942e+00 1.795627004557249773e+00 -2.078581566567754280e-01
-2.446192101164948340e+00 1.745240144947758587e+00 1.235397688065237087e+00
1.167739244033271229e+00 -5.763729480836293773e-01 1.178802552058493269e+00
7.307113543111869447e-01 7.304425570389385669e-01 -4.045958933058506346e-02
2.000960308014606559e-01 -1.707931975161843585e+00 6.990783957399044901e-01
1.504431594769556346e-01 -1.544028144916260281e+00 -2.901050160000951395e-01
5.884836085777385151e-01 -1.333051899661481299e+00 2.024415715872366128e+00
-7.086982878290033483e-01 2.673817203162665024e+00 -4.063220404687995502e-01
2.284187880004853177e+00 5.323067362028142124e-01 -8.007962306762850258e-01
1.095282064769196095e+00 1.841298642744594538e+00 -3.911300538340269362e-01
4.312044208259921407e-01 -9.380996497141715906e-01 -2.846831721672575810e-01
-1.008916344798360676e+00 1.061203903829646356e+00 -1.004814828509393632e+00
-8.540517063347241589e-02 -2.410987993602298207e-01 -5.259557006485043873e-01
-1.110487862617843269e-01 2.638996835623509174e+00 2.400139308112626546e-01
-7.162212745472219533e-01 -1.237860409905437775e+00 1.794703991026467271e+00
2.066470648605401195e+00 2.458840451328357379e-01 2.040508031540232137e-02
9.675939474966651632e-01 6.673072493088187951e-01 -3.750408789676013682e-02
2.870389509318900800e-01 3.477699694202388780e+00 -5.804876457845151716e-01
4.202125355664929618e-01 -6.776167507039869697e-01 -5.453894199448037217e-01
4.025915329402298681e-01 8.275361697806271621e-01 1.607873495676224174e+00
3.647666369602728387e-01 1.061530521077734379e+00 1.197249194263981797e-01
-1.038272430642536381e+00 1.124755797066513185e+00 7.808641025884982545e-01
5.563409148548680294e-01 -5.718634416316414892e-01 9.475963467620859282e-01
-3.724361660801848717e-01 8.996076931422352096e-01 -7.342299777784460080e-01
3.592329027633296423e-01 -1.252316112394544767e+00 -8.975313180955412085e-01
8.325783872904144456e-01 1.508153460537031698e+00 -5.889848325991162703e-01
-1.476231106996724884e+00 2.691519467109729113e+00 1.518666418962757170e-01
6.743829326492050136e-01 5.757447844116290181e-01 9.752760299675422573e-03
-8.501715117755080930e-01 2.354668869912897033e+00 -2.647863921331161108e-01
3.641676613466016121e-02 -1.642461057418465931e+00 -4.312876437867754209e-01
3.426801452197222320e-01 1.592064372103439762e+00 -5.234807739055797882e-01
1.577853016337249725e+00 -3.529385519933265769e-01 2.938638641741198043e-01
-5.373898363432483283e-01 -1.037871762376702867e+00 6.711696066702228514e-01
1.179694948473775512e-01 5.627016533851137980e-01 -2.017485248139103238e+00
2.016318619938879675e-01 6.741441896456396021e-01 5.439402101854018401e-02
-5.312338459258882928e-01 -9.297907996502374761e-01 -2.134126637660463732e+00
1.892905866655986813e+00 3.476350651401906022e-01 -1.937976779063477428e+00
1.803727281842181451e+00 6.529650591831834827e-01 1.229148596101117485e+00
1.401792351192887309e-01 2.551101190265666396e+00 -8.248295950232607116e-03
1.707455346392120044e+00 1.013288010677390272e+00 2.273760845414689591e+00
-2.299507328131368045e+00 -6.852890411203201859e-01 -5.558261352732185578e-02
1.219996601435700656e+00 1.510222759206058196e+00 -3.121461872070511734e-01
1.032509852178636334e-01 1.949354075945882059e+00 4.147013926791233152e-01
3.160961310853261375e-01 5.997486389629946846e-01 -8.344242458143500407e-01
-9.412720211314342666e-01 1.728402490990692097e+00 -1.328349177659528424e+00
9.422293434709994031e-01 7.343991657187153299e-01 1.897332010104863631e+00
-4.898061675428109218e-01 -1.227150546581915913e+00 1.918135305732030504e-01
1.288077190552653351e+00 7.832045496980809540e-01 -3.413464291827743580e-01
-6.404721467312336491e-01 -4.897439178071066879e-01 2.935167231318369652e-02
2.315172490865270660e+00 -8.246236871304958305e-01 1.077112248796602501e+00
1.840784697523495161e+00 1.090497046006741799e+00 -8.605043952373309102e-01
9.039273709620520014e-01 3.232036068287304498e-01 1.879228962917806056e-01
7.471718096001220832e-01 -9.596802157679474865e-01 -1.850370646926420060e+00
-2.444644915426198439e-01 -4.199996815275031659e-01 1.260912052832124708e+00
-5.771559736726613599e-01 9.426559199678214984e-01 1.746692789587900307e+00
5.008683464781815697e-02 -1.496223942119841999e-01 7.859773980634350288e-01
4.532365879666769848e-01 8.076982766651079615e-01 -3.367326935370922314e-01
2.244381751354645349e+00 -1.469324500140499756e+00 6.379872462361400043e-01
1.381820147248928210e+00 -2.456132628035438518e-03 -5.188529082204548226e-01
6.650382074902497775e-01 2.178543672368447481e+00 -1.756532072484392248e+00
2.433214956889017122e-01 9.301600516821936226e-01 2.104002007011603892e-01
2.074419467087247781e+00 -3.776959103810861862e-01 -2.633964473020956598e-01
-6.808161477747872725e-01 6.427825852452605515e-01 1.564095913396363891e-01
1.035196291164957261e+00 3.121901532253201217e-01 -2.165157450663833180e-02
2.189897748172969782e-01 -6.809413732577572764e-01 1.016382116305960759e+00
9.578688915260236136e-01 1.175702645389583578e+00 1.922736531268860460e+00
-9.047314047025127870e-01 -5.993180002550149155e-01 1.083970732524582203e+00
-8.647137706382919120e-01 1.622475273089792891e+00 2.099517948297066283e+00
1.404973271997537465e-01 9.101732771748248796e-01 -1.216713650435735206e+00
1.407113956075769501e+00 9.397713778567372556e-01 7.150911631820702219e-01
6.364264212964429457e-02 -9.774632385414294689e-01 7.857838158345382684e-01
2.263698577765300424e-01 1.569691846423645121e+00 -1.153439375263304090e+00
-1.157755230037270655e+00 5.332472040040820982e-01 8.412933783902238893e-01
6.564864072344389623e-01 -1.195866777347481369e+00 5.433701077576811311e-01
-1.101981280276493891e+00 1.580267555977983962e+00 1.300743330059249470e+00
-3.281040878426562113e-01 1.014343605810106741e+00 -6.069123614632015995e-01
-1.139408597670403950e-01 1.828721435931621286e+00 -4.329081105713017408e-02
-2.024396752731246973e+00 -4.024736002815132441e-01 -4.188714292425008701e-01
-4.358321329215213980e-01 3.519611045560911977e-01 7.689447911264493674e-02
1.115044136349421511e-01 -7.642523346725755840e-01 1.327948275736004380e+00
1.817512072101327592e+00 1.276864581262391773e+00 3.916303137263323639e-04
9.237629409595157215e-01 5.930459968710446450e-01 6.634737674046684575e-01
-1.090803863208086089e+00 -4.404200988667558714e-01 3.658127572102528452e-02
9.713036066357354503e-01 1.320855200489117198e+00 -1.127895428248072873e+00
1.760253437369927010e+00 2.067263800385174544e-03 1.665512574261486023e+00
1.431070727483296556e+00 -2.183989529078154412e-01 -2.358631730371058832e-01
8.930352550492859365e-01 -1.324500348355139190e+00 -1.225613781902849114e-01
-1.037866002637414908e+00 1.392054807776575531e+00 4.966998686538552366e-01
-1.126163165976613867e-01 -1.673005451101849284e+00 6.939625662202308920e-02
2.841197891655895535e-01 -2.227121045094450746e+00 8.565848542910619035e-01
1.288094201690488383e+00 -9.888319693032825430e-01 3.209302360929325304e-01
-1.312476870981136301e+00 8.314536879583396267e-01 -1.624994410920133303e+00
1.304594945834310238e+00 1.954909012368416174e-02 3.224787409408226058e+00
5.180044584274973857e-02 5.838852410741954824e-01 -5.880719540265182399e-01
2.515129740020128901e-01 7.967313257589913045e-01 2.119041915588932568e-01
-1.182358649789713390e+00 -2.194715760575179253e+00 -2.496307827438073446e+00
-1.431375845097714983e+00 -7.120725394410896136e-01 1.194642797671483375e-01
-6.668840789586336637e-01 -2.467754353412479063e-01 -1.132890320963870628e-01
6.700390972084845354e-01 5.937922608325263418e-01 9.109093721080548933e-01
-2.008752276792624247e+00 4.014320284532095773e-01 4.041314361360789364e-01
5.449593896067568277e-01 -7.611579234750425194e-01 4.416704705632051864e-01
-4.236329525678851904e-01 -6.271786676788708714e-01 1.434066277031020631e+00
2.503345130373926253e-01 2.587321022121094494e+00 -1.776769720012403964e+00
3.852552006417535591e-01 -7.730342460603533139e-01 6.272369682542077163e-01
-5.945735566526308968e-01 4.734240955354773739e-02 4.213597583668780566e-01
1.599344015840149735e+00 -1.508168403538680868e+00 -2.349254578186525055e+00
3.218321662201757416e+00 -7.209580654195362204e-01 9.003733010880209109e-02
-8.186368988829864635e-02 -5.164928229702903106e-01 1.658762593063701996e+00
-4.046147906319678689e-01 1.067610421234525653e+00 1.432859934741014918e+00
-1.060663044112736486e+00 8.151289209613721276e-02 -2.722101924183170651e-01
6.992815695349785532e-01 3.842619532197883991e-01 -1.192484719912410895e+00
3.901922674903763322e-01 2.080943462751729811e+00 1.981201012860440924e+00
-3.097870030089576732e-01 7.532695048764922463e-01 1.490970403845159442e+00
1.562243519475812636e+00 1.105022045804383346e+00 -1.276745908838863519e+00
3.710584132857294160e-01 2.130617036677588394e-01 5.997301145268012501e-01
1.631177521737472297e-02 8.272084129238954642e-02 -2.050206647444621666e+00
1.517414879182986009e+00 5.365255312300284962e-02 2.706996580525547480e-01
1.253619014979911350e+00 7.651815520323433928e-01 2.872035275431729096e-01
-4.230515054442593459e-01 -1.658301548133432890e+00 8.994684566290347405e-01
-8.748050535687397211e-01 -8.969697109612684294e-01 1.242587131684804724e+00
2.668769139748832231e+00 -7.836614133638342139e-01 -2.068575422589574941e+00
3.138153853667693394e-01 8.246884612472318299e-01 -2.996197500241046252e-01
-1.352202879110888656e+00 -1.695014968618862583e-01 -5.767820736021429529e-01
1.399682820617463852e+00 -3.957826323236959265e-01 -5.678344829427635077e-01
5.137318558426695603e-01 -1.175793935194632045e+00 5.852934487059999746e-01
-1.452792033853133047e+00 -2.993207504342329517e-01 2.181665896153065720e+00
-1.657530416617115643e+00 2.487842252326363912e+00 3.553329641193720412e-01
6.808050775214100625e-01 -1.910829800454400262e-01 1.035671010438771633e+00
2.620828963664175504e+00 -4.475965237075818504e-01 -7.399347480393960730e-01
1.218968228358344508e+00 -1.166266050007965099e-01 5.012581512069856915e-01
-1.127376944733839981e+00 1.477682939868625533e+00 -7.754307501533865832e-01
9.654797825061000038e-01 1.776439489626420176e+00 -3.126708597020250169e-01
2.158743502184393925e+00 2.648983318571649925e-01 -2.808798794293425605e-01
5.979573708988130676e-01 1.123458599864085361e+00 1.909516946408382765e+00
1.964264631015878670e+00 1.029118856406448845e+00 -5.539820315594091715e-01
1.058388763420089695e+00 1.135330248822461252e+00 7.903060024868875377e-01
-2.089173656075506536e+00 -1.277899548946687558e+00 4.967881202939753438e-01
2.063958197467598676e+00 2.434510444703662735e+00 -3.620235715079019312e-01
-1.750185079952898848e+00 1.764541850584736782e+00 -1.197179213928305730e+00
-1.375096233353939601e+00 7.613444789840769777e-01 3.571535483973539704e-01
1.627160890420293438e+00 -1.434942492088116861e+00 1.292555446273549791e+00
-4.518613155413829241e-01 -2.183620339216103989e+00 -1.519253970530614062e-01
-4.976832818085567545e-01 1.384817599592154391e-01 1.089747984722385432e+00
2.699804690471744803e-02 1.099813086112524374e-01 -2.140476567241333949e-01
5.793901489931247983e-01 -8.956008641637953627e-01 1.293755287492058370e+00
1.272366906944065068e+00 4.911414205148444401e-01 4.839288077928777243e-01
2.241875574883717359e+00 -2.882840797395893606e-01 1.218481047714567556e+00
7.960789320392406276e-01 2.619467169098685044e+00 -4.605661574527716295e-01
1.323379930908857416e+00 8.090424699068475556e-02 -5.929364903328996350e-01
5.543189798778337396e-01 2.112523422095079262e+00 1.089724044328386876e+00
3.991467985404010266e-01 -4.376859371464321691e-01 4.504419595953798594e-01
-1.446140342255988198e+00 2.972377103116540908e+00 2.250428246409738320e-01
-4.108209999769751875e-01 -1.881879739800414120e+00 2.542805062946439931e-01
-1.100792360205359754e+00 -2.790219134478978957e-01 7.973527447106339983e-01
7.557203332472691923e-03 -6.597668116842076991e-01 1.517226122228647611e+00
2.134704772865570810e+00 9.142778494985829285e-01 1.862269759362831676e-03
1.793445554663622987e-01 7.629448855764829895e-01 -3.421052265139274406e-01
-2.417882583499526006e-01 1.169120757207215533e+00 6.824476954973125453e-01
1.822805008409058569e-01 -7.174713244440672488e-01 1.082028907402639017e+00
1.323755128741887832e+00 -3.007426954950069842e-01 -8.615954865873689528e-01
1.034738561886441310e+00 1.630359689275284074e+00 -1.052145211924770285e+00
-3.855445886622416163e-01 3.422579547218325136e+00 -4.921336765659615198e-01
5.954462503926714056e-01 1.702461558547577747e-01 -6.373022130898106097e-01
4.239988033832770009e-01 1.977003726355175184e+00 9.026626980902946462e-01
2.069337250805327599e+00 3.887603255391101076e-01 -5.752404598978624328e-01
1.806363521061778443e-01 5.126594978869725150e-01 1.031547666028295840e+00
9.830662804720878833e-01 -1.507727363984134650e+00 5.698333493971671215e-01
-1.043818246860181542e+00 7.426958528030446205e-01 -2.636982682279310208e-01
8.423411066813353276e-01 -1.026219791545094573e+00 1.873968865782415172e+00
-1.143046287533475036e+00 3.027387596932507030e-01 -9.073738956318827542e-01
-5.979776372336811224e-02 3.238694023739091543e-01 -8.024568690243238933e-01
1.510537778703354928e+00 -2.784169615729144009e-01 -6.652971679295131002e-01
-9.341018454615835909e-01 1.019419220144760274e+00 -1.767727352920067219e+00
2.671743452707118216e-01 8.021443143257386277e-01 1.757351519813234120e+00
5.330406528122946241e-01 7.838967168658635964e-01 -1.341082553720258641e+00
-2.162407797588391301e+00 2.138181553360707809e+00 5.837984929100261192e-03
1.169675329191491420e+00 1.542922007215867142e+00 -1.684522875547700638e+00
1.597681372773475328e+00 -7.597022277818922253e-01 8.399964100400210132e-01
1.236958948998484908e+00 -1.812805854091513111e-02 -3.017304337404527192e-01
1.198900827273351011e+00 -2.332764563355067544e+00 1.172584060573767628e+00
6.637924610648154866e-02 8.203264273664413464e-01 -3.957201996219183449e-01
6.332293046932204739e-01 -7.774159194681291574e-01 4.253850254949950838e+00
2.063264305623636830e+00 -2.867674004545758826e-01 1.369468184079891682e-02
-2.704822091050649302e-01 1.986333182070408432e+00 -1.143767772833747420e+00
-4.222287102615954191e-01 -7.870852310848879263e-01 3.730227895812815442e-01
-6.076648107081112915e-01 -1.910216939366247368e+00 -1.283851504516360931e-01
9.763487534266055423e-01 -1.108503794195336623e+00 1.087293621415299949e+00
-5.170755290398143522e-02 -5.940552667107285023e-01 -3.458050113118175256e-02
1.789766393929357324e+00 1.378527247168548353e+00 -1.197042202231959562e+00
8.377477418347659133e-02 -1.672329224251808966e-01 3.015915886451825845e+00
9.837572133540765096e-01 1.397294196307079073e+00 6.957396004575333581e-01
2.955180499971823416e-01 5.673364372113026688e-01 2.489742271287696873e+00
1.628007194227304666e+00 5.862185512064291837e-01 5.627782863264918500e-01
4.872715343013329092e-01 -9.763555251933536683e-01 1.372640383850647794e+00
1.789705240967620847e+00 1.020066772279577261e-01 -5.407226734898773479e-01
1.501836003563972177e+00 5.674186818511416375e-01 -3.844239078148414812e-01
1.072814697198011258e+00 -6.490694656178965793e-01 1.989282380904633385e+00
9.457044870261632763e-01 -1.334890246619168552e+00 1.041423011835579171e+00
1.306232477905374667e-01 1.810390452968699826e+00 7.000842783225645904e-01
7.190701163958309605e-01 1.458807828944756579e+00 1.344550276691925506e+00
7.395114222278553751e-02 1.074443873599336685e+00 -1.672086337075371798e+00
-1.025379504020040189e+00 -9.515797235618839167e-01 1.997240242608199878e+00
-4.890865248708273216e-01 2.379961862291340324e+00 -1.270618044068614116e+00
1.696577077312661830e+00 2.467508703277516979e-01 1.029734214984292962e+00
2.357950003713341625e-01 -1.671242259741374747e+00 2.860222626223100084e-01
7.549485723721862662e-01 1.162793390920837000e+00 5.331357753315389969e-01
1.882184751314036397e+00 -1.552641625309697293e+00 2.611545226798767660e-01
-3.269498234548026683e-01 1.114071124803865720e+00 -1.129659127118348039e+00
4.297789839220102909e-02 1.098421708642758565e+00 -1.260895587584333510e+00
-1.329302311175692530e+00 -1.784923821689249568e+00 -4.389905864476535413e-01
1.668766450527143119e+00 -5.871890272433574198e-01 -9.660830695002620150e-01
-5.096885919048379510e-01 5.938371857249071795e-01 9.433889940540483021e-01
-1.245072221178962213e+00 -2.815200397105723784e-01 1.285840432291359692e+00
-1.138068077307549331e+00 3.325107665244150801e-01 1.506668007567083301e+00
2.936656351601622458e-02 2.246302741629246036e+00 1.323465759114895279e+00
1.371509418720663565e+00 -9.534412085940724424e-01 -5.882938364702965384e-01
1.307518880845315756e+00 -1.065282336519828288e+00 -4.728163103868173178e-01
3.269134641511881600e-01 5.494968091682818356e-02 2.219208273503541218e+00
1.798165405314079424e-01 -9.832180862558216328e-01 4.303706454835797279e-01
-2.192674546292162074e-01 -7.330405179676587890e-01 2.005646900196649263e+00
2.297026594901175223e+00 -1.439990293302026769e+00 6.597502581618939210e-01
1.918567191572588815e+00 1.397579661550133912e+00 1.115658796622400750e+00
1.828516423699763971e+00 1.239834120808134044e+00 -3.461457299607000326e-01
6.198902958417262105e-02 -3.742634175295073695e-01 -3.577133269924015480e-01
-7.092311906406853494e-02 7.388798934411757724e-01 -9.517079437029397904e-02
-7.723017689653353113e-01 2.603595005859161482e+00 6.889950191194088580e-01
-1.734575107046178122e+00 1.555328078405612047e+00 -1.716776935449764174e-01
-6.163942757198652700e-01 1.338164641340492844e+00 -6.230489797871331670e-02
-5.978991222867613420e-01 -2.405615311589845706e-01 1.192368785277565513e+00
-2.156514251778715696e+00 1.071945325815524264e+00 3.949814996206971740e-01
-7.827964600012171648e-01 1.135841570740762974e+00 2.574587253064768988e-01
8.283177653893232240e-01 1.103069241489678248e-01 6.649355830444196869e-01
2.703726199937175334e+00 -1.432633308416224160e+00 -8.051413925670809490e-01
1.793305757998069350e+00 2.501967251133263570e-01 -3.571145030350084126e-01
7.180771726169943303e-01 4.461379303826141889e-03 -2.582244354167978484e-01
9.057894112884252724e-01 5.215106977436241298e-01 -6.324208772305529580e-01
1.085379183626905331e+00 1.154581366386443708e+00 3.092942378163044403e-01
1.466352945476950831e+00 2.628955959651696483e-01 -1.242169692425112576e-01
2.740379639393179634e+00 8.770090257452902716e-01 -2.341958341776078367e-01
1.485527018634484608e-01 2.629213183465212378e+00 2.220045929651025318e+00
-2.935822389257223830e-01 9.348757516182862326e-02 6.426148601687422524e-01
1.183218671348013062e-01 -2.228581916549798869e+00 -2.177611917536935504e+00
-2.323193720373691595e-01 6.756722789992120060e-01 1.251150419344675857e+00
4.256783884690416020e-01 -1.387545350226117913e+00 1.347423127575857027e+00
1.526740599325016934e+00 9.157287505573226405e-02 5.123488089670862333e-01
8.918401635723219867e-01 1.042121056819985014e+00 1.688744478518688474e+00
-1.744375645941045327e-01 1.676296172282221608e+00 3.883972466485282049e-01
9.619378698336218392e-01 -1.224421744793344757e+00 -7.107436579946223576e-01
-1.715509811455972589e+00 -6.095971622137521528e-01 -1.429058258704341000e+00
-1.320063136747960053e+00 2.674327344089578062e+00 -2.019642975950089736e-01
8.869975403091957533e-01 2.445762482707471541e+00 1.133355111670597104e+00
7.482666181229482572e-01 -7.692695396004188835e-01 1.148294854342066129e+00
1.097276083744676445e+00 -7.447234263044280045e-01 3.645462219575233975e-01
1.672254937551669318e+00 3.266328052880260735e-01 7.162723679902380791e-01
5.816582402545523306e-02 7.515644174812059486e-01 1.028419869957279742e+00
-3.068719412790466561e-01 3.724207461092379212e-01 -4.554229190158379792e-01
7.097568454703253593e-01 -1.189401326926655678e+00 1.925108406079579781e-01
9.732672123735308656e-02 -1.031234788391544699e+00 1.760897492632551575e-02
1.166082565694864570e+00 7.627430705548677858e-01 2.791774585560006461e+00
-1.381885440586455793e+00 1.409589377324331538e+00 -5.928071818587696828e-01
2.235930565313852370e+00 -1.883967156087421324e-01 1.852350924943582333e+00
2.319854646532949705e+00 4.836044358195671911e-01 4.399947249817079964e-01
8.468000464639224845e-01 2.361855174144903202e+00 1.077923011018655508e-02
-1.181580601206139169e-01 1.043160316735529003e+00 1.571956617681052049e-01
-9.323463883700694455e-01 4.937207107852175092e-01 5.339313631175675035e-01
-2.970983904200100514e-02 8.265247779676735407e-01 1.428925954933592646e+00
1.629239359715931368e+00 -3.360489601173169971e-01 -9.384431815666394172e-01
5.036844505405648764e-01 1.052825240116215921e+00 -6.361016141037396932e-02
-2.811262862292578379e-01 2.266575301099933437e+00 2.945879325632574819e+00
1.377436080886853320e+00 6.239755818039831592e-01 -6.481997816725501016e-01
7.759290063654890046e-01 1.382987564997325114e+00 -1.534447188452386923e+00
4.700850392726649285e-01 3.685699447242325733e-02 7.358076902734861369e-01
-6.226349509948221339e-01 1.891443364010066130e-01 1.896521688118645077e+00
5.146058406040773248e-01 -2.073782564500883829e+00 1.322875982783060955e+00
-9.381762086120134514e-01 2.168687427324146544e+00 -4.777578962087472569e-01
1.347947561556706253e+00 -1.489117486057622841e-02 9.752976312069928655e-01
1.858241292430338476e-01 6.027626628941751274e-02 -1.746472068556127244e+00
7.237634009621453091e-01 5.776998794880832122e-01 3.987771464096953600e-01
-9.000356496361687775e-01 1.282293745798449125e+00 -1.430977636151078980e-01
-6.114534086390359668e-01 1.904849899549473369e+00 2.219737193997311786e-01
3.467491056686963224e-01 2.866884116216922074e+00 -5.754492572203128153e-01
-7.354559438397165749e-01 7.599376337447681928e-01 3.669399707685486178e-01
-6.016055524126275866e-01 1.885488139144247288e+00 6.007523248658541704e-01
2.664573740007480041e+00 -4.755975196383186443e-01 -9.674360243182229535e-01
5.602410858656496906e-01 -7.005874369583616756e-01 1.119868944882809636e+00
9.012049260561711961e-01 2.129745102104573462e+00 1.751385278690865244e+00
1.436392630686240013e+00 -4.084849867998066597e-01 3.320813263663235482e+00
6.847657886940253791e-01 -8.892301021652329607e-02 -7.316492715521648316e-02
1.550177182411974108e+00 -1.318924175550758582e+00 -7.721955504646450530e-01
9.062402627020313961e-01 1.533249522504278595e+00 4.737609957904550528e-01
-3.897148563056120896e-01 1.130515969012619415e+00 1.291500611136826293e-01
9.274566066076734838e-01 4.596212858833961246e-01 1.325862987831428530e+00
2.039275953581524359e+00 -9.052847692031051885e-01 1.153998416939991056e+00
1.619493140727547464e+00 -1.097073297904011646e+00 4.206299467581100515e-01
1.417013389354212727e+00 -1.144639203787418680e+00 -3.357484270507122837e-01
-4.133400828416052275e-01 1.275383964490711453e+00 2.057884671817703293e+00
1.675535566706223500e+00 2.073036464667142198e+00 -8.904908697055408107e-01
-7.603052511743152442e-01 6.457765079407201680e-01 9.760581604536711087e-01
-2.025865243889327427e+00 3.430320250291867268e-01 1.073446757603129686e+00
8.472686643282778540e-01 -1.404477473518269237e+00 -5.482874773560719728e-01
-1.375862816069568784e-01 1.487712911764919266e+00 -6.031526507093744327e-02
-2.018820003248275319e-01 6.189098021902541547e-01 2.094866041698012771e-01
3.205985166126017472e-01 -1.953679921576831680e+00 1.489665770029201530e-01
2.427794385996991933e-01 -7.681882129194523845e-01 1.108688471282158472e-01
-7.728791130250352304e-02 5.292401297035919522e-02 1.258482244140613826e+00
6.975039452431550657e-01 -4.313526495873312716e-01 -1.997737374790570924e-02
3.117614064407419061e-01 1.646899076134434203e+00 -1.677647248641312913e-02
-4.062487684392828702e-01 1.000238487609586002e-01 5.035340005394526308e-01
-1.516579128368405471e-01 -4.220371302591328089e-01 -1.388758976633986730e+00
-1.155606149815517764e-01 -4.782392667030169742e-01 8.010140607873927898e-01
1.335520539624024394e-02 5.684177687041558347e-01 1.525321114705766590e+00
8.805028041044341558e-01 -3.309969883337094965e-01 3.110424223493750695e+00
6.384920078894399387e-01 -3.194949812565959363e-02 8.205025289122456211e-01
6.138306473606617297e-01 1.701246512042702719e+00 8.966091308441547225e-01
-7.547957200325011717e-01 2.802939434286619846e-01 2.128050789142032606e+00
-7.938051734599270715e-01 -7.160263881428264865e-01 1.355902774820738177e+00
5.859279820844159360e-03 -1.440692770134739842e+00 -1.787043714946257467e+00
3.404211425834866578e+00 -2.942848493817451505e-01 -6.078623952536117425e-01
5.061181789586113311e-01 1.383219570124164077e+00 2.035647053603446555e-01
1.517030877475875617e+00 7.082834449815293976e-01 7.576551766526660181e-01
1.043607761112276267e+00 -1.613833908620913693e+00 4.645744158550901837e-01
1.266138609070202703e+00 9.052024050352641682e-01 7.089378349122020806e-01
1.100445965717051777e+00 -3.850289930179581210e-01 1.246404537927433775e+00
-6.398344191032775408e-01 -2.172527658377710058e-01 7.493921083745904710e-01
-4.961524946397036229e-02 2.400266979476217144e-01 1.979174826224594508e+00
9.487329487090343516e-01 9.793702290422424961e-02 9.324437614071053870e-01
-1.263803269540721086e+00 5.719946561290454312e-01 3.857611100650527591e-01
5.379917910879098430e-01 9.975319570800055269e-01 -7.523462659818926923e-01
-6.106221354510640298e-01 8.832411107066918676e-01 -4.040303260988318268e-01
4.311674004196999754e-01 -5.507241859936240491e-01 -1.680350401414985040e-01
9.344370624985300910e-01 -6.758637085695439195e-01 9.262143430015530310e-01
2.347797156223798698e+00 -8.770795579137100617e-01 -1.542703384949920320e+00
7.146028693347932226e-01 -9.377890002137309056e-01 -1.580897768991370023e-01
2.211806763815951982e+00 5.135913117647985526e-01 1.636763885594767265e+00
-1.863683487654890225e-01 -1.375529534503825646e+00 -2.916465978263877101e+00
-1.146579893548535622e+00 6.900587988221980051e-01 3.230193442954335303e+00
-3.478936808143922033e-01 -5.475244734573930794e-01 -9.460799196881076734e-01
4.607108890354386643e-01 5.251087207298361648e-01 6.033455667566314240e-01
-2.112737994190640456e-01 9.374013760847084153e-01 7.050666730872821031e-01
2.040904523833588780e+00 1.264698074414464024e+00 -1.081331627327669187e+00
1.294702398385320086e+00 1.073581960803193125e+00 5.555111350605814735e-01
-8.590736666191177706e-01 1.889634422075435527e+00 -1.424746094928677431e+00
5.705994666420852734e-01 1.355532342971573989e+00 -1.340502355789790601e+00
6.288981356775106279e-01 9.133242656341480359e-01 6.529339025105175276e-01
1.966409760942496643e+00 -5.238486593338951280e-01 7.787482551058700908e-01
-1.291332471282780059e+00 -9.936546126078997787e-01 -9.187121268699938170e-01
1.005330055569886305e+00 4.265452484175106251e-01 -4.198161358248753694e-01
4.926427501708652290e-02 -1.049592617210777679e+00 -2.113857867299038240e+00
1.050682275546205968e+00 1.200902115815807969e+00 2.111508944237490137e-01
-2.138553248619838421e+00 1.139013532516274241e+00 1.220185254368208794e+00
-1.427561081193539749e+00 2.242046386369032918e-01 -2.760517296198622406e-02
-7.044262881622729289e-01 1.300400461798456586e-01 2.199307175347460230e+00
1.772041961341809913e+00 2.251358658917760991e+00 5.688967470646094649e-01
7.734347112016017878e-01 1.748493991145735060e-01 1.854389123598406464e+00
-2.458723649472578376e-01 1.383646230152815182e+00 -1.400751106350687447e+00
-7.016076295422277731e-01 2.474883852834118825e-01 -1.283322825206749229e+00
1.581915884185624566e-01 1.662120183400936035e+00 2.701374603959176279e-01
7.299917540267905069e-01 4.135124729407538835e-01 2.152754089428298823e+00
-1.693891481626708995e+00 6.794048677927353452e-01 -3.476384562555113744e-01
-6.275036364126501676e-02 9.210265574932243737e-01 -5.008143886796854183e-01
1.251126249706318028e+00 -1.183863709789909346e-01 -2.335708291827021110e+00
2.784386562909130225e-01 2.831998414085512117e+00 1.660615752731517292e+00
-9.471361167293788907e-02 9.751014558017709888e-01 3.321468851353248208e+00
-1.453233716797136532e+00 3.424030241119453422e-01 3.153157564313543992e-01
-3.323920476734470997e-01 1.235892909413309981e+00 3.638978070688759781e-01
3.576168026174715298e-01 9.313474500138514411e-01 8.483856730343687369e-01
2.904757153576105200e-01 -5.693898631179578063e-01 -5.081016374934255175e-02
2.360358026606568238e-02 -2.486013759490337260e-01 -1.036998693721088438e+00
4.000871753509716577e-01 1.972333725040137653e-01 4.351965110135453951e-01
-7.977557839757233316e-01 -2.146766482278386068e-01 3.744777556373267147e-01
8.975238332381518802e-01 3.317269520464972699e-01 1.071153932929922892e+00
-1.699917638705259471e+00 -1.639203668817831083e+00 1.137602413093337317e+00
3.043034392469516014e+00 4.038419902302862186e-01 -7.491997900885157824e-01
-1.716065271637572165e+00 1.052872565919637182e+00 -5.803379385494961129e-01
-1.724980800488578936e+00 3.093300156795047440e-01 -1.382850669257869924e+00
1.104551361280917132e-01 -1.786531081977374980e-01 6.635176957338396742e-01
1.273198430691186545e+00 -1.264106152909504788e+00 3.158706198914085217e-01
2.126183307450728144e+00 2.565778952331282170e+00 4.637059632473384818e-01
-1.317802364022046424e+00 8.762619141006866563e-01 1.267640089046898622e+00
-7.756909481299797404e-01 5.140696691484430980e-01 1.647485465559758833e+00
2.309810959648040729e+00 -9.671294877129868461e-02 -2.026331203114239532e+00
-1.085431160791030525e+00 1.251135393911129601e+00 3.896513934552271047e-02
3.194129269395367121e+00 -3.989069903465032318e-01 -4.453387142182284597e-01
-8.750588503457598089e-01 4.683202374559183312e-01 8.108477063555787900e-01
1.723630859874943022e+00 1.104817255084253463e-01 -5.017513382672434963e-01
1.607998782381469205e+00 7.111044224283642468e-01 8.964816312821920485e-01
2.154096377799234463e-01 1.401315965738922920e-01 1.388939640962828959e+00
9.513734899157333391e-01 -1.515180830233979759e+00 1.643903145245354969e+00
7.321286962892012973e-01 6.253503109792970527e-01 1.342814586468493276e+00
-1.118043837825966502e+00 1.837485495495930210e-01 1.934360150940227285e+00
-4.519909609877865719e-01 -2.359559688055110349e-01 1.803425465629443725e+00
5.511565500815986951e-01 -1.100490469414151740e+00 -6.033525412813542932e-01
1.321787470040553636e+00 7.817152788232158978e-01 5.918100439207665264e-01
9.910943333931834243e-01 3.004888239793710447e+00 1.282958189509093572e+00
3.781568719618103591e-01 3.714287101843687378e-01 1.988600156521753481e+00
-1.748754395697958763e+00 -3.096175597354561271e-01 4.447474966968547605e-01
2.326188900432835938e-01 -1.393393936470163519e+00 1.414670530238400836e+00
2.544703090729736328e-01 4.613730612986681190e-01 2.835549843069922749e-01
9.769864901976170746e-01 3.052456378645018731e-01 6.845845414603568546e-01
5.430541072681375203e-01 8.681711003547925021e-01 -7.151380637469738621e-01
-1.148354144036497493e+00 3.281013174007503252e-01 3.057646145029287860e-02
7.575418322511507929e-01 2.279204497268846996e+00 -1.391876250525856673e-01
7.503379885868569632e-01 -1.526497352429481147e+00 1.116384347938401911e+00
-3.891913846445653746e-01 2.233761943610474976e+00 1.271739857699380583e+00
-1.843472205101264860e+00 2.525166486693441570e+00 -8.143223917376942733e-01
-4.463268182651399796e-01 3.942439098817555193e-02 1.583698986227263239e+00
-1.647875613595655819e+00 2.453180693655462541e+00 -3.489887069199626435e-01
-9.099001863958421366e-01 3.699469282653120583e-01 2.735334378195452665e+00
5.268536574651568882e-01 -5.532247293880315775e-01 1.501605927904221982e+00
3.472629401141764105e-01 -1.850885668337154399e-01 1.176970874824883051e+00
1.875143392448292756e+00 -8.757213799589146086e-02 6.046078425413294877e-01
-6.252834810428431478e-02 8.785175214839811009e-01 1.363975256699880179e+00
-1.153632243156928361e+00 6.867565216804875083e-01 1.386665669618550645e+00
-5.921104416955237648e-02 1.318130889560520158e+00 4.104745636651281337e-01
2.983657264209003124e+00 -9.153198512072950599e-02 -3.977331168906007020e-01
1.383454667613832179e+00 -5.619972900727643328e-02 -5.243331291473385392e-01
-1.228010065065164441e-01 3.603547818066931141e-01 -6.247075667754664607e-01
4.345420801853974724e-01 1.571141856105006340e+00 1.279940986279664294e-01
2.115780493958201891e+00 7.185312453111752928e-01 8.963900834300642106e-01
-4.159098090887158872e-01 4.963725280934846995e-01 -1.062698926603643956e+00
6.485364254784469207e-01 1.750192601073557119e+00 9.208265057995917990e-01
-3.674994564486350201e-01 1.504048452595427854e+00 6.740591285916319730e-01
9.622164997405099895e-02 1.927367658240440651e+00 7.876901299888119379e-01
7.385741070360422877e-02 -1.655616047520793943e+00 3.306893305989971665e+00
5.167108072366892735e-01 -5.920632915983307099e-01 4.142090899702035034e-01
1.401043773930084335e-01 -6.517072368338008292e-01 -1.553949563449798843e+00
1.278213721673464365e+00 -1.068072134272884277e+00 9.752704636993125842e-01
-8.867017763961708710e-01 2.099071953862750917e+00 -6.673960777346336082e-01
-7.065839438817967944e-01 8.525016286194680992e-01 1.549789267130430082e+00
1.313480233070222880e+00 3.766239695609331917e-01 1.155683980805569444e+00
-1.673495552993343738e+00 -8.847921453725526852e-01 2.113319028657795862e+00
-7.760427816308802518e-01 1.377846403639733319e+00 8.817269993231059422e-01
3.898321295240932960e-01 -8.654039647932468826e-01 -1.347712407640387688e+00
7.508298989773666277e-01 6.374517638868925085e-01 1.510795348191756426e+00
-8.224420265101974048e-02 1.872774897750912437e+00 1.636206624923728814e+00
-2.656021658188514323e-01 1.797784755925335709e+00 -1.517744199738917610e+00
-1.210533384703835980e+00 -2.266126466877982082e-01 4.666446802588490872e-01
4.986595701516295387e-01 -2.681824461657026926e-01 -1.307334572735747935e+00
2.277855150590500699e+00 1.307716320993366654e+00 -7.299692786752389750e-01
1.689580245166126260e-01 1.187772275841183722e+00 3.267861972616734612e+00
-9.684261395846067710e-01 8.395380332003213875e-01 -1.911148475012917555e-02
7.498862018620225944e-01 8.889728800437959322e-01 1.435339577677709366e+00
1.831367495239961118e-01 3.360493547556882454e+00 8.014778770176619327e-01
3.064087594527253877e+00 9.294559687528983760e-01 -1.374365761569282141e+00
-6.388721424899148627e-01 -6.656250173317656005e-01 2.327171141371745300e+00
-5.627661777555609257e-01 1.718583310796063968e+00 6.925696515664079289e-01
2.920722353022917051e-01 -2.656120512408932655e-03 -1.291732385527204485e+00
-1.078197620425455971e+00 -6.705073498648565777e-02 1.193820108002145330e+00
7.957464283564130714e-01 -1.383555705572928840e+00 7.639805315341288150e-01
1.536941531127105520e+00 -1.838704139551822658e+00 -5.134317176263051286e-01
1.449846453325225326e+00 -5.936634392255422110e-01 -8.457047430654185405e-02
1.391960370288843452e+00 1.088556107512386850e+00 4.661663417463460246e-02
4.382584137284719628e-01 2.361100363751091891e-01 1.754756794435516465e+00
-5.908880182387078461e-01 2.424733867800513698e-01 -3.259845528305801987e-02
1.815153122152028731e+00 7.035119993623407675e-01 1.813848790951034795e+00
3.308948764653571462e-01 5.649774232386166606e-01 1.519178743817870547e+00
6.896951414868692787e-01 1.317094249811145978e+00 -4.986174584057559422e-01
2.026294853495029802e+00 -4.994393452563025693e-01 2.877694052251019485e+00
3.028665243900611426e+00 1.454508702885680682e+00 -3.066568016744821157e-01
1.352219026865086660e+00 -1.602398708975178998e-01 -5.572460529492041514e-01
1.978557530488070926e+00 1.295118379049704949e+00 3.964271140515685521e-01
1.963356068373251384e+00 -4.442306770708676633e-01 1.664639946068906529e+00
6.660176631589740381e-01 -8.249584941913351566e-01 -5.312574487200253381e-01
1.480495658868280495e+00 1.336493151003216751e+00 1.796383539979455213e+00
6.090719568939512163e-01 1.496277622572019128e+00 -1.516264141776825225e+00
1.053684306084927691e+00 -6.480629007258038587e-01 3.666683915358098234e-01
1.736194755865590134e+00 -7.201412891198818444e-01 8.636983618408499153e-01
6.525109232577398777e-02 1.949339729768080343e-01 -1.527962973275646563e+00
3.794919833523398012e-01 -5.024468833971835746e-01 -1.724326861317263093e+00
2.579258603017134721e+00 -4.770292100696801318e-01 2.832598173972447952e+00
-1.359832632490311832e+00 2.014619832761833429e+00 6.149696866059146672e-01
-1.408754293964297855e+00 -9.503074923091078263e-01 2.448659045514928412e+00
1.467003872669135678e+00 -1.073827259301481263e+00 -1.574908793067183232e+00
1.249102309461892713e+00 3.734040603211662979e-01 1.451691461413052942e+00
-5.533250332859692699e-01 1.711293604900961940e-01 1.741290726470678507e+00
-9.523249423201785024e-01 -1.756452996259758592e-01 -9.374548862982390318e-01
2.522349251994771890e+00 -1.762188105204128274e-01 -9.918455988208391139e-01
-5.721649360916554183e-01 3.979980615068156036e-01 -1.623391345129558516e+00
-8.046788478811437439e-01 2.241515867461639111e+00 -5.142011354446553995e-01
6.373729704291207776e-01 4.401921058044698243e-01 -1.053356715327471216e+00
-1.234679484252639847e+00 4.893389556432414800e-01 -1.144058815553609249e-01
-3.895439289078759804e-01 1.189084740430250919e+00 1.235275057718044467e+00
-8.041920373110502673e-01 5.656904340963585520e-01 -3.046533124065274323e-01
1.799613984566334146e+00 1.084338164230913004e-01 7.643268354270313925e-01
6.299118453078773883e-02 1.401042467346380604e+00 1.588378550834197878e+00
-9.450998640954979546e-01 1.552049385712364060e-01 -2.488918906044176437e-03
7.034068942105679845e-02 1.970307559807098263e+00 1.111992532291573799e+00
2.548636434579670818e-01 1.131758814733357932e-01 2.774567279453586943e-01
1.239863326769577584e-01 1.726375216695245074e+00 -6.538564875737198356e-01
1.125530905990166142e+00 6.180381587454025771e-01 -1.611084128596316223e+00
4.301666710213808975e-01 9.138368171818844754e-01 -7.038882491888077964e-02
1.350174436167934366e-01 6.334342426106073232e-01 1.041763832285390601e+00
-2.895107831847222535e+00 7.285709035255826249e-01 1.567294130878682523e+00
1.275590349785463928e+00 7.308373151864289152e-01 -8.168321339922838265e-01
1.202731001610299222e+00 -2.057596228447397202e+00 -5.150473456063632272e-01
-5.379937322281338474e-01 1.372543379741288705e+00 4.114067032252990419e-01
6.780205241383840953e-02 -1.159411498697450194e+00 6.659242461890364506e-01
2.839092482214933821e-01 1.679243271245432378e+00 4.699458614839698845e-01
2.295706995514222637e+00 -3.293950637243663326e-01 2.578625329249942810e-01
-1.586477785262052409e+00 3.077056740945331437e-01 2.111965543227602993e+00
5.261440545341776742e-01 1.424155454060886061e+00 -4.787716134515448974e-01
-1.521732108958726792e+00 1.949213266968375047e+00 2.043550937821348168e-01
2.204930368481800684e+00 7.816679024098657225e-01 1.833220317267439059e+00
-4.699088418210092266e-01 -1.673147045655225956e-03 -1.568833874091557945e+00
1.020475279173329031e-01 -1.167752197574027484e+00 1.712491101817836814e+00
3.559046714504631725e-01 1.223082576713012459e+00 4.632882547083492369e-02
1.720523368748476223e+00 -1.005020286493004678e+00 1.391102718716803910e+00
2.261439757759311497e-01 -1.001850318592560019e+00 6.609316430115145247e-01
1.680703288168166054e+00 5.294744884662762052e-01 1.006757597069221966e+00
6.839629618006026757e-01 -4.211249599902864432e-02 -7.362227571714958785e-01
3.881304381714499874e-01 -7.156646213953775648e-01 1.549551238711182499e+00
-7.869661075656132487e-01 2.502070204271105713e-01 1.079631811030442812e+00
9.122539028315488352e-01 4.371059760581482712e-01 6.420027125629217402e-01
-1.718252157074520170e-01 3.369520915801595962e-01 8.825353102473809663e-02
3.412191372145178536e-01 -9.663100368226542614e-01 5.759277435366203513e-01
4.353708846526790355e-01 6.139852373218842585e-01 -5.688887644317439651e-01
8.422149890089418722e-01 -6.049977922659802720e-01 -5.684560636532953043e-02
-9.396126924950153059e-02 2.017891851243460710e+00 1.184763462905195741e+00
1.845929293032910534e+00 1.029959845784105710e+00 -7.332898014807806009e-01
4.075338939151207374e-01 1.473515194091040481e+00 -1.184825084760974701e+00
-5.948927693875476486e-01 3.852297272474783374e-02 8.882565452702720910e-01
9.057683179533000395e-01 8.684232146858205104e-01 2.648343819598653059e-01
2.519530254019384241e-01 2.367385627887095723e+00 -2.541078235904336680e+00
1.309538254579125205e+00 2.368579654423833336e+00 1.820490294927180175e+00
-2.664246052987440994e+00 -1.305777772713393459e-01 1.980187498495415088e+00
7.219868570045528955e-02 -7.197919691903973405e-01 1.672572661290891549e+00
4.696421987616453686e-01 2.059550586964629559e+00 1.384077580440276956e+00
-1.911497031862475326e+00 1.875857199212172866e+00 9.555105898048114055e-01
4.598341786713526780e-01 -4.447422328041045758e-01 -1.092843566580149028e+00
-6.939549287027392266e-01 3.980139174513139810e-01 1.746663604274401482e+00
1.502085096545729748e+00 1.945649845573860892e+00 8.366586235726166665e-01
2.571980202566518936e-01 2.912420046855279110e-01 9.870012790477150633e-01
-1.144872618609970860e-01 5.588141769215164700e-01 -1.746962685299578433e-01
5.279552776890152899e-01 1.333573710683268576e+00 1.162080349479140073e+00
8.625391072095004441e-01 -1.224197991698129373e+00 1.104900953630873151e+00
7.530922899588949893e-01 1.347089540291178389e-01 1.300784395494351209e+00
-4.599313448101252089e-01 2.080684141060207715e+00 -8.995070200038212116e-01
6.855780833676516917e-01 -1.232713375726894878e+00 9.233884327677489567e-01
-1.838377954858710028e+00 -2.547333377285359024e+00 1.994265534584814370e+00
1.619647517720758101e+00 -2.569969307026573002e+00 -7.866491750158786100e-01
7.238423329760723668e-01 -7.772178705434503732e-01 1.660051076449792662e+00
6.707974916558300249e-01 3.159747989121618250e+00 -7.012703445732482166e-01
1.512586894527600423e+00 7.329332957319919517e-01 -5.237074091017827060e-01
7.950802085704221644e-01 1.058067021914738337e+00 1.370979471701677943e-01
1.528751972594611930e+00 1.072694066037385596e+00 1.214204853395899619e-01
1.335360725400222437e+00 -1.596362401234213024e+00 5.745493230972646970e-01
4.689361921613628414e-01 -4.375605985209399945e-02 -7.031848655825960748e-01
2.235618637772703199e+00 -1.134746977003144641e+00 1.695151408181504671e+00
2.250271804109025275e+00 -1.049599455260338043e+00 -4.112573547132391538e-01
3.331023281728305863e-01 -4.729423276004797172e-01 7.751790840505353719e-01
9.993736074609776976e-01 -4.230513809747565857e-01 5.266503995227551638e-01
8.985804190745597664e-01 2.577803470246241568e-01 4.719761730244227405e-01
-4.628912804660236802e-01 3.789592952544088011e-01 -3.483886198744122198e-01
-8.945680650893577113e-01 5.805559873235309754e-01 3.905487938951294757e-01
5.958338203765011221e-01 -4.887327805423883342e-01 5.900389991401573386e-01
2.287580461435146262e+00 -7.561085356115400113e-01 -8.019991148840172057e-01
-5.029338523091771845e-02 -1.680190981472962086e-02 1.276827686147473218e+00
-5.673056442585916459e-01 -1.890247514209142388e-02 -8.551653800084848545e-01
3.000264043067647490e-01 7.244215111578132804e-01 1.493978477481867628e+00
-5.638826714970998077e-01 6.789565748712833582e-01 2.339790212031192418e+00
1.046412454637093647e+00 8.416177118744807562e-01 -1.863431632509247593e-01
-6.189358066492706145e-01 -9.578619466534419313e-01 1.694548846894477823e+00
8.573012981186610704e-01 5.521152477649046153e-01 2.079243877483415659e+00
-3.481543252525798327e-01 2.709172716716709006e-01 1.473642189862984196e-02
-1.330498838017412089e+00 -2.532957881097923192e+00 1.020873428416530393e+00
-2.323137371022276354e-01 1.615979971763530587e+00 -1.580748767631600105e-01
2.710521275164512023e+00 -8.582082706923063187e-01 -3.147745095150686900e-01
3.410474639600777902e-01 1.429501971404142369e+00 -6.404146991533151700e-01
1.984456875537591314e+00 -2.329000995059673507e-01 -6.293041223229862702e-01
-5.335344283821965572e-01 -8.392616645034640666e-01 5.641549909986108835e-01
1.913779311001628569e+00 6.924870565457350580e-01 -1.403699291418794459e+00
6.626434182203826406e-01 -6.151180569748188054e-01 -1.109057674849494246e+00
1.434061662832126105e+00 -7.096757521270616875e-01 6.168572415051827296e-01
-5.694911802164739356e-01 2.205910785519395123e+00 -1.087433797671435221e+00
1.047170879564543466e-01 1.980470764787540361e+00 -1.656770893463397343e-01
-5.142572798449001059e-01 -3.454521631521139530e-02 1.528958111732268588e+00
1.710565786480205297e+00 4.842335789620819120e-01 -6.778322156012982491e-01
-1.600790055896225805e+00 1.046588089618498030e+00 7.603680637018421784e-01
2.508096272682731609e+00 -2.987419510278574442e-01 1.084717109056448692e+00
2.691885617203707559e-01 2.260309181970104220e+00 -1.230548026881831403e+00
-4.970980757329014899e-01 -1.035807915712836813e+00 2.501379073661000874e+00
1.689355776502058148e+00 -3.282852248470388701e-01 1.184414576875558733e+00
7.892223731181935431e-01 9.682649708510690512e-02 -7.251442989817866724e-01
5.868324055308746789e-01 3.095787370290913554e+00 -9.042761453901785318e-01
1.469466072229389741e+00 1.010175978749237036e+00 1.916018044016351007e+00
-3.453599585099614289e-01 4.268331727841431222e-01 2.167029439518119993e-02
6.046308710661385533e-01 -1.068877633586692522e+00 -4.846088723255551067e-01
1.765326750935264810e+00 -1.110951621716352644e+00 2.645597104481302253e+00
-1.728741214712376795e-01 1.254660765651458565e-01 4.155806868081799443e-01
6.782321015955631305e-01 -8.582281082623136603e-01 4.663767512986832786e-01
3.157543882433480054e-01 -5.894878950093216385e-01 3.606291465829741139e+00
-1.632649414854598913e+00 6.306669912383164878e-01 1.334258209566566267e+00
7.750452909962188830e-01 5.479588240456756409e-01 1.047831006207843751e+00
1.833994199790121460e+00 -4.574055936625566754e-01 1.015706981400268605e+00
-1.804966133038109044e+00 1.114338190170092169e+00 -1.184530778053389577e+00
-3.509234864508695151e-01 -3.977799511103161656e-01 1.337392264756330773e+00
-3.537454817617157188e-01 4.560064433369209747e-01 7.958326460762797927e-01
-3.269044873244379423e-01 -2.367312385324831236e-01 1.779178711462354456e-01
-2.846801023206485537e-01 6.700878151896052515e-01 4.292144284331744775e-02
-3.203148598045666429e-01 1.179380373698633244e+00 4.297673752442041084e-01
-3.115052289869658098e-01 5.326811605150416629e-01 1.875415388628693114e-01
-5.609124070410768104e-01 -6.310493536293817485e-01 6.231937002565527406e-01
-3.681617994763530799e-01 -9.687575493932789605e-01 9.044241788433567963e-01
1.159612093785360898e+00 -1.925677495691972663e+00 -5.595407291709086905e-01
2.632915046609076271e+00 2.078245342195718381e-01 4.671056611060276365e-01
-7.946924198989980814e-01 2.038187458046503142e+00 6.536549596311935773e-01
-1.169417248834606404e+00 1.273497161692355828e+00 5.662670053316443824e-02
2.480130705735418051e+00 -4.865788426941780598e-02 -5.673289183819802545e-02
2.846699554241956420e+00 -1.049339337995058630e+00 5.990082263133387208e-01
1.198812920735160992e+00 2.794260302831046983e-01 -1.152485767870364164e+00
1.840365852064721697e+00 -1.234528796120320404e+00 -7.407725014047988887e-01
9.405303626114374094e-01 1.563323109647855924e+00 1.356389062128585676e+00
8.684801555517180915e-01 9.268484150297857660e-01 -7.664748629226486587e-02
3.049660962154600585e-01 5.027495145590541448e-01 -3.261140403054088033e-01
-6.092970189908274437e-01 1.587827195724058837e+00 -6.396198947743734209e-01
9.484107591837444007e-01 1.586811760711197783e+00 1.870807554333262512e+00
2.065363971010781563e-01 -7.650623946540595632e-01 8.704701138922810166e-02
3.476225301134916457e-01 -5.833701860480547952e-01 1.672547666136554811e+00
4.268280058172291280e-01 -2.616125678561397883e-01 4.495555810485017401e-01
-6.945529219102127838e-01 1.173243526132819348e+00 3.246652955208789715e-01
7.434604446980017656e-01 1.382334494696342286e+00 -1.604419347486892855e+00
-1.222407676581442004e+00 8.505277354383808941e-01 1.213918972004051522e+00
-7.701068161168606041e-02 -3.976195270256186465e-01 -5.997535586889826131e-01
-7.655710959339990795e-01 5.172326612961634096e-01 2.134787009340989083e+00
2.233115627868054176e-01 2.453631158375277899e+00 -9.814507688033103916e-01
2.674491131884949802e+00 -6.550636593940562837e-03 3.245626255887205103e-01
2.153852732006694026e+00 6.792606369070715022e-01 -7.086661282339529189e-01
1.175672278169401785e+00 7.703762749310032465e-01 1.465070833297138275e+00
1.061836427277443873e-01 2.326763998222875773e-01 1.143164438551285356e+00
-1.465093591065194323e+00 8.742709763584278759e-01 -1.407277531502914458e+00
2.126601587171267127e+00 1.341334725300163067e+00 -5.980279119375810915e-01
-6.549847677467113272e-01 -3.190772231891041977e-01 6.845476030003037060e-01
1.134929694948199730e+00 1.314408892597218159e+00 3.028714341377961028e-01
5.370704575276752379e-01 7.440077092890481358e-01 7.658419137001221122e-01
-4.558994496060707058e-01 1.332953018450906191e+00 -3.045043938121364535e-01
1.225685828746781336e+00 4.869780542078146479e-01 1.839220337091566959e+00
1.263761297001216866e-01 1.134470740538952693e+00 5.555090169443726023e-01
7.809774626125700614e-01 3.310190602563793383e-01 1.369614580784698887e+00
1.486461950687697486e-01 -5.117727141647684386e-01 1.228664948774720544e+00
2.840728791845155699e-01 1.952614357927210609e+00 -1.242692605155364116e-01
-1.083792938123746108e+00 -5.332205643705806297e-01 -1.620732930345352596e+00
5.039339332343693023e-01 6.933013498672212505e-01 1.478636412168314429e+00
1.466895660191822159e+00 2.162112436073343691e+00 2.009873039841996167e+00
1.443892633388973223e+00 8.287937815130952401e-01 2.994083505227246658e-02
8.133596535608517142e-01 5.093204577928556187e-02 4.702855078321243609e-01
-9.696942659276704957e-01 5.060715628067078420e-01 5.805902034251511079e-01
1.040644226251872473e+00 3.762778984416276229e-01 -1.101997392862629210e+00
2.725398163142885855e-01 -9.196878885073054288e-01 3.563452984610956387e-01
1.544278071781984563e-01 3.809796855915159042e-01 2.624510218737952094e+00
-6.250793194059867108e-01 4.542783962209968190e-02 1.775026363804841356e+00
5.620022176216227239e-01 2.334968627151763787e+00 9.156798200770370766e-01
-2.684563775466903834e-01 -1.438989041054179463e+00 -2.634699214604376838e-01
2.080019506651829442e+00 -1.019773287576162479e+00 2.068382548289178668e+00
-1.576218314618590188e+00 8.254609290046212022e-01 2.296902251624359348e+00
-1.160943382913202537e+00 -5.205399520915485745e-01 9.773609218272803767e-02
1.813661066827585433e-01 -7.981653558246831759e-01 -2.584764990083242564e-01
-6.994992870007480379e-01 1.051814045804446707e+00 1.199952072229589772e+00
-1.066317975619300640e+00 1.338683589022968690e+00 -2.933126758643502807e-01
5.128673321182453115e-02 -1.998958115167193406e-01 4.111519154021205380e-01
-3.068666310140338305e-01 6.354146127434325830e-01 1.753737874771718275e+00
1.392186605624909257e+00 -2.765163676833296558e-01 4.870589635272298268e-01
5.193279878793558568e-01 -7.372464664469250417e-01 -4.368719402336413427e-01
1.011054294046949575e+00 4.697255166564476836e-01 -1.198925800418716880e+00
-1.336899621489451739e+00 1.030210500009751451e+00 2.323734971697835494e+00
3.131233244902034141e-01 -1.910705709899105376e-01 5.638206422119122069e-02
-3.707666583520313752e-01 7.527639090445579217e-01 -1.814700637586952325e+00
1.510840797827608384e-01 -1.055833639569670357e+00 4.043557572068418038e-01
3.576550244000553658e-01 1.772072576725212956e-01 1.179085891388520491e+00
1.680952662339094239e+00 2.690641200275957434e+00 -1.065946261117004745e+00
-1.617255494811171479e+00 -1.235623473642964987e-01 1.518920113044810005e+00
1.499795266996284404e+00 3.260943580187335988e-01 5.066710873436826024e-01
3.068619417035088962e-02 3.649928612970049224e-01 -1.787233963379224244e+00
1.138004676423586270e+00 -7.528001046523999928e-01 8.459398200738452167e-02
8.360388452397008452e-01 3.597318988666257100e-01 -3.592587724048005964e-03
3.877356173921137072e-01 3.081161209547340074e-01 -1.242461921558619009e+00
2.652072568632414251e-01 6.644435132126934318e-02 2.033380021121239667e-01
-2.559641330445769358e-01 -2.547314383235468882e-01 -2.703993384854914694e-01
1.177345956453216491e+00 8.160394923231139019e-01 -1.301857654129302100e+00
1.550019423442492883e+00 9.334612858544104608e-01 7.708864913397952545e-01
-8.570742205601983299e-01 -1.198261788277877438e+00 1.668731134187896092e+00
2.583229117412457268e-02 -6.130012344638450239e-01 1.214019814756846394e+00
-1.548125268729501736e+00 3.200793450638888538e-01 5.627052880724496831e-01
1.845628975850399200e+00 -7.284469296800797355e-01 1.590269812611200817e-01
-9.585011036218528124e-01 6.582436848737087676e-01 -7.726296372860915751e-01
9.795326025280461923e-01 5.610309886936271084e-01 -1.154429327093173141e+00
4.611763327646909438e-01 7.818649115655867954e-01 -5.628028449061760474e-01
5.849907110724186232e-01 1.439764459223229265e+00 -3.132929185017940377e+00
5.444102458446703485e-01 3.357795735793110969e-01 5.170501280841556246e-01
-5.179077079574643250e-01 -6.952968985242123923e-01 6.698103575550504729e-01
1.854459155694973216e+00 8.717640475464989436e-01 9.010122162495194653e-02
-1.273661244499573186e+00 -1.804283378629314427e-01 1.045832952151764195e+00
-9.337773360884341622e-01 1.297124103088066249e+00 1.265714687685574713e+00
6.745888010435076021e-01 -2.160569478787770503e-01 6.641304255795718037e-01
-1.525331366240054942e+00 1.488653570733339482e+00 7.362071380361017159e-01
8.839437529502661706e-01 1.732077750870298249e+00 1.385474719925984810e-01
1.801308115280460864e+00 -5.078026774723534142e-01 2.265774362335730263e+00
6.776973867314398658e-01 -7.827528355480861677e-01 -1.577479505845486574e-01
1.925105104040262027e+00 -1.300369117284353226e+00 1.646034162460527028e+00
2.863774350246062195e-01 1.316033992252470863e+00 5.890330322089054604e-01
5.453112443954263311e-01 5.150463768114991181e-01 2.274352139550076757e+00
-1.662241022581567307e-01 5.461818370886465379e-01 1.207207118193319717e+00
2.923696911598244186e-01 2.850684602830581671e+00 -1.034792942843103969e+00
5.656561735306447902e-01 1.645180702101577408e-01 -2.427403171022588513e-01
