1.934174494483320128e+00 3.043871881154212589e-01 5.363157809623585459e-01
1.309325106039358477e+00 1.768142111207811507e+00 4.395113295350128735e-01
-2.752423835230339844e+00 1.365166554254458209e+00 -1.948332783849209271e-01
-8.781747477887624775e-02 -6.466857904891412101e-01 -3.673042755325144348e-01
1.280488195725896672e+00 1.191948004238010395e+00 -4.782562637279453299e-01
1.712730309084381786e-01 3.939578342635847719e-01 5.895012919738781138e-02
1.260503085489878272e-01 9.171341933752485964e-01 4.771783030012778370e-01
-6.886689685721015808e-01 2.727457430747731504e+00 -5.438619753093580922e-01
1.406873882095614148e+00 -7.559164054517045761e-01 -1.142423213620166411e+00
1.678595737826594103e+00 3.243951019132495506e-01 -1.148048928005592551e+00
2.046599165276257182e-01 -1.178066336596304886e+00 1.286133415711527173e+00
1.078818477137509557e+00 4.721498459121358238e-01 4.541947986094894696e-01
-1.551154032963002194e-01 1.512589838072150861e-01 9.430438552651631001e-01
-3.119423903951176191e-01 -9.775950417885205523e-02 -3.989738545321979135e-01
2.342917524857301981e-02 3.486706413725097486e-01 2.665574757028021380e-01
-4.236595612575060343e-01 1.179039558916892272e+00 -1.965792832923523303e-01
2.111658487644909599e-01 1.999676521530992929e-02 1.389478066357465735e+00
3.274682737666421706e-01 -1.216130830526540238e-02 8.303104112964212469e-01
1.329709038438885660e+00 4.187100598885237224e-01 9.036146613053341881e-01
-1.680907702277821381e+00 -4.805940562372917335e-01 -1.593655273375838011e-01
1.188660338504724301e+00 -1.523536299895144053e+00 1.681199817064649604e+00
1.556418671797569486e-01 2.423268056732700293e-01 5.142346199518472716e-01
-2.339297172863728791e-01 8.236184986953457576e-01 1.737325122463301508e+00
1.295944924034182044e+00 1.111759992898477378e+00 9.542840449670231262e-02
-8.712822609882983071e-01 -8.193082970049374580e-01 5.087734302351232252e-02
-1.329333735213589440e+00 4.917575675804158331e-01 2.259982398381611191e+00
-6.149869057131130967e-01 1.985879657722813496e+00 6.839783809739157228e-01
-5.426034763837047636e-01 1.297238303059037756e+00 3.725336504551587380e-01
-9.050494854905664077e-01 -1.070908768324330129e+00 -1.126534687455005734e+00
1.839362898380692002e+00 2.080499841977536235e+00 8.809525171541192634e-01
-2.139758179468317145e+00 5.048431630440683993e-01 7.562863692558566830e-01
-1.609320769298570486e+00 -1.616629654532791616e+00 -1.100958917028120210e+00
2.352051167521694630e+00 -6.538814589763265461e-01 2.155774734873556753e-01
-1.374261477566916412e+00 -3.239877188587119150e-01 2.249956044622214990e-01
1.132337331661071422e+00 1.109636223240828279e-01 -1.004050506628133110e+00
1.309161608294099555e+00 -7.198544453942949950e-01 5.189417185516589370e-01
2.114322298143118672e+00 -2.997288172211675650e-01 -1.664390469969068587e+00
-2.431819850680989603e-01 8.578437614589223825e-01 -1.718049824100885414e-01
1.364601220020305483e+00 -7.216651874733265304e-01 -1.324744074647082215e+00
-8.586449676430544242e-01 -1.195193416915969475e-01 1.229284918942694871e+00
1.329436112154528393e-01 -1.467612679569207712e+00 -8.621021199959111314e-03
2.182341625690964459e+00 7.693432138340302595e-01 9.538182268081756288e-01
5.894523968932963154e-01 -2.765377201484962022e+00 5.333201415417451186e-01
2.063833531322876169e+00 1.452236409460870403e+00 7.955063131562207790e-01
5.235156216743280799e-01 -1.439222944386896463e+00 6.089719077344285525e-01
-1.266415906450318873e+00 -1.946812695477958099e+00 -1.501751844519469969e-01
6.930940327790787725e-01 1.250376659025490778e+00 -1.939000429473700660e+00
-7.568549733451047923e-02 8.494776877953711391e-01 -4.684517972651725537e-01
-3.792560072289933304e-01 5.660848637393695038e-01 -2.580516983426750510e-01
-8.151271133128045188e-01 -2.568767213171975428e+00 1.712458475950269232e+00
-9.958159632269698580e-01 2.177013294004604749e+00 -9.301930071744937134e-01
1.581325546780928626e+00 -7.772770148994467831e-01 -1.644544601617246304e-01
-8.520057659311326415e-01 1.453770245020689522e+00 -7.530140656258190734e-01
-6.282905445399012967e-01 2.107424336087793115e+00 2.994949804062458365e-01
9.227193763121798176e-01 -8.479414321244715946e-03 2.070064776543931728e+00
1.587866030746949708e-01 7.096415320177840158e-01 -6.389460231311532012e-02
-6.828370321412385868e-01 5.209645365717220367e-01 1.958078677494117015e+00
6.635242731656501025e-01 -1.024144790936115212e+00 3.751347547605243804e-01
1.069681926442235809e-01 -4.371053655852756847e-01 1.978084230797154230e+00
9.963985348417635501e-01 7.647246799227484446e-03 -4.051562370392831625e-01
-7.623675377481731186e-01 3.138012784945537481e-01 -4.003807125969828240e-01
5.124888871760857612e-01 -8.491866040558359030e-01 2.356547114389778041e+00
1.672801784808046754e-01 -1.914914925184006078e+00 1.333202983316674306e+00
7.224578308574770569e-01 1.487729560187976752e+00 -4.273304405206572731e-01
2.382749610781768890e-01 2.434430832615992468e-01 -1.312102576180808056e+00
1.234457098855583190e+00 1.098063176539955804e-01 5.284300040495492068e-01
-8.652178911061225719e-01 8.551286132994281308e-01 -3.534871938407656011e-01
-9.187599175470284596e-01 -1.190347299986346918e+00 -8.595124999394665455e-01
-1.310666136369729173e+00 2.486817762158470835e-01 1.039472593846362480e+00
-3.682684373734219641e-01 4.171235181339605358e-02 -3.247482809539119497e-01
3.402234437049563853e-01 -3.024764083668344816e-01 8.247657582147906521e-03
1.766091626550493121e+00 -1.971831436592689224e+00 -1.676091982480756526e+00
-8.119329223971987197e-01 1.785822831002391364e+00 1.731872880167408590e+00
1.830275074669272417e+00 6.846925853517549232e-01 1.916112447515919970e-01
9.521858867060858378e-01 -3.911823573813385524e-01 -5.061221700806789459e-01
-2.342021297169454355e-02 -8.214419009396515259e-01 -4.528530746743528734e-01
-2.276167995386341403e+00 7.546860866487397068e-01 1.029670161142726803e+00
-2.119951964826169710e-01 1.284721846367152365e+00 -8.872656643466690918e-01
-8.141483489663488005e-01 6.613890195993625820e-01 6.408022181275101481e-01
7.049290403990281506e-01 -1.969836612176194546e-01 1.541856814582886814e+00
9.232176735478396790e-01 1.327209707893547197e+00 -1.238691752353285214e+00
-4.369761198325511908e-01 -1.627843271069647213e-01 1.022314537326211026e+00
1.221706152128189532e-01 -1.346838722794083232e+00 1.587562773717477338e+00
2.780938822069202176e-01 5.879121620914231627e-01 1.118910101797515155e+00
-1.437995096494474767e+00 1.810774496298356295e-01 -1.427946837087668452e+00
1.936903887690871739e+00 -6.930385391679767526e-01 -1.499496416378022889e+00
1.533869970569233132e+00 4.339671564255671576e-01 -9.053051520804864527e-01
1.636083960008050342e+00 1.897532434782597033e+00 -7.155752157451517048e-01
2.041418738020444046e+00 1.427018820769457019e-01 -4.392285258022421424e-01
1.733453783179322860e+00 5.344469036884681445e-01 -4.235976424414821251e-01
1.899226980040800150e+00 6.005582082906789632e-01 -1.439543299415656952e+00
1.539449342402391618e+00 -4.477160724221257992e-01 1.045452979374932173e-01
7.065421624234260456e-01 -2.894690495515733097e+00 -1.128441931468306542e-01
1.516917353621088482e+00 1.724863165531455911e+00 -3.730627893831262032e-01
8.443405074217434914e-01 -5.118597132744084899e-01 7.154730875686425851e-01
-1.376031719419298915e-01 1.130954573845597055e+00 1.459240097738996988e+00
7.698244828562152975e-01 1.901007743507113545e+00 -6.740843658921684411e-02
-6.005901298048055281e-01 -1.916714212321105393e+00 1.157487789165572600e+00
4.126470534901826026e-01 -8.691908338094174180e-01 9.334129652065106253e-01
1.553878784482308983e+00 -6.919034548653387601e-03 -8.732540838805021854e-01
1.042299532680950991e+00 -3.904030959022781744e-01 -2.099055376634172132e-01
-2.838393309159458269e-02 -2.994583878445342684e-01 -7.981425491727875965e-01
2.069335188715663243e+00 1.541603055177390047e+00 -1.510418626040715528e+00
1.095753509064006703e+00 -1.359193257626666873e-01 -9.724748080967647867e-01
2.082320445758369054e+00 6.176712130042365523e-01 6.278755117447024636e-01
1.720755677454705479e+00 -4.193578553144967080e-01 9.693425495672159942e-01
-8.397635200255645360e-01 8.081636055967907906e-01 -6.965100673461151193e-02
6.024660421807537247e-01 1.388330970568569356e+00 -5.350681858559553916e-01
6.666188879996626238e-01 -1.512026377044279446e+00 -3.002989175117822818e+00
-1.498852546206445036e-01 1.455012785544056664e+00 2.690222106149782189e+00
-8.384903578062613549e-01 1.526286671741563739e+00 -5.992793924743092804e-01
1.103447308305587571e+00 -1.375230469796984378e+00 6.612404136376055508e-01
1.622224276558819067e+00 8.585070356495498600e-02 -1.368859141679634961e+00
3.113211084893797720e-01 -2.776049810521841188e-01 1.054963743315241453e+00
7.210629694673813539e-01 -5.284387001080950164e-01 4.408641781963860695e-01
-4.135479468700137828e-01 8.022272612429348637e-01 -3.119852525619596154e-02
7.422389663224254752e-01 1.323482837359628128e+00 2.782390117331073887e-01
2.509386257379341290e-01 2.302716486502305315e+00 2.038268374364384516e-01
9.461411844069690380e-01 1.057114959148209188e+00 -2.813399506853669907e-02
-6.818071604720197243e-01 9.788894664015737046e-01 1.485076797452122843e+00
-1.365764559727781879e+00 1.090567573367846155e+00 -1.803658504364955117e+00
1.666588532402488942e+00 -9.410570842125699498e-01 -5.669068233030477577e-01
4.240567087593279383e-01 1.376217793593891958e+00 -9.967175525139801984e-01
4.946053037119852447e-01 3.252558715793597566e-01 6.216854951402310814e-01
1.254903206778458014e+00 9.399510877209404924e-01 -1.559139901030388131e+00
1.293888233926535902e-01 2.392397442520858952e+00 -2.293206666957587014e+00
-1.048261456164491651e-01 4.600831346261734511e-01 -1.134687180001985984e+00
8.093285938346345132e-01 -4.840584137813973564e-01 1.761549702553902863e-01
-4.755731800034431744e-01 1.510758810561600551e+00 5.343119413744671364e-01
-1.071734210074176685e+00 2.443712344075626985e-01 5.807771834418870016e-01
-1.516180611902880226e+00 2.772541752402382653e-01 7.276216029364851456e-01
8.739611001638761811e-01 1.236361975065817687e+00 -1.200444402712003367e+00
-3.928731562413997347e-01 3.767510120639752103e-01 -1.242551005128381993e-02
4.002836645178639574e-01 4.548467038714815169e-01 8.693842865631136174e-01
2.294905912879686483e+00 -2.583891018306805776e-03 5.264345859836782049e-01
1.748994858438732924e+00 -7.178437275139125662e-01 7.534656935400476652e-01
1.840978805615653691e-01 -3.120059084690574025e-02 -9.793953349418064169e-01
2.389584823524768809e-01 2.744178813779665216e-01 1.171080091859961536e+00
-9.525477752537044041e-02 -7.985877627191733108e-01 1.251175454058316650e+00
1.326362733294763174e+00 -2.765729328400754264e-02 -3.760911328245160057e-01
9.981233783362937206e-01 -5.310926092252115094e-01 -1.691046769011027573e+00
2.430207835000419703e-01 2.970041032488276306e-02 7.464190235601567691e-01
1.322305102920656283e+00 1.393554122891877967e+00 -6.635052680661092106e-01
-2.221622657867382333e+00 8.660352199621021985e-01 -8.122299138979295341e-01
6.976865861276941860e-01 -1.379657918351148704e-01 1.483106428480174266e+00
2.036214593955082419e-01 1.796859693370753908e+00 6.071360209335353586e-01
2.775001406799143755e+00 -6.095855575080224575e-01 -1.484334999415818812e+00
-6.049573470561949717e-01 6.514328064112657746e-01 -8.593998918036561685e-01
-1.902692232287853946e-01 -2.309185032525864212e-01 2.216222005689840735e-01
-1.686491128802018180e-01 -3.990950926949723421e-01 1.366547986141380511e+00
-8.714162449889317763e-02 -1.573915419536618121e-01 -2.202263805138129221e-02
2.354881795301117187e+00 -1.325236397049224468e+00 5.689009160454848724e-01
2.565988871508747771e+00 6.230592021806888869e-01 8.086232970531832542e-01
-2.164415277486067199e-02 -9.494309922525140388e-01 1.787981356938274091e+00
-1.106675836150943226e-01 -3.345126000490376006e-01 1.646133666925632122e+00
1.329779991468623024e+00 9.468016720741814773e-02 -5.188317335612242509e-01
-3.532077945066398050e-01 2.057995768874912201e+00 1.469861298761101498e+00
1.762815030204942346e+00 1.189177955293973410e+00 2.310799839509822540e-01
-1.655238697404615600e+00 1.414829094093464912e+00 7.850323806540354665e-01
-4.997755218292840307e-02 1.086100344874345591e+00 5.300613643277558573e-01
-1.804528533227236498e-01 3.046838878534568473e-01 4.087893086875554194e-01
7.329961938369442542e-01 -2.059716511488077106e+00 6.302876602290270469e-01
-1.404186373663231180e+00 -5.086428565460117124e-01 8.441151696610809108e-01
-1.809468190917262076e+00 -9.285024655217412048e-01 2.729505517476489285e-01
-1.795320151859310487e+00 1.313596509641352439e+00 4.148753705581183504e-01
1.721270730126699400e+00 -6.592774174525322106e-01 -4.996820909227987079e-02
-6.190082524947653209e-01 -1.123023150471762072e-01 9.419236384687468266e-01
9.712107534252256702e-01 6.002199114749408038e-01 6.577131252266521511e-02
-1.041046193192283864e+00 -2.511171196382386839e+00 8.478403946237973443e-01
3.963051647736840488e-01 2.744104951975809281e-01 1.595078415747760214e+00
1.051060706495281494e+00 1.123975243864388629e+00 9.937948030005804290e-01
-1.354549601604492892e+00 -1.078723070421732988e+00 1.096896332333282542e-01
7.085282038371244484e-01 6.813495417468308224e-01 2.359894156028184753e+00
1.132373485897367527e+00 4.912536329041689576e-01 3.439386457586735002e-01
-4.559308486567114072e-01 2.658173257868476469e+00 -6.582271886687223184e-01
-2.185930716852133582e-01 1.606719251474043375e+00 -7.618435391031420645e-01
5.205640557572288607e-01 5.134241526683399615e-01 3.974433599208865991e-02
-7.691149589805449382e-01 1.022028001545817855e+00 2.580595303664124929e-01
-1.582114089734443785e-01 5.229761289490810761e-01 1.167680839160427420e+00
-4.992363526798578865e-01 2.357868376015324063e+00 -2.118467037256420993e-01
-4.523251330948284132e-01 -1.694223952382754028e+00 1.193087035086599856e+00
-3.155037461036661744e-02 1.354566664771919227e+00 5.641794717844020868e-01
8.006948741090126331e-01 9.499514618476447847e-01 1.824278238330006907e+00
1.926797423948245491e-01 5.720398277731062464e-01 1.753044938094139304e-01
7.661949039627807823e-01 1.161011488927211177e+00 2.556116317242912994e-01
1.722816571958970533e-01 -9.660765122933152593e-01 7.481871423039988533e-01
-1.461867413044389274e-01 7.669738229527733875e-01 1.161357906004230722e+00
-4.106324256916970561e-01 2.381000063436786718e+00 -2.613409994746642151e-01
9.822309601296819181e-01 -3.157715682641059618e-01 4.140035521700153875e-01
1.848661015222823556e+00 1.851831981518897052e+00 1.524392414288528785e+00
9.416719306222857133e-01 1.772178965445447008e-01 1.784777878555474873e+00
1.102557793133734032e+00 -1.521307209600084032e-01 3.508152094650376918e-02
1.672964138861165351e+00 -5.771399461249927115e-02 9.446536741610538357e-01
-1.320539299097879038e+00 -1.369967265291039127e-01 -6.877911119609336765e-02
1.007068340805515883e-01 1.137678483817757824e+00 -4.873059195856928594e-01
1.193665451774558628e+00 -3.006552722249875575e-01 -4.336812274724937688e-01
6.679666136253881170e-02 -5.263996767829977053e-01 4.043435455829007957e-02
2.266828871237469123e+00 -8.566649487137478758e-01 3.376765803192194326e-01
1.865607147801148447e+00 -1.349474089071489302e-01 6.430420305644146683e-01
2.005108350012046459e-01 2.381023063615094415e+00 5.488861653664544038e-01
4.480846175228948014e-01 6.773418966362521054e-01 -2.630105664489227335e-01
1.396519018832871106e+00 1.272850904635712821e+00 3.073426903731369952e-01
1.758626099025058787e-01 6.655865465061189257e-01 -3.416392384486794942e-01
-1.493824800401606367e+00 -6.038591699085140707e-01 8.987246114919119622e-01
9.836874043575344340e-01 1.049351941353447559e+00 2.122751244865851150e-01
5.640572474459185776e-02 1.134311224836972443e+00 -1.256975277030692416e-02
1.198293354480795436e+00 7.706655531008600457e-01 -5.357859989577417048e-01
5.096555802295250626e-01 1.040243073680275909e+00 8.590271101017270539e-01
-3.617428670076877073e-01 2.247312141532864793e-01 1.767901541588271730e+00
-1.831849474216147300e-01 1.219611581290704683e+00 9.082704577360479758e-01
-7.633559843366530817e-01 5.129407491586084333e-01 -2.309195293917252340e-02
2.995289719585229049e-01 7.154755979869260596e-01 1.979147132433041190e+00
-2.543170930036449118e-01 -9.790568162834453192e-01 -6.395307051894677519e-01
8.978836135376080385e-01 -6.753698859611474425e-01 -3.839150308733818573e-01
4.183498345169734955e-01 2.682737835966303996e-01 1.946291080226661141e-01
6.393957619844821139e-01 -1.865150675464316121e+00 -1.682010260462522833e-01
-7.130450394815350812e-01 5.979365060156242029e-01 1.361474355511439194e-01
-2.984015902917183549e+00 -1.055012041462404015e+00 3.466605673762923612e-01
-1.331468311623932310e-01 -4.531443122661105161e-01 1.173721655774586203e+00
-1.313666343666852532e+00 -6.946035693241658926e-02 1.078386935788988588e+00
3.802279922880018592e-01 9.729243675685973758e-02 2.307740962999051071e+00
6.454847525717840595e-01 7.814930710000252967e-01 1.064221079566468386e+00
-2.640206648001918843e+00 -7.192718058536722303e-01 1.728818532855447732e+00
5.011572791890740453e-01 1.472867451450493359e+00 3.052966869638974456e-01
8.853954583018580626e-01 -1.395234040018346722e+00 1.738529217344790379e+00
2.169313530628515174e+00 -1.489509072933530742e+00 -1.122621315121951291e+00
1.527350042678512765e-01 1.649505328342321997e+00 1.469377472683388863e-01
4.356785990303687628e-01 -7.854498416039515374e-02 -4.213345210343453218e-01
2.005289112909338201e+00 9.865324239454162925e-01 -9.461300563592736079e-01
-1.150271789116358079e+00 -1.022711810998599979e+00 3.539987963865522946e-01
-9.547619038483936560e-01 1.594356449290314615e+00 4.656961684640999466e-01
1.845394474146966335e+00 -2.633849431594267321e-01 1.287186864581472356e+00
2.342809676221817572e+00 -1.763168756339746235e+00 6.106661114235382298e-02
-1.180252441436108191e-01 -6.261627204225239662e-01 8.928059259207848930e-01
-1.481550992402335676e-01 3.900912666873800894e-01 -2.950706052911347133e-01
-1.126454569588858090e-01 -2.708855024554791546e-01 7.492259377797536590e-01
9.146009540757076284e-01 -6.113106046323646403e-02 -1.008569544480713454e+00
2.323895895640647746e-01 1.082368216710373643e+00 -5.151508601456450398e-01
1.316296743161744720e+00 -9.089429773494440701e-01 -8.453406838387858002e-01
-4.988890476941512664e-01 1.106526852131764160e+00 -1.963702840087510823e-02
-1.411731819229970153e+00 3.935179675272372002e+00 1.377845789921639197e+00
1.499712297140935346e+00 8.037013057197678334e-01 -5.120462188307535467e-02
1.265322937975289719e+00 1.097146023142836491e+00 -1.013487374331082380e+00
1.119301489610597500e+00 -1.358886030387651989e+00 1.230330299799743399e-01
2.879047346168950305e-01 1.447345930422508253e+00 1.072016836145946561e+00
2.695979776301088426e-01 1.483456097523356165e+00 6.491450436091614762e-01
-1.863937072991596888e-01 -2.077127189456967837e+00 1.366605615302704191e+00
1.473826887087361204e+00 -4.695510275285721957e-01 6.542163247837764484e-01
-1.683310090730308017e+00 2.171368312557196978e-01 -1.013167206205185522e+00
-4.725645628589399960e-01 1.630096840717368822e+00 1.220275320939156360e+00
-3.936627054317678315e-02 1.741993185090862983e+00 4.297149449627551410e-01
1.769563795724505839e-01 -1.913929546851549368e+00 -2.655196215838937501e-01
2.041754740061503259e+00 -5.454186131754343858e-01 1.177361173570578678e+00
1.931479010837348909e-01 4.413883509938617555e-01 -9.560547999548156817e-01
-1.079519118893692564e+00 -6.413632014193366704e-01 -6.488459945298294951e-01
-1.075537641597860972e-01 2.343256046186759367e-01 1.580639246378281904e+00
4.917277482974496405e-01 2.617702477225510638e+00 8.045999568358799259e-01
-1.789537625772776641e+00 9.205858437512323134e-01 4.843843857895676619e-01
2.160657202704686419e+00 6.129651888531266746e-01 1.333649866352855762e+00
1.250811246309187386e+00 -7.549476005480668661e-01 -1.168701280109019497e-01
8.681305682336774021e-01 2.347787074191552692e-01 7.327715758095350029e-01
-5.935448632304809458e-01 1.171963260817099062e-01 -1.979468783777536267e-01
4.267841430680723303e-01 1.663067579177015309e+00 -1.710163988629398168e-01
8.725110039179111432e-01 -6.470272031576844718e-01 -3.384951351130294772e-01
1.599923029723953727e+00 1.062526724987855831e+00 4.881024994736534728e-01
3.270134186062355841e+00 -1.938170223473275167e+00 9.556559258207001362e-01
-7.377809628971006284e-02 -2.238939757902624894e-01 -9.431801253687512876e-01
-1.252183797775997087e+00 3.413217890686743861e-01 1.535680753060923331e+00
-8.245929366677379191e-01 1.613110360581761604e+00 1.239935037025020614e+00
8.187636355671827904e-01 -1.042828390602638988e+00 7.231491627651114307e-01
-7.741070997419988685e-03 5.131350264720050403e-01 1.415207417774879017e+00
-1.595706241536040682e-01 4.122677006938597621e-01 7.721050232884117959e-01
2.501747963922956175e-01 -6.924840751394765181e-01 2.180234074804257460e+00
3.875176481695302488e+00 2.295994429318294894e-01 -2.334901940013957844e-01
1.411700193528698133e+00 2.862964884002396349e-01 -7.801469906981773894e-01
-7.315683779688584298e-01 1.223561821941811401e+00 1.145620208855853805e+00
-6.003440266167071604e-01 -3.106808849147685292e-01 8.334921744423107182e-02
1.624191875837013965e+00 5.482471668626103245e-01 1.228054084990291672e+00
6.948684802430370455e-01 3.496878202712985773e-01 1.290951153023182973e+00
7.976608198577512798e-01 2.751219095497238129e-02 7.177317089240766723e-01
-4.813362178649021605e-01 6.343686521683770119e-01 6.344576147243961017e-01
-6.308156008048053653e-01 3.278141095032854224e+00 3.516009720728756061e-01
4.960215022010232566e-01 1.419160776955837866e-01 1.672849225982256716e+00
-1.163895087580955057e-01 3.999179284523093347e-01 -1.755084527265929895e+00
-6.784818927626011797e-01 -1.219259178958710832e+00 1.887421964172916855e+00
9.670814202993809339e-01 -2.878159475707200987e-01 -8.397955073123151148e-01
1.456522219546164010e+00 -1.456996867633368442e+00 -2.864310213611486411e+00
1.257469978892038931e+00 -8.452553627443223361e-01 -1.168765277286550885e+00
-9.200963846946159652e-01 6.603824185694096016e-02 2.528159356249223833e-01
7.396539237727479676e-01 -6.523665440559290873e-01 7.128431006013027371e-01
8.063762350567973414e-01 -5.847309849199775478e-01 -9.751009311600850049e-01
1.356830454949928266e-01 1.559733702329865190e-01 5.566047895634658182e-01
1.504651290610838910e+00 -1.126048583705850703e+00 2.782721144429762816e-01
-3.728425499552932010e-01 -2.435468576292524334e-01 1.233725960866608462e+00
1.198327254131338268e-02 -2.008096449711266107e+00 7.547278436618289899e-01
1.073904291226497776e+00 8.405576382902364696e-02 8.716440621016582346e-01
1.235434357187708221e+00 -1.151752888011103648e+00 7.404231816957539403e-01
7.245639187002630432e-01 3.075590354356148026e+00 1.644965141917270612e-01
1.145354311091036248e+00 -4.543054983487144760e-01 3.364333554112463598e-01
2.395375744860067435e+00 1.201378795907637048e-01 1.151770367476534718e+00
1.339219780618251532e+00 1.083620555421856313e+00 1.791795674469899735e+00
1.193796196272710830e+00 -1.578899380364483962e+00 2.084683529580360073e+00
1.091987979398090003e+00 1.843221248374317112e-01 2.225779351130931616e+00
2.038889212357200886e+00 3.151929727099798129e-01 -3.841514403687976698e-01
2.115946021516630360e+00 9.850281264155459349e-01 -3.973237714064924847e-02
6.416199221153723320e-02 -3.394959223857070274e-01 1.208046188901517048e+00
-8.471198930452088494e-01 8.488696232953500953e-01 -7.913111001832332514e-01
2.237204005686315611e+00 8.198440227602225017e-01 -2.435580388818861797e-01
4.725903097528466601e-01 6.461205427713039295e-01 -1.703906099088012382e+00
3.459456562079562536e-01 -1.126929843673005971e+00 3.977539072820618915e-01
-2.351084468860320520e-01 -1.624921476233351259e+00 7.758645634634207811e-02
7.599444817312918099e-01 1.765764071296003657e+00 -4.018818126271997415e-01
-1.917222302848613502e-01 -1.608691022480499833e-01 -1.493575754831492908e-01
1.342237689335152417e+00 1.793766652527626349e+00 -5.803983259705532971e-01
9.326537283022985347e-01 -7.438587131839324851e-01 -2.143236501190580456e-02
1.205061767737393152e+00 2.240148386850265849e-01 -3.596212986737722800e-02
-4.622153133079324183e-01 -1.461004068894978580e+00 -1.684626932584589454e-01
5.022192040856440221e-01 2.633207447748949770e-01 -6.989742559036991043e-01
2.297603932747879441e+00 1.023813205798118631e+00 1.589265272582396360e+00
2.214836360385146641e+00 -5.708264893280712293e-01 -1.127459173680920718e-01
-1.746208856118638630e+00 -1.297433171626806381e+00 1.572685743670126701e+00
1.320647842031603902e+00 3.572787454820618436e+00 9.931865197015812274e-01
6.078023745664193900e-01 -6.439179460357467855e-02 5.637882198919031973e-01
2.280347360893268505e+00 7.245957825561226695e-01 7.039691430699789310e-01
1.658389568552453563e-01 9.178257894989588772e-01 -1.694384557490531407e-01
5.343787958116612558e-01 1.271170420576791305e+00 -7.958433534668062359e-01
1.307861477987704024e+00 1.536258886503019672e-01 -9.554413646958220818e-01
-2.079909386440343066e+00 1.050131879209176056e+00 -9.633644362704992803e-01
4.892463027137001763e-01 2.862588103092621461e-01 -2.288918289459153377e-01
-3.318886315060495806e-01 2.562410248336757235e+00 1.908672013427607839e+00
2.064729690802957762e-03 2.204752462457943152e-01 2.412529711527261700e+00
1.299491640585238805e+00 1.817811260156259490e+00 6.463312649070337423e-01
1.999171051680511457e+00 2.423556350770002865e+00 2.347455916078288407e+00
4.891808572132706479e-01 -6.178766249843021807e-01 1.807171904859651956e+00
-1.194167799778145467e+00 6.181590758144871467e-01 -1.284266758598644920e+00
1.984829807497150989e-01 9.816514491081086424e-01 7.185445439253368427e-01
-1.227388443237440674e+00 -2.138358922896319125e+00 1.692960216156325970e+00
5.764804877223314028e-01 -3.208271171697658075e-01 1.803216519151408015e+00
7.200559341128101587e-02 1.827643980647554733e-01 1.277082143929620495e+00
1.355657806589160241e+00 2.416166455417098735e+00 1.606333907251634496e+00
-5.224510164370741450e-01 -1.353189765286556101e+00 -5.461364178137001479e-01
-1.000596362171376486e+00 5.438271289656366747e-01 1.017958525944284709e-01
4.011836526536315395e-01 1.252294112999121856e+00 -1.702549964446289088e-01
-5.872952071503431126e-01 2.114272707990436651e+00 -3.132281413845662832e-01
-1.368050426419899379e+00 2.439684319134827639e+00 -1.391588821020834255e+00
2.029112815925427693e+00 -1.566997660068785159e-01 1.537439600045400034e+00
-7.925412665289699454e-02 -1.737389700528354064e+00 -5.983985550467205705e-01
1.844843401301845764e+00 8.629675652439870726e-02 3.089248066532258585e-01
1.184834969435715424e+00 3.250747122707974501e+00 1.780451255086091589e+00
-8.906269805180621058e-01 -5.361586790791095236e-01 -1.672429859075743597e-01
1.026646693014323208e+00 -1.544262351769906116e+00 2.867221562064479201e+00
-2.208371393258885124e-02 7.552195759299624722e-01 -5.983957190482007693e-01
7.901273002775334106e-03 -7.362063295163511212e-01 4.597892079412219113e-01
1.750034968397028434e+00 2.803814981626356895e-01 -1.445909616998865443e+00
2.630310182537350272e+00 -7.304917679156370802e-01 -7.550213670444920755e-01
6.834566983576337851e-01 -6.543985754536339738e-02 -5.797824796079483617e-02
-1.507830552227799881e-01 -3.948915115425625788e-01 -6.220682782317354942e-02
1.638826991221209450e-02 -4.009839790703017548e-01 4.238058611157694555e-01
-5.920597950015114019e-01 1.188653677667717901e+00 1.561243311586782978e+00
2.723585030822190056e+00 5.428741039782174482e-01 -5.535689168083894884e-01
2.141556161508693379e-01 1.502777204243860298e-01 -9.967436807590049352e-02
8.752165936176491412e-01 2.051267126029729937e+00 9.743567715977277111e-01
-1.406723030874565294e+00 2.068944965386779522e+00 4.174825536321199237e+00
5.073307519594442150e-01 -4.432971038801170049e-01 -1.105044670948398533e-01
9.845679549359409588e-01 6.999761715835874920e-01 -1.745735433577442486e-01
8.728344429495693557e-01 3.635957625325388354e-01 2.720334374774141528e-01
-2.184046070316737198e-01 -1.406869716296020645e+00 7.448416053702473505e-01
2.194424478652847288e+00 1.067513538530551198e+00 5.161061880443212901e-01
-1.107974420460676068e+00 1.577573901379532850e-01 7.992159014594040212e-01
-1.940170852184049111e-01 1.816288049966120699e+00 -1.982873251176535678e-01
-3.734626108857048710e-01 5.680539978776208976e-01 1.789896871141443579e+00
3.772108240323891470e-01 2.241339709865098340e-01 1.593706778478338748e+00
6.404547254599153305e-01 9.928378543358209463e-01 1.946027715592468343e+00
1.754891868299324476e-01 -1.875873163958531098e+00 -1.034636443564836528e+00
6.749410240273439054e-01 -2.196836852380934790e-01 1.278451893157981578e+00
1.647593370492484777e+00 -3.032805733709641460e-01 -1.276906366469351961e-01
3.339199459458624952e-01 3.919419887788151424e-01 1.327696367253209830e+00
5.116732341606166079e-01 1.359178735303047114e+00 -7.455841311821285178e-01
-1.120936873383931331e+00 -8.085283934861298150e-03 -4.170509616050427359e-01
-4.614151603779749755e-01 -1.780205801558836648e-02 1.303127674087183996e+00
1.352825448601673752e+00 -9.174787982556681376e-02 8.622785482249808453e-01
1.997721694623308508e+00 4.000674092549725835e-01 1.107432560940239785e+00
-6.282090920010127144e-01 -4.379413160399721616e-01 1.392643747349604499e-01
-5.173500614337407655e-02 8.746238850894126893e-01 1.132366782858830634e+00
-1.471700432802647063e+00 1.245394597165980333e+00 1.829093094804680408e+00
4.960317657976436312e-01 7.762837399209502331e-01 5.411024063763912872e-01
6.010352281964556065e-01 1.251744779387819140e+00 -1.307922759585791739e-01
6.155640301331459785e-01 -1.864533949523320633e+00 -5.795614292519266630e-01
1.951612234906017207e+00 1.442190573294865441e+00 2.216648022602128343e+00
-6.974715319590162332e-01 1.524764943217674196e+00 1.568536561182885203e+00
1.132500210286336628e+00 -5.083768946632442054e-01 1.453692828044344632e+00
3.553844749462760078e-01 -1.417215959723390484e-01 1.113057542559311663e+00
1.617458066541095807e+00 1.323482577761693868e+00 -1.936675274957109227e-01
-2.398812759624612545e-01 1.358218325995246722e+00 3.029499526819038335e-01
-4.314733101629531498e-01 1.535637869465004579e+00 -1.319193864441653208e+00
-6.073612121040836698e-01 9.822179039193333627e-02 1.033088110510998359e+00
-3.185188443009291381e-01 -3.369696159510787159e-01 2.692772728088297374e+00
7.698160754089452551e-01 -1.413543848977608097e-01 7.603555417519483051e-01
-5.203777943770820230e-02 2.387983050102678639e+00 -7.910790683953297653e-02
2.946679270959710606e-01 9.229156032650668307e-01 -8.174143519802544722e-01
2.261132928415594989e+00 1.932258046479725877e+00 -2.300155079173631656e-01
-2.781956066907546529e-02 1.101719646644631290e+00 -3.297120869555522082e-01
5.525870334508108384e-01 5.439765268124545639e-01 4.113270156886686957e-01
-5.267831530061385381e-01 -1.678464172510030883e+00 1.142368622564455816e+00
-1.036358845362610914e+00 1.134417180882958842e+00 -1.104594391200191206e+00
6.996155418768342793e-01 -3.457138414232750478e-01 1.984603862008322395e+00
4.322428917852444430e-01 3.944548707471066673e-01 9.356654817804940794e-02
2.067572866049328884e+00 -7.686290958848764898e-01 6.082659072799536520e-02
1.635858874208927727e+00 5.078114831458555578e-01 2.198392795863945537e+00
8.815450363205639128e-01 5.071946497636892204e-01 -3.710916486859667796e-01
4.051959718588408199e-01 -1.556565830528923167e+00 2.397756718664047604e+00
-1.447610946819720690e+00 -2.638346656767365239e+00 -3.589376825606860333e-01
-1.021781283191501633e+00 8.250289989454495654e-01 1.433371518541241230e+00
3.107274470850713843e-01 -3.827569065138785032e-01 1.670074727683460214e+00
-8.076489473155878951e-01 6.881842916597714632e-01 1.222058763524402902e-01
5.328485623368230950e-01 1.958528309806719658e+00 1.673360252806463944e+00
1.187511398323433998e+00 -7.244794286930338334e-01 -1.561815637115393063e+00
-5.386039530685133858e-01 -2.676528508646795479e-01 1.377343443406462420e+00
-6.810778526371642494e-01 1.965446950558366268e+00 -9.229925223163550907e-01
9.731013639935757187e-01 2.812178477381820918e-01 -2.585620587124402570e-01
5.773119730832689811e-01 -2.744158280326982127e-02 -1.861970510119720146e+00
-6.484323438421016883e-01 2.088783036804698234e+00 4.390471445535984452e-01
4.725561407719099799e-02 4.986487355516744380e-02 -6.533397328246237645e-01
1.187031106199494479e+00 9.518496308087195379e-01 5.342509038695418822e-01
2.901445435183787058e+00 1.784209775128863917e+00 3.562533847720525393e-01
1.414516765733778270e+00 -1.885566398950569766e+00 -3.238118592445892174e-01
2.854896174584067303e+00 2.682877909803792482e-01 -1.347191603298570683e+00
-8.776296158294089045e-01 1.026172940999390715e+00 1.265073608157970320e+00
-1.082051551139907364e+00 -6.762984546389787521e-01 1.746084955076391054e+00
8.209406297045684919e-01 -4.128919722023184635e-02 4.138139872665730357e-01
4.886971516186897069e-02 7.910003266051259807e-01 2.619985575406792444e-01
1.371552325058822630e+00 3.269845664411085706e-01 1.599116613453504421e+00
1.204213777837399579e+00 8.567732229625711904e-01 2.315215773360720153e+00
3.412122055542978760e-01 2.150991123686442297e+00 8.224298726747385491e-01
-1.390677827470541139e-01 -3.755739808387077994e-01 6.236861886844842218e-01
-1.842276266805894069e+00 -6.944527245814937633e-01 1.016505332115575033e+00
1.390805271937081589e+00 6.233560267125527465e-01 -1.879570739544370594e-01
-7.057109803221297550e-01 -1.766577183754244329e+00 -3.842615509960126130e-01
4.495077703083892873e-01 -4.861100453636110763e-01 6.684469722169092964e-01
-3.276444224060219290e-01 8.787716368635101194e-01 1.373762641818587316e+00
1.006382948274788136e+00 -5.071838269327428872e-01 4.416951654435919555e-02
1.924091821000722291e+00 7.101659673129590011e-01 -7.043061656551921623e-02
4.096919544032029403e-01 -2.880065966286085577e-01 8.310941249815774201e-01
-8.157433721924579606e-01 2.574737025614537878e+00 2.036314307151597447e+00
2.724267826781134882e+00 -5.754676024606951712e-01 2.285394592914567202e-01
2.620373175053710035e+00 -2.613000932277605326e+00 -1.082293208797571737e-01
3.000818602920894307e+00 2.715040173609731822e-01 7.568511116336380518e-01
1.822093541850931420e+00 1.036672828953026038e+00 -2.307055939732304550e-01
-4.010324400223065633e-02 1.876269278448818856e+00 1.066328454987672814e-01
-1.323667220658749866e+00 1.816940346003830253e-01 1.811625736096090122e+00
1.054676751542857005e+00 4.387657633838640270e-01 -2.352042370786226189e-01
1.935206743440781363e+00 9.890165113621652848e-01 -1.147910781758180870e-01
2.644804530251103625e-01 5.220162105868991764e-01 -1.418188311300043525e+00
6.473365819317645764e-01 4.396490953965607185e-01 -4.234918510378027356e-01
7.651003480571506588e-01 -4.838997579022121243e-01 3.497481077111660452e-01
8.171027160510993537e-02 -7.659741541527518294e-01 -1.834375626975325302e-01
-3.990357792036474116e-01 7.787674336164819300e-01 -2.870803560040640079e-01
-1.018627036044333467e+00 5.303124398544145635e-01 1.125291993037355276e+00
5.884371613458122541e-01 6.641628284019196471e-01 9.158397320515309081e-01
3.465514538673272749e-02 1.843535589063413749e+00 -1.508052979535827287e+00
1.419251674342780767e+00 -1.104777690212934704e+00 -5.919408872179349190e-01
-1.439955607442136243e+00 1.210440415944255887e+00 -7.805150133131075751e-01
-1.212148336604513821e+00 7.175212735022957755e-01 -3.804456191580527502e-01
-1.045272481912136800e-02 -5.379491628105790291e-01 1.774031006665942600e+00
4.195593344980735884e-01 1.395204977248731160e+00 1.590728979395351406e+00
5.738883506931594658e-01 1.009535491188211065e+00 -1.567370942217724883e+00
-4.712120906842350854e-01 1.571582329461135019e-01 2.236776233750960019e-01
-1.051426215503927564e+00 1.099685660567097267e+00 2.012505009138261247e+00
1.072148800074850805e-01 -1.071964919890292967e+00 1.003352326658029980e+00
1.162771708532841286e+00 -7.763794273549827485e-02 8.304373901105341904e-01
2.387435481143566907e-01 -3.404092257074053940e-01 9.423159247838048813e-01
-6.220381618592064621e-01 -5.878727030253046854e-02 2.196222077574176534e+00
-6.571655335331306746e-01 1.229529678082380117e+00 1.442305331873926066e+00
9.538594792547523404e-01 -3.861397577057584796e-01 1.211074001489415242e+00
2.028846470948441727e+00 2.550277424535662529e+00 -4.318707610378367812e-01
9.025019868777178766e-01 -5.484258544310967320e-02 1.161681905209246857e+00
-1.737354152299019905e+00 -7.042390518612249295e-01 1.759744772043495553e+00
8.166055880920090049e-01 1.448111501118237054e+00 7.473297529508456938e-01
7.355739005415629084e-02 2.567464330646131110e+00 -1.556266319547811250e+00
1.623624107982701625e+00 -3.691485859729366492e-01 -2.045491994383842993e+00
6.641163765585759160e-01 -3.629628777134303874e-01 3.136659486637602967e-01
6.950194744782619560e-01 -1.043568560557190938e+00 1.091164238521375784e+00
9.635697023632586733e-01 1.709776424216369772e+00 5.093360529813377724e-01
-6.993338415671912500e-01 -5.466141281674601338e-01 -7.352635657226759269e-01
1.444844341070573301e-01 6.437276677276586589e-01 6.584823932612884900e-02
2.537122729431522394e+00 4.412752742371397474e-01 1.674228254955806960e+00
1.632031250084624130e+00 1.954208111239319201e-01 -4.886439499063287561e-01
1.267602466255640214e+00 1.364026828438777095e+00 -1.067239684111381370e+00
6.581524828327627308e-01 9.617344722525186240e-01 -2.861152409406805819e-01
7.054188528926689239e-01 -6.022390034864135711e-01 2.692225878471441902e+00
6.454569656245277010e-01 -1.109544780449326917e-01 3.102898288557019990e-01
-1.398076288267097178e+00 9.763466869038913698e-01 2.057719898594974062e+00
-3.680063019640264499e-01 -4.120087133749071873e-01 -3.246937871109121243e-01
3.552241172800228330e+00 1.782380998127891081e+00 -2.079463246856491754e+00
-2.547473231450286590e+00 2.874315337639715029e+00 3.438072772724811710e-01
7.338139152346151439e-01 -4.380986239225230228e-01 1.730614671712160657e-02
-6.927289612457432355e-02 2.405471948282921213e-01 -2.252203452703177344e+00
2.552570846962792128e+00 -5.885316690156150443e-01 1.557490843958886373e-01
6.978976818215606448e-01 1.031732232655747428e+00 8.590808186332707930e-01
3.400609873974044794e-02 7.264947595470223618e-01 1.480699549884544108e+00
1.823209685670585500e+00 1.714098638113033424e+00 1.549076175096812114e-01
8.390712436873866420e-02 -7.307445383428783359e-01 1.503888148409026737e+00
2.637287063057773273e-01 5.341237337381792294e-01 -9.808859420435189769e-01
1.018206157813537516e+00 -5.744138497760362672e-01 -8.498517561075513704e-01
-6.035612692633815501e-02 9.604731791918273975e-01 3.221933306241404171e+00
-1.729003668919340209e+00 4.305621200491580591e-01 2.392620419517414554e+00
1.296578085956076043e-01 6.385429061954640551e-01 2.772903561708517373e-01
-9.220183851461598579e-01 -2.674688917566216961e-01 9.710771269621475410e-01
1.651704907854368298e-01 2.628496961552437283e-01 9.256514784669752638e-01
-4.809501930921595836e-01 -2.622197386473740233e-01 -2.890360741771696995e-01
-9.258111727568409943e-01 1.714846170196882014e+00 6.178516346063127607e-01
1.753930145634213345e+00 -7.029575911744843086e-01 5.943170530024843856e-02
-1.448103644069790086e+00 7.731816426451399993e-01 1.349352925450898244e+00
1.304697709595304733e+00 -6.021593523506489909e-01 5.179842416617790324e-01
1.263130899212552283e+00 1.274592823699283728e-01 -5.553656081564440905e-01
6.694319521970838460e-01 1.567662761707886876e+00 -5.152850848781210802e-01
5.106622187104599142e-01 -4.259049806440773356e-01 -6.725360643959007456e-01
-1.757729789411138777e+00 1.128914438968025458e+00 1.960600397127851627e-02
-5.448031457952691170e-01 1.763431763515002748e+00 1.323979103239253163e+00
1.989392987652076172e+00 -6.658436982820414851e-01 2.438120144136374789e-01
-1.489198359820460560e-01 -1.257280550823431708e+00 -2.499318574468566423e-01
-1.876424137030264505e-01 -8.709013558096290186e-01 2.081010916808170297e+00
2.178082057594686205e+00 7.433370417313005241e-02 -6.770386694178711640e-01
1.315103997180557371e+00 8.473581681070457838e-01 2.769837438818876230e-01
1.380948221507434903e+00 2.110689233408302723e+00 -1.014917643426032745e+00
1.698268731073528937e+00 3.669636184650437727e-01 1.085298247676806715e+00
3.159852537980512022e-01 8.269977257499255829e-01 6.407310862540320784e-01
9.674495015055650793e-01 3.208683841566679074e-01 -2.394659088703220640e+00
-2.922811396898352121e-01 2.226660104168066923e+00 9.314159727919700815e-01
1.461026360983272543e+00 1.868252063351878434e-01 -1.027891542573859951e+00
4.927223095032204903e-01 1.269537666524742425e+00 9.359058148638577102e-01
-5.814153667658359392e-01 2.391921711804218809e-01 -4.452585689729887664e-01
-1.080361162779299500e+00 -1.302826608946394404e-01 -1.166866324814658906e+00
-7.594004299398049440e-01 1.942181013719788962e-01 2.258172514283789400e-01
-4.548703695483194420e-01 1.101529958998924474e+00 9.321154763493221251e-01
2.339710480222298550e+00 2.129884494008465745e-01 -1.543004469032195569e+00
-3.660456409722982474e-01 2.032056099799995685e+00 1.083866128814576779e+00
-1.370943856342347056e+00 4.322327839692866602e-01 5.374388639222833497e-01
4.697462717785935160e-01 3.937389335315625294e-01 -3.362893062413863987e+00
-8.016044809931588411e-01 3.908557163266184187e-01 -6.945568257550001068e-01
-6.854557188105437904e-01 -7.384050832052421187e-01 7.869902816246114874e-01
1.753952307571405855e-01 -1.370674920290835055e-02 2.112077477927917890e+00
2.425623893333242465e-01 2.220316967277213394e+00 -1.300681007814816104e+00
-1.855529588929158979e-01 -5.186727941019626531e-01 1.015765368104906419e-01
-1.121557114816008838e+00 -4.629414310533652710e-02 1.512401744860885966e+00
4.163593763712892803e-01 -3.937515685222013340e-01 5.284053197012604786e-01
7.768182883923698823e-01 1.067447126383310962e+00 6.027856633733174041e-01
-6.108634348326892338e-01 3.838779050158331874e-01 -1.194421902379149580e+00
3.687926359480012684e-01 1.291267220413939931e+00 1.787220090384627758e-01
7.461489604588442681e-01 6.283434762291030262e-01 -2.463274006681207329e+00
7.061162906665333638e-01 -4.079843993539499225e-01 -4.183137123773383870e-02
-1.746288739180789751e+00 -6.922400498164574811e-01 -4.278458801045248450e-02
-3.048585062021068048e-01 -1.356955091523023960e+00 1.878181609042830713e+00
2.080812208938813412e-01 1.719047688628510540e-01 7.943080552062423694e-01
-5.020737233049052950e-01 -2.172102747777180515e-02 3.346056362325752209e-01
6.204984493760508091e-01 -1.328468743011011366e+00 1.842310891839858300e+00
2.322344511783988708e+00 1.486210832445150620e+00 9.353509619614930326e-01
-3.376442342030132049e-01 5.064722052171242161e-01 1.021889566265951066e+00
-7.609897770258589045e-02 2.872049748591651852e-01 3.841090759204759952e-01
1.089901847619852537e+00 -1.374249313736970457e-01 -6.205786507598739510e-01
8.380946926658169316e-01 1.003608284364775338e+00 -5.392791103502756617e-02
3.307705087063335103e-01 2.846748558600175061e-01 -1.558065876437291442e+00
-1.173317115977149605e+00 7.527325138411479211e-01 1.100904457654174662e+00
-2.170311690670183591e+00 1.603286537343836304e+00 -7.047493411082346171e-01
-4.449914616525556532e-01 -6.780175458989470272e-01 -8.020060811219135166e-01
-7.709795387196883842e-01 1.014572359239141131e+00 1.803884548267441490e+00
-5.642476794346958924e-01 -1.251035601806919528e+00 8.887597034167343812e-01
9.435958201246688049e-01 1.905966327475623778e+00 -4.679646997780028683e-01
2.349074266316614201e-01 5.919631416214550246e-01 -1.797178735754231260e+00
-1.081154073830248308e-01 4.266759436269171313e-01 1.195770857210057381e+00
4.099687844279784055e-01 8.642417237027726351e-01 1.426952920208573117e+00
-1.231934044529655603e+00 8.071474840924251770e-02 7.413598108640775397e-01
1.483603418613841166e-02 1.773312810444938714e+00 2.128332433886542807e-01
2.023935218527918245e+00 1.628029994651611911e+00 4.048834971657848114e-01
2.582445094038312572e+00 1.055746376529477892e+00 -2.046761221148641230e+00
1.676030609155329532e-01 -3.009321134264684172e-01 1.203003027049440954e+00
2.178480851010760333e-01 2.569434256813496464e+00 9.807971082016326836e-01
-2.948864065077381191e-01 -1.232016197835689386e+00 -1.904942919159420267e-01
7.297102425578153584e-01 -1.159105454358816845e+00 -1.344348464717276315e+00
-4.948660409234837965e-01 -5.382046786780487757e-01 -1.558657184455960021e+00
1.405660340089813998e+00 5.040677980261454305e-01 3.236250890900338018e+00
-1.987584250507410666e-01 4.158291016174618937e-01 -3.021978886171506340e-01
5.553108080632730426e-01 -6.538039016642840373e-01 5.514365635786828701e-01
2.100805529513221082e+00 6.068290323476775994e-01 1.307741157143487154e+00
-1.246079431074202493e+00 -1.780725854878870473e+00 1.270760424736921079e+00
-2.118687592986066293e-01 2.455244682709305515e+00 -2.039987660932892355e-01
9.666696215155412553e-01 1.579115434057788647e+00 9.286738428340958196e-01
9.256070250120842363e-03 -1.535531390192595769e+00 8.439689991822958426e-01
-8.707830638688862646e-02 9.995520702520509573e-03 1.786929550940015154e+00
1.423293044533058271e+00 2.445483573753414852e+00 9.921082289554542522e-01
2.360436334510434442e+00 -1.276420443093615742e-01 1.468574148620574782e+00
-4.300729370554068898e-01 1.839623265194238355e+00 -1.717557420524108647e+00
-9.687526529553472932e-01 -8.455642491443003950e-01 1.337019384461792137e+00
-1.145208156139308819e+00 2.748710335394347837e+00 9.035169703952029840e-02
-6.176255404969890339e-01 -8.904342098988740073e-01 2.221736271346949065e-01
1.521834261499821928e+00 4.412943297848993529e-01 5.793721439523008554e-01
8.948007114543108376e-01 5.221743902571829299e-01 -4.983799670372625057e-01
3.971846975354654252e-01 1.265584595077819063e+00 -1.941757152251331053e+00
-7.016631057521377501e-01 8.216042179600534512e-01 1.401188292601163177e+00
5.888056428757597605e-01 1.702686726872883360e+00 1.382368253507344269e+00
4.667818411459981331e-01 9.142617289149151949e-01 -1.575936190988096008e+00
1.523145342755080345e-01 -7.836181564977806602e-02 5.793090983512576564e-01
8.480819650697918322e-01 -8.013773934577206326e-02 -1.057540496407837760e-01
6.546243683822203785e-01 -1.478100349106603595e-02 -4.991216622464690889e-01
4.695424496589842844e-01 -2.934229892238711113e-01 5.635907374775745993e-01
-3.026499056405329569e-01 6.396866709253310468e-01 -2.078855051078329907e+00
-1.020736202575456275e-02 9.868061589693361002e-01 -6.053917931945709124e-02
9.572156756174621250e-01 -1.361599550652101420e-01 -8.286452766381513513e-01
1.358032574112468804e+00 -4.530648818693265301e-01 5.123639750085909883e-01
-5.447116964903767622e-01 -4.963087635873297820e-01 1.414722827340332278e+00
1.125551845183820232e+00 1.856827321759173532e+00 -1.811137954779825643e+00
4.922275534185530654e-01 4.641997995499086427e-01 1.448351177023201819e+00
4.474918753608131960e-01 1.502848704555771020e+00 3.672512104003975431e-01
-2.413368071232931678e-01 -7.818871591579292790e-01 -1.955774130610119066e+00
2.829916449730701888e+00 1.229371984928603556e+00 1.303217754329149880e+00
-1.674041075431371706e-01 -1.564715306474410372e+00 -2.416078872613531270e-01
-3.267802606515557429e-02 8.018483796798194785e-01 4.608030787116630944e-01
-1.323398512096467527e-01 -1.725497503710047953e+00 -3.287476031278553368e-01
-8.618459770255045838e-01 -1.418003436237662784e+00 2.317374479576658208e-01
-1.972922250421934587e-01 1.386303332059471316e+00 1.615011920579136451e+00
-5.747974432997575711e-01 -6.627224959094802914e-01 -7.921334035498048820e-01
9.904791804290966617e-01 1.327990464343888233e+00 1.358193010792150490e+00
1.476631855077518707e-01 3.740265609750942910e-01 -3.897941058168497008e-02
1.130370890391110938e+00 -6.915989136684991268e-02 -1.198543183212944369e-01
5.953719625285109895e-01 -3.399643599997296817e-01 -2.540073120294586428e-01
2.093912174055201705e-02 -7.423264078264063537e-01 8.779025591285304353e-01
-7.130277389685659717e-01 1.832446728170299632e+00 1.667634826558429539e+00
-6.935880028692862354e-01 6.494526828062545665e-01 1.219950381577731946e+00
1.460284421489801976e-01 -2.597551697853348607e-01 -6.284733203199445173e-01
4.185786972871197165e-01 2.987016901708940964e+00 -1.145342267709924949e-01
-9.377127383996020082e-01 1.133117670182455683e+00 -3.099951830105278083e-01
1.697768785471058361e+00 9.009620687971364728e-01 -1.307309435514456830e-01
1.208005266202121897e+00 1.125163197527889514e+00 4.971951754668185175e-01
7.777753721194259617e-02 8.529691486600781136e-01 1.169146157844607625e+00
2.210018241952255824e+00 -1.155526694808459015e-01 -7.240035252799923438e-01
-6.301429825642004268e-01 -1.036204151613260571e-01 1.734177291192994463e+00
8.919868963948894836e-01 1.371517552192526690e+00 -6.379352768423590669e-01
1.498920137296190891e+00 -6.936569426135358839e-03 7.109652587916351907e-01
2.928027145369921924e-01 -7.788472191521969012e-01 -9.924033863493905705e-02
-1.076520747828624419e-01 -1.784641399270362694e+00 2.636211690018022136e+00
-1.246608020664473182e+00 4.216883407664115957e-01 -1.115687961128301930e+00
1.111501252029774456e+00 -4.311277122401717676e-01 -1.816827047214543134e-01
1.934341367644624388e+00 1.003685954087832233e+00 2.187418034141205947e+00
2.206613460838542096e-01 8.727866977348145427e-01 9.559170090798653208e-01
9.200477188103619586e-01 1.786807451045070883e+00 -1.804821535012661071e+00
4.655341128449503874e-01 -3.964100976251659636e-02 -9.362930764957958507e-01
7.488717783090460545e-01 7.430078536090961583e-02 1.471192551406033777e+00
1.080360965731570255e+00 6.309266565497331225e-01 -1.181183802853232878e-01
-3.625599062064842615e-01 2.647311659883941903e+00 1.218824333424862294e+00
8.349664313630297263e-01 2.061663218062095571e-01 -4.535778302412796226e-01
2.976432732503372369e-01 4.810436788459210300e-01 -1.962294755655300982e+00
7.884490838898049470e-01 -9.090316876526285395e-01 9.117457781116216076e-01
6.559879713309654803e-02 -7.134993613547843117e-01 1.902359045968304851e+00
5.905719090947200156e-01 2.024217023689476314e+00 1.463917331053376181e+00
-4.896740354925663286e-01 -1.190307734832720676e-01 6.392268386226341859e-01
-1.067762512369864414e+00 1.342831608927123499e+00 9.738742982162951201e-02
-4.500646076896616110e-01 -5.955102307174111598e-01 3.036104484700452577e-02
1.235373210729912463e+00 -4.631984409655167667e-01 9.991631467441219883e-01
-3.344512357047395579e-01 1.657946705609286475e+00 -2.113927044569110958e+00
5.184922823846239703e-01 6.688609202731848891e-02 -1.003246288884929172e-02
-2.455427930850129226e-01 1.361363145081220694e+00 -8.383861294549008747e-01
6.927414344248656874e-01 4.167171351529701528e-01 2.454326362337281575e-01
-8.063657838528542898e-01 4.322629552738550540e-01 1.708908150559961481e+00
1.725326012789171193e-01 -1.680226011615117837e-02 1.992865673226973389e+00
-6.600019021171692479e-01 1.541278555042663090e+00 -1.382831025242635459e+00
1.008527092230969285e-01 2.195480721407124802e-01 1.126465240305066118e+00
3.717180917373572591e-01 -1.975545373169809604e+00 -2.947314313225392612e-01
5.904812811128025141e-01 1.843119364033310781e+00 1.964563042101767243e+00
-1.021920513321258550e+00 2.101800926619311838e+00 8.636386653673958635e-01
9.931393701441099120e-01 8.194206847111799863e-02 -7.831174080100608004e-01
1.705044120226142379e-01 1.297750268902354009e-01 -8.355110219292912754e-01
1.131433458983472695e+00 1.443987123286832652e+00 -8.862337877598202018e-01
-4.996986037648390999e-01 1.959048563286425626e+00 -8.029189998671501516e-02
-2.166881036712303352e-02 1.390401172169667632e+00 -1.065810514571610579e+00
5.296262384197852890e-01 -1.015308184544174930e+00 -5.391506934184373545e-01
5.692107195053093260e-01 1.664540112206484457e+00 3.761825192788933320e-02
2.041121478773772147e+00 1.666592632332180024e+00 9.425640630864373648e-01
-5.431312425772125696e-01 2.296991431417565899e+00 3.205047037111633523e-01
-2.193906407869439690e+00 -7.517456711572101380e-01 2.028259779674547403e+00
-1.359488754840187941e+00 -1.739475549712236724e+00 6.843236248952343226e-02
-1.863549601206295314e+00 1.853055312493670614e+00 -1.821732072817374259e+00
-7.079238910212051206e-01 -2.832106441642114891e+00 2.122034364050817246e+00
1.297293410640783851e+00 1.545816661971521233e+00 2.748190036823793814e-01
1.017199763698962478e+00 -6.847746094320328325e-02 -1.106914253303903584e+00
1.768890713885385546e+00 8.443137486391099067e-01 3.499925506547556076e+00
-1.552700732569423647e-01 1.072024346659858463e+00 7.124806796912160900e-01
-2.963134724292834088e-01 1.778779057211901105e+00 1.395638879861593740e-01
9.578974078936616232e-01 -1.254135394011389737e+00 3.643596734193762732e+00
7.766090849505078442e-01 3.995927903594277408e-01 2.432326148576718916e-01
4.634962333191317008e-01 1.191004116054958484e+00 6.223092222386100714e-01
3.975620836116487977e-01 9.200519979847091578e-01 -2.906837635058066027e-01
-8.974675728874648151e-02 1.129090862359829472e+00 2.912375343617362028e-03
-1.519892670434027648e-01 -2.067101079153581544e-01 -1.047705221851432222e+00
1.760987238888612971e+00 -7.758672256655791966e-01 -2.795810976569812478e+00
9.353234010937775400e-01 -4.624439776233403299e-01 2.851299184831122546e-01
5.202930430746948165e-01 2.177674375124934336e+00 -2.779639031949206474e-01
-1.348260495593208486e+00 1.085685146005619606e+00 1.051603406462088941e+00
1.399024370187516464e+00 -6.760701575246428341e-01 2.698020025015393508e-01
7.214694013217014534e-01 1.968816857330673686e+00 -3.064468829910897085e+00
1.574267432244758624e-01 -1.074257038438907408e+00 1.088994745151960070e-01
1.056506282607186931e+00 3.896701456562480237e-01 -1.182571563214138255e+00
1.006626578101175173e-01 3.412142701258159549e-01 2.457000131256143582e+00
5.128072261583057623e-01 6.172138778078944954e-01 1.412119879695391766e+00
3.804286747702655958e-01 1.724521293410932632e+00 -5.415632470681710497e-01
5.342927862226409808e-01 2.423812278084183092e+00 2.108973606936028478e-01
8.979647986217265121e-01 3.179513122852385965e-01 4.759004732728904230e-01
7.617924346265370072e-01 -9.796594289364426444e-01 1.194903141098022648e+00
-1.354801885375092052e+00 1.244487953559741067e+00 -1.628655987719372644e-01
-2.598422659059655970e-01 7.178180834878301608e-01 1.167378562757177995e+00
-3.466073246578272871e-01 3.279901071183687761e-02 -1.711456076852209129e-01
1.114870641541645169e+00 1.234834427643930033e+00 -8.551919549514246377e-01
4.974124690754674338e-01 -7.982220799938316569e-02 6.100741784667567114e-01
2.308220766148708358e-01 3.843495677813925648e-01 -1.361816535789408089e+00
2.475832180964077089e+00 -1.669972829528119762e+00 8.844745724818713351e-01
-2.410222906986277391e-01 1.577823798534006006e+00 1.575021659069199664e+00
1.662019456612498391e+00 -2.245737208166977528e+00 8.243459194775951682e-01
9.721123439931085297e-01 6.798562090401107927e-01 1.119508343993237121e-01
-3.718863627538063765e-01 -9.731309372247918255e-01 2.328344533578358133e-01
1.006092369324461000e+00 -8.583290015314454235e-01 1.009690906464225213e+00
3.097209817828281420e-01 2.883401285478322862e+00 1.241336010770901721e+00
1.239027521544243005e+00 -2.292029560916477443e-02 -7.130502545154366878e-01
2.382031885090676593e-01 2.720859610346229029e-01 6.040520551046398012e-02
1.198244235531470858e+00 -2.730564455463078133e-01 5.167456672268937179e-02
-4.488933045602604421e-01 7.271883394292437686e-01 8.140275654464202981e-01
1.279359806344191552e+00 -7.436295182508654289e-01 -6.912772819231527421e-01
7.485625215887623529e-01 -2.731429901696863727e+00 1.889917783492454373e-01
-7.362300609557771887e-03 1.339254754454453356e-01 1.146502658258212293e+00
1.138937659793805901e+00 1.583341349685873256e+00 -5.783067090103639618e-01
-1.687988984648722823e-01 -8.347341341733895970e-01 2.134066774506594211e+00
1.226572894154044580e+00 -2.771289657459946598e-01 1.522640324698539827e-01
2.116287706140073666e-01 1.974366594249915008e-01 3.855348461193807141e-01
-1.174851429410142645e+00 -8.559952277538839249e-01 1.105228620518932781e+00
1.945841085844394858e+00 1.019672214898566853e+00 -1.348473389636229092e+00
-1.680546367111741990e+00 5.644246115993150070e-01 1.159780994523841535e+00
-1.366410070438901225e-01 9.201411526176727085e-01 3.072337584004092292e+00
-2.862040141496173806e-01 4.428518941186284641e-01 8.080827656069790033e-01
1.284292274708640047e+00 8.818241310798684562e-01 1.468039497537402704e+00
9.704200301005487805e-01 8.974408251630950906e-01 -3.273313202510365061e-01
8.011411393096175004e-01 -5.941478974944732760e-01 -1.516881829870562193e-01
9.653323721214476794e-02 -3.250068853557785964e-02 3.349086056116357679e-01
-3.890062377128076232e-01 6.902223723769458363e-01 -2.495650112550986538e-02
6.582253871984548033e-01 1.671107253813487903e+00 8.263498455151725708e-02
1.824707860505091261e+00 1.032900842555968014e-02 -1.186900317736915011e-01
-3.676744976851348268e-01 1.412602383219476287e+00 9.260299372981248278e-02
-6.114322137907064747e-02 7.437629367882676590e-01 -6.544792181413803256e-01
8.609268715739881728e-01 6.656656400672572582e-01 1.961191566258783769e+00
-9.180149008437502589e-01 8.268018818963849270e-01 1.654099694410665622e-01
5.203754813584243744e-01 1.288147969704888318e+00 6.688921608862139490e-01
-3.729548176209318555e-01 1.808892116729173827e+00 -1.980474423130256234e-01
8.631465719200759334e-01 -1.324233846872418630e+00 1.026397543758008402e+00
-9.326800939034884941e-02 -2.408053016626790777e-01 1.325211244660689847e+00
-2.224203414976234416e+00 -7.712106373366967027e-01 8.743686022218550846e-01
1.892172401626549538e-01 4.888035350557429770e-01 1.302710889456445642e+00
1.265508729447711034e-01 2.897572524947059636e-01 2.501612753807347822e+00
-1.594715352088706517e+00 3.091477279363979314e+00 1.694440741302993825e+00
1.154896774201534804e+00 8.287571820250863031e-01 -8.191307959886756640e-01
1.689900102046381525e+00 5.456416119021808564e-01 -1.085806904817332885e+00
-4.438478401784731187e-01 -1.409064618710682559e+00 -1.530376551471783309e+00
2.485033539343443287e+00 1.105324639680112853e+00 -2.842218295063042022e-01
5.895882885487482294e-01 -1.074652535317583535e+00 7.159452541763628997e-01
1.387744347268744793e-01 1.655972832525711147e-01 -6.525216400305140496e-01
-8.005843278217605885e-02 -4.151736787271110285e-01 6.166596956173957533e-01
2.563566208674608049e+00 -5.944546261096294026e-01 -1.491825595819437911e-01
-8.031939012470720174e-01 7.097937841038247653e-01 1.470492214131698727e+00
-1.139680377285183122e+00 1.106411623986297776e+00 -6.678726080495795969e-01
-2.317705482742193901e-01 8.286094976174063209e-01 1.468965568201449079e+00
-1.449379753063272824e+00 8.645402594377183947e-01 1.469245471236536149e+00
1.823124859015669230e+00 2.267349217044176968e-01 -4.856658408821094564e-01
-2.792781380998946017e-01 7.723064028483744847e-02 7.917489035437086375e-01
2.210333005830834807e+00 4.440856353321866457e-01 -5.820284980204588621e-01
1.237700974300374623e+00 -1.229860685508699758e+00 2.050848533193823542e+00
-1.892255953307689698e+00 2.693829867964180114e+00 9.770310293550469316e-01
-1.413354516609386380e+00 9.983722252825877330e-02 1.595421522360842115e+00
-5.944078958457415206e-03 1.272479973815274334e+00 -3.244055661626307208e-01
2.054752659995529918e+00 1.119176753657078915e+00 -9.123519710353320544e-01
-1.935039762680388353e+00 -1.372196632151329032e+00 -5.457374519239919231e-01
1.529627408530966015e+00 8.456010224044181456e-01 -1.654826306654562096e+00
1.381721505172305742e+00 1.836663411871344964e+00 2.249118100410743892e+00
-1.720428471270509574e+00 1.516869587287801302e+00 -2.029980654459859313e+00
1.753999307363026450e+00 -2.389387361065829829e+00 -1.939396036383130184e+00
-8.264291637768803600e-01 -3.728326153702459789e-01 1.651388852704558152e+00
-1.930213396108750035e-01 -8.340058268887975967e-02 7.311287372951840169e-01
1.681604770833766249e+00 -1.434748406202974502e+00 3.815853139396730986e-01
1.936997664389417340e+00 1.067031497787559458e+00 -7.892781845747910419e-01
-4.312750648464569458e-01 7.664178657786824278e-01 -3.826004570434048957e-01
-1.573963000794527112e-01 1.463049376221725595e-02 1.512541949258407126e+00
-1.638064690593743267e+00 1.221447005986282752e+00 -5.581161012413807798e-01
-3.330158755995759057e-01 -8.431082036521349021e-01 -7.944138649219901760e-01
2.408001525168721457e+00 -3.094812350701679815e+00 6.662192512115698850e-01
-9.140881966497911293e-01 4.949133529819459421e-01 -3.755182356548370515e-01
7.836556832959505892e-01 4.298872797512297006e-01 -3.415092149998426141e+00
-4.234246187278674078e-01 3.441043731805450145e-02 -1.374695548607719475e+00
1.009688241890852156e+00 1.515249462090326737e+00 -1.391448523645064883e+00
5.607134487344015428e-01 8.209719674090194541e-01 2.071121053327830808e+00
1.083291789990396881e+00 8.951051964800572636e-01 3.674775511893593749e-01
-3.320309203999672332e-01 2.724218560268835354e+00 -6.961538760148930360e-02
-1.299984523184327223e+00 -6.187712528147715219e-01 1.834151744431903541e+00
6.477336518268276278e-01 -1.161169171243775777e-01 -7.958130152056919204e-01
-3.652347733996663681e-01 2.290024753072294750e-01 1.135039851444158865e+00
-2.251142966934404299e+00 5.888228063820232228e-01 1.093603870072925366e+00
3.592456429961650155e-01 1.116436366955169790e+00 1.733566452793748214e+00
1.007013031013284987e+00 -6.567505806607759622e-01 9.888632038179179240e-01
-1.579623739954151285e-01 1.422304265305686544e+00 1.290586484121463151e+00
1.638472971426211178e+00 -2.841671147759702309e-01 6.426686736192689375e-01
-8.802179133259513052e-03 1.041612692166857146e+00 2.177288367056401164e+00
1.270889992169706328e+00 -3.414990852045884928e-02 2.300002658053999505e-01
-1.916556581502260936e+00 -3.452545097553194053e-01 8.027776742845259550e-01
2.356007544519314933e+00 6.032603468338372243e-01 -8.119985690336068984e-01
3.881482691156746268e-01 2.009310132228474544e+00 -5.134737967779728907e-01
-8.087674723666062881e-01 -2.471361248000911170e-01 5.142133975350544617e-01
1.757485148318045365e-01 -2.979788643437621953e-01 -2.919076032184340641e-01
-6.701250784908613367e-01 -4.187526339378404017e-01 1.420793488563204754e+00
-4.469351140892060537e-01 5.278868207864748779e-02 2.346215565349695886e+00
-4.581497412982193373e-01 9.356306785455628106e-01 -1.073934637186466423e+00
6.280104617107955534e-01 8.439758744646670696e-02 5.940264451607726870e-02
6.391303090790596830e-02 -6.846398240634044008e-02 -7.342839602360141660e-01
-7.620024444684643516e-02 -1.420278394624473028e+00 2.187826124760708701e+00
-1.450272341781228214e+00 1.837825184489753627e-01 8.666500719208599657e-01
-2.853742590761891851e-01 1.665283739036953703e+00 -1.348747751702954245e+00
8.459159927110182498e-01 1.162169619944531496e+00 -9.341372280929551020e-02
8.548422905170510733e-01 -1.684484885631777895e-01 -1.778807046607368825e-01
1.400696905810297155e+00 -2.355994613243920455e+00 1.676407870443119563e+00
-2.240700929872053299e-02 1.380382821697959672e+00 -1.234408202219788420e+00
4.283690587750028200e+00 1.410565081852026559e+00 3.938000008151606446e-01
3.183523354439817682e-02 -1.621242620808263091e-01 -4.339335536156213591e-01
-6.218393459329484285e-01 -1.740978487762773641e+00 2.642594286982322682e-01
1.946901088563761206e+00 -1.768691006525641846e-02 -3.644153614053605716e-01
1.658918522844614329e-01 1.343482677496802280e-01 1.670984379687953547e+00
1.925209360263052949e-01 8.680304747801500520e-01 -1.320894136438864663e+00
4.955707107547705492e-01 8.111430925472756792e-01 1.032878207769464929e+00
-6.431577753298367561e-01 6.639892615141396170e-01 -4.320428955734431087e-01
-2.338797426924519862e-01 1.464540542742087226e+00 1.370937598241086963e+00
-1.518225824940167223e+00 -6.086317248674653069e-01 -1.147668536743990275e+00
1.170833046417703027e+00 -8.295283169801385137e-01 1.510415245371201642e+00
-1.370065149127114079e+00 -8.213805317139506457e-01 4.556966893251863937e-02
3.177118923688564411e-01 2.124781244670769009e+00 -8.103725466458505666e-02
-3.166766535461167931e-01 2.718939770801458877e+00 -6.426121613541865285e-01
9.648239990403416344e-02 1.089952013140658593e+00 -9.266226729340312218e-01
2.037577261571910103e+00 -7.969177274125271992e-01 4.608061277274694278e-01
8.288053884688474371e-01 1.758363539249468088e+00 8.933242305972201036e-01
1.078178588122703951e+00 -8.430475086219602066e-02 7.243409009486495576e-01
8.514378914084697048e-01 -1.593144409560522723e+00 4.996108973094824379e-01
1.683131927743175549e+00 5.108785832767521740e-01 -1.119041095914271811e+00
-5.136527364543344021e-01 1.248801920725535197e+00 -1.439404372070874238e+00
3.445418967719571235e-02 -1.105330171564505443e-01 -7.813707682507231578e-01
-1.115942415547971800e+00 1.653922260678276634e+00 4.746793091067043058e-01
-2.706302553658167742e+00 1.303270127730740580e+00 -1.083455673197878388e+00
3.778052318147184785e-01 -3.493974724229918505e-01 -9.089882852261003121e-01
-7.456934454757235819e-01 -1.444638347539749068e+00 5.640457429446412707e-01
2.925053914263224808e-01 3.036061074810951776e-01 -1.034322427692668800e-01
2.023771624801402158e+00 2.600918580032586247e-01 1.579732432614088466e+00
-3.746163543243489769e-01 1.262096102525587682e+00 2.127881735060648538e-01
-1.199125818808128158e-01 -1.837086469439448866e+00 2.620136550940538545e+00
-2.784975544810081027e-01 1.842407699931406295e+00 -2.451293494075137969e-01
-1.390235820501633038e-02 6.629229943417703774e-01 2.818087866021247834e+00
-3.626727022746233375e-01 -9.331091980997898716e-01 1.815319377442142557e+00
8.609018792493176031e-01 -8.219287878705093808e-01 -1.177716231210286235e-01
-7.169441153574366288e-01 8.611476670527073995e-02 3.985358562318505049e-01
3.827023013772818949e-01 2.570453329806621223e+00 -5.468409740935875618e-01
1.336946626883419809e+00 1.782460680503506589e+00 6.866343985359176783e-01
-1.760899654792769553e+00 4.086702617901383228e-02 -5.925648302928118172e-01
1.451899765326829961e+00 -1.844414021772808887e+00 1.876213145422454473e-02
-1.387110220022309770e+00 -9.848487264594387725e-01 4.861960020183629938e-01
-6.625219742200174622e-01 1.012099482260998329e+00 3.740761951237357719e-02
1.423704112584638803e+00 -2.146499427788574887e-01 -2.275782549625097739e-01
1.008704167238825722e+00 1.952679666824932436e+00 8.597129955156624925e-01
1.797650696624351507e+00 1.665470947658794332e+00 3.083328109796751315e-01
-1.460107562993075425e-01 2.071101227681910295e+00 -9.755297742250500226e-02
1.294570777951004947e+00 2.105685385422515932e+00 1.246308812153497231e-01
9.851648372705221757e-01 4.516140333833091880e-01 -1.412593673384360926e+00
9.401935170591743107e-01 1.260211714994356802e+00 -1.465992678326930809e+00
-1.016886975827619777e+00 3.245122827711577340e-01 4.965200831666445325e-01
1.694845718720235705e+00 2.629007371870856757e-01 3.748792821820661758e-01
4.829266018948891737e-01 -6.454674654358928398e-01 1.125662085104949695e+00
-1.400128037866488651e+00 2.360053738287319902e-01 -1.327038244456493488e-01
1.188342816324001072e+00 3.449942742718632993e-01 9.766985489421268207e-01
5.390756751987804130e-01 3.233578487648248512e+00 1.954022045792286610e-01
-2.667588317060038405e-01 -1.382852459561106917e+00 1.115470440916178863e+00
2.810235873677759066e+00 -7.019371495054205212e-01 -1.771893663964860810e-01
-3.756482412310792607e-01 2.889787163977275419e+00 -1.731910627614500653e+00
5.164276591576544284e-01 8.017143243850576306e-01 1.232441017424507956e+00
1.038867189259747636e+00 -2.613205581289307133e+00 -2.546134174496960778e+00
-6.708236422262561227e-01 -6.432524194929746530e-02 6.979179162965845062e-01
4.478490248512234095e-01 -5.943830042746016673e-01 2.968349058286808173e+00
-3.492653173121311461e-02 7.070114146333607019e-01 -8.323865222183379764e-02
-5.976857397692665330e-01 1.065748620647727352e-01 1.137438141413060544e+00
-8.501404348991636883e-01 8.737304918467769799e-01 1.177518498340071273e+00
-3.599945073117893912e-02 9.509996130199572795e-01 -1.226457699168824522e+00
-7.972306631952664757e-01 1.465657776881912122e+00 2.754322470071595141e-01
5.126452324390633475e-01 5.057080574787017335e-01 1.633485888564523369e+00
4.516651245282467531e-01 -8.901825085553830563e-01 2.231366121488637333e+00
1.497205402467600921e+00 -1.354616040442901959e+00 6.826608945908683168e-01
-8.767396696574193404e-01 -3.662584936826350224e-01 -8.233692226688913429e-01
6.021528314535264936e-01 2.012643761990377200e+00 -4.592389476209944310e-01
-2.337453507359280314e-01 1.107083331201021759e+00 -2.140854446520204402e+00
2.282546394937668310e+00 -1.869099567866054024e+00 1.030902891996031245e+00
-3.582104740269562160e-02 1.312033252797187299e-01 1.172465054649364014e+00
1.701101752151413238e-01 -1.109470881084321459e+00 5.658430157570026875e-01
1.403012723081136670e+00 -2.076481477254548569e+00 -5.653813830677489882e-01
-2.359899974928296174e-01 7.712489922344722970e-01 6.427438338993944900e-01
1.070628171337685508e+00 -8.032944923497729039e-01 3.269618085857500800e-01
-2.353280384560290983e+00 1.203216994200977386e+00 2.928681081121710106e-01
1.668893335152664248e+00 -1.766947972722116678e+00 -9.044997491488006025e-01
1.308646035824082121e+00 1.502137353874881676e+00 1.714745897058657320e+00
1.388312632925849499e+00 -5.956796681151071624e-03 -1.192134133180596800e+00
1.137157211211718089e+00 -2.927805800415027027e-01 -7.711978173002398407e-01
1.259396152922559464e+00 1.658449361261932209e+00 -1.737069992627194026e-01
4.842254743759353275e-01 -4.356800691456821362e-01 -1.402932362188577198e+00
8.494951843946394465e-01 -8.958741330713602125e-01 -7.274974684135111502e-01
1.682077861863366053e+00 3.056427408895054043e+00 7.358358799793591754e-01
1.092722138457944858e+00 1.355290105241691911e+00 4.765898814470494183e-02
-5.684980311891337790e-01 1.234250791804551994e+00 7.333036997303391535e-01
1.112480573605664436e+00 1.132589014257450843e+00 1.224119779472194303e+00
2.004490147470291639e+00 -3.373332918963576899e-01 -6.783397321404482927e-01
1.448744971239963597e+00 9.460760474186762359e-01 -5.203195122623252011e-01
2.676162878234895071e-01 1.027561442647798362e+00 -2.598821619444904862e-01
1.651534287933616563e+00 -5.164885686911294682e-01 1.909904598739110559e+00
-9.973805680833136567e-01 -2.512960728065868121e+00 2.175544253125480942e+00
1.861578249534243223e+00 2.176945635718710470e+00 4.020424936935938498e-01
3.635941063452716726e+00 4.954737462019146998e-01 -3.728029780742105337e-01
-2.376559398645242960e-01 -2.356262799692395160e-01 1.470874718963486316e+00
5.815295188587574771e-01 3.830046479686404215e-01 -1.537211952408521265e+00
-1.357607798140324951e+00 9.733093955712348588e-01 1.017203681030471429e+00
2.986019212525390376e-01 5.745630991395705989e-01 8.211306622874194883e-01
6.031179408462280511e-01 2.278838823301776451e-01 7.849918290810233845e-01
6.109762737242689923e-01 2.930461487309658608e+00 1.416861607503834275e-01
1.194378254757451296e+00 1.461940764337765764e-01 -3.703288199365225020e-01
-7.753675133165527367e-01 5.919749052771867692e-01 -1.765850778344175476e+00
2.784479123522527744e-02 1.947611485284217903e+00 -6.603781317404199269e-01
2.661930652447866072e-02 5.278695312403535178e-01 4.343084310654864444e-01
-1.005721725423863289e+00 1.474455173899532623e+00 2.798676321201551964e+00
1.871269706037933966e+00 4.899337973047649952e-01 1.710221824912300903e+00
8.881030543041771308e-01 -8.078481398723146301e-01 -7.782583090676812310e-01
1.528278057305062276e+00 5.961426961468002661e-01 -6.965542461326806878e-01
1.570300116107969934e+00 -2.170654284459314076e-01 2.146872406630946084e-01
-8.883188725492817683e-01 7.725501923422921635e-01 1.642790004913099677e+00
-1.184101709780118084e+00 -1.658186207580856220e-01 3.257870257285971904e-01
6.729785324846265793e-01 -1.818128235074641941e-01 6.579383266137426300e-01
1.549636210638407174e+00 1.017478538895496110e+00 8.322965798600440168e-01
-1.137050799452368643e+00 4.902245473178801216e-01 1.527902364231415344e+00
-2.526333421112204380e+00 -3.134012112713628895e-01 1.658919346001304751e+00
1.108488930115089817e-02 4.077051686775233774e-01 5.644881850024559000e-01
-1.280648436063806406e+00 -1.273897244557496311e+00 1.445605911881405969e+00
-1.664229601249339163e+00 6.340804054204640661e-01 1.965583050145504607e-01
1.311636135252675084e+00 4.361680411784003564e-01 9.902288514864289182e-01
2.633484240719780045e-01 -1.407305017548070136e+00 1.934410063240388222e-02
7.968468304961535686e-01 3.445870151498674483e-01 -1.726823515861565905e+00
7.605036009593152575e-03 -8.744375779566713192e-01 -1.148284611691805956e+00
-2.887203604573079119e+00 -1.619984858837542507e+00 -4.829217861381596144e-01
-1.049879864662951912e+00 4.448331230694626548e-01 1.557558388479839406e+00
-6.452011364111065461e-01 -3.386175823860490541e-01 -1.588274250497658358e+00
9.312922630958306858e-01 6.300900379815811692e-02 -2.258908870138666980e-01
6.935372745682739648e-01 2.946504421082450365e-01 -6.114396407982733983e-01
-1.787422092770444282e-01 1.073388778027908774e+00 2.718768330374538245e+00
6.055791257931703031e-02 5.607440907900962390e-01 6.793253505962185690e-01
-8.128861899531606428e-01 1.177307627407135238e+00 1.349522370937145554e+00
-1.143351118979184067e+00 -4.288395340763177521e-01 5.359098359727652028e-01
2.864428552811325357e+00 3.824159567195402065e-01 1.235949929781103629e+00
-2.243447846921798466e-02 -7.596775567951222774e-01 1.557004820661870959e+00
-7.535469440789085427e-01 7.865263828984950800e-01 -9.796497509165662532e-01
-7.106666979343521096e-01 9.192498276646446920e-01 7.693027210263861937e-01
1.153448520117644982e+00 -3.100827489865312092e-01 -1.293134327688960639e+00
1.302029631840342816e+00 -1.910611381727982394e+00 8.439041240763498486e-01
-3.092451280907738687e-01 1.481995394721950632e+00 -9.163716337533838185e-01
1.363239968748799491e-01 -1.563284275416606806e-01 7.390755214764060943e-01
1.755775917815420417e+00 -4.016391994705997837e-02 5.970349415066233956e-01
-1.885117683425992507e-01 1.585781238461901221e+00 4.128728981194360603e-01
-2.608054673526761791e-01 2.021711676901492005e+00 -3.122212149526092939e-01
2.367661371652297619e-01 -5.974606735291880799e-01 7.625336926366815815e-01
1.442207950013777440e-01 2.203936972265474470e-01 2.029743589926139347e+00
1.584669390866105809e-01 6.998858399831733301e-01 1.911758913367337526e-02
-8.236782663245855174e-01 7.034243046433585889e-02 -7.125463746497078255e-01
1.472750554453386318e+00 9.059298185238048307e-01 -7.767524370150676039e-02
-4.719782477119409680e-01 -1.474653622378768458e-01 -9.683906636617223285e-02
-8.795563596729024658e-01 4.503166773166379366e-01 7.525957379524963464e-01
1.183577295867391577e+00 -3.035094852714143032e-01 8.962551094172321875e-02
-7.302545453088330474e-01 -2.796834965262911532e-01 1.379139682811760137e+00
7.292956325424558850e-01 9.270272646097753588e-01 -4.220349720260224702e-01
1.358564203737131715e+00 -2.965246243707364560e-01 -7.168082700410670638e-01
-2.101901157407334519e+00 -1.439704738194889366e-01 -1.150785391019013559e+00
7.980443926152345213e-01 -3.914486449958671233e-01 2.986761241886815021e-02
-3.288209218953753732e-01 -2.770856018916026953e-01 2.341748463842692196e+00
1.544803776058640388e+00 -1.683618932931613132e-01 -3.984284983358975518e-01
9.378637362538361222e-01 4.198166129119255685e-01 -1.359840685297607710e+00
-7.196954820245640150e-01 4.650055305722454457e-02 5.429487249310268604e-01
1.388168732499454938e+00 9.867941346907304068e-01 3.384507439357940517e-01
3.816511150269666364e-01 1.420082151357557054e-01 1.161329383969780027e+00
2.178573079762365694e+00 -9.586622237803895663e-01 1.230215339555684295e+00
1.787804033955351812e+00 1.718464198245490016e+00 -1.759332700395413562e+00
1.277087699643058294e-01 8.698961147086863299e-01 1.616740690702333616e+00
-1.336021531908820226e+00 1.037750542925752306e+00 1.639078339217443780e-01
-9.113009635862623359e-01 1.826367994873568712e+00 -1.901222029766574950e-01
2.091459299107838732e-01 -5.415594400004348774e-01 1.509864509829903945e+00
1.762980536188691660e+00 1.537305720443034873e-01 3.599924168000253610e-01
-2.017056852229836550e-01 2.506350544363648014e-01 -3.897593968047099455e-01
1.825554204554059590e-01 1.107483352460354009e+00 6.614352881649245841e-01
7.114998575750866028e-01 5.346411079819882728e-01 -7.399155314273442308e-01
1.742825305368523869e-01 -4.452225481630451426e-02 1.113403386942068751e+00
2.886003327869094193e+00 -6.753527423308116617e-01 1.113776334337659879e+00
2.505168951813488754e+00 1.289951880165820741e+00 5.406669032747473125e-01
