-9.636976475105654139e-01 2.844006127231581971e+00 5.042881290432732477e-01
4.422005099752364110e-01 1.095100552112907355e+00 1.431617744064440645e-01
-4.316206063597976539e-01 1.835720933901557606e-01 -3.182871847143906585e-01
-7.918530732381202641e-01 7.202900761802757401e-01 -1.808098380753536405e-01
-2.222875956484624105e+00 -2.821626316514267874e+00 1.172455984424296549e+00
1.277867443462921360e+00 3.624867512277381021e-01 -8.003206972504259276e-02
2.033799966428090356e-01 -8.646852166360775582e-01 1.534704829863235975e-01
7.637728072333060947e-01 -1.352236058471668390e+00 1.515636046807258275e+00
4.566475618198243547e-01 -1.072489670713786536e+00 -8.282640219781800539e-01
-1.182931229914651494e+00 -5.603655476323093909e-01 1.188663469423081986e+00
1.571219404568109823e+00 -1.308138531299865681e+00 -6.894907210265921460e-01
3.351466783800912119e-01 1.947764600660709888e+00 2.923280021282115282e-01
7.752807130136185609e-02 5.288782024301397211e-01 -6.605507732593526304e-01
-8.412435454943602287e-02 1.317249560526531527e+00 -1.121516969628554072e+00
8.545155805689720607e-02 3.524573125222614789e-01 -1.961549552194681745e+00
5.587166289153233656e-01 -5.071419765466705920e-01 6.270868725908522734e-01
6.422574497137668592e-01 7.338499617481718529e-01 -1.528874639295677018e-01
1.968091575181624697e-01 6.907451718767216864e-01 7.626717932220836715e-01
1.187865513520363958e+00 -8.481707072106252632e-01 -3.994902857427530818e-01
9.947060156113133322e-01 4.579359871828311279e-01 1.439347772638277734e+00
4.155126151919396604e-01 5.654324386037214989e-01 2.427258012695254763e-01
-1.586213274372141324e-01 -2.091640125063176647e-01 3.153055252541989262e+00
5.762088108773031347e-01 5.604402680849753793e-01 1.145535273120909248e-01
-1.724120337700787431e-01 5.817747809048023910e-01 1.457633539232986719e-01
8.518417485950561252e-01 -2.903286143027442034e-01 -2.130520274310692130e-01
1.949640096013603330e+00 -1.457856766886055588e+00 -2.418711046753672586e-03
9.751975765961933273e-01 -6.959757865317233172e-01 8.440889933785929999e-01
-6.220652227150597069e-01 1.042631874349611243e+00 6.859656694889344486e-01
-1.968328634777538333e-01 2.363973966704443264e+00 1.296270810283584873e-01
1.699145508984400976e+00 -1.048416268580995903e+00 7.178946684257366817e-01
-3.920116707645982662e-02 -2.705427836875532455e-01 2.512431079273683920e+00
1.617741148635019888e-01 8.346845025914304550e-01 -8.580314274612887981e-02
-8.555614807546602085e-01 -8.272122601305620382e-01 -1.267944305228192237e+00
-1.924605120654414581e-01 -1.067070247463938859e+00 2.150122795666974118e-01
1.575037274734474080e+00 6.209349629020290973e-01 -9.628966076246858741e-01
1.173810842935095078e+00 -4.464478287766819320e-01 1.587307740628326913e+00
1.975664716547420374e+00 1.002464942113599156e+00 1.754934034846146407e+00
2.401963046146500247e+00 -6.347616689454338434e-02 -9.552245872347894240e-01
-1.450698494479115697e+00 1.759863569936963135e+00 5.176335877079067949e-01
7.745039667088409185e-01 1.295952219452548571e+00 8.427525098471424503e-01
4.983618059221316954e-01 -8.166328226121316591e-01 3.113117481406470155e+00
-1.121269486181327935e+00 4.530491653239597794e-01 -5.332467110659286913e-01
2.065551051623772061e+00 2.288416913631411420e-01 1.834950804057373208e+00
-2.585931711789801746e-02 1.482065918743272093e+00 -1.036763786621391681e+00
2.480727777558955349e+00 2.009026618624072835e+00 -9.955983564915991124e-01
-1.232745962165459730e+00 8.063227667901179396e-01 -2.595700505543585557e-01
5.812373388823002252e-01 6.078428710517120859e-01 -1.239006037605400845e+00
3.369954968523373728e-01 7.220615663649310179e-01 3.385003336010816710e-01
4.385403315109380473e-02 1.064942736882725116e+00 -4.579765582978264082e-01
1.336633211255133791e+00 1.011351640680062391e-01 6.496612125864017484e-01
1.016676383465223488e+00 -1.351417507977513921e+00 6.895091117252947210e-01
1.105383857348361198e+00 -1.023190022705233071e+00 -1.644772245006956846e+00
1.112547595955733826e+00 -5.752124621126791792e-01 -5.809120662168360677e-02
8.662605747286187263e-01 2.521984261934102189e+00 7.463278268397766091e-01
1.324233932325504348e+00 -1.472380629946365982e+00 -5.144127663708861764e-01
-4.371754890030568053e-01 2.974300398662137468e+00 2.693820810425753276e-01
-9.769859397514112365e-01 -2.960344359131207581e-02 1.893392904773567587e-01
1.603144127892769943e-01 4.111196380396641148e-01 2.738571901704945910e-01
1.962040414071024141e+00 -1.591719116044126858e-01 3.498029510852622148e-01
-1.417453817112749315e+00 9.363806392293135827e-01 -4.967068867276687727e-01
1.966804749204935643e+00 -1.250467743195875725e+00 -4.473911651852997551e-01
9.907059213122527686e-01 3.478719824612918288e+00 1.031272145115431416e+00
-5.740429192297776817e-01 8.000678369826875747e-01 4.951856995945846940e-02
8.143503055121408263e-01 7.982556153455023784e-01 -1.071744723316080394e+00
-1.775847799818717210e+00 4.585855495399527859e-01 -2.346463697987399843e+00
8.375421714360520298e-01 -2.684601549008495680e-01 -7.713078359800027428e-01
8.067752513839061557e-01 1.499139063467381350e+00 1.472672145607476502e-01
7.493775057718603527e-01 1.986246051382088540e+00 1.530677341645295453e+00
4.004600686389617747e-01 -1.406320643138800341e-01 1.303284415385284334e-01
-1.376396297889705522e+00 -1.232405804845343011e+00 2.101398856898439860e-01
8.622164389677116070e-01 1.913298534945065299e+00 1.605135209600364155e+00
7.980146238054504071e-01 -1.537142724147573247e+00 2.187119021277567299e+00
-3.436852371548614338e-01 -1.135447445658632315e+00 2.648863342891597306e+00
1.345609896621205781e+00 -4.977538668828109802e-01 -1.769050415956775479e-01
7.170131219860178540e-01 5.888358636831232396e-01 -1.359807408659995664e-01
7.414658175690876929e-01 4.796878460654638854e-01 1.239547600053582332e+00
9.148389325105160674e-01 5.452730745375006238e-01 -1.818815907444709390e-01
1.186336581830840231e+00 8.532246881389806692e-01 -1.150899551148359956e+00
-9.896780721260245439e-01 4.291513822218520069e-01 -1.701610947636449600e+00
-2.667066080603208156e-01 1.172550307383120272e+00 1.991903686866215661e+00
6.759473761189093155e-01 1.329646211277335510e-02 1.570093243175659570e+00
-2.413345816439704805e-03 -8.054408498697296359e-01 -1.041524700822982652e+00
-1.119004500224510146e+00 1.364686203434606115e+00 -4.449794880884108128e-01
1.987668625150277535e+00 -4.555385640381115486e-01 7.753835163316314949e-01
-7.862108574467225885e-01 9.751712458900276825e-01 7.052859402069502348e-01
2.050071773670572028e+00 7.327550235407424006e-01 2.320265073048271287e-01
-1.511356913522586387e+00 6.243174898468342726e-02 9.712732298076732773e-01
1.107750710639630931e+00 6.368923534189453450e-01 -4.173278818402967882e-01
8.079667464287680900e-01 -1.542893928757012034e+00 9.329929174457608498e-01
7.067660808126844385e-01 1.096045840904464441e+00 2.253140148153325750e+00
2.988602837808598256e-01 -7.872462325872364719e-01 6.414721845186985849e-01
-3.687857602801712376e-01 -1.219730700169649573e+00 6.222496901904721600e-01
-5.379517809762520697e-01 1.506144162620627114e+00 -5.310268613716888630e-01
1.340033507465096640e+00 -4.985717384190367918e-01 -1.067067347587484782e+00
-9.538079333994321507e-01 2.372493712848148029e+00 5.975897021522397212e-01
1.759716862872904852e-01 -5.806924504588320546e-02 7.618262054905766689e-02
7.176626020231271497e-01 7.945851978479535616e-01 1.691212074533506859e+00
-1.715238382742260703e-01 2.497558961289618740e+00 1.083830916117251159e-01
1.066628319483481135e+00 1.953949933615318990e+00 -5.336568106408926537e-01
-2.601587440081017943e-01 1.247465958125926422e+00 4.542093277945764562e-01
-5.583403578089432551e-02 -1.074410134787009863e+00 -2.535580656452296466e-02
-1.035933942099549199e-01 -5.484329204354010390e-01 2.469048410864495224e+00
5.868821066072251735e-01 1.127647456374565760e+00 -9.242365919258103135e-01
6.441613012688485185e-01 -3.523714321374594172e-01 2.505141743648083619e+00
1.673088208273005195e+00 8.902919227496310928e-01 1.105794903895547521e-01
8.074339221624660112e-01 1.716870026059137633e+00 -8.001763104446558694e-01
-3.429000473784095671e-01 4.535828078325454538e-01 2.727921971236012544e-01
-3.743827901356953924e-02 6.585651451940479628e-01 -4.264728349488764447e-01
1.386595340988431735e+00 -4.358762941088696330e-01 -4.739525193466825881e-02
-3.862737479555271580e-01 1.533897327332364835e+00 1.586156180521985037e+00
-1.114046811312343843e+00 9.068797776309639458e-01 1.304849477673533098e+00
1.352220870837497202e+00 5.278659639581956275e-02 -9.818702110041550579e-01
2.128797931612069760e-01 9.189099847040369529e-01 5.003330325354486963e-01
-7.039685373253415923e-01 1.415442493815781466e+00 5.531702454528852897e-01
-1.034621631128766595e+00 2.990253447978976631e-01 1.865937261676698711e+00
-1.063769606083880159e+00 -5.323147424610610301e-01 2.632339242444134975e+00
7.536425332881921957e-01 8.737074662344906928e-01 1.259519683180272853e+00
1.958950011139368730e-01 1.479199031219358973e-01 -4.519768269366634672e-01
8.503005075855016859e-01 -1.640992911095215945e+00 -2.959763299765748035e-01
1.601633435144015793e+00 6.081070497815203035e-01 5.099866453220796014e-01
2.258959753196224107e-01 9.181502090964290819e-01 2.317728283926253352e-01
3.525026590590273345e-01 -1.258635281906413939e+00 2.305077232904447770e-01
1.802089947606261067e+00 -2.312419138424800791e-01 1.899644985651287588e+00
-3.046177855458055417e-01 5.756750386663366248e-01 1.740411124783755481e+00
3.324938442461434995e+00 6.667492586407469668e-01 1.858927116102511379e+00
9.228205069040879005e-01 2.427794507102874810e+00 3.153285573292958222e-01
2.838896641321915215e-01 1.109013552915770973e+00 -5.728318390350670697e-01
1.469906094025988708e+00 -9.705879621504173160e-01 -1.180977421881315576e-01
2.038770531391296714e+00 -8.318604033953339583e-01 8.018351083517294420e-01
-2.212976797087462089e+00 -1.474351921372457408e+00 2.343367206989944940e+00
8.963883129142585782e-01 -1.073314886272739299e+00 8.898515149003635161e-01
7.014176123830127008e-01 1.598785021160266773e+00 9.831557565745706606e-01
1.090514499319971131e+00 -5.652596272381552600e-01 1.945527994547220363e+00
-2.411717949774689895e-01 -1.085033017347384554e+00 8.840166471907362489e-01
5.654588442090995315e-01 -8.664569704392274252e-01 -6.698165288002679851e-01
1.221670008601682067e+00 -5.674451573553903616e-01 1.714922559126486279e+00
1.051099606942021536e+00 1.226694978726194263e+00 6.178056428681971690e-01
-6.109820018287432930e-01 3.810332839909785774e-01 1.626309515889758028e+00
-6.624192013434597737e-01 1.717459887640480520e+00 2.911265611072500481e-01
-1.493306976137485087e-01 -1.260356573388358714e-01 1.107825004066079533e+00
4.322963738290293567e-01 2.019149327690203943e+00 1.220793837447711860e+00
-7.672608133595621993e-01 7.378294322306273578e-01 -2.510657965341523967e-01
1.490948836998588822e+00 1.031514483492277590e+00 1.587711177495485293e+00
-6.392654540475328773e-01 9.448264382853105436e-01 -9.661735674068200330e-01
-3.674400673954808516e-01 -7.642198421599081248e-01 2.475573931432160979e+00
5.948688716608180327e-01 -6.788334641647806311e-01 -2.733825111794829787e-01
6.735182797787894193e-01 1.805465631944912719e+00 1.620478263308444689e-01
-3.506643576284973474e-01 3.535704983480599806e-01 4.405079182468788629e-02
1.310438337962544386e+00 -2.196043066619163264e-01 -3.615436523030448601e-01
1.009025773749247235e-01 -8.543610790887256057e-01 -8.535344113420428869e-02
7.767345102841425319e-01 7.855723996772107087e-01 7.337092394058356559e-01
-1.478790406751321895e-01 7.847361595234948473e-01 -7.070533911354990320e-01
2.048678791434705992e-01 1.158170937117352084e+00 8.012646619274292892e-01
-1.162938364058049068e+00 1.402443509618685580e+00 -8.340447483406114859e-01
-5.013917394220568369e-01 1.025977073269086048e+00 1.134737812593261452e+00
1.034716630068801824e-01 9.021991565867206742e-01 -1.632631980423206564e+00
-9.405889928084393281e-01 -7.472023430385921205e-01 1.939299334027805521e+00
1.914876527319667510e+00 -1.034091175382678029e+00 -3.333873481772881009e-01
-7.085575632042221406e-01 6.919272587604290425e-01 -1.567052230361166629e-02
5.843166525924921029e-01 -1.009630022912623826e+00 1.565918521877684710e-01
-2.043314879326857403e-01 1.713446079528901489e+00 -9.418759453632036260e-01
2.521806960018744756e-03 -5.445837870414776960e-01 1.155448445673332047e+00
-1.591563106007368722e+00 1.782953240715418886e-01 1.739754792791740279e+00
-3.467035176407405328e-01 2.370439452521924562e+00 -8.608763493447272319e-01
-8.534015371151586482e-01 -8.145093652481897317e-01 1.537673497940118983e+00
-4.409461670225460206e-01 2.845541873223415008e-01 1.096391857783812762e+00
6.949588077996904367e-01 -1.176801934742984557e+00 8.733973508324803792e-01
-1.058821989853456547e+00 3.606910718358105061e-01 -8.822296665344242506e-01
2.476760925571217520e-01 1.122688325289640021e+00 -1.520964627453284645e+00
-2.031136224317600381e-01 2.349378353074505377e+00 -8.103149196282638522e-01
-1.049266290427411485e+00 6.894598073298105478e-03 4.519068150023340946e-01
9.511813885337638830e-01 -6.668669971296416026e-03 3.724610889852498774e-01
1.425557039862852093e+00 1.135738822962064631e+00 1.492459221079025955e+00
-9.813647666830490612e-01 1.321907935215931751e+00 9.299402645386866118e-01
-9.289672353261674287e-01 2.144577798166332983e+00 -3.972860367706161355e-01
-1.240256183716459959e-01 2.442489496171145191e+00 1.193032236863972972e+00
5.280942593172098798e-01 1.068523650259175950e+00 -3.113943359371306729e-01
6.466910046701060399e-02 3.356684230192953367e-01 7.336519447108452718e-01
3.071579026165828008e+00 -5.382002859614437584e-01 2.789228666986255378e-01
5.586033725717920451e-01 9.379391215481657218e-01 -4.684282433437615967e-01
2.151830254330368231e+00 4.785490976771330507e-01 9.318154240040514846e-01
-3.192133361255518054e-01 4.285882176971771429e-01 -4.626870693373726362e-01
2.126133646018043277e-01 7.533535264256983055e-01 6.391099213147055647e-01
1.230589731664253561e+00 -9.837688924096046894e-02 1.253060641208279646e+00
6.948354554695759799e-02 2.618813098463415034e+00 -1.997324678725395375e-01
2.365876480610509258e+00 -7.572558550423051926e-01 -1.287050829697638177e+00
2.483478569472492126e+00 1.361949578369174851e-01 3.699234950764239138e-01
-6.347927109301023663e-01 -2.193343743919858646e+00 1.631467587577292822e+00
-4.123485569617055257e-01 1.309495472839641295e+00 9.682500665205998058e-02
-2.466580362673792326e+00 5.180410960182227909e-01 5.969586367720579601e-01
-3.747377490959705182e-01 1.851051730333781453e-01 1.544217709995298726e+00
-3.516447678708859437e-01 -5.836524936884821546e-01 -9.132159764122746992e-01
1.042049756714079178e+00 1.976960812009834090e+00 2.664715819358046689e-01
-3.401888744418938848e-01 8.274486911842551251e-01 2.008467383561703401e-01
-5.184334444810532183e-01 -1.138884356701468592e+00 -2.077279239412293810e-01
6.223899195356640268e-01 1.639467177166186618e+00 -1.370553387166935533e+00
-9.968203485126728713e-01 -1.224343037803678619e-01 -2.571010251331071750e-01
1.227910794423288543e+00 5.416053455145697360e-01 -2.082882396370725253e+00
-2.014325047018104553e-01 -5.784681124602752966e-02 -1.166787589034945283e+00
2.427766086556264746e-01 6.930338410979033359e-01 -1.594733125491533565e+00
2.167701312995679863e-01 -1.357336621982366542e-01 9.846844472476157240e-02
-7.239531715142626389e-01 2.006705887732499249e+00 -2.265136039017855651e+00
-1.653159042725866335e-01 -5.198803341332045580e-01 1.461614590014213233e+00
-2.415455204955429203e+00 3.918132741105423422e-01 5.939346363020187036e-01
-8.852710541126040944e-01 5.836719507893126657e-01 -2.368755429095380782e-01
-1.351732342749138116e+00 -1.058736783566087691e-01 -7.158983290620857254e-02
2.937042023509303657e-01 2.486937056094467469e+00 -1.107520454990384151e-01
-4.522888629371335512e-01 1.381313187287605826e-01 8.553818916517086368e-01
2.336394368426735646e+00 8.000507916106026629e-01 2.038028354850616730e-01
-1.699693358148829825e+00 4.639229419689685496e-01 -9.447002130344778204e-01
-4.175490990778970568e-01 -6.374511384568507522e-01 6.998425365356288896e-01
2.254547563359288187e-02 -5.353900512013038959e-01 9.251488308398986282e-01
-1.848067987999295614e-01 -1.104485767567840560e+00 -2.106408336308589924e+00
-1.257981367268826034e+00 -7.305265828143215900e-01 -7.038153648664113859e-05
1.227207206136105899e+00 2.098947043942366086e+00 1.818187592359617133e+00
-1.378860085393365104e-02 -7.312548908287938021e-01 3.296265978647069383e-01
7.042228076482198729e-01 -2.072696443978786981e-02 5.709687198540500663e-01
-1.686798848746036805e+00 -2.919994646539128547e-01 1.373650657904329275e+00
9.029545375458644108e-01 4.894811693330870517e-01 9.163891375912343040e-01
-8.309569061607241514e-01 5.113940750836977189e-01 6.560540119306377260e-01
2.463759206201626972e-01 2.747591025119580088e-01 2.089289302591624153e+00
2.009588736854833080e+00 1.281415675762044071e+00 -2.141704997526187038e-01
1.621193793808768380e-01 1.725441008217274197e+00 8.979386620985317924e-01
2.589644620256789320e+00 -4.554552590249892896e-01 -1.884081055085599976e+00
2.844004652030664992e+00 -6.177862211786547819e-01 1.449623471660409280e+00
1.157965197640439259e+00 -1.329610624846862654e+00 -3.077748436742966387e-01
1.318966039458457473e+00 7.497699477032389315e-02 4.638204536937294287e-01
-3.231932664399999044e-01 -1.446971070562941719e+00 1.153499201653973349e+00
4.575153016418585517e-01 6.854885722137354920e-01 -3.076846151558776388e-01
-6.130544056115568852e-01 7.543166164667680640e-01 1.138672490535082460e+00
5.458669339134767512e-02 2.545707150830858634e+00 1.236414351265066491e+00
-2.244159929599221837e+00 -3.613709101810892999e-01 6.590908684979623899e-01
-1.259998751200310796e+00 5.374395128541652467e-01 1.466909237149638612e+00
-2.836219201634154974e+00 2.653896712631462318e+00 -1.548912160039080277e+00
-1.520203770272717803e+00 1.870234849393775045e+00 1.471144463055950924e+00
-6.423377180559780575e-02 -5.023373830295726483e-01 3.617746379890264263e-01
5.068785577104756995e-02 3.186297688457311039e-02 -1.454251272124118533e-01
8.318273401283328150e-01 -2.019409867407791381e+00 -9.427443673369961807e-02
7.852686101781140016e-01 -4.324269123862983233e-01 6.196625457903790490e-01
6.204872533346306174e-01 2.225485804433712522e-01 -7.773350498049150792e-01
1.091401489837687366e+00 1.625016332537212671e+00 7.265419817786187284e-01
-4.369582069925344037e-01 -7.023052735321217988e-01 1.095067635487972257e+00
1.131175612391856156e+00 1.749073910376125252e+00 1.522078055465335700e-01
-1.804399625320637357e+00 -6.675150719301907731e-01 6.551413196616446832e-01
8.652327262088905790e-01 6.248055205696090297e-02 1.019422288357514361e+00
-2.431757356804975859e-02 3.137011676474763977e+00 -1.296118329158392757e-01
1.511650098454057067e+00 8.527250615186279248e-01 7.129531187593612929e-01
1.191046697721777070e+00 4.892714049792915576e-01 -3.681064099248330113e-01
9.006391443812958308e-02 1.523582114016652556e+00 8.761757768822143744e-01
7.423445999729126887e-01 2.191800945251954236e+00 1.732694858395185389e-01
3.679313159978397918e-01 6.755502800689194842e-02 -8.904270628195045667e-01
1.027520739321649001e+00 -6.305363489177313596e-01 1.342509651964092221e+00
8.558048567215661429e-01 -1.023792996743662365e-02 1.790727721967716179e-01
1.294493530131398396e-01 -1.774971204253031676e+00 3.028414632893208225e+00
7.168210070702110137e-01 3.003880141919132996e-01 9.563144297588187515e-01
8.718541607814545014e-02 -7.166251977778412829e-01 2.179452991817887042e-01
1.020720271380745281e+00 -3.524361451880550500e-01 -5.781634337367425047e-01
2.463655478587228220e+00 -1.393133432124357807e+00 -1.208112918723374118e+00
7.102890233242074025e-01 1.274420246442161675e+00 -2.842377868371763761e-01
2.494543687604243498e+00 -1.941024742071703890e-01 -8.020459101853076866e-01
1.000718683553616373e+00 -2.053408759254773674e-01 1.305158401314520100e-01
2.489045730118805366e+00 -1.501941468556385439e+00 -7.299180415555186485e-01
-4.070213045872334012e-01 -2.988428450529878044e-01 8.336606075394055182e-01
2.866650140498135269e+00 -5.221844217426891976e-01 1.242767991823895191e+00
-1.218366209028879099e-01 1.019704203934817421e+00 1.701392974532669022e+00
7.071440636747825526e-01 2.011405725856405979e+00 9.944613917710908718e-03
3.127245526199165848e+00 2.575132723868781337e+00 -2.804898442847315043e-01
-1.538948832046938830e-01 -6.540464749236580833e-01 1.236669962071561102e+00
-7.306835254548924574e-01 -5.694841924110201070e-01 6.461030545195249886e-01
1.414647927250020754e+00 -2.012213832218115173e-01 -5.853770092250000223e-01
2.859359970328440581e-01 8.664843971142107693e-01 -3.933626840833456262e-01
-7.250545364205902843e-02 2.322761376003342981e+00 1.594541562791603528e+00
5.526012566933393710e-01 1.065012674914933566e+00 -1.694838897503081476e-01
-2.721399469414718664e-01 1.698544206971167148e+00 2.130448986863378025e+00
1.250973826083738416e+00 2.536409516738178382e+00 9.084449405242567277e-01
2.317398738486639687e+00 -7.144565373043123557e-01 -3.663635348473848197e-02
9.694063075738397206e-01 9.998779384706835138e-01 5.219881420944174621e-01
-5.323148984366748993e-01 1.166556181037854412e+00 -7.965883481725152260e-01
2.311661152702488564e-01 -1.381691296723376074e-02 5.555912272110032912e-01
-5.812631252506270663e-01 8.971175367364018216e-01 2.247160647143131573e+00
9.565831909052920912e-01 1.340500557667101633e+00 5.017971026109813160e-01
1.420538062020003434e+00 -7.547133721039389620e-01 3.196888361365183284e-01
3.729155952925624629e-01 -7.000945040315206813e-02 1.329151024029707084e+00
1.253407741131389724e-02 -1.266412129282605159e+00 9.808990157474098970e-01
3.794421250936912959e-01 2.559535781287624712e+00 -1.122278821889575839e+00
1.210451990754606438e-01 2.542367827029888838e-01 7.730642024491140019e-01
-6.748317023733804154e-01 3.076778660584884140e+00 1.483087383146216132e+00
-4.178437335617807280e-01 -6.084530772361824713e-01 -2.408687454725853827e-01
-5.226971523620477234e-01 -6.229273516621575135e-01 1.888890446332872619e+00
1.247704326792073104e+00 2.223607466873316063e-02 2.437573847775485802e+00
2.761746235260483240e-01 1.447800338918234342e+00 6.424589215399878483e-01
1.463986172893624316e+00 5.782706083685724696e-01 2.871842012594418847e-01
-1.203671160037194099e+00 -8.104176785802279515e-01 -1.783795787735908966e-02
-1.673226315984318591e-01 -1.382028174747579607e-01 3.630849864604199784e-01
5.388628300438826901e-01 1.047098756759840876e+00 8.460790136472529088e-01
6.077016582611272089e-01 -1.152864667719392111e+00 2.275672755459877017e+00
-1.450060679513527795e+00 1.907106932136190869e+00 3.078382498563171643e-02
6.354143558209546239e-01 7.222318889225515237e-02 7.858398094312188387e-02
1.379957401079506263e-01 1.926148619099257608e+00 -9.707567565114505470e-01
1.540308763645836354e+00 -1.267653685506317407e+00 -1.879146145139439505e-01
1.117019197762853411e+00 6.405524687602532907e-01 -4.995491262419275991e-01
4.622775667539772981e-01 7.790848855697052322e-01 2.164038722310340113e+00
4.289457310238370957e-01 1.340929899427724781e+00 1.416371504870502784e+00
9.136375249969533874e-01 -1.041628990884913897e+00 1.634726401493080017e+00
5.891020602623810998e-01 -1.347081110809742244e+00 -8.914258584299893373e-01
-1.862716206375282235e-01 1.823542818395045728e+00 1.391514677703174829e+00
-2.016848720622561597e+00 -1.181874132604751493e+00 1.136527198983360298e+00
1.259437514023707294e+00 -4.803788963674652801e-01 -1.946186558012117651e-01
1.799621318819722759e+00 7.203316760096605265e-01 -5.391090228201113055e-01
-1.959889603408958569e-01 -7.546593341019693923e-01 -4.576997851015847107e-01
2.663678983002252032e+00 -1.076044963968993295e+00 -4.939062343794603516e-02
1.773872004056801899e+00 2.505010410501837259e-01 9.205657273614600289e-01
-3.135252896800438949e-01 -6.657275023888280518e-01 -1.485677891982816856e+00
7.301601015183798449e-01 2.388623980139617409e+00 2.186162059542637870e+00
-3.397678502200765505e-01 1.444797078342547669e+00 9.054059056975948261e-01
3.330203940838362131e-01 1.576730639578717064e+00 2.089727889855069520e+00
4.358764698186735065e-01 1.198756276830492240e+00 2.384415298669497474e-01
1.588312405503011338e+00 3.031945824768804254e+00 -5.568800903094762722e-01
4.276008305307189561e-01 -2.232573356151609789e-01 -9.739824750413667021e-01
-6.440394704973659845e-01 -4.804848786400873761e-01 -2.168283399605273054e-01
1.566299143926360493e+00 7.920145176184729685e-01 -4.907077116339341183e-01
2.417618875770775194e-02 1.720079951644169824e+00 -7.366488824845041083e-01
1.250881630260988420e+00 1.272522097599867896e+00 4.350868265471147245e-02
8.312214941083633235e-01 2.641405091243601344e+00 2.749108023898191866e-01
8.854349939797539343e-03 1.091481112333910541e+00 4.013249413945905730e-01
7.689310881485051929e-01 -7.471551692628713992e-01 1.661846070903244765e+00
1.389353393741423082e+00 2.016119226216747773e+00 7.160317586222640640e-02
1.129099739583854900e+00 -1.813884593296069880e+00 -2.709886701111575147e-01
-6.964159685069327699e-01 -7.335878673325675337e-01 8.852563544334476342e-01
6.667331163519892856e-01 -1.145751172655790961e+00 2.384757465004815558e+00
3.861878441495348313e-01 2.138964155242897736e+00 -8.613970589411836798e-01
2.912724547378514828e+00 -7.764442298577555190e-01 -4.595340241980296891e-01
-9.333506374484200618e-01 9.953569204814345373e-01 6.378536149414402168e-01
1.365633376219297368e-01 -8.402120138085672485e-02 2.634198542398910603e-01
2.496697126319631088e-01 1.800157904669203113e+00 -1.397133242899717409e+00
9.484436562578431040e-01 -5.989648637430624589e-01 -3.357938279712583407e-01
2.716855844495852379e-01 2.907028775085995220e-01 1.027805463438558942e+00
8.861664889648641630e-01 2.886961931576834672e-01 -9.522573362698606436e-01
-6.262900075449050474e-01 5.669830139880933650e-01 -1.049039054152291373e+00
9.775099538660767529e-01 2.009060416285580075e+00 4.069881498208701709e-01
-1.637770669303641569e+00 -7.239310873061157725e-01 6.390639370107173978e-01
1.054332291582166459e+00 6.926219224938997936e-03 6.676802592557687932e-01
2.945751802916042106e+00 1.192135728887335988e+00 8.303166006299654844e-01
3.141168340849186946e-01 7.777725297585036390e-01 9.407794560443853982e-01
-3.306764724363511765e-01 2.552669222597933052e-01 5.863693778748220176e-01
1.341469684597384138e+00 -1.092789902716055694e+00 -7.513015789499570829e-01
2.470943001163941943e+00 -1.215286142092494859e-02 4.489913219075373774e-01
3.733052385944932716e-01 1.379116573523776701e+00 1.552154544147948734e+00
8.914414705207336642e-02 1.342771509889565618e+00 -5.102876427766643852e-01
7.670178057924701420e-01 8.883521019579442290e-01 4.272245210063589926e-01
1.155083291043582511e-01 -8.062456332639380552e-01 2.172612846722710156e+00
3.639056420367045019e-01 9.921891440043381083e-01 1.073717783619377419e+00
-1.199047062519494888e+00 -5.622846761861259868e-01 1.647123033811239257e+00
-1.142808414277618700e+00 1.351392400268081495e+00 7.610212929848287899e-01
-8.232460335893610273e-03 2.293846852198111463e+00 -2.645552834555193328e-02
4.958611311220079698e-01 2.337689692443837064e+00 3.146421726800572305e+00
-1.145267880735898913e+00 -9.811045414312493662e-01 6.944438946851015926e-01
-4.074958111802988725e-01 -1.081980824454908285e+00 8.623471933037557546e-01
1.039447974357307736e+00 5.190149606528740023e-01 1.278953270198868175e-01
-8.828503072467005497e-01 1.545640074014190235e+00 8.888822767322980267e-01
5.352307008107040076e-01 4.543069917371709288e-01 -3.309979095075491484e-01
6.730162546426864401e-01 2.611310261414686362e+00 1.376269537235549123e+00
6.405347157000623737e-02 1.183527807613533822e+00 1.439118948571053158e+00
-7.858229380966748057e-01 -3.858519979994943783e-01 -3.244430177691539630e-01
1.002674084001008437e+00 -4.387187916924641939e-01 1.269457195064929378e+00
-1.950812509322762178e+00 7.747670429298815220e-01 2.325841635473503199e+00
2.548463038518554491e+00 3.548206189162221857e-01 -1.024661427728811081e+00
4.029287435733125422e-01 5.597171575476717065e-01 9.282392849740561669e-01
8.612914403538806107e-01 7.761993210352549077e-01 1.134660038234153179e+00
-7.615659826712389835e-01 2.955101500118652247e+00 -6.846167898943930075e-01
5.373456662280198248e-01 -8.735396087747035465e-02 -1.733937495949134100e-01
1.283719550462480763e+00 1.698735586754504423e+00 5.821193413325388422e-01
6.997218944169333321e-01 1.579447881060894510e+00 1.263228861270058179e-01
7.259879600177066017e-01 2.260811382048799612e+00 8.652741370272025723e-01
-1.604076057333824606e-03 1.350471513407157431e+00 -6.542676903166034785e-01
-4.892162759420701779e-01 -1.602578062974467921e+00 1.800351674790100720e+00
-2.564061511333210475e-01 1.230735707548274327e+00 8.724572611656008503e-01
6.981842742147861269e-01 1.190925956979200784e-01 3.603315680653895736e-01
1.325695192888949769e+00 2.642532041269843202e+00 4.447537239712975321e-01
1.091622793647135214e+00 -4.631013344432972634e-01 -7.374680416834775709e-01
2.009929529662233261e+00 -8.237491601363466920e-01 1.211976552261205153e+00
1.464462074414708326e+00 -7.858900532920535253e-01 -6.011052415562081475e-01
-7.144165168644356356e-02 -3.134900899806480901e-01 -1.131330562562389286e+00
-1.426433296414993723e+00 7.641457571768754675e-02 -1.415866096784483386e+00
1.056983301161811273e-01 6.970124133763246910e-01 1.752511876066862762e+00
1.143118252861794915e+00 1.777522273935810748e+00 -9.575499451824375230e-01
2.365612479922107880e+00 -9.846550000344069797e-01 1.129377687633832256e-01
2.344480491279894885e+00 8.798139147669563620e-01 1.177986420958351266e+00
6.346856593079484021e-01 1.109979525467943873e+00 3.806748900753474385e-01
5.465655892928419357e-01 1.754308315404863761e+00 8.144790967488290123e-01
-1.233747957470590073e+00 -4.654024832305683756e-02 2.181174991015408349e+00
1.702870990260266781e+00 -5.673671729926214047e-01 2.212511342818232141e+00
-1.886431009891119739e-02 1.984582993699594233e+00 1.410127995988353256e+00
-1.826389278099572744e-01 6.495606634915492006e-02 1.235349471046372827e+00
1.943597004483262003e+00 1.798011869403253193e-01 -3.313304795897292210e-01
1.314246865792711549e+00 -2.003365372505045983e+00 -4.640173677878642877e-01
1.680743050136169980e+00 1.068501923897638095e+00 1.525926543809132119e-01
6.101497247664847690e-01 1.961471500965635828e-01 -2.014495631385363472e-01
7.747654011858835510e-01 5.329969883379697126e-01 -1.001375361678657150e+00
2.953975335904148736e-01 3.801389493108863205e-01 1.506725599445145392e+00
2.425859897167191304e-01 4.060050640894563578e-02 5.196845304935671789e-02
-6.266371707386431122e-01 2.716567503844511844e+00 1.979139795821707182e-01
-1.132535989240503804e+00 -8.043158976288475870e-01 -1.216304651406592940e+00
2.712677723044190969e+00 9.618243840409378409e-01 -9.624321806491659137e-01
-7.970767524306973106e-01 1.055935123477937720e+00 -3.169923328172928878e-01
3.444880625640706073e-01 2.581728683844472627e+00 -9.966072036150520619e-01
1.299817816258944880e+00 2.731209777202988076e-01 -8.201914165575237003e-01
9.658339856626940723e-01 5.115045463088373490e-01 1.307642417713628546e+00
-3.043344068577918726e+00 1.470387131290105606e-02 2.327303799442587362e+00
1.247394688258637085e+00 1.052743409508811734e+00 2.723638853402315374e-01
-1.601030600283268879e-01 7.536314254431593085e-01 1.767238221644356955e+00
1.142071904855865183e+00 2.555504102974728298e+00 -1.458143506250176857e+00
7.396248815677548549e-01 -1.140727835500816800e+00 1.481854732132840358e+00
-3.030764925219789907e-01 -1.108100505515667189e+00 1.582797707967949830e+00
1.432811044585571292e+00 -2.753399081682117999e-01 3.216421224606542117e-01
2.189035423113524281e+00 2.795483273500931620e+00 -4.413369079091532254e-02
-7.291503192421019408e-01 1.706340088328324400e+00 1.465281876295727592e+00
1.007224175773789199e+00 7.762379842603845947e-01 -8.716766707486662824e-01
-9.764661403209179413e-01 -1.595756764165321556e-02 3.234115973960441925e-01
1.593954467171000644e+00 -1.081523308790412363e+00 2.500356485273659904e-02
-1.060519608028326122e+00 1.359284764944687307e+00 9.080966063419783074e-01
1.956239019355840325e+00 -4.406209226785351429e-01 1.485484522948125941e+00
1.278151258443922966e+00 3.696092993182814035e-01 -2.306642830332911842e+00
-1.195655874525288209e-01 -1.806662209494589444e+00 3.676505993685845741e-01
-1.054240163871578595e+00 5.618846370633582277e-01 1.487769713289741613e+00
-1.028698058066502163e+00 2.762053940316436806e-01 2.420834933640481967e+00
-3.933184833789714341e-02 -4.380118138311948073e-01 1.637137480045481319e-01
1.861340966454202439e-01 -1.741814451378208839e-01 -2.491497831779411753e-01
2.362437636087114656e-01 -2.038844372959405238e-01 4.455612079505728573e-01
-9.800984113959598787e-01 1.197184969279361466e+00 1.178529721723654999e+00
2.253445390866612108e+00 3.888000319564320906e-01 -5.379328101018147068e-01
-6.601349785281361848e-01 2.668177873525385824e-01 1.457441071891908635e+00
1.907751819888690303e-01 2.999810678139667175e+00 -6.345147790148345512e-01
-7.624347595589662241e-01 3.567540428975379263e-01 -1.230534517944612993e+00
1.828922019690578882e+00 -6.083556152813491824e-01 -2.198058652234838317e-02
-9.347225586184979562e-01 6.841665103190049946e-01 2.314836371441256979e+00
-1.993085619013538645e+00 -1.591933564237006715e+00 7.906146280301586948e-01
1.560322857246270178e+00 1.024673109034595297e+00 -1.269627429550092446e+00
1.370736963179909314e-03 -3.690089823083063381e-02 1.309048920617734924e+00
1.355014661399981613e+00 -6.092188493002226313e-01 -9.038678154957806576e-01
-7.505119369887576219e-01 8.785647618440954876e-01 1.721737954186073338e+00
-7.022389287120615053e-01 1.784307210119001175e+00 2.036742102746360139e+00
6.184482887237436888e-01 1.195256116873956165e+00 -1.254320066178046533e-01
-2.884616515037948581e+00 9.429211093600629034e-01 3.071405739942911217e-01
-6.876185561007125413e-01 1.569089782971343050e+00 -8.965202380519310399e-01
-1.685482912738460182e-01 1.379736897201258472e+00 6.422505426494283798e-01
-5.425017261351690046e-01 -3.747236033432978924e-02 2.066330268257110803e-01
9.009539001124500235e-01 4.126168029186858682e-02 5.470240400047523543e-01
1.063143337598359967e-01 -5.613084008062058095e-01 8.180748702736209133e-01
-7.590089095189588297e-01 1.012346812787846551e+00 -1.317363579390197437e+00
3.293853035589967559e-01 1.190214323343867342e+00 1.060886978050161078e+00
-9.847958794768219004e-01 2.242304568712369939e-01 4.174366349129563503e-01
8.019854854379770970e-01 3.004659520203832646e+00 -4.011136133854129038e-01
1.638912402301631044e+00 2.267397046418794804e-01 3.026913618690298402e-01
-6.037768615487498075e-02 -5.765122212353596121e-01 -1.329951504396519990e+00
-4.148376767346457217e-01 7.305325569659215645e-01 -1.187151365603018371e+00
9.498942621849960632e-01 8.762110471931311428e-01 -8.380497061457083952e-01
-3.635327863026804190e-02 -1.127610568333440755e+00 -1.105047255712070520e+00
5.868827772907445617e-01 1.000341745987957109e+00 3.443650097295273271e-01
1.222290339273377047e+00 2.517945418127018886e+00 6.632290371757182390e-02
-1.068952207965497614e+00 -6.220026140882414234e-01 1.466668904489666359e+00
-3.875208977602131455e-01 7.012957581139387386e-01 1.573359596891825474e+00
-4.382283772142793188e-01 6.718349538909869079e-01 2.340335383095018873e+00
4.151660394845041457e-01 -9.579293441888665495e-01 -8.570036419203077571e-01
1.762716677597839565e+00 -1.202972647142566576e+00 -1.793067532796855046e+00
-1.283015349263654015e+00 2.565783841424928990e-01 1.077637458633795342e+00
-1.357291494279558197e+00 1.621534269973983478e-01 1.192350454073605182e+00
-4.079512109970992451e-01 -1.347102564257895541e+00 1.093017559083936829e+00
5.519283571525843701e-01 -3.404419335769581223e-01 8.283499186380075541e-01
-4.061409380371326927e-01 2.430735992288329594e+00 6.992464908568674087e-01
1.593604784878260183e+00 9.056438377797080275e-01 -1.703208643277700496e+00
2.384780272970043580e+00 3.449329844628745145e-01 -9.241522035990179518e-01
7.693479621628575293e-02 -9.109789751097845389e-01 5.375251068459545589e-01
-1.168754275784445351e+00 -1.065518604137725006e-01 2.031874465777740113e+00
1.710292473827268456e-02 2.296329336536044874e-01 1.065014956357597020e+00
6.148234459289330517e-02 1.140373119986793471e+00 -1.457951347498685379e+00
-6.034957418966262477e-01 1.026385524233192292e+00 7.736386846635064929e-01
1.572745712758917058e+00 1.840202334719787558e+00 2.901488585578645280e-02
-2.636490079329304459e-01 2.769098140462485702e+00 9.226127582116138148e-01
1.601445295776629862e+00 -9.041860139367541294e-01 -1.015477811728348501e+00
2.452081998761781456e-01 2.929946964491021988e-01 1.477595528836518346e+00
6.112052527274002278e-01 -6.752115153628681643e-01 -2.673910813454644098e-01
2.824583870976662969e-01 -9.719794851044343265e-01 1.145936046605254832e+00
-7.572301258045042172e-01 1.979273257310643297e+00 -8.381367577384677414e-01
4.056537034891561921e-01 -1.915621873368608397e-01 -8.690470902098929029e-01
-5.933568612576342050e-01 2.261907004565651746e+00 -3.237989654203911050e-01
5.031596921395828925e-01 7.004271694224090128e-01 1.691851050520181365e+00
3.262105553716924122e-01 2.086150071726221855e-01 3.214943600750250763e-01
-3.736631615494512282e-02 9.564243398755538639e-01 2.291481073094882692e+00
-4.022887193220636703e-02 2.913936982512006432e-02 -5.345128786421567968e-01
2.141339820847742992e+00 1.009126978328871577e-01 9.472508257957755751e-01
1.710577453454193098e+00 -7.940648652400911223e-01 2.070436478297186245e-01
-1.384603564483904092e+00 -1.731349976259278112e+00 2.409912026208125724e+00
-1.653973954476773756e+00 6.768679888871831363e-01 9.832210899282495253e-01
1.844354269357495024e+00 3.725498724785963334e-01 -1.867842189272933551e+00
7.116655983788703344e-01 1.184521365112002789e+00 -3.635060643497873833e-01
-4.882932254602134758e-01 9.383840929384050789e-01 2.120928192609595531e+00
-4.053571275475202351e-01 -8.918410351292815896e-02 -1.507631046717473833e+00
1.441938854665228309e+00 -4.859886393581608344e-01 -2.946404660944094367e+00
-1.921318960732875114e-01 -4.789026797832910964e-01 -5.322197312819332282e-02
