5.803878844099980006e-01 -6.024819666927458961e-01 3.909954398460917524e+00
-7.017737859283479374e-01 1.739686728455625442e+00 -7.257359429931377059e-01
2.037773978296096189e+00 -2.057496142505109038e+00 8.075456558754121605e-01
7.998593559721743906e-01 2.697837066556972641e+00 1.753549703672616367e-01
-6.131014357400950132e-01 1.334998019283502479e+00 9.429134776697691844e-01
8.106930841643664731e-01 4.586746589899874382e-01 1.949504825182857282e-01
6.041616541495586912e-02 -3.529073866311631669e-01 -1.138937048874376856e+00
8.103474041607302558e-01 4.776695514513299989e-01 2.773466395294311937e+00
-8.046755140431860465e-01 -1.639447847057398988e+00 7.193975384319345467e-02
-2.013953921815313297e+00 -5.883053193323051211e-01 5.905973770536161460e-01
8.380129616264876402e-01 1.122920163210033628e+00 -2.085089137654011493e-01
-5.113485616777089238e-01 1.414417122878278255e+00 -7.151508112163343922e-01
-2.380318874315416333e-01 1.732892793971207990e+00 -3.251955618869865616e-01
4.394476175185819677e-01 5.844795098175977754e-01 1.300545159622605196e+00
1.316969811435624305e+00 -1.907857724195050952e+00 -3.600788023579652442e-01
2.179271808602079918e+00 -6.472617412908290291e-01 1.855506136367522041e+00
-7.650288831443918802e-02 2.503102509950484666e+00 -1.283271505046322591e+00
4.330418809812331959e-01 4.915304307800426042e-01 4.574533108851711605e-01
1.489179903708240105e-01 -1.036950148061276611e+00 1.302611054494064113e+00
-1.280744084809068761e+00 6.318080207116011371e-01 3.120747237357799797e+00
9.307520474790828002e-01 -1.142451460633424842e+00 -6.512655854385763776e-01
-1.693122913228444493e-01 3.118490575020603783e-01 2.869103371419310378e+00
1.608166003129000154e+00 -2.402038218704286368e-02 1.112928569017319846e+00
1.115532392407803330e+00 -1.066384946845999604e+00 -5.357266563462663722e-01
1.644608683204379584e+00 -4.766467598713278742e-01 1.015035313267617756e+00
1.064082949090296326e+00 -2.343542321276871565e+00 2.314988731338819328e+00
-2.108317778297769785e+00 -3.209681592212807466e-01 1.247495615013904713e+00
-1.179382839913872605e+00 -1.438357988764618067e+00 8.731225221754345123e-01
1.282872010029164178e+00 5.755924231587599138e-01 1.441501483865477828e+00
6.294493599066330880e-02 5.244797309889820403e-01 -4.452981019536133567e-01
2.955568587232014766e-01 7.878791015948425347e-01 -9.181404962817641957e-01
1.222890104556775936e+00 7.534003711256852531e-01 -7.417039979017526763e-01
1.731935589279967047e-01 -8.413198784951858578e-02 1.591871991279013576e+00
-3.473645476942080479e-01 1.980183930262492620e+00 -6.583284378140558113e-01
-2.743490496017545466e-01 -1.103049879583985815e+00 4.540817513668622407e-01
-1.343152945016057864e-01 5.684107496372715618e-01 8.629796757744103708e-01
1.243605557465970124e+00 -5.549032235541214719e-01 -9.632860239133116120e-02
-2.551685709466957608e-01 5.115557787950547608e-01 2.319664544033770565e-02
1.899387024921774136e+00 2.027716104178696188e+00 1.188705369827957492e+00
1.723698553790169674e+00 1.807602132400649264e+00 7.433341055270885622e-01
9.384302700665259067e-02 2.523634171966766537e-01 -4.311386412261130618e-01
1.432066791676440243e+00 -1.529553034725863736e-01 -2.646780869201590392e-01
-1.575562173024619206e+00 3.211284705172513521e-01 -5.204309120399691624e-01
-3.486669902859368952e-01 -2.746485585243268468e-01 2.862953110627592945e-01
-7.943467018759395870e-01 -1.610802154262910152e-02 8.232133948501136889e-01
-8.959057408592538962e-01 1.979029592561619075e-02 -3.072193609691804550e-01
1.465049071032003436e+00 8.796532108712400433e-01 -1.194840840624627754e-01
1.529809702621185430e+00 7.661272772606371184e-01 1.215967980131315684e+00
-1.078425575376030926e-01 -9.523488998213522905e-01 1.874448928508460011e+00
-9.970938942698118201e-02 3.424433822424967078e-01 -3.347516984089372594e-01
1.234220663644454152e+00 -1.175914663762685386e+00 -4.645229311322767174e-01
1.570874809711107822e+00 3.088753185990470995e-01 -1.182590756112940289e+00
2.370959934107920830e+00 -7.610188257919057175e-01 -1.512399065449004411e-02
2.237641472982470348e-01 -3.503842512887485328e-02 -3.859609364089513495e-01
1.506042107161426502e+00 2.015435380847438174e-01 3.030064040650218837e-01
3.126473636567322911e-01 1.466898419192715464e+00 1.606770176002328299e+00
1.239947176668952711e+00 3.960688703061106541e-01 -1.057475968749013173e+00
-3.733586293849870952e-01 -1.580352778012936277e+00 1.426592421612527639e+00
1.070927719798986377e+00 -1.242197166407180697e+00 5.589773981309392736e-01
1.415384883936373628e+00 1.067292292231353246e-01 1.061387390468827574e+00
-1.234411575672315520e+00 2.519562387368668777e+00 -2.323334478126850566e+00
5.945634733856767218e-01 -1.245092787775750054e+00 -1.468332320658008339e+00
-2.778479618003977247e-01 1.187930771394394069e+00 -1.241552712506522882e+00
2.928499599617089277e-01 1.325755300231393097e+00 2.678080203951081373e+00
-5.745718619973070318e-01 6.969841781951202631e-01 1.361459836831379278e+00
-3.297728546963157870e-01 1.573395811712965664e-01 1.422441120436822803e+00
-1.679067253351126165e+00 -2.486986296176726674e-01 1.285595322941571084e+00
1.837154391552975774e+00 2.009101104628069068e-01 -3.761439741807811044e-01
6.535719308511406256e-01 2.443555634755406381e+00 -1.217599919559690713e+00
3.737801593751912232e+00 -1.401769366800051930e+00 9.880355745694917591e-01
-1.009588175913685507e-02 1.253837575036112151e+00 -1.358634135753096217e-01
-3.696928690284238816e-02 2.412746290981885977e+00 8.787876233153085748e-01
-1.704094800196771953e+00 -3.918878369510001569e-01 4.481020220864594950e-01
6.281823490315496805e-02 6.598602726720711464e-01 2.074894222853954862e+00
8.658826508522242671e-01 3.101667052366111843e+00 6.325262533140817434e-01
-9.994730146076491462e-01 3.169489322266888287e+00 -4.683905358443609113e-01
-1.030233612701795032e+00 6.137771374841400895e-01 -6.266487223242976912e-01
-9.138242962088987120e-01 3.190233129285316993e-01 -2.139331474112505127e+00
-9.879246873232938597e-03 -8.212153865583124990e-01 5.047238924419652495e-01
-3.118759425930031082e-01 -1.291936693787550494e+00 -2.995896163706811000e-01
-1.318545818217238041e+00 1.126168959672678271e+00 -1.652581466427833989e+00
9.567535481415466794e-03 -4.003415770435278520e-01 -4.839228894515061885e-01
1.295384039598930781e-01 6.107223720272162426e-01 1.832606479430014534e-01
1.736237605371550474e+00 3.164877564367071794e-01 3.771601976366430464e-01
9.489081136339378997e-01 -2.024836533694475138e-01 -3.404290635731077597e-01
-1.111575556271558129e+00 2.072788646105428789e+00 -1.099772134770396592e+00
-8.215927915384324542e-01 5.451038230932108153e-01 1.452933139390544803e-01
6.652731258348584253e-01 -2.586511134318920657e+00 3.705424158275396618e-01
7.544567235791177495e-01 9.417306922502858280e-01 8.457890235801355239e-01
1.461208128681569240e+00 1.948227111147308399e+00 -7.406884427313248365e-01
2.743159332320795674e+00 -3.677113865498579104e-01 -2.359123741942702190e-01
-5.954026182491973795e-01 -1.176588013622453355e+00 3.878569359858456966e-01
3.055155070129452755e-01 -9.071970994342609673e-01 2.289226545498951992e+00
-7.483343422509747267e-01 7.164301378168943524e-01 9.748933872560867631e-01
-1.213008367194888804e+00 1.140715372285726614e+00 1.808691201842160812e+00
1.640517814448210654e+00 1.051660085314801707e+00 2.817033044721506840e+00
-7.995808075323616038e-01 4.045284026204942762e-01 2.605658226887403450e-01
4.287183164305140570e-01 6.391198086432299252e-01 2.282204673812555651e-01
2.375104961973387940e+00 3.537150096962015655e-01 -1.903041224438615453e+00
7.514375577338303636e-01 -5.874495011093245900e-01 -3.293291784247397991e-01
