2.873682187900486351e+00 -1.481068984717267556e+00 1.019264319961485699e+00
-2.505273678961125849e+00 9.150544222590921706e-01 -2.521663656839367995e+00
2.305602844240516314e-01 -8.639387434118330766e-01 2.990822476704461941e-02
-6.430549630102436742e-01 -2.402066165523830676e-01 -8.398791242837496673e-01
-8.741993156043145197e-01 6.342052527376551563e-01 4.540461575585186260e-01
-2.665193478979400177e-01 1.028753557016504283e+00 1.049286504351710114e+00
-1.590201139494018090e+00 1.230640809216792197e+00 -2.036565271291254087e-01
8.923695852077790924e-01 1.217052888479781547e+00 6.107534727096419758e-02
8.965684171170269501e-01 1.837323625334677857e+00 -6.375173352246781278e-01
-2.977047952192490854e-02 -2.629881578266035635e-01 1.522917390897353007e+00
-3.961115528586668932e-01 -2.018047891637153590e-02 4.898708006606143639e-02
9.154619906480276903e-01 7.148912496781258952e-01 -1.201431216004826830e+00
-5.541688105785982366e-01 -8.115765323432344580e-01 1.555908874297208880e-02
1.473582450269772082e+00 1.526074163885836832e+00 2.087870379413836464e-01
-1.163805971576448828e+00 7.958378624521339484e-02 8.244629990827648802e-01
-5.396218445707759992e-01 7.189718589009348459e-01 -2.274056482557521019e-01
-6.159639150514987227e-01 -9.046273943414044894e-01 8.479569459212978888e-01
1.756990538195162543e-01 8.508355055451921611e-02 2.227333227170286145e-01
7.864584036365125375e-01 9.862800304003517260e-01 3.096165888839769398e+00
5.782285641485951366e-01 -1.452750505254697844e+00 2.058287349110644371e+00
-2.066699442269059606e-01 1.651660938542474755e+00 8.802716668760672825e-01
9.129576210808587611e-02 5.262857809670756781e-01 -2.759962625671048553e-01
9.944544667772667879e-01 -1.820326501327545365e+00 -1.079666499044584560e+00
1.768496845704867981e+00 4.311478710480677323e-01 -1.555813353731005488e+00
1.825031964132016515e+00 -1.229875925634196093e-01 1.413665873092471603e+00
1.049906013721000758e-01 1.523556250441671089e-02 4.884518547110147657e-01
-2.579181428842092227e-01 -5.013808794218954645e-01 7.683492254856562065e-01
-1.178007717553585021e+00 -3.511827906818554279e-01 2.976130932256007000e-01
-5.501410948907349274e-01 -8.030947214116095356e-01 2.598267354022423703e+00
9.308140962360093029e-01 2.398663861770121419e-01 1.877360700799664550e-01
1.397476916608851871e+00 -1.087274517911843708e+00 1.654910981300201867e+00
1.548751099829967504e-01 6.278481122799474123e-01 -7.622616526377029578e-01
-7.903242975803926873e-01 -1.099011627160624421e-01 2.425960895965776132e+00
1.356981646340010839e+00 1.181975416273866486e+00 1.618974527097956972e+00
1.736441593530557270e+00 -7.638526912079371400e-02 -2.305342649088428786e-01
8.410995443611477551e-01 -8.057639535474760972e-01 1.030270987949312156e+00
4.538139928042637106e-01 -3.969979660489617035e-02 1.000124283246394352e+00
2.641462785301015304e-01 5.537528273860911066e-01 1.089350341459575322e+00
-7.670368808021073015e-01 1.184712009242373743e+00 9.993646211551857617e-01
5.046462992980802476e-01 -5.700846590001913405e-01 -1.518143523510075144e-01
1.823955053532030135e+00 5.361638048029350179e-01 1.492846239091824567e-02
-1.254355054882407838e+00 5.405965979761132578e-01 1.657723304323938385e-01
7.105412997139817222e-01 1.419700288245191455e+00 6.747361797208084599e-01
5.340958848089953914e-01 -2.998504599479374089e-01 -1.197175845986049092e+00
1.507224017858291853e+00 8.001642415587900681e-01 -1.457288057799192571e-01
8.054514908917339566e-01 4.020348071019657632e-01 2.137386294912582974e-01
6.213858314282907358e-01 3.856862228634633238e-01 -1.007950235569986086e+00
6.223177412962006827e-02 6.001822665988620908e-01 1.137444820333602502e+00
2.132422850012597459e-01 -2.018252305118453993e+00 2.260605620433141283e+00
7.026213035735726642e-01 8.384108534454672856e-01 6.592131987784705105e-01
-4.671705080974175028e-01 6.703573112516774124e-01 1.751742300489173010e-01
-6.290955319239218690e-01 2.225654860975449623e+00 -5.341897794457539650e-01
2.026016948604950851e+00 1.267788800043798014e+00 3.425750284315549621e-01
2.244453682494382540e-01 -1.074427054096868950e-01 1.728285661996519451e+00
1.016144044259585044e+00 1.879564347847363648e-01 9.823821071463708643e-01
8.156019566524201903e-01 -8.250373394757813950e-01 -4.332591516877399851e-01
4.281988341696021938e-01 1.667225797410569910e-03 8.419978081415541160e-01
8.809797237307194218e-01 2.019746588360394668e+00 1.179709399093595179e+00
-1.455563579853766942e+00 -6.187195209699634102e-01 5.865279685326518777e-02
1.312811230521247374e+00 5.280188780030520279e-01 9.724095232233350705e-01
-2.513587725054462485e+00 2.471213509998423596e+00 -1.182633958279836639e+00
5.260410293588257957e-04 -5.429312403470198944e-01 -1.005483212612476654e-02
9.335689030027005675e-01 4.590064827058588093e-01 -1.574884388619531395e+00
-2.134695132497938186e+00 1.354290490894026533e+00 1.689859577403817870e+00
-2.565780671518894107e-01 1.071371337721320982e+00 -8.376261983706602132e-01
1.299859519527533314e+00 7.645636968836637681e-01 -3.715635268944883496e-01
1.228104808785702939e+00 1.533625596214343467e+00 9.602939369133932646e-01
-8.955388961470566178e-01 -6.643182667902136629e-02 9.794604722796625973e-01
-1.407256074297509318e+00 1.241482250705013612e+00 8.532304700653151608e-01
-1.356990776196191462e+00 -5.056878286951890233e-01 9.272880440754207587e-01
-1.195564890239844136e-01 7.276465711575395012e-01 -4.630497574891453416e-01
1.112889633135418332e+00 1.038486140085955078e+00 1.012122242743215494e+00
1.301047533763810771e+00 -4.145082172403572462e-01 3.220248389678015410e-01
1.862813599711237611e+00 1.161764630594429804e+00 1.727278899282696234e-01
2.463517213634436764e+00 -8.291586470304065370e-01 2.797656765770388798e-01
1.080307628887556826e+00 2.915364797062953151e-01 4.333451363286128233e-01
6.440630622220111512e-01 -8.269474224433382981e-01 -4.225350676220892554e-01
-5.443325362468984796e-01 -1.285165211328454626e+00 1.373828671881732966e+00
8.710129999280025528e-03 1.948083128161499644e+00 3.904566972697381400e-01
-9.406747012870432245e-01 2.437965982723394376e+00 5.682152655818235587e-01
1.258716231968253441e+00 4.679992162278173162e-01 2.880251330528525999e-01
-5.107181302639752368e-02 1.488943217098653848e+00 1.259823236686736125e+00
-5.425026450539401912e-01 -2.827645913263844846e-01 1.482964240569434988e+00
-2.421754585298755702e-01 2.662367110233490486e+00 -6.954693301445672438e-01
-8.707417069551915967e-01 -4.633420938253773325e-01 -6.528514943728411790e-01
3.152361454871237534e-01 1.219200026039268803e+00 1.246856819461529264e-01
-1.371415942340261207e+00 2.798870868820041435e-01 2.182291872286272305e+00
-2.731141852362638511e-01 2.602260720203162236e-01 9.546944432666917280e-01
2.503746211717933434e+00 1.549520079465763311e+00 2.401029523140108257e-01
2.681254420742458677e+00 -7.648324622421396324e-01 -6.486265569132415587e-02
5.799683062634672925e-01 -8.830510593697580290e-01 5.565077087734049410e-01
1.776363563846724780e+00 -4.214638753625776224e-01 4.212894228606635649e-01
4.189656023798621343e-01 1.585467158227489071e+00 1.165235341820614057e+00
-2.499962184351042505e-01 -4.086616666000675302e-02 -4.186291160939497047e-01
1.058435855315341456e+00 -4.684349986163255930e-01 -1.220340213030789656e+00
1.140658294764007819e+00 5.165575967184916628e-01 1.289837279157706462e-01
-6.485221611777329809e-01 2.815702372512191576e-01 1.597480712532084235e+00
-1.074573065743674505e+00 1.528312293286819612e+00 3.457681943049796813e-01
2.380358567357827582e-01 1.143682307488049776e+00 -3.928307735693867819e-01
8.016371257400245476e-01 1.238657187825363382e+00 -5.325936758019453876e-01
1.596931481392346086e+00 1.711672943724188434e-01 -2.494589064679336943e+00
2.492070898822429381e-01 7.055876817394196587e-02 1.110231109726694365e+00
-7.200985657586460587e-01 1.075219773704194415e+00 -5.245708467870628944e-01
4.559054208307342093e-01 2.889108998276280205e-01 1.072744667803325003e+00
-1.438004340547747173e+00 -9.777175762987261320e-01 8.105547365466512222e-01
2.835348803102925253e+00 -1.358954938513228683e+00 -5.673350844734518367e-02
1.437334649508569484e+00 -6.959978204676906532e-01 -3.578658807493602101e-01
-1.031310968602024536e+00 1.845223403690965380e-02 9.407615641711970511e-01
2.090983308954430520e+00 -1.222996140899984763e+00 -6.099268471166663375e-01
8.296407378941347277e-01 -6.051571583559776091e-01 -8.329887035537020257e-01
1.344618309836327796e+00 6.112664214616813502e-02 -1.192663510199854837e+00
8.695848852323840861e-01 1.908654670831062106e+00 -7.489346154766974850e-01
7.938319400087743283e-01 -1.067036409617263981e+00 6.732820188078170176e-01
1.273851600221540536e-01 -6.128151120987170852e-01 -1.224191427172903301e+00
1.501803596105515393e-01 5.830318574933833764e-01 1.163394124284515690e-01
6.079681020707146111e-01 5.205613108237913123e-01 4.204438571105369449e-01
-2.019291199854126084e+00 2.988353161329522778e-01 1.414541156207487660e+00
2.497013352437429390e-01 1.129598619912878465e+00 1.777043852935739299e+00
-9.034891404170463103e-01 -2.605184142348013765e-01 7.702558405523154406e-01
-2.241304027522619535e-01 5.628320182185991838e-01 7.255453189431761984e-01
6.816531872672013659e-01 6.684767438331966627e-01 4.574652486556968767e-01
-2.029580873106020533e-01 2.234752012198358617e+00 9.311691576521687885e-01
-7.095526297774221725e-01 6.113198495373369651e-02 5.797631042880496688e-01
1.327946594123319946e+00 -7.091191347340356499e-01 -1.308047890911632871e+00
-5.603337349344927887e-03 -1.843156617740856040e+00 1.670599193797410509e+00
-2.601078133879553000e-02 1.466475537647033978e+00 6.236072212964844930e-01
-1.443007414837703895e+00 5.039282337239900933e-01 -5.068464036231421499e-01
1.409727257868962913e-01 -8.339824641722486387e-01 -9.576938191705015591e-01
1.371797445784978808e-01 2.111228321999871316e+00 1.979116159890282445e+00
-1.963391975720760740e-01 -2.940113133912774027e-02 7.326748011666422977e-01
1.340333125791334012e+00 -1.646028988854214559e+00 1.481551204828474855e-01
7.240643115577047872e-01 -2.533006322957687684e-01 8.960914600807670105e-01
-1.808255470937474296e+00 2.679627321324740130e+00 -1.889200515107354761e+00
8.787604465272729204e-01 3.750296942358468666e-01 6.099284554111428225e-02
-1.192210604658040962e+00 6.704708038831821981e-02 1.979866000733032205e+00
-4.728256205981423710e-01 1.684951944600699081e+00 1.303137442870568208e+00
9.428115973618872436e-01 -1.960037781518545186e-01 9.460843556627263062e-01
4.693076837437766269e-01 8.008468667257463425e-01 -9.417074176361910076e-02
-4.262129322209825544e-01 1.339181821370389880e+00 8.360720870132014593e-01
3.510909417482931172e+00 -1.013648540268634823e+00 9.681210319060773450e-01
1.348047447862647408e+00 -4.406177490156495402e-01 2.113502339613780201e+00
3.804710506085078325e-01 -1.656005989559438119e-01 -1.282926982611002797e+00
6.212300898691286433e-01 -1.574685063983238154e+00 -1.017688674392866366e+00
2.328224796992261342e-02 -9.598288026534519402e-01 3.235197803753710133e+00
-1.217412791093373414e+00 1.152890932178532030e-01 -1.832808384103123966e-01
3.132519145975130481e+00 1.266169770337667866e-01 1.962310641003680023e-01
2.065366681335850885e+00 -5.439471239813837844e-01 -3.019444381943454658e-01
-8.738312024069753159e-01 1.269005501072237863e-01 -2.595926219640869448e+00
-1.043079873676284963e+00 5.005167199703361436e-02 6.272170427618573019e-02
-9.371219012099182288e-01 1.678821148580208700e+00 6.178730410565786979e-01
-2.080950087191322684e+00 -1.457537618533291779e+00 6.087453628145127471e-01
4.039863944478457869e-01 1.215391208781886556e+00 1.500130961544320130e+00
7.055289048129907981e-01 -2.678333330307098858e+00 9.704336995524669440e-01
1.830548921212423297e+00 -5.538986156886975820e-01 4.041023009633519791e-01
1.145812406088440039e+00 1.898505760203460735e+00 5.310572053165913964e-01
2.298070452110271944e+00 5.798002286281088713e-01 -1.479043795972007913e-01
5.711708230926546559e-01 1.269689285000888290e+00 -1.853161054951251996e-01
-3.215454169725830424e-01 2.927261640959197830e-01 4.573818458017860911e-01
-3.183453551615764154e-01 6.765676414039980546e-01 1.993324973829389002e+00
-6.550900939135660961e-01 -6.640672761194525986e-01 -5.407531906529509103e-01
8.617105579912842650e-01 -5.463470913918423433e-01 -1.506055284103558600e+00
-8.901216477334842336e-01 1.252181635306362839e+00 1.550542527510462010e-01
2.428884841640758019e+00 -1.695578067223880436e-01 -7.024153963759730002e-02
-1.409949030361980604e+00 9.726178539131773160e-02 3.620194267509510011e-01
-6.756595454649438892e-02 7.760583103269294014e-01 4.526870123116327194e-01
-1.023178502615745389e+00 1.070696873221140599e+00 1.553675564855920843e+00
5.074602878723658561e-01 -9.154511447782710531e-01 7.172155209057622383e-01
6.623323821507427489e-01 1.465058701584162737e+00 -2.221471381631385356e+00
3.394613269490223129e+00 3.630070028890696188e-01 -3.206241933068078032e-01
-1.808777663117842605e-01 2.000110393047094606e-02 8.282101989455313840e-01
-1.304931945407843408e+00 1.951790234549574565e+00 -5.534037188887895864e-01
-6.430381911563379793e-01 3.327218990942707233e+00 6.623645432131677335e-01
7.623177690503172288e-01 4.843105275955261746e-01 3.058943407335281695e-01
2.940426931014052947e-01 7.282864689817876158e-01 -2.867311301944602819e-01
-6.703854348135414032e-01 2.554112069920369432e+00 7.675795297448503307e-01
5.671102232565217172e-01 -9.515926358134576754e-03 1.113966924666439207e+00
2.355204652155607814e+00 9.145730520638327699e-01 -1.064657442180817037e+00
1.269661996130326820e+00 5.480048246231491449e-01 -1.638112611650906825e+00
7.077665695453718708e-01 2.084000852834683393e+00 1.373700565627345771e+00
-5.297609043675359508e-02 2.239333305035828836e+00 1.738035620049079188e+00
-1.234468583144163745e+00 1.582904270761152032e+00 -1.411593629250365467e+00
7.083163561815786213e-01 1.895559989154763869e+00 -2.615161659667752936e-01
-1.171567848506861687e+00 1.499007653454082378e+00 -1.568132695842647140e+00
3.930351082612039693e-01 7.316500022656829971e-02 2.898966086440475820e+00
-1.029577003725704598e+00 1.916715756900425838e+00 3.748742479561884000e-02
-1.269862646611812140e+00 -1.007417201812299101e+00 1.328950171253166168e+00
-1.019327930564480011e+00 2.242577155028664393e+00 -1.482088856649545150e+00
5.680065897767433425e-01 -9.243950699097315260e-01 -1.503225500060866748e+00
-4.528037901847447033e-01 -3.324813780029958199e-01 5.524703417371197300e-01
6.237183652292869196e-01 7.783340400649604862e-02 6.608645974860495320e-01
8.473340690948915066e-01 9.493172515849026549e-01 1.890195781400202835e+00
-5.431028963189981074e-01 -8.415771654199405427e-01 1.287756114015232933e+00
-3.398469029361206317e-02 4.000634989940662911e-01 4.041048119285749474e-01
1.104962285930396249e+00 1.097251587731038480e+00 -3.920418137050394325e-01
-1.736901359315930593e+00 6.221347067856424218e-01 -1.807733870292403677e-01
-3.038482403395325604e-01 1.480738415261839247e+00 -1.089329209963593392e+00
1.998109725638212097e+00 1.163049853749088536e+00 -6.862692501664087175e-01
1.454996715348031877e+00 6.338730886322750946e-01 -2.366049503173966173e-01
2.409313215938771735e-01 -5.719257052847275258e-01 -2.056356587423728843e+00
-2.679135881162618471e+00 -2.806482395873181046e-01 1.879052052605869605e-01
1.534145101176302317e+00 -6.412529555005997972e-01 4.771380397470116330e-01
-4.998760669849801608e-01 8.882672720113171660e-01 -6.139902000505479407e-01
-4.143178357340837614e-02 6.453432891918237102e-01 2.713515637120041402e-01
1.528716272455693304e+00 3.641079730638896450e-02 5.734860663980788642e-01
8.982462721196060595e-02 1.073427403563702809e+00 -1.259443155873095854e+00
-1.097935612470260169e+00 4.960082683677639048e-01 1.946752054860114489e+00
3.855893833434730356e-01 3.536441076559895813e-01 4.027340289840143361e-01
-1.070304284377973536e+00 -4.793607618708795731e-02 2.955311518931338366e-01
2.924919373770654696e-01 4.330240178987921351e-01 1.586504295858714553e+00
1.199976596646035842e+00 8.827638943132689597e-01 -3.186019951202668371e-02
-5.645572797905906715e-01 6.900806939550926389e-01 -1.573284047935268604e-01
8.319873300954705453e-01 8.246619535154074698e-02 1.030082790129464465e+00
2.358262848477298557e-01 1.041266754034721354e+00 -1.883064703887203484e+00
1.999173279194891517e+00 1.957725924772414583e+00 3.035701973844750601e+00
1.453797776466601466e+00 2.761075637141590988e+00 -1.078324087315351010e+00
5.090760046366848979e-02 -2.259747837883835653e-01 1.427741714419411556e+00
1.165318504502425689e+00 5.257327171696593027e-01 -8.318535751260096589e-01
-8.101630125554091233e-01 2.129632209422720468e+00 2.306282305245048292e+00
1.293088029528028926e-01 1.519601482045433105e+00 -3.445416221883538799e-01
-2.426881836505979884e+00 1.071107683700109003e+00 1.164410231880580682e+00
1.252994216334249789e+00 1.976187554982199890e+00 1.504613428809655984e+00
-6.193541887933022849e-01 1.151438385101972939e+00 -3.495972179108889910e-01
5.743727832731455596e-01 2.887277551888638438e-01 -1.119747982013574589e-01
1.046084868566124149e+00 2.634605519482027702e+00 1.035332086700501586e+00
5.419256578613387276e-01 -1.532362861120457054e-01 9.308495261950049393e-01
-1.207115475028978757e+00 2.226123098102190667e-01 5.372011399998409820e-01
1.024875220492294181e+00 -1.420362206338342759e+00 -4.985832892430225316e-01
-2.513856963200855166e+00 2.586562097908199354e-01 1.299223342196658137e+00
1.014137794920085378e+00 3.195443466974265956e-01 -6.297848959252639878e-01
3.013714872437789905e-01 -2.242659933314993803e-01 4.715365642262296930e-01
1.148065312504182867e+00 9.728182766086311828e-01 6.926848916053224281e-01
9.647908368552167158e-01 2.265221184887144190e+00 -9.866860918267085501e-02
1.458960956927137342e+00 -1.015247409309599336e+00 -1.340779726229894608e+00
4.932980274877480920e-01 7.792696179522117239e-01 7.308922581333566759e-01
-4.958869286280558897e-01 1.387012077233357177e-01 7.643134935743032266e-01
2.202858153843322286e-01 1.562937769389817655e+00 -4.125572881244579659e-01
9.952900419015084932e-01 -4.789498299150170002e-01 2.880737576217815565e+00
-1.298974922576461299e+00 5.333588641816792292e-02 2.386614981139497882e+00
-9.145515767953867892e-01 1.479953749925941198e+00 2.256731327785350127e-01
8.384673068451177491e-02 -1.115703048926585783e+00 -4.252094398145573884e-01
1.265506281012675371e+00 5.554097487657200932e-02 5.176933308931618294e-01
1.115852824672547428e+00 2.013873676646116828e-01 3.755326952926645312e-01
-7.226771482099048072e-01 2.481609649213478708e+00 -7.577093226104850698e-01
4.254272583720439815e-01 1.475969015305576892e+00 1.445749913966699329e-01
2.026264717854921571e+00 4.006653589674687987e-01 -9.832723622415714404e-01
-9.629872459598678436e-01 -5.864083221490573594e-01 3.356301513779461621e-01
1.082070713095084180e+00 1.974417358544226397e+00 1.632612651772253898e+00
1.201208664102486612e+00 4.005089073277366407e-01 -6.282839911896964669e-02
4.058039751985207944e-01 1.394392861892078894e+00 -4.119404868316541291e-01
1.871925578764167764e+00 1.025564977793833155e+00 5.031419252016757770e-01
1.126042951417364352e-01 -4.722313838703517952e-01 5.338323651772636236e-01
1.110773927121141424e+00 6.228310656934586964e-01 3.396983277177295646e-01
1.058747246817705046e-01 6.483119313445873111e-01 5.964495694371565460e-01
5.752537246684976679e-01 6.754379591163468532e-01 -4.483617490139196193e-01
7.931352047939742578e-01 -4.895301867714838551e-01 1.405245482223070663e+00
1.178046180599813253e+00 -6.913874639016109880e-02 1.104274764937963615e-01
4.332627560593482752e-01 1.596298444590802168e+00 6.292732392258181262e-01
1.510805328382918589e+00 -6.928588551703578347e-01 -6.272412632865891347e-01
-4.352319885033533176e-01 6.478247574186133395e-01 1.261744221866505367e-01
7.918094321745369202e-01 7.359538476104326987e-01 5.961115189572818718e-01
2.216726703927113462e+00 -3.338166679180679108e-01 2.155525294910008771e+00
-1.303537450456199176e+00 1.924666455924173292e+00 1.885134796697596204e+00
1.662257599582625200e+00 -3.201953742718038898e-01 -7.796257489503068960e-01
9.192279429670111579e-01 3.665619852110351684e-01 1.586624667866777028e+00
-1.739941304263763033e+00 -3.133442178423836988e-01 -1.853858915674118091e-01
4.178449754909540487e-02 4.226692400337670463e-01 -3.946152701331850920e-01
9.698935626015696698e-01 -5.634284196678469581e-01 5.435227257436958670e-01
-6.227676117022196145e-01 -5.100235018587211400e-01 4.660432496291597171e-01
1.854096049736734031e+00 -1.003268615725962043e+00 5.555967872223562809e-01
1.549132201411959731e+00 -1.737396047817866496e+00 4.379102810898258813e-01
-1.425299336153741008e-03 -1.390171882157308358e+00 1.514609788915862287e+00
1.403693286256754824e+00 9.310376474873510722e-01 -9.488867644467896545e-01
8.813534886255232070e-01 4.617350079978578270e-01 -8.468675517941959274e-01
-1.721766195261869026e-01 4.679192141161829799e-01 2.106099893711147253e+00
3.010669382975573738e-01 7.550438078051084911e-01 7.780226492948642825e-02
9.549498548633073014e-02 2.672472942788811645e-01 -2.014529860732227340e-01
3.406806524882628473e-01 -9.754308065417165441e-01 1.310595797300955490e-01
1.108873579947319277e-01 1.047035685746884548e+00 -1.167858965322486231e+00
8.867434804150123306e-02 1.856203157713475438e+00 1.379574276368362051e+00
-5.146949275304585347e-01 6.524513601880492786e-01 1.865490894937563926e+00
1.290723041757392497e+00 9.805432723435121289e-01 1.448755263424500894e+00
-9.501498717831736718e-01 3.275304313263567302e-01 -4.224245747607358048e-02
1.216340816213066223e+00 2.210597214666304211e+00 -3.512169766022056328e-01
-1.629260300567327360e-02 6.726830258142479924e-01 -1.511441633799960549e+00
1.560724494884154989e+00 9.419921263533729272e-01 7.069416777892635340e-01
-6.318652770110433359e-02 2.294096824344599383e+00 4.134376565304418993e-01
4.384614790325599976e-01 1.371509846896827867e-01 1.350988667906696694e+00
5.852270093991336630e-02 9.509760511608784661e-01 1.228614414588008463e-01
4.603131489138692634e-01 4.107670659154871728e-01 5.033991629268290691e-01
2.066303601333923545e+00 -5.530966146988980370e-01 -9.469677757668367724e-01
3.196059041434067272e-01 9.877194870055823195e-01 1.955668521906542834e+00
2.441794095085019656e+00 1.409742564713284185e+00 -3.689391937619897477e-01
1.119748361280731297e+00 7.009992796504210810e-01 1.886020582336094487e+00
-9.240388571802564677e-01 1.557407566123733211e+00 4.245586892348305330e-01
-1.172134609470577571e+00 1.070498929172384761e+00 -3.112805187047408828e-01
-5.116328212061951319e-01 -1.048889707775171765e+00 1.255591526198833519e+00
2.211054630752915084e+00 -2.127209201695960950e-01 -1.090116229035463652e-01
-9.790641930956351935e-01 1.741246843459169247e+00 -1.708736521641739170e+00
1.818057438128144909e+00 1.766305631737965065e+00 -1.634285049140203228e+00
-1.733195439203928379e+00 1.247605729037341016e+00 -3.782627079535459957e-01
8.235491319387269193e-01 -6.304591727721625682e-01 5.246544624095417220e-01
2.108540894256663911e+00 -4.844994417292043387e-01 -5.855057551418588885e-02
8.005676278866538098e-01 6.130363310622655160e-01 2.779516068198463419e+00
3.186458168493970788e+00 4.985663365751936693e-01 9.464719702176920268e-01
-2.852348202571151903e-02 1.354152043253505244e+00 -1.668594557414162072e+00
9.114353026347362663e-01 1.993332271082030260e+00 1.350474196390236248e+00
9.243220343108627945e-01 -2.114326769268879691e-01 4.619433070098691863e-01
1.064459602743306199e-01 1.952104773488100020e-01 -8.168098171530597806e-01
-1.030848590582949198e+00 2.949557266689020740e-01 3.414676226092902001e-01
-6.587206407989949497e-01 -2.130234440486424019e-01 1.218933036752026577e+00
9.105173946182936184e-01 -1.847934888296269840e+00 2.639650989807578174e+00
3.233915793792794258e-01 -4.610764335436770001e-01 -1.312285565331080539e+00
-6.076105457553030442e-01 5.688192346208867933e-01 5.474315130462893420e-01
2.045308735164166059e-01 -9.342821070079350143e-01 3.234041655044945784e-01
3.608156233943616287e-01 1.580294076097968459e+00 -1.324110305479649918e+00
-1.343413707797523671e+00 1.615525777854599082e-02 2.054940488395664566e-01
-1.014906976666563265e+00 6.782111766027612010e-01 -1.048302063863842060e+00
-3.319205210018714991e-02 -2.854444006422649505e+00 -9.780206619667164425e-02
9.519930280856757632e-01 -1.330624373393258342e+00 -6.451607835227997079e-01
6.867428312985807137e-01 -4.320950568382809359e-02 3.028982743486992035e-01
1.786357466810159611e+00 -2.616772498891425380e-01 8.832979133247277626e-02
1.950986173826012582e-01 2.383525935581325861e+00 -5.583313870128391310e-01
1.277602095865302934e+00 1.541423399777267278e+00 -2.746637933847996260e-01
-3.814015495521880794e-01 -2.854316316750664662e-01 2.463159257914850353e-01
1.243393360901092093e+00 2.154534022105226043e+00 1.616072346827764461e+00
6.836438173338430513e-01 2.004013742764838124e+00 -1.074404006294708891e+00
1.644047006264984123e+00 1.038011425119204079e+00 -9.869897625405961161e-01
-6.352283660002579213e-02 -6.739957231971497320e-01 9.848095249803364704e-01
1.725529560966088560e+00 5.632328899847687254e-01 2.033277567184272050e-01
8.238788799671149521e-01 -7.615874329834259049e-01 7.750019137653884060e-01
8.592771496412753007e-02 5.585854289527957262e-01 1.848269015683281280e+00
-7.510791434850583315e-01 -5.479173127243067848e-02 4.303705419152612510e-01
7.376916420840271549e-01 2.020576592053116016e+00 -3.511990670063649400e-01
6.489911345934362696e-01 1.193727650897446813e+00 -7.356249452109079323e-01
1.381212829470039594e-01 5.099879687224089242e-01 8.301188293497445692e-01
9.455541587988233188e-01 -6.288284860831568901e-01 -1.072241982266757931e+00
-2.040044365103947932e+00 1.195620747856603439e+00 4.763869626473327124e-01
-1.438047795190151683e-02 1.596537462257861417e+00 8.994686165509958586e-01
-2.750817514742745495e-01 -4.795026158467891736e-02 2.456792573526935364e+00
-6.799407340313250447e-01 1.375669008443229036e+00 -1.514905519875261453e+00
-5.118480180417837033e-01 -2.479458434331855143e-01 1.165559031693387038e+00
7.457710302466851182e-01 -1.875549709993909131e+00 -1.448588625748084002e-01
-1.411850095124764559e+00 6.521802560099938528e-01 -7.377358801622846407e-02
5.632651334433513846e-01 2.474400647720447655e+00 4.819591120720225774e-01
5.558435623372512922e-03 3.975792155984282372e-01 -5.089019358471239540e-01
2.827644519529382006e-01 3.422039480630023611e-03 -1.476478028633784856e+00
2.585970604862264821e+00 -2.013024910386950417e+00 6.383713457113641132e-01
-6.616591530905144847e-01 -8.592770516551843929e-02 2.539032676226197438e+00
-1.424480773186563409e+00 -2.851110074842030939e-01 1.502007234622152687e+00
-1.655165402830107713e-01 -6.131543897388520570e-01 1.829189494464609878e+00
2.341949415118153022e-01 4.025234939194349132e-02 -6.479394693782319914e-01
-2.020893336897894965e+00 3.850356261056508966e-02 -1.372145627600849516e-01
1.155557238180727336e-01 2.452696941522128693e+00 1.185248849046501574e-01
-2.203847556560865617e-01 2.410885051578548044e+00 8.304549267635265020e-01
1.493702430895938349e+00 -3.334943739340383573e-01 8.146169471017890018e-01
1.102652760493104400e-01 2.456549790819213541e+00 -5.628117683117830339e-01
-1.140225429672650170e+00 -5.573228335080695484e-01 4.069412905434026673e-01
1.445652932628610499e-01 -4.554316868179932309e-01 -2.731039028489841147e-01
5.384334823997303232e-01 1.577605089686441087e+00 1.145659460297920873e+00
-1.967928937490967201e+00 1.718358096110621736e+00 7.016567720592047364e-01
-3.415901281744157525e-01 8.727126214521688796e-01 2.480056585615384002e+00
-7.717330023824107987e-02 2.837793208446148796e-01 -3.757448406425253351e-01
1.531989248409164617e+00 -7.445705655742810292e-01 3.449701970539154061e-01
-3.101091604157839993e-02 6.775287513083111390e-01 4.856130646748224589e-02
-2.645489590308959804e-01 2.281003816497202408e+00 -9.448974710447910486e-01
1.649564339087707054e+00 -1.313349060607617469e+00 -7.775562506891162684e-01
1.384195096861560614e+00 -2.037127756417525803e-01 -6.595500396978417612e-01
-2.181891988762003631e+00 -9.725582136743966388e-04 1.275503912114147598e+00
9.954982430874075305e-01 -5.147612924566876691e-01 6.458128943258649723e-01
1.349316051865022903e+00 2.488462905244933632e-01 1.914323694771461470e+00
7.893367915635091103e-01 2.162200104325203709e-01 3.391931815527587712e+00
-9.193526549937597325e-01 6.875158777730625559e-01 -1.108811687087029707e+00
2.249577903923686839e-01 -1.202377800820033205e+00 8.738194454959518076e-01
3.210725789991605850e-01 3.134955588850707464e-02 -3.964159173873583325e-02
-1.727318454052814367e+00 -5.162543110495745324e-01 1.233349640046270922e-02
1.304303254184830729e+00 -7.482605985761933143e-01 -3.778291602155366136e-02
1.040834345725130256e-01 1.711678461407613039e-01 1.924639535960452452e+00
3.407117606628795592e+00 1.919995268475760852e+00 -4.505225384321740467e-01
-7.764475724269371826e-01 1.504443574258870431e+00 4.002272165816941341e-01
3.181922378612411935e-04 -2.248612866276995526e-01 -6.564644260765766237e-01
-2.896356522395759914e-01 -2.311148996128177480e+00 -1.011467436682332188e+00
5.581936900682985536e-01 2.518178667571296270e+00 1.469272880189668395e+00
-1.620125816844986355e+00 -1.576208963296960475e+00 -9.804702931459601256e-01
1.104383052541001442e+00 2.660510475304358913e+00 -9.323171664627585287e-01
-7.604429361439227208e-02 8.404542644774075644e-01 2.143501149234083858e-02
1.627904124052489632e+00 8.803824286043081537e-01 1.624590515778873145e+00
1.795782851351475085e+00 8.386252641700309152e-01 2.401421555275982944e-01
-3.478684805567224259e-01 1.361231300392097054e+00 -5.036814990166068595e-01
1.091857899256396314e+00 2.151184549846449912e+00 9.885606127923529662e-01
3.365792722537508386e+00 -1.462569330402875512e+00 4.342484752057693687e-01
-1.083130315967172214e-01 1.660496416806291675e+00 7.839199083588661576e-01
-2.713778861231407880e-01 1.009443866959879976e+00 9.287602468233662201e-01
-4.218031821202284370e-01 4.667766554656683220e-01 2.099227212937049281e+00
-6.342347163278719835e-01 1.178917637524318662e+00 1.499339050149153030e+00
-1.800643769284219209e+00 2.710149722515999837e-01 -1.697325916567778148e-01
2.105123918198572142e+00 2.514503769529984556e+00 4.623114380476920915e-01
2.547733256891416276e-01 -7.940705951519748673e-01 9.012219455869908691e-01
2.723620732198994698e-01 1.379414658185667664e+00 6.967904663567044965e-01
2.735688078111042643e+00 -4.267998064945274228e-01 -7.583643612140276158e-01
7.509929062478232220e-01 4.177652108552387666e-02 1.068842026512079463e-01
1.261144608117374943e+00 1.505752894673108688e+00 1.263274568394830544e+00
-6.991068198204740403e-02 1.681636200730763253e+00 -2.188467207185465835e+00
-8.114816850543027371e-01 -4.065699009501014816e-01 8.449365447683453434e-01
3.768566747029389319e-02 3.196209339074033706e-01 5.874838747994401977e-01
2.514071690713252649e-01 -1.568773964787650854e-01 1.398854723989195747e-01
-9.402536268759033311e-02 3.695636604565235572e-01 -7.477655374938009247e-01
-1.732344908117917082e-01 1.079816444077767112e+00 2.534961663631126183e-01
-4.895813586305405862e-01 5.241117355599068661e-01 3.611220452452804097e-01
7.042995821629771669e-02 -7.833795161623990921e-02 -1.317043552183104982e+00
-3.425942743311606864e-01 -2.823273051197722205e-01 1.005947632597470554e+00
7.357165431083967366e-01 7.748914431581808149e-01 1.106964893778268122e+00
-7.669982397081728243e-01 1.158598638868722830e+00 9.017555725403332278e-01
-4.097128978091427176e-01 1.545171367027808884e+00 9.998532426607605883e-01
-1.715596642222144030e+00 1.590224440180412202e+00 6.278830350480387734e-01
1.541881125211349568e-01 5.900353956444552572e-02 -4.741990515523270000e-01
2.457526888136185583e+00 -2.353676204272013572e-01 2.877925151236806478e-01
4.482604958584082144e-01 4.527289789031314626e-01 -2.762770500835656229e-01
8.013137333210077484e-01 -1.642306483492672609e-01 -1.187981663092353646e+00
1.153136842199327328e+00 6.562962568126879948e-01 1.677716891605322225e+00
-1.286797119434739844e+00 4.614464656247608820e-01 1.009256252501836926e+00
-2.692377832782569813e-01 2.070921533509784140e+00 -1.557297522094288178e+00
-2.694709798675093415e-01 1.066626298358961167e+00 -1.511428732338081504e+00
1.060035515166507292e+00 -9.261334919712145286e-01 1.030963398718872215e+00
-1.204781596998997228e+00 5.586511843569975655e-01 -9.085188799251926461e-01
-1.150728647292562079e-01 1.513025956148841278e+00 -1.433664381801920129e+00
-3.840243570634401249e-01 4.199538430525540655e-01 1.549448357365986961e+00
3.060289777181207427e+00 1.363006626465190108e+00 7.695956678776835758e-02
-1.451307319366160531e+00 -1.128992136276983471e+00 1.544038080632407439e+00
1.016121431253045770e+00 2.331521660073360425e-01 7.479249274672098435e-01
-1.503914881412907467e-01 2.431519393422697739e+00 2.574052260142035475e+00
1.779096918077784029e+00 -9.283362803375002636e-01 1.244177622488339408e+00
-1.793891634093447429e-02 3.467818578311853361e+00 4.735356395132425678e-01
-6.587989979071415814e-01 6.549504209317736914e-01 -1.750470906640409385e+00
-9.466689228640737808e-01 6.176536901323498308e-01 1.867287695260342328e+00
-7.914384678583584465e-02 1.506545268858071607e-01 -2.120335800771321055e-01
-9.802932247210334182e-01 -2.492037156167020429e-01 9.127085141782171895e-01
2.220084287553936719e-01 1.126303930529147568e+00 -6.593731539237883688e-01
1.722255596108582587e+00 6.906455224396795822e-01 1.830108270278054006e+00
7.150651120117902382e-01 -8.531022123917794131e-01 -8.311407861786503926e-01
1.349375771725730644e+00 6.602312940555850052e-01 1.754849597343864254e+00
2.317699200512348678e-01 1.647210647338616329e+00 1.218366998360361109e+00
1.527907431567496976e+00 1.829407076901383267e+00 1.486161410026075380e+00
-7.816244892854219695e-02 8.413812881916530317e-01 -1.159415830875359932e+00
-2.145807451673360955e+00 1.128257410403083139e+00 1.695891615788746587e-01
-4.140294556301001294e-01 -1.527752548989926185e+00 3.836392169416351638e-01
4.795160885227673919e-01 8.209985288156719241e-01 1.495424921549416863e+00
3.321952700884245324e+00 2.149490152590873282e-01 -2.885945846136545034e-01
2.162565322050705507e+00 -7.501742497941712995e-02 -1.240437814594070431e+00
1.264320138443062680e+00 1.639066289495229256e+00 1.534963602245992265e-01
1.902337868116756037e-01 1.258319338335424753e+00 1.494547739593847346e+00
2.351018184956842560e+00 2.093494746640353732e+00 3.939034129949117724e-01
-5.610232804895217695e-01 7.495296302485566775e-01 1.336389039309708870e+00
3.357691205554816927e-01 7.160456774570531646e-01 -1.239379566711166641e-01
-1.426643646547911315e+00 9.405149755466267747e-01 2.743575991888879129e-01
4.889821894199551933e-01 -6.701651099452198279e-01 1.777468087789524365e+00
7.993704920512050283e-01 -1.455054129996679935e+00 1.759210277699981839e+00
-1.800233906427630703e-01 -6.666403109873120236e-02 2.771522497469069979e+00
-1.115190844871650544e+00 -1.965148942861894010e+00 2.436338486836466366e+00
7.682182687289009770e-01 -1.024397326978509604e+00 5.602765202043447079e-01
-7.005790288422910628e-01 -2.095816518850663890e-01 8.175474940259281897e-01
-6.545780270005101785e-03 -7.338111070861453866e-01 1.715282982152903646e+00
1.058973059954637197e+00 6.888983488109723385e-01 -2.030312815262560466e+00
3.493988181644471225e-01 -4.258802233125114078e-02 -2.283860521378344277e+00
1.127271839439228263e+00 1.995847629600880080e-01 1.083776837831089246e+00
3.190768585419745396e-01 4.275212301026012351e-01 -1.545978428748187028e-01
4.262491344220766254e-01 2.259617209211661759e+00 -3.194393902808622121e-01
2.307759097142434157e-01 1.955729923279214688e-02 -2.270383119877997125e+00
-1.127554068497942819e+00 1.132788827985303781e+00 -2.916282141820499163e+00
3.880266074311828350e-01 1.221920759079878627e+00 1.596502781759579825e+00
-4.607583817528325409e-02 5.636665241215763622e-01 3.785402709400907395e-01
9.598248514081497706e-02 -1.018249495212254496e+00 1.728509247675839688e+00
-1.198498220397245850e+00 2.267866842969761265e+00 -1.749022902749923850e-02
7.299185129310771236e-01 -6.302468646789962659e-01 -1.346551659132585010e+00
-1.827621566052923807e-01 -1.366316264055543295e+00 -1.324315929715360385e+00
4.628963130263810122e-01 1.555092294745001213e+00 3.177721685873793195e-02
1.224434049097175903e+00 1.739480069391776462e+00 1.025449865114768322e+00
-1.329257593835365125e-01 1.153929815337133791e+00 1.792989639731671081e-01
-5.919651500967958446e-01 -1.098395421379738446e+00 1.372149649043948205e+00
1.470894650286143301e+00 -2.605895032954872459e-01 -1.012206226337676984e+00
-1.671238467944981820e-01 2.025869916809664328e+00 7.565137026051742541e-01
-2.722731282563889410e-01 2.443489935355960541e-01 1.081900532299759465e+00
3.368398261840709340e-01 1.178249383513388704e+00 1.099305379970267005e+00
1.378942459615459137e+00 -1.231165769381618452e-01 8.733549841276720960e-01
5.967660250659800880e-01 6.830279840882917952e-01 8.635902917471660611e-01
-3.056920250043150822e-01 -3.483178783541093226e-01 2.144726256038709700e+00
9.617832390156418887e-01 6.445655190028114490e-01 -1.228182872386932717e-01
8.637729732403589544e-01 3.269885219147825595e-01 -3.640081234240138408e-01
-9.851539276046835658e-01 3.061480499373437358e-01 1.781595128330073941e+00
-2.307342181883833554e-01 1.424410751467401148e+00 1.188670251949824896e-01
1.258582009775643717e+00 -1.036330021151998571e+00 9.375478160178652987e-01
1.842577910618766190e-01 1.924831420535068283e+00 7.043106633286813079e-01
-3.117408422743112584e-01 -6.363748749006128413e-01 1.561166431393865572e+00
2.173044258547129459e+00 6.834434323264120259e-01 7.633595223822683407e-01
1.039427524323402352e+00 -6.127641601537263671e-01 6.436037818509461328e-01
2.143964220201019621e+00 5.064836186037300347e-01 -9.592073113120282990e-01
7.001283839896818018e-01 -1.055634352424976719e+00 -8.207555014181030506e-01
2.792835057621372297e+00 -4.259150206513577785e-01 1.304441899579560360e+00
9.496875149788082116e-01 9.965429640412661882e-01 -7.237578665776766007e-01
1.617569729922601507e+00 -2.058063513588003879e+00 1.254525274483412556e+00
4.736721497373438949e-01 -2.523146113929010115e-01 1.560985355255144036e+00
