1.349166332353040065e+00 5.986347981919952765e-01 4.544419295797148123e-02
1.478151608426215846e-01 -9.110653361838332298e-01 -4.709625846765740365e-01
-6.709856927489731282e-01 -9.910901240491301056e-01 -5.073582383578256749e-01
4.536762335004989044e-01 -1.975120301790433408e-01 -4.733190644656740664e-01
-2.727535915646696063e-01 -1.575608037188963306e-01 1.392728964758156662e+00
2.998655592584399954e-01 1.357671214247295755e+00 1.252107931623127612e-01
1.726368522567361063e+00 -1.511298321931437982e+00 4.079521827228982378e-01
-1.530431597770511021e-01 1.967735931136486816e+00 1.103688142043512954e+00
6.359988067875883555e-01 -1.123405099564198206e+00 4.934992175863487374e-01
1.130210913542711998e-01 2.455613985958122303e+00 -1.513818401603981734e+00
-5.846816263056793250e-01 -1.428757021652377501e+00 1.798418414699805012e-01
3.496670956046232792e-01 1.939105726801814811e+00 5.132012938546798297e-01
-6.353823661510741294e-01 2.006390699518587617e+00 -9.562854016955492087e-01
-1.525456493004333502e+00 2.008342490884309939e+00 -1.187022756908505450e+00
-3.553501962578856643e-01 -4.295942640312149230e-01 4.146388698458319810e-01
-3.973756123154751352e-01 1.455653269757531731e+00 -5.719595626263322963e-01
-8.941282367695644329e-01 5.763959953859045804e-01 1.214711776446957270e-01
3.503575557263169382e-01 -3.923989954170752359e-01 9.383078969630020971e-02
-7.155922128464475840e-01 7.229309241447037238e-01 7.205935821513742567e-01
9.917562356353877284e-01 -1.290526764439412499e+00 -3.996689403270156093e-01
1.851635512775319903e+00 -2.642155922285211567e+00 -6.638718796796738708e-01
3.421227409666682262e-01 1.048762906960307051e+00 -9.327661687324331208e-01
1.986688830575985332e+00 -3.963530355822565410e-01 -8.096456410555327166e-01
9.559252794920513052e-01 -1.081871632785136317e+00 -9.940518803935709524e-01
-5.169640537949780068e-01 1.458078458331504290e+00 -3.976771198361225140e-02
6.496116132258203946e-01 -1.730239054264888221e-01 2.226593622600727240e+00
-2.391393012132468687e+00 9.621681203322106635e-01 -1.108984986303257703e+00
1.276233855058859668e+00 -4.398081026961307982e-01 -4.830107427748414062e-01
-6.345783525235589861e-01 -5.341740818458513562e-01 -2.665211557155551692e+00
-9.461499415335944407e-01 -3.517179708132852078e-01 2.147915331522393778e+00
