-2.836452722549438477e-01 1.553450822830200195e+00 3.205741941928863525e-01
-1.844906568527221680e+00 -7.839129567146301270e-01 9.590993523597717285e-01
5.470757484436035156e-01 -8.366500139236450195e-01 2.386104911565780640e-01
8.635243773460388184e-02 -9.480512142181396484e-01 -1.615501999855041504e+00
4.690281450748443604e-01 -1.294932365417480469e+00 1.122242808341979980e+00
-1.666374355554580688e-01 -1.184511423110961914e+00 -3.303815424442291260e-01
-2.930667400360107422e-01 1.508091807365417480e+00 -5.259634852409362793e-01
-4.715378284454345703e-01 -5.355723574757575989e-02 2.419801801443099976e-01
-8.480978012084960938e-02 -1.438113093376159668e+00 -2.556764602661132812e+00
-2.996898293495178223e-01 1.141078352928161621e+00 -1.114426493644714355e+00
4.143223762512207031e-01 6.010850667953491211e-01 1.024731278419494629e+00
1.324142456054687500e+00 2.055239379405975342e-01 5.251404643058776855e-01
-3.206181153655052185e-02 1.332084536552429199e-01 5.081261396408081055e-01
2.223789930343627930e+00 -8.971026539802551270e-01 -1.689517349004745483e-01
2.029455184936523438e+00 1.471413254737854004e+00 3.853158652782440186e-01
-1.148277759552001953e+00 1.954685330390930176e+00 5.905690789222717285e-01
-2.869099378585815430e-01 3.859388828277587891e-01 -1.605054736137390137e+00
-7.397875785827636719e-01 2.525904417037963867e+00 9.679926633834838867e-01
-1.035880327224731445e+00 1.940337419509887695e+00 -1.534714698791503906e-01
2.811985909938812256e-01 1.381968408823013306e-01 -1.667295813560485840e+00
3.186246156692504883e-01 4.514023959636688232e-01 9.500634074211120605e-01
-1.109022259712219238e+00 1.849884539842605591e-01 5.000948905944824219e-01
-2.796624973416328430e-02 1.110629066824913025e-01 8.483128994703292847e-02
7.727574110031127930e-01 9.896127879619598389e-02 1.363348960876464844e-01
-2.830339968204498291e-01 2.394390255212783813e-01 -2.325806140899658203e+00
8.594130873680114746e-01 -1.869043469429016113e+00 -4.107682406902313232e-01
-1.670767903327941895e+00 -4.097772836685180664e-01 -1.586384177207946777e+00
-9.991948008537292480e-01 1.604447603225708008e+00 6.727563738822937012e-01
1.197986364364624023e+00 -3.732402026653289795e-01 5.934284329414367676e-01
9.282506704330444336e-01 -7.252738475799560547e-01 -2.336627393960952759e-01
-1.284839630126953125e+00 -4.167181253433227539e-01 1.460667610168457031e+00
-7.394102811813354492e-01 6.417232155799865723e-01 -1.619618296623229980e+00
2.289479970932006836e+00 1.125775098800659180e+00 1.621034264564514160e+00
-4.596144855022430420e-01 -6.608029603958129883e-01 -1.027743101119995117e+00
3.341543301939964294e-02 7.507853507995605469e-01 -6.818950176239013672e-02
-6.923826932907104492e-01 -8.524927496910095215e-02 2.577422857284545898e-01
3.550059795379638672e-01 4.071032106876373291e-01 -1.528221815824508667e-01
4.771205782890319824e-01 1.044738054275512695e+00 1.770348399877548218e-01
3.295845985412597656e-01 1.503901958465576172e+00 1.983108222484588623e-01
1.443035125732421875e+00 1.077547520399093628e-01 1.230769604444503784e-01
-7.456052303314208984e-01 7.817656397819519043e-01 1.331674814224243164e+00
-1.405176877975463867e+00 2.463878691196441650e-01 4.954750835895538330e-01
-3.368735313415527344e-01 -7.369698882102966309e-01 -7.555247545242309570e-01
7.181831598281860352e-01 -5.234025120735168457e-01 -1.235051393508911133e+00
1.430232048034667969e+00 -2.743512988090515137e-01 5.534886121749877930e-01
1.062181964516639709e-01 -3.578146398067474365e-01 -4.588724672794342041e-01
2.665367722511291504e-01 -1.568102955818176270e+00 -1.373520493507385254e-01
5.591292977333068848e-01 -3.568140268325805664e-01 -4.246026873588562012e-01
2.919624149799346924e-01 -1.187469124794006348e+00 -1.713170647621154785e+00
1.268703222274780273e+00 8.573357015848159790e-02 4.971559345722198486e-01
1.657446146011352539e+00 -1.225729942321777344e+00 -2.949670553207397461e+00
2.533650994300842285e-01 -1.374100685119628906e+00 -1.599161624908447266e-01
3.345746397972106934e-01 6.925438046455383301e-01 1.054537177085876465e+00
1.130614399909973145e+00 6.068860888481140137e-01 -3.076545894145965576e-01
-9.680883884429931641e-01 -6.123475432395935059e-01 9.300956130027770996e-01
3.211719095706939697e-01 -1.825665235519409180e+00 -4.052950143814086914e-01
-9.717619419097900391e-01 8.616759777069091797e-01 6.550014019012451172e-01
6.445229053497314453e-01 -2.956050157546997070e+00 -4.073509871959686279e-01
-5.140839815139770508e-01 -1.010919809341430664e+00 -2.526803255081176758e+00
-8.677024841308593750e-01 1.234688520431518555e+00 2.251899568364024162e-03
-1.305483132600784302e-01 1.398711562156677246e+00 -5.605472922325134277e-01
-3.178544044494628906e-01 4.857778847217559814e-01 4.819326698780059814e-01
2.153002977371215820e+00 -1.144324421882629395e+00 -3.090371787548065186e-01
-2.736375331878662109e-01 -1.774345636367797852e+00 -3.070572316646575928e-01
1.905851066112518311e-01 1.186802148818969727e+00 -6.985039710998535156e-01
7.546626925468444824e-01 2.333197355270385742e+00 -8.258216977119445801e-01
7.339350581169128418e-01 1.267574071884155273e+00 -1.149808526039123535e+00
9.009073972702026367e-01 -1.043926596641540527e+00 -3.980641663074493408e-01
-8.412700295448303223e-01 -1.020990371704101562e+00 -1.328626632690429688e+00
4.607132375240325928e-01 -1.002166152000427246e+00 1.421518683433532715e+00
5.315593481063842773e-01 -3.893293142318725586e-01 -3.290629386901855469e-01
-1.389721274375915527e+00 5.536451935768127441e-01 -2.130976200103759766e+00
7.528880238533020020e-01 -1.352799415588378906e+00 2.008269071578979492e+00
-5.812311768531799316e-01 2.110598564147949219e+00 9.574840068817138672e-01
1.111389517784118652e+00 1.418837755918502808e-01 5.031239390373229980e-01
2.151706695556640625e+00 -1.378684490919113159e-01 2.895198464393615723e-01
-5.201980471611022949e-01 -8.065926432609558105e-01 3.162622824311256409e-02
4.384177327156066895e-01 -2.600906848907470703e+00 1.434090733528137207e-01
2.129932165145874023e+00 3.777543902397155762e-01 -9.991072416305541992e-01
1.303851842880249023e+00 2.134744882583618164e+00 6.269837617874145508e-01
-4.952478408813476562e-01 -8.033713698387145996e-01 1.079101800918579102e+00
-1.345811843872070312e+00 5.117046833038330078e-02 1.438193202018737793e+00
-5.063168331980705261e-02 4.016724824905395508e-01 -3.405990004539489746e-01
-1.575753688812255859e+00 2.647658251225948334e-02 4.292051792144775391e-01
-1.227558493614196777e+00 6.368536949157714844e-01 -1.967719674110412598e+00
-3.633666336536407471e-01 -3.628988564014434814e-01 3.237621784210205078e-01
2.416328430175781250e+00 4.598510265350341797e-01 5.283496808260679245e-03
1.714282929897308350e-01 1.405470490455627441e+00 1.033367156982421875e+00
3.201809525489807129e-01 -1.234277009963989258e+00 -1.462728381156921387e+00
-1.208980202674865723e+00 2.218461334705352783e-01 2.266015410423278809e-01
5.857394337654113770e-01 -2.390495300292968750e+00 1.041049957275390625e+00
-1.369965672492980957e+00 1.569326758384704590e+00 -8.531312942504882812e-01
2.387020826339721680e+00 -7.367770075798034668e-01 -4.614644050598144531e-01
6.702911257743835449e-01 1.604530364274978638e-01 1.447506666183471680e+00
-2.279855906963348389e-01 1.203911066055297852e+00 7.420684099197387695e-01
2.210416346788406372e-01 3.637781441211700439e-01 -4.108663201332092285e-01
-8.285394906997680664e-01 9.857533574104309082e-01 -1.064794659614562988e+00
-1.640669465065002441e+00 3.511846065521240234e-01 6.510189771652221680e-01
-4.990076720714569092e-01 7.782320976257324219e-01 1.597916126251220703e+00
-1.241817474365234375e-01 -3.229994177818298340e-01 1.883252263069152832e-01
7.425618171691894531e-01 4.838618263602256775e-02 8.763474822044372559e-01
-1.032010197639465332e+00 -9.531601071357727051e-01 1.250467419624328613e+00
-8.971957564353942871e-01 -5.307763069868087769e-02 -7.925148606300354004e-01
1.155061364173889160e+00 -1.169954240322113037e-01 -2.856693267822265625e-01
2.588666677474975586e-01 -8.693067431449890137e-01 8.967657089233398438e-01
-1.480830311775207520e+00 2.363644838333129883e-01 -9.767226576805114746e-01
-1.902436316013336182e-01 5.006334558129310608e-02 7.021560072898864746e-01
9.011400341987609863e-01 2.039826065301895142e-01 8.301175832748413086e-01
1.013246774673461914e+00 -2.458246231079101562e+00 8.640056848526000977e-01
8.121168613433837891e-01 -6.990091204643249512e-01 -5.835985541343688965e-01
4.235354065895080566e-01 -8.321895599365234375e-01 2.036381959915161133e+00
5.943182706832885742e-01 -1.734935641288757324e+00 -5.945404171943664551e-01
-8.518413901329040527e-01 -8.179171383380889893e-02 -3.470765352249145508e-01
3.895563185214996338e-01 8.247280716896057129e-01 -1.138079285621643066e+00
4.629904925823211670e-01 -1.255196809768676758e+00 3.347836136817932129e-01
-1.667904734611511230e+00 -1.825044453144073486e-01 1.212648749351501465e+00
-8.889524936676025391e-01 5.003334879875183105e-01 3.453960716724395752e-01
8.909608125686645508e-01 -1.578596830368041992e-01 1.810705363750457764e-01
-1.269654273986816406e+00 4.130674004554748535e-01 -1.310851693153381348e+00
-1.416466593742370605e+00 -1.515600800514221191e+00 -7.840909957885742188e-01
1.535948365926742554e-01 -1.242878064513206482e-01 2.017219543457031250e+00
3.663389682769775391e-01 -1.300066560506820679e-01 -2.332025766372680664e-01
-7.079158425331115723e-01 -1.412406682968139648e+00 4.262939393520355225e-01
-1.049506545066833496e+00 9.053769707679748535e-01 2.565685749053955078e+00
1.495787203311920166e-01 3.961006700992584229e-01 -5.800629854202270508e-01
6.186903640627861023e-02 -1.221306562423706055e+00 4.693600833415985107e-01
1.608072197996079922e-03 -8.738251924514770508e-01 -6.621637940406799316e-02
2.697367906570434570e+00 -1.288293719291687012e+00 1.191788792610168457e+00
-3.222984671592712402e-01 1.019798636436462402e+00 -1.662825345993041992e+00
-2.453676164150238037e-01 1.044981718063354492e+00 5.693228840827941895e-01
6.541414260864257812e-01 -2.829451560974121094e-01 4.126422405242919922e-01
-4.438689053058624268e-01 4.354495406150817871e-01 -6.998605132102966309e-01
-2.545882463455200195e-01 5.702947974205017090e-01 -1.317658782005310059e+00
3.575729206204414368e-03 6.032411456108093262e-01 -2.875174209475517273e-02
-1.079682230949401855e+00 -5.473608970642089844e-01 8.160994052886962891e-01
8.024304509162902832e-01 3.170322179794311523e-01 -1.862532086670398712e-02
-5.528372526168823242e-01 -3.950471878051757812e-01 5.702426433563232422e-01
-1.790848374366760254e+00 4.434623196721076965e-02 1.434957832098007202e-01
8.408207893371582031e-01 1.002466797828674316e+00 5.861051678657531738e-01
5.892507433891296387e-01 -1.011333942413330078e+00 9.460087418556213379e-01
-5.630717873573303223e-01 -1.867612302303314209e-01 -1.484681367874145508e+00
-9.825191497802734375e-01 1.017579436302185059e+00 5.084167122840881348e-01
3.233918249607086182e-01 8.156849741935729980e-01 1.978083610534667969e+00
2.035811901092529297e+00 -8.830940127372741699e-01 6.470847725868225098e-01
-3.070619404315948486e-01 -9.695281982421875000e-01 -6.356318593025207520e-01
-1.142413169145584106e-01 2.497975587844848633e+00 5.407266616821289062e-01
-2.475024759769439697e-01 8.402172923088073730e-01 -1.874973028898239136e-01
4.154337346553802490e-01 -5.216099619865417480e-01 3.736071288585662842e-02
1.274768590927124023e+00 2.737905979156494141e-01 6.465321779251098633e-02
7.406857609748840332e-01 -1.952637672424316406e+00 9.314194917678833008e-01
6.110140085220336914e-01 1.600002288818359375e+00 6.028845310211181641e-01
-5.870051383972167969e-01 1.812451332807540894e-01 -2.200672864913940430e+00
-7.766258716583251953e-01 4.803688824176788330e-01 1.404309153556823730e+00
-1.043283715844154358e-01 -4.962771832942962646e-01 1.903382897377014160e+00
1.347798705101013184e-01 -6.455242633819580078e-01 3.647278547286987305e-01
-1.348212063312530518e-01 -7.433897256851196289e-01 2.202932909131050110e-02
-1.722459793090820312e-01 -1.248385235667228699e-01 2.525508701801300049e-01
-2.036942005157470703e+00 1.404654830694198608e-01 5.035660266876220703e-01
-1.660857081413269043e+00 -1.148761630058288574e+00 2.486761331558227539e+00
1.963920593261718750e+00 -1.060617208480834961e+00 5.376340150833129883e-01
-6.934746503829956055e-01 2.865310609340667725e-01 -3.351660072803497314e-01
-7.504482865333557129e-01 4.773744940757751465e-01 -4.104247093200683594e-01
-1.291494011878967285e+00 1.531975984573364258e+00 -5.569424629211425781e-01
-2.443329691886901855e-01 2.718053162097930908e-01 4.059962928295135498e-01
6.256195306777954102e-01 -1.508538126945495605e+00 1.375201940536499023e+00
-8.315787911415100098e-01 5.864771008491516113e-01 5.035153031349182129e-01
8.936631083488464355e-01 2.261406183242797852e-02 1.709189452230930328e-02
-3.427851200103759766e-01 1.853422284126281738e+00 6.691125631332397461e-01
1.609848260879516602e+00 -1.953568816184997559e+00 -9.507533907890319824e-01
3.612934425473213196e-02 -3.213692307472229004e-01 -8.020857572555541992e-01
-1.064175724983215332e+00 -6.627582907676696777e-01 1.246930003166198730e+00
2.212051868438720703e+00 -3.168179392814636230e-01 -1.268528223037719727e+00
7.108461260795593262e-01 1.166436195373535156e+00 6.481310725212097168e-01
7.053787708282470703e-01 9.007836878299713135e-02 -8.092750310897827148e-01
1.603890806436538696e-01 -3.635306358337402344e-01 1.487026214599609375e+00
-3.059907257556915283e-01 2.770197093486785889e-01 2.835316061973571777e-01
-5.036175847053527832e-01 -2.134854078292846680e+00 -5.707090497016906738e-01
9.632762670516967773e-01 -2.315819412469863892e-01 8.996723890304565430e-01
-3.517366945743560791e-01 -4.259399771690368652e-01 3.383318483829498291e-01
-8.492343425750732422e-01 -3.439026474952697754e-01 8.597784489393234253e-02
8.989278674125671387e-01 2.195978760719299316e-01 4.184968471527099609e-01
3.258115351200103760e-01 1.976730823516845703e+00 3.337219059467315674e-01
-1.361490368843078613e+00 1.763709425926208496e+00 5.717278718948364258e-01
1.316298604011535645e+00 -1.610124826431274414e+00 1.587748050689697266e+00
1.012457087635993958e-01 1.350017547607421875e+00 -1.699237972497940063e-01
-7.247722148895263672e-01 1.325608342885971069e-01 2.929687201976776123e-01
1.872282505035400391e+00 1.003772497177124023e+00 -3.693731725215911865e-01
5.351042151451110840e-01 5.054565072059631348e-01 3.847747147083282471e-01
5.208712220191955566e-01 -8.916878700256347656e-01 -9.836629629135131836e-01
4.047363698482513428e-01 -3.472145497798919678e-01 6.597925424575805664e-01
1.401902556419372559e+00 -1.025561809539794922e+00 1.682759821414947510e-01
5.574088692665100098e-01 4.351797699928283691e-01 6.053863763809204102e-01
4.080255925655364990e-01 -7.514978647232055664e-01 2.036081440746784210e-02
-6.166830062866210938e-01 7.653268575668334961e-01 3.617397844791412354e-01
-6.426221728324890137e-01 9.184069037437438965e-01 1.886874675750732422e+00
-7.007967233657836914e-01 -8.529316633939743042e-03 5.250364542007446289e-01
-9.421412348747253418e-01 5.850588083267211914e-01 -1.946000456809997559e-01
-8.374145627021789551e-01 1.206994801759719849e-01 9.210501909255981445e-01
-6.545355319976806641e-01 2.248975634574890137e-01 -9.103002548217773438e-01
1.571964859962463379e+00 8.030502200126647949e-01 -6.469221115112304688e-01
1.135805368423461914e+00 -3.325764536857604980e-01 1.006955862045288086e+00
9.767233729362487793e-01 -7.398791313171386719e-01 -6.590645909309387207e-01
8.899466991424560547e-01 -1.371033191680908203e+00 -3.089505061507225037e-02
-7.206458449363708496e-01 1.117691874504089355e+00 1.081500649452209473e+00
-2.558751106262207031e+00 1.219883322715759277e+00 2.088415861129760742e+00
-2.121828943490982056e-01 -1.626739501953125000e+00 1.174614578485488892e-01
1.318744778633117676e+00 2.113686800003051758e+00 -1.224722623825073242e+00
1.778696030378341675e-01 1.064882203936576843e-01 -1.542254686355590820e+00
4.234535098075866699e-01 -1.044200539588928223e+00 1.622007414698600769e-02
-1.159615665674209595e-01 -1.988756209611892700e-01 1.178281784057617188e+00
3.948356211185455322e-02 7.797735743224620819e-03 -3.472415208816528320e-01
-7.021825313568115234e-01 -2.054234981536865234e+00 -9.285432100296020508e-01
-2.433714121580123901e-01 2.149141788482666016e+00 9.985310435295104980e-01
5.886599421501159668e-01 -4.558790624141693115e-01 1.811959266662597656e+00
-1.078608870506286621e+00 7.547585964202880859e-01 5.281699895858764648e-01
-1.956520676612854004e-01 4.066775739192962646e-01 -1.274661183357238770e+00
9.012647271156311035e-01 8.533414602279663086e-01 -1.661998271942138672e+00
-4.035111069679260254e-01 -9.955976009368896484e-01 -5.510113835334777832e-01
5.193125605583190918e-01 -4.992407560348510742e-01 -2.417329251766204834e-01
8.527777194976806641e-01 -8.687151670455932617e-01 -8.663316965103149414e-01
-1.306993722915649414e+00 -2.369539022445678711e+00 3.341198563575744629e-01
7.307721972465515137e-01 2.650765180587768555e-01 -8.844224810600280762e-01
-2.174024343490600586e+00 -7.977054119110107422e-01 5.012645125389099121e-01
-4.194537997245788574e-01 1.629461906850337982e-02 -1.467486500740051270e+00
-2.015948295593261719e+00 1.103795289993286133e+00 2.624981403350830078e+00
-5.904114842414855957e-01 8.415216803550720215e-01 1.094153881072998047e+00
-1.810279011726379395e+00 -1.685058921575546265e-01 -8.526635169982910156e-01
1.287931561470031738e+00 3.159939348697662354e-01 1.331657171249389648e+00
8.302032947540283203e-01 -1.693679019808769226e-02 4.099805951118469238e-01
8.646334409713745117e-01 1.342605203390121460e-01 -2.020508766174316406e+00
7.320373058319091797e-01 -1.903741359710693359e+00 -9.182934165000915527e-01
2.508064210414886475e-01 5.075952503830194473e-03 1.883047521114349365e-01
4.668526053428649902e-01 -2.050790935754776001e-01 8.822219371795654297e-01
-6.326598525047302246e-01 5.485986471176147461e-01 -5.325776934623718262e-01
1.583551406860351562e+00 1.766375541687011719e+00 7.294789552688598633e-01
-5.576280355453491211e-01 1.225026488304138184e+00 1.005920052528381348e+00
-9.772959351539611816e-01 1.323852658271789551e+00 1.497998237609863281e+00
1.969828270375728607e-02 -1.254817724227905273e+00 1.105671763420104980e+00
6.430981159210205078e-01 -1.593644857406616211e+00 5.598797202110290527e-01
4.440878927707672119e-01 -6.412392258644104004e-01 -3.446446955204010010e-01
4.855999350547790527e-01 -4.523561149835586548e-02 2.388741075992584229e-01
-1.022344708442687988e+00 -1.150240302085876465e+00 4.578481316566467285e-01
-4.305623769760131836e-01 -2.891284227371215820e-01 -3.914429545402526855e-01
-1.497028231620788574e+00 -5.975772142410278320e-01 -8.745594620704650879e-01
1.646667242050170898e+00 -6.586831808090209961e-01 -7.790449261665344238e-01
-5.318510532379150391e-02 3.268658742308616638e-02 6.384837627410888672e-01
-2.967501282691955566e-01 4.012004137039184570e-01 1.353370189666748047e+00
-4.391041398048400879e-01 1.520197689533233643e-01 2.070636749267578125e-01
2.232106775045394897e-01 -1.221354961395263672e+00 -1.642052888870239258e+00
-1.393141031265258789e+00 1.253358125686645508e-01 3.159630298614501953e-02
7.308076620101928711e-01 1.270202845335006714e-01 -3.146133124828338623e-01
-7.130520343780517578e-01 -5.993191003799438477e-01 5.626640915870666504e-01
2.263944149017333984e+00 9.217261075973510742e-01 9.211280345916748047e-01
-4.016877710819244385e-01 9.406539052724838257e-02 2.287955284118652344e+00
9.808089584112167358e-02 5.346208214759826660e-01 -1.188523173332214355e+00
-1.247954666614532471e-01 1.054333806037902832e+00 -4.962673783302307129e-01
-5.225414782762527466e-02 1.422972917556762695e+00 -1.122928187251091003e-01
-4.889121949672698975e-01 7.622026205062866211e-01 -1.285322070121765137e+00
-1.290795952081680298e-01 -1.175660014152526855e+00 -1.579812616109848022e-01
-1.053225994110107422e+00 4.983242154121398926e-01 7.864106893539428711e-01
1.377754956483840942e-01 2.258882045745849609e+00 -1.716534137725830078e+00
-5.411116480827331543e-01 -1.216442704200744629e+00 -1.138993859291076660e+00
-4.533520638942718506e-01 1.539329439401626587e-01 4.830781221389770508e-01
-4.198888540267944336e-01 1.192696020007133484e-01 -7.897423207759857178e-02
3.248196542263031006e-01 1.098284840583801270e+00 2.183872938156127930e+00
5.154159665107727051e-01 -4.375154674053192139e-01 1.282884478569030762e-01
9.800738096237182617e-02 4.988925158977508545e-01 -1.572707772254943848e+00
-5.039617419242858887e-01 -1.851373195648193359e+00 3.456625044345855713e-01
9.566182494163513184e-01 -6.632382869720458984e-01 6.581175923347473145e-01
5.743865370750427246e-01 -2.670255661010742188e+00 -4.977581799030303955e-01
6.765320301055908203e-01 -2.610154747962951660e-01 1.285258769989013672e+00
-6.673421859741210938e-01 -9.590746760368347168e-01 9.153579473495483398e-01
-7.526941299438476562e-01 -1.245045542716979980e+00 -6.877636313438415527e-01
3.690500557422637939e-01 2.630985975265502930e-01 4.229000806808471680e-01
7.247905731201171875e-01 6.212427616119384766e-01 1.536056637763977051e+00
-4.071499407291412354e-01 -3.773755431175231934e-01 3.213470876216888428e-01
3.965351283550262451e-01 2.848924398422241211e-01 8.626822233200073242e-01
4.819669723510742188e-01 9.511260986328125000e-01 1.382442861795425415e-01
-5.898821949958801270e-01 -6.685748100280761719e-01 5.589976906776428223e-01
7.669921517372131348e-01 -6.520282626152038574e-01 -8.838787674903869629e-01
9.384673833847045898e-01 1.191582679748535156e+00 -7.401864975690841675e-02
-6.751844882965087891e-01 1.676923274993896484e+00 7.748414278030395508e-01
-1.395066738128662109e+00 -2.231002599000930786e-02 1.564099192619323730e+00
-1.049724817276000977e+00 8.114615082740783691e-01 1.729230284690856934e+00
5.481467247009277344e-01 -4.344539046287536621e-01 -1.662995696067810059e+00
-9.375630617141723633e-01 1.509210586547851562e+00 -5.561220645904541016e-01
1.014569640159606934e+00 -3.539450168609619141e-01 -2.718345224857330322e-01
-5.155706405639648438e-01 2.903729081153869629e-01 -2.345489025115966797e+00
-1.672413706779479980e+00 -5.907235741615295410e-01 1.140844583511352539e+00
2.732321918010711670e-01 6.531064510345458984e-01 6.816394329071044922e-01
-3.978461027145385742e-02 1.417479515075683594e+00 1.377734541893005371e+00
-2.669356822967529297e+00 -2.518010377883911133e+00 1.052468538284301758e+00
-8.055441975593566895e-01 -6.058495640754699707e-01 -7.427882552146911621e-01
-7.609499692916870117e-01 -1.918667703866958618e-01 -1.032427430152893066e+00
-1.121468186378479004e+00 4.817287325859069824e-01 3.801938891410827637e-01
-2.573036849498748779e-01 -7.401562929153442383e-01 -4.113523960113525391e-01
7.348154187202453613e-01 -7.972270250320434570e-01 3.321037888526916504e-01
8.591312766075134277e-01 3.708775520324707031e+00 -2.353776246309280396e-01
6.445633172988891602e-01 -2.699774503707885742e-02 9.690960645675659180e-01
-1.471651911735534668e+00 4.726676046848297119e-01 1.137747049331665039e+00
1.014981746673583984e+00 1.783856600522994995e-01 2.298109769821166992e+00
4.258141219615936279e-01 2.541514873504638672e+00 4.183438122272491455e-01
1.117352768778800964e-02 8.585705757141113281e-01 2.303942292928695679e-01
1.207715868949890137e+00 3.225770294666290283e-01 -3.437711894512176514e-01
1.068846106529235840e+00 3.767045140266418457e-01 5.217479467391967773e-01
5.999502539634704590e-01 4.874072670936584473e-01 5.050575137138366699e-01
3.761585056781768799e-01 1.368030607700347900e-01 7.765794992446899414e-01
-3.998999297618865967e-01 1.037590503692626953e+00 -3.507800698280334473e-01
7.655603885650634766e-01 -1.500726789236068726e-01 8.144831061363220215e-01
-1.778075814247131348e+00 1.183982729911804199e+00 -1.704932808876037598e+00
6.408876776695251465e-01 -5.315613150596618652e-01 2.909949719905853271e-01
-7.500743865966796875e-01 1.157218217849731445e+00 4.327722191810607910e-01
6.948745846748352051e-01 2.875740826129913330e-01 -1.516358971595764160e+00
6.586810350418090820e-01 1.615572333335876465e+00 9.205133914947509766e-01
2.242921590805053711e-01 8.349364399909973145e-01 -9.971340298652648926e-01
7.300701141357421875e-01 8.144541382789611816e-01 -8.295264244079589844e-01
2.494343519210815430e+00 -6.725295782089233398e-01 -4.040893912315368652e-02
2.913305521011352539e+00 -1.174136519432067871e+00 8.323827981948852539e-01
-9.634783864021301270e-01 -5.855963230133056641e-01 4.071332216262817383e-01
-1.553529620170593262e+00 1.179537773132324219e+00 1.097238183021545410e+00
-1.032238125801086426e+00 -8.579857349395751953e-01 1.147590160369873047e+00
6.104411482810974121e-01 -3.439623713493347168e-01 -2.713104486465454102e+00
6.839168071746826172e-01 -7.931955456733703613e-01 -5.949751138687133789e-01
7.000346779823303223e-01 -9.938732534646987915e-02 -1.472370028495788574e+00
8.755214214324951172e-01 1.908223152160644531e+00 1.014379620552062988e+00
-5.857549309730529785e-01 5.172517299652099609e-01 -5.498135685920715332e-01
-9.228129386901855469e-01 9.320835024118423462e-02 1.026328921318054199e+00
3.874766826629638672e-01 -5.367259383201599121e-01 -2.913121692836284637e-02
1.178699374198913574e+00 1.449016094207763672e+00 -2.760455012321472168e-01
3.017736375331878662e-01 -6.806919574737548828e-01 8.427075147628784180e-01
1.498280763626098633e-01 1.389527916908264160e+00 1.223757028579711914e+00
-1.022087931632995605e-01 -6.095545291900634766e-01 1.559407591819763184e+00
2.840256392955780029e-01 4.181341081857681274e-02 -8.170887827873229980e-01
1.197578072547912598e+00 -1.218136399984359741e-01 -5.056195259094238281e-01
-1.209948897361755371e+00 2.893313467502593994e-01 -1.926962733268737793e+00
2.837599813938140869e-01 3.647108376026153564e-01 5.948081016540527344e-01
1.254475355148315430e+00 -8.276751041412353516e-01 1.088449433445930481e-01
-5.341086536645889282e-02 -1.965812325477600098e+00 3.133483827114105225e-01
-4.793002605438232422e-01 7.976247668266296387e-01 4.432440400123596191e-01
8.669813275337219238e-01 -7.029980421066284180e-01 5.610948801040649414e-01
-3.608497604727745056e-02 -1.381734013557434082e+00 2.264250069856643677e-01
7.328599691390991211e-01 -2.513389885425567627e-01 -1.126281619071960449e+00
7.232272028923034668e-01 4.775496423244476318e-01 1.318706393241882324e+00
-4.474237859249114990e-01 1.375655770301818848e+00 1.885595798492431641e+00
-6.544185280799865723e-01 -5.949801802635192871e-01 -8.625497817993164062e-01
1.211356282234191895e+00 -1.358520388603210449e+00 -6.545317173004150391e-01
1.044549226760864258e+00 4.454953968524932861e-01 -3.792411088943481445e-01
1.378343999385833740e-02 1.514701843261718750e+00 2.250465303659439087e-01
1.636719465255737305e+00 3.902975842356681824e-02 -1.069553047418594360e-01
1.754685491323471069e-01 -1.031489133834838867e+00 -1.458995342254638672e-01
9.507111907005310059e-01 3.984809219837188721e-01 9.016553312540054321e-02
6.878725439310073853e-02 3.348145782947540283e-01 -2.383059114217758179e-01
-1.825813055038452148e+00 4.717545509338378906e-01 -5.660203695297241211e-01
8.475929498672485352e-01 -1.834055781364440918e-01 -5.340293645858764648e-01
1.055637955665588379e+00 7.345288395881652832e-01 8.293849974870681763e-02
-1.012104272842407227e+00 -1.738685369491577148e-01 4.184678494930267334e-01
8.152646422386169434e-01 -1.536100745201110840e+00 7.827252149581909180e-01
-1.663590550422668457e+00 -4.896388947963714600e-01 3.468561768531799316e-01
-5.396782159805297852e-01 1.421630263328552246e+00 -1.035152524709701538e-01
-2.852750718593597412e-01 -2.748580574989318848e-01 6.631716489791870117e-01
1.113762140274047852e+00 -6.086816191673278809e-01 -6.507387161254882812e-01
6.505864262580871582e-01 -9.731945991516113281e-01 -1.018630862236022949e+00
6.359388828277587891e-01 -6.729944348335266113e-01 -2.382178306579589844e-01
-2.085620015859603882e-01 1.311603426933288574e+00 -3.870703876018524170e-01
-9.635353684425354004e-01 2.895298302173614502e-01 -8.626206517219543457e-01
-1.022950530052185059e+00 6.648686528205871582e-01 1.912564992904663086e+00
1.723160505294799805e+00 2.302867919206619263e-01 -3.245148360729217529e-01
4.673573970794677734e-01 -8.592079877853393555e-01 -1.486439228057861328e+00
5.145177841186523438e-01 1.098657131195068359e+00 -8.893337845802307129e-01
9.842322468757629395e-01 1.877151966094970703e+00 1.480678558349609375e+00
-3.312020096927881241e-03 8.576478362083435059e-01 -7.191493511199951172e-01
-3.718447685241699219e-01 -1.221073150634765625e+00 -2.576249837875366211e-01
6.812039017677307129e-01 6.606219410896301270e-01 -2.572625577449798584e-01
8.380377888679504395e-01 4.611470401287078857e-01 -1.370041012763977051e+00
2.275072038173675537e-01 2.005988359451293945e-01 1.805852770805358887e+00
1.905549883842468262e+00 3.063691258430480957e-01 4.285555779933929443e-01
9.023563265800476074e-01 7.286961674690246582e-01 2.472211867570877075e-01
6.622158288955688477e-01 -1.134264945983886719e+00 -2.163329124450683594e+00
-2.197542339563369751e-01 -6.968029588460922241e-02 6.105839014053344727e-01
1.688317894935607910e+00 -8.668645024299621582e-01 -1.596098661422729492e+00
-1.591063022613525391e+00 -9.107689559459686279e-02 -1.036216378211975098e+00
2.213060408830642700e-01 1.001253202557563782e-01 1.334622502326965332e+00
1.247557282447814941e+00 -2.085281848907470703e+00 6.032611727714538574e-01
-1.391641020774841309e+00 9.476487040519714355e-01 -1.932838439941406250e+00
-2.075691223144531250e+00 2.045652568340301514e-01 -2.317097187042236328e-01
-9.122621417045593262e-01 2.453837729990482330e-02 -1.115431189537048340e+00
-9.029529690742492676e-01 9.640376567840576172e-01 -1.165276169776916504e+00
5.395659208297729492e-01 1.683344878256320953e-02 -5.373151302337646484e-01
1.165320754051208496e+00 2.033522605895996094e+00 7.889812588691711426e-01
-3.271120786666870117e-01 -1.337643861770629883e+00 6.256196498870849609e-01
-2.467600703239440918e-01 1.900657117366790771e-01 3.861290514469146729e-01
1.125805359333753586e-02 8.282067179679870605e-01 -7.557703256607055664e-01
-6.484872102737426758e-01 1.586971431970596313e-01 -1.274589449167251587e-01
-3.442787528038024902e-01 4.847958683967590332e-01 -2.458892948925495148e-02
5.445709824562072754e-01 7.356706857681274414e-01 1.317437291145324707e+00
4.429455697536468506e-01 1.663814783096313477e+00 1.603072166442871094e+00
-3.667555153369903564e-01 -2.222742885351181030e-01 -1.739752054214477539e+00
-1.281446933746337891e+00 -2.953535020351409912e-01 -7.203238606452941895e-01
1.123915314674377441e-01 -8.420412540435791016e-01 3.878789544105529785e-01
1.228534340858459473e+00 1.824687242507934570e+00 -2.490610480308532715e-01
1.480768203735351562e+00 9.454146027565002441e-01 -6.191604137420654297e-01
1.898412704467773438e-01 1.599160671234130859e+00 -1.303462833166122437e-01
-1.730771541595458984e+00 -1.740516185760498047e+00 -1.068058729171752930e+00
-3.342778980731964111e-01 3.831120431423187256e-01 -2.311327904462814331e-01
6.614220142364501953e-01 -1.239925146102905273e+00 6.660643219947814941e-01
-8.119834661483764648e-01 3.160684704780578613e-01 1.317484140396118164e+00
-6.194607615470886230e-01 -3.401386141777038574e-01 1.420173794031143188e-01
-2.006020069122314453e+00 -1.092699170112609863e+00 1.748424410820007324e+00
-1.069295287132263184e+00 -6.138723492622375488e-01 8.761016130447387695e-01
-1.723978281021118164e+00 1.316464304924011230e+00 -1.035833358764648438e+00
1.772868990898132324e+00 1.834985613822937012e+00 9.604882001876831055e-01
1.820307523012161255e-01 9.786960482597351074e-01 4.215301871299743652e-01
-4.664470255374908447e-01 -1.440466403961181641e+00 -4.620181769132614136e-02
1.713956594467163086e+00 -1.967526078224182129e-01 -3.156169354915618896e-01
7.546563148498535156e-01 -3.269351124763488770e-01 4.442229568958282471e-01
1.009093880653381348e+00 8.271178603172302246e-02 -2.939643144607543945e+00
1.271649748086929321e-01 3.301531970500946045e-01 -5.468291640281677246e-01
3.096718311309814453e+00 -1.035759329795837402e+00 1.661538004875183105e+00
-8.166099190711975098e-01 5.861359462141990662e-02 1.075922727584838867e+00
9.301020503044128418e-01 7.108764052391052246e-01 3.367454111576080322e-01
-2.208551615476608276e-01 9.424728155136108398e-01 2.795898020267486572e-01
-1.355572104454040527e+00 6.698738932609558105e-01 -6.616537570953369141e-01
-2.181887328624725342e-01 -7.026528120040893555e-01 1.004478931427001953e-01
2.206349670886993408e-01 1.227227568626403809e+00 -7.829627394676208496e-01
3.627157583832740784e-02 -2.923607230186462402e-01 -1.189809322357177734e+00
1.678286075592041016e+00 1.212712526321411133e+00 -5.588403940200805664e-01
-4.108734726905822754e-01 -2.219706922769546509e-01 -9.266567826271057129e-01
-5.986794233322143555e-01 -2.332003116607666016e+00 -1.441076397895812988e+00
-1.016444563865661621e+00 -4.875890314579010010e-01 5.804615616798400879e-01
-9.191602468490600586e-01 5.944634675979614258e-01 6.978568434715270996e-01
-8.055428043007850647e-03 1.587175369262695312e+00 3.330798447132110596e-01
-1.009846925735473633e+00 6.391301751136779785e-01 4.974262416362762451e-01
1.462306737899780273e+00 1.923963576555252075e-01 2.491099357604980469e+00
1.737410306930541992e+00 -6.148483231663703918e-02 4.927982985973358154e-01
5.362806320190429688e-01 2.240841388702392578e-01 -4.656939506530761719e-01
-5.475002527236938477e-01 1.244696259498596191e+00 -5.054585337638854980e-01
-3.181825280189514160e-01 -9.153230786323547363e-01 3.420251309871673584e-01
-4.329060614109039307e-01 4.608454108238220215e-01 7.368009537458419800e-02
-6.588280200958251953e-03 -1.741725683212280273e+00 -6.164481639862060547e-01
1.716276049613952637e+00 9.415259361267089844e-01 -3.077978193759918213e-01
-7.226052880287170410e-02 -1.366240978240966797e+00 3.121072947978973389e-01
-1.070920944213867188e+00 7.616869807243347168e-01 -7.565807700157165527e-01
-9.348220229148864746e-01 -1.071339964866638184e+00 9.317569732666015625e-01
1.272628545761108398e+00 -4.981227815151214600e-01 -9.567040205001831055e-01
-7.388636469841003418e-01 1.098629593849182129e+00 8.102297186851501465e-01
2.678421437740325928e-01 1.953098416328430176e+00 8.719471693038940430e-01
1.273200273513793945e+00 9.066837430000305176e-01 8.898474276065826416e-02
-1.038549780845642090e+00 1.800061702728271484e+00 3.145768344402313232e-01
-1.505264401435852051e+00 4.944809973239898682e-01 -1.510918736457824707e+00
7.621873617172241211e-01 -9.229859113693237305e-01 -8.404095172882080078e-01
4.591085016727447510e-01 -1.191036343574523926e+00 -4.615661501884460449e-01
3.585803508758544922e-01 8.397564888000488281e-01 -1.557419061660766602e+00
-1.129505395889282227e+00 8.731407523155212402e-01 7.729511857032775879e-01
-5.491337776184082031e-01 1.679946780204772949e-01 -6.542034149169921875e-01
6.352758035063743591e-03 1.242516875267028809e+00 3.519840538501739502e-03
1.803258895874023438e+00 3.898839354515075684e-01 8.553938269615173340e-01
5.257408022880554199e-01 7.727245688438415527e-01 -9.080566167831420898e-01
1.349378943443298340e+00 1.230976223945617676e+00 2.319821622222661972e-03
5.761483311653137207e-01 5.191634893417358398e-01 1.902841925621032715e-01
-2.222196102142333984e+00 1.424499630928039551e+00 1.906138181686401367e+00
-1.697545170783996582e+00 -1.497182399034500122e-01 8.692287206649780273e-01
-7.602089643478393555e-01 -5.991467237472534180e-01 6.006348505616188049e-02
7.124223709106445312e-01 1.808054566383361816e+00 1.982070565223693848e+00
-1.203483819961547852e+00 -1.623589396476745605e+00 -1.252109050750732422e+00
1.363174617290496826e-01 -1.056758046150207520e+00 -1.314380288124084473e+00
8.804995417594909668e-01 6.874024868011474609e-01 3.389142036437988281e+00
1.753852605819702148e+00 1.421071052551269531e+00 2.206403166055679321e-01
-9.087053537368774414e-01 -1.033134460449218750e+00 7.878659367561340332e-01
2.158109098672866821e-02 -1.017132520675659180e+00 -1.246757745742797852e+00
-4.083134233951568604e-01 -1.038155078887939453e+00 3.253121674060821533e-02
-1.354100823402404785e+00 1.883959054946899414e+00 -6.479058861732482910e-01
1.323536992073059082e+00 8.322758674621582031e-01 8.608671277761459351e-02
-4.798446595668792725e-01 9.753224849700927734e-01 6.628699302673339844e-01
3.897386491298675537e-01 -8.912349343299865723e-01 8.553535342216491699e-01
-5.637975931167602539e-01 -2.998530864715576172e-01 6.205459833145141602e-01
-2.536276280879974365e-01 3.346376493573188782e-02 1.582206130027770996e+00
-7.962608933448791504e-01 -1.048517823219299316e+00 -1.619184494018554688e+00
2.839768230915069580e-01 3.797559440135955811e-01 3.792811930179595947e-01
-4.899533689022064209e-01 3.640727996826171875e-01 1.489613294601440430e+00
-8.145661950111389160e-01 1.558162808418273926e+00 8.743456602096557617e-01
-1.369905233383178711e+00 7.570494413375854492e-01 -1.042245030403137207e-01
-8.599996566772460938e-01 1.065279006958007812e+00 -3.613405823707580566e-01
3.261971175670623779e-01 1.580141335725784302e-01 -2.074388563632965088e-01
3.687093853950500488e-01 -7.523716688156127930e-01 1.061663746833801270e+00
1.606916785240173340e+00 -1.332919239997863770e+00 1.817232847213745117e+00
-4.324575662612915039e-01 1.232726778835058212e-02 1.048471033573150635e-01
7.001662254333496094e-01 7.792397737503051758e-01 1.364046573638916016e+00
-1.875473856925964355e+00 1.874798350036144257e-02 1.148336410522460938e+00
3.423932194709777832e-01 1.202024579048156738e+00 -2.084313869476318359e+00
1.461393117904663086e+00 7.080109119415283203e-01 -6.197367794811725616e-03
5.899140238761901855e-02 4.339814186096191406e-01 8.910332918167114258e-01
7.645887136459350586e-01 -1.272663593292236328e+00 -2.900539934635162354e-01
-1.194288730621337891e-01 -2.950008027255535126e-02 -1.414008259773254395e+00
8.454652428627014160e-01 1.821488887071609497e-01 -1.052455425262451172e+00
7.905543446540832520e-01 1.273769259452819824e+00 -1.122816205024719238e+00
5.716472268104553223e-01 1.536753654479980469e+00 -1.198768258094787598e+00
-9.743165969848632812e-01 -1.032925844192504883e+00 6.553035974502563477e-01
-1.384672403335571289e+00 5.149216204881668091e-02 1.270341634750366211e+00
2.990623414516448975e-01 1.496953010559082031e+00 6.638146638870239258e-01
-8.399538993835449219e-01 -1.020984888076782227e+00 2.023584395647048950e-01
-1.103719472885131836e+00 -4.252366423606872559e-01 1.258245348930358887e+00
-1.836470484733581543e+00 3.310235738754272461e-01 -1.458405852317810059e-01
8.123878836631774902e-01 1.227057933807373047e+00 2.245080709457397461e+00
-2.295089244842529297e+00 5.168505311012268066e-01 -5.242195129394531250e-01
-6.986588239669799805e-01 5.665215849876403809e-01 6.159640550613403320e-01
9.511457681655883789e-01 1.059811472892761230e+00 -6.706188917160034180e-01
-1.644752264022827148e+00 -8.206450343132019043e-01 -1.449344605207443237e-01
-9.699991941452026367e-01 -2.335896193981170654e-01 2.514188051223754883e+00
-1.844910144805908203e+00 3.185538947582244873e-01 1.247277021408081055e+00
1.464578866958618164e+00 -7.700659632682800293e-01 -6.367241144180297852e-01
2.306252568960189819e-01 -1.314045190811157227e+00 4.627632796764373779e-01
1.523139715194702148e+00 1.312708258628845215e-01 2.575269639492034912e-01
2.608347237110137939e-01 -7.923429459333419800e-02 -1.040034294128417969e+00
4.043713510036468506e-01 -7.637246251106262207e-01 -1.469256877899169922e+00
-7.663428187370300293e-01 -4.824326038360595703e-01 -1.285167597234249115e-02
8.454418778419494629e-01 5.063592195510864258e-01 6.717262864112854004e-01
-1.371215224266052246e+00 2.596162259578704834e-01 -8.560019731521606445e-01
-1.373955607414245605e+00 4.079573154449462891e-01 -1.148895263671875000e+00
6.207963228225708008e-01 -1.792185902595520020e+00 1.195206403732299805e+00
9.772290587425231934e-01 1.593054771423339844e+00 -5.882441997528076172e-01
2.539638243615627289e-02 -8.121367692947387695e-01 -4.312232434749603271e-01
-4.306300077587366104e-03 1.680487036705017090e+00 -5.587244033813476562e-01
3.502140641212463379e-01 -4.924122691154479980e-01 3.916842862963676453e-02
-6.794589757919311523e-01 1.109922289848327637e+00 -2.250013113021850586e+00
-1.052520036697387695e+00 -2.817953824996948242e+00 1.491606831550598145e+00
-1.451857537031173706e-01 1.124182939529418945e+00 -7.335790395736694336e-01
9.265464544296264648e-02 -1.650618463754653931e-01 -4.806787669658660889e-01
5.405423045158386230e-01 6.341236829757690430e-01 -1.438253641128540039e+00
-6.618682146072387695e-01 6.804757118225097656e-01 -9.904342293739318848e-01
9.754296541213989258e-01 -1.701273024082183838e-01 -8.202503323554992676e-01
1.084473803639411926e-01 -3.210095167160034180e-01 -1.041318774223327637e-01
4.415599107742309570e-01 -4.057534337043762207e-01 1.186457183212041855e-02
5.103281140327453613e-02 -4.251282811164855957e-01 2.087378203868865967e-01
-5.616403222084045410e-01 -3.685889244079589844e-01 -1.011856436729431152e+00
-1.889553427696228027e+00 6.124317049980163574e-01 -2.940545380115509033e-01
-3.296747207641601562e-01 -2.176893800497055054e-01 -1.243868708610534668e+00
2.823292911052703857e-01 2.784422934055328369e-01 4.650437831878662109e-01
-2.381257861852645874e-01 -2.129635661840438843e-01 -1.643810510635375977e+00
5.761306881904602051e-01 1.871918201446533203e+00 1.589869022369384766e+00
1.361147522926330566e+00 4.276971817016601562e-01 5.042834877967834473e-01
1.042868614196777344e+00 2.547279000282287598e-01 1.140890955924987793e+00
6.433188915252685547e-01 5.707982778549194336e-01 1.061021804809570312e+00
-1.171988368034362793e+00 -5.329440236091613770e-01 7.494895458221435547e-01
1.207251846790313721e-01 -1.502916067838668823e-01 -1.192101955413818359e+00
-3.902758061885833740e-01 -1.144126176834106445e+00 4.239189326763153076e-01
4.458487629890441895e-01 -6.898214221000671387e-01 1.781648546457290649e-01
-1.631664276123046875e+00 -8.707436323165893555e-01 -1.121402263641357422e+00
4.038621485233306885e-01 -1.197476506233215332e+00 7.171138375997543335e-02
3.433759510517120361e-01 -7.515721917152404785e-01 -1.418298482894897461e+00
-8.713467121124267578e-01 -1.723123639822006226e-01 1.266079992055892944e-01
-7.527828812599182129e-01 1.384299755096435547e+00 5.310767292976379395e-01
1.020529389381408691e+00 -3.157002627849578857e-01 1.220581531524658203e+00
-7.748193144798278809e-01 -8.755509257316589355e-01 2.469190210103988647e-02
-1.605621457099914551e+00 -6.598585844039916992e-01 2.509506344795227051e-01
2.504266500473022461e-01 5.876023769378662109e-01 2.719618380069732666e-01
1.090489387512207031e+00 1.045479655265808105e+00 2.945425212383270264e-01
-1.005619645118713379e+00 2.335650444030761719e+00 1.575296878814697266e+00
-5.033278465270996094e-01 -1.179861575365066528e-01 -2.501153051853179932e-01
7.100284695625305176e-01 -8.659946322441101074e-01 2.662286043167114258e+00
4.341754317283630371e-01 -7.355212569236755371e-01 -9.421098232269287109e-02
-9.405850768089294434e-01 1.230527281761169434e+00 1.235559105873107910e+00
-1.525804400444030762e+00 8.046698570251464844e-01 -1.532998867332935333e-02
7.271645665168762207e-01 1.602202892303466797e+00 4.951505735516548157e-02
-1.745535135269165039e+00 -4.099552631378173828e-01 6.765766739845275879e-01
-9.886584281921386719e-01 3.122289478778839111e-01 -1.104236960411071777e+00
8.632147908210754395e-01 -2.967597246170043945e-01 9.126559495925903320e-01
1.445853412151336670e-01 -7.410571575164794922e-01 -3.041017055511474609e+00
3.376221656799316406e-01 1.050165891647338867e+00 5.799703001976013184e-01
6.333430409431457520e-01 -3.254696428775787354e-01 -4.725785553455352783e-01
-3.304327130317687988e-01 1.774923950433731079e-01 1.022259235382080078e+00
-7.087177634239196777e-01 5.788587331771850586e-01 -1.815113588236272335e-03
1.512593626976013184e-01 -1.906547069549560547e+00 3.342234194278717041e-01
-1.621349811553955078e+00 2.094498574733734131e-01 -1.821290493011474609e+00
8.063984513282775879e-01 -2.126082658767700195e+00 4.703865945339202881e-01
1.473159670829772949e+00 1.793367788195610046e-02 -1.704910159111022949e+00
1.513555169105529785e+00 2.393875718116760254e-01 2.834327518939971924e-01
1.044680595397949219e+00 3.575360476970672607e-01 -1.114650607109069824e+00
-1.231810331344604492e+00 -5.739305019378662109e-01 -6.371214240789413452e-02
-4.380846023559570312e-01 2.734884917736053467e-01 -7.634341120719909668e-01
2.566905319690704346e-01 1.130113244056701660e+00 3.123253583908081055e-01
-1.497552633285522461e+00 5.433021783828735352e-01 2.972999811172485352e-01
1.247328162193298340e+00 -1.318668246269226074e+00 1.041643500328063965e+00
-4.291717708110809326e-01 1.303643584251403809e+00 -9.143756031990051270e-01
3.085064172744750977e+00 2.122437357902526855e-01 -1.331616044044494629e+00
8.403810858726501465e-01 1.410903215408325195e+00 -1.198952317237854004e+00
1.019202828407287598e+00 3.444916307926177979e-01 -1.090483903884887695e+00
1.040961742401123047e+00 -1.261943101882934570e+00 1.586886793375015259e-01
-1.806014478206634521e-01 -6.578550934791564941e-01 -7.353791594505310059e-01
1.551442742347717285e+00 -1.047062397003173828e+00 -5.299798846244812012e-01
-1.334449291229248047e+00 1.419409751892089844e+00 -6.279526352882385254e-01
7.998337149620056152e-01 5.431376099586486816e-01 7.790970206260681152e-01
3.240308165550231934e-01 1.303138017654418945e+00 -8.581628799438476562e-01
-6.198258325457572937e-02 -1.833029627799987793e+00 1.833147168159484863e+00
-1.053739786148071289e+00 1.714604198932647705e-01 -4.332487285137176514e-01
6.443320959806442261e-02 -8.208690285682678223e-01 -2.056392669677734375e+00
-8.161716461181640625e-01 4.425540864467620850e-01 1.016169786453247070e+00
-2.013175934553146362e-01 1.272532790899276733e-01 4.676458835601806641e-01
-2.577704191207885742e+00 2.718374431133270264e-01 1.051912188529968262e+00
-1.452924847602844238e+00 -2.304717302322387695e+00 8.071932196617126465e-01
-2.014378905296325684e-01 1.806345582008361816e+00 6.704813241958618164e-01
6.668981313705444336e-01 1.548700094223022461e+00 -3.295361399650573730e-01
-3.125158548355102539e-01 -1.569091558456420898e+00 -4.290073513984680176e-01
-4.153998494148254395e-01 5.776215791702270508e-01 -8.179234713315963745e-02
3.168173730373382568e-01 2.161056995391845703e+00 5.202846527099609375e-01
-4.668513238430023193e-01 -1.136256232857704163e-01 -8.444343209266662598e-01
-1.849653482437133789e+00 8.743437379598617554e-02 -7.659015655517578125e-01
1.995984315872192383e+00 -1.210188984870910645e+00 -1.145102262496948242e+00
9.631243944168090820e-01 1.241864562034606934e-01 9.427641630172729492e-01
5.995679497718811035e-01 -4.614509940147399902e-01 1.246492385864257812e+00
-8.242921829223632812e-01 -2.286603450775146484e-01 -8.686842322349548340e-01
-1.325863152742385864e-01 8.403696417808532715e-01 -1.519263863563537598e+00
-7.454140186309814453e-01 1.611871361732482910e+00 1.174851536750793457e+00
6.752340197563171387e-01 6.796555966138839722e-02 -8.015979528427124023e-01
-1.876888871192932129e+00 -2.709352374076843262e-01 1.721818685531616211e+00
-1.702562808990478516e+00 1.434034466743469238e+00 -1.058869242668151855e+00
-6.201642379164695740e-02 8.963233828544616699e-01 -1.959413409233093262e+00
-9.581545591354370117e-01 1.186094999313354492e+00 1.305268883705139160e+00
-1.207618415355682373e-01 -8.623757362365722656e-01 -1.913233473896980286e-02
-1.317008137702941895e+00 2.746739983558654785e-01 -1.384239345788955688e-01
2.299503982067108154e-01 3.062842190265655518e-01 -2.806392312049865723e-01
-1.389004111289978027e+00 7.940010428428649902e-01 5.185762643814086914e-01
-3.253210186958312988e-01 -8.572487831115722656e-01 -7.025140523910522461e-01
7.997437119483947754e-01 -3.919757530093193054e-02 -5.741426348686218262e-01
-2.277975678443908691e-01 -4.915150701999664307e-01 -1.838828921318054199e-01
-7.058327198028564453e-01 2.273208141326904297e+00 1.214347004890441895e+00
-9.089924097061157227e-01 -3.107233047485351562e-01 -1.006075739860534668e+00
6.258446574211120605e-01 9.858414530754089355e-01 1.529096961021423340e+00
1.106948614120483398e+00 6.287400722503662109e-01 3.050247132778167725e-01
5.893060564994812012e-01 -1.624159693717956543e+00 -5.036116391420364380e-02
7.055511325597763062e-02 -9.058191776275634766e-01 4.316262006759643555e-01
5.489537715911865234e-01 -1.345681428909301758e+00 -5.744938254356384277e-01
2.353965640068054199e-01 2.479721903800964355e-01 1.672426342964172363e+00
-5.196481347084045410e-01 -9.294483661651611328e-01 9.926172494888305664e-01
-3.271622180938720703e+00 1.484511613845825195e+00 -3.375228643417358398e+00
-7.490816712379455566e-01 1.539041280746459961e+00 -5.583113431930541992e-01
3.287897408008575439e-01 -2.472434282302856445e+00 -1.005442023277282715e+00
3.978953957557678223e-01 4.129753112792968750e-01 1.520359218120574951e-01
-1.036321282386779785e+00 -1.270809292793273926e+00 3.268388807773590088e-01
6.731652021408081055e-01 1.124011158943176270e+00 -6.241196393966674805e-01
-3.455389738082885742e-01 -6.607171297073364258e-01 4.712738692760467529e-01
-5.643160939216613770e-01 -1.484973669052124023e+00 1.286480784416198730e+00
-1.183268129825592041e-01 8.316230177879333496e-01 2.378434658050537109e+00
8.158136606216430664e-01 -2.449435740709304810e-01 2.652322947978973389e-01
-2.553477417677640915e-03 5.347641706466674805e-01 1.002114936709403992e-01
1.177318453788757324e+00 2.180241584777832031e+00 -1.627711653709411621e-01
-3.214941173791885376e-02 -1.943235039710998535e+00 -1.461372673511505127e-01
3.373535275459289551e-01 8.464428782463073730e-01 1.281165182590484619e-01
1.440847367048263550e-01 -4.102732837200164795e-01 3.752799034118652344e-01
4.508679732680320740e-02 6.907879114151000977e-01 -2.785906661301851273e-03
-2.395949065685272217e-01 4.488167464733123779e-01 -5.948686003684997559e-01
-4.854158312082290649e-02 6.942349672317504883e-01 -1.595441937446594238e+00
-8.214083313941955566e-02 -6.764415502548217773e-01 2.609220981597900391e+00
1.496653437614440918e+00 -6.019697785377502441e-01 -3.958345055580139160e-01
-8.573337793350219727e-01 -9.405670762062072754e-01 -6.325376629829406738e-01
-1.418642520904541016e+00 1.592493057250976562e+00 1.085406661033630371e+00
-2.223950862884521484e+00 8.193581700325012207e-01 8.742346763610839844e-01
-5.597650632262229919e-02 1.682561516761779785e+00 -7.388056516647338867e-01
6.003670096397399902e-01 4.772363901138305664e-01 -3.885241597890853882e-02
2.882915139198303223e-01 -6.158198714256286621e-01 1.951462149620056152e+00
5.927007272839546204e-02 -1.415768146514892578e+00 1.644897222518920898e+00
-6.141759157180786133e-01 2.890562713146209717e-01 -8.148606121540069580e-02
-5.982752442359924316e-01 -2.133688449859619141e+00 -5.739669203758239746e-01
1.376551151275634766e+00 -1.023468017578125000e+00 -2.669761180877685547e-01
-7.322986125946044922e-01 -4.261819124221801758e-01 -4.830223321914672852e-01
-4.179364535957574844e-03 2.158292382955551147e-01 7.740612626075744629e-01
6.082540154457092285e-01 -3.176613152027130127e-02 -1.128393530845642090e+00
1.121025323867797852e+00 2.119694501161575317e-01 1.578903079032897949e+00
8.729121088981628418e-01 -2.310783565044403076e-01 1.659814119338989258e+00
-1.242649435997009277e+00 1.095284581184387207e+00 5.596073269844055176e-01
-1.921723365783691406e+00 -7.085833549499511719e-01 -7.907349467277526855e-01
4.637035429477691650e-01 -2.972655057907104492e+00 -4.405569434165954590e-01
-1.063169091939926147e-01 -2.964124083518981934e-01 -1.059278130531311035e+00
-5.663819909095764160e-01 1.079114317893981934e+00 2.114699780941009521e-01
2.007890641689300537e-01 1.439645767211914062e+00 -2.619528472423553467e-01
2.205634832382202148e+00 1.198475241661071777e+00 7.512807846069335938e-01
7.954964637756347656e-01 2.903759956359863281e+00 2.616748772561550140e-02
-1.987224668264389038e-01 -1.160743713378906250e+00 -1.318263113498687744e-01
-2.468222826719284058e-01 -1.400119304656982422e+00 -4.264228343963623047e-01
-2.125650644302368164e+00 -4.845028519630432129e-01 1.654404878616333008e+00
-2.183126062154769897e-01 8.140845894813537598e-01 -2.730934143066406250e+00
1.184979557991027832e+00 3.123853206634521484e-01 -3.962803483009338379e-01
1.772069036960601807e-01 -2.490837574005126953e-01 2.681529521942138672e-01
5.294554233551025391e-01 -1.460504531860351562e+00 5.721302628517150879e-01
-1.979651898145675659e-01 -8.169732093811035156e-01 3.994755148887634277e-01
-9.029375314712524414e-01 -6.562998294830322266e-01 -4.320180118083953857e-01
2.270697355270385742e-01 1.903706043958663940e-01 -1.684986233711242676e+00
-1.246364116668701172e+00 6.801257729530334473e-01 6.343063712120056152e-01
1.889656037092208862e-01 1.159963130950927734e+00 -1.167614579200744629e+00
-1.292908668518066406e+00 7.230953127145767212e-02 -2.844216525554656982e-01
1.301658749580383301e+00 -1.161033272743225098e+00 7.208930850028991699e-01
6.562315821647644043e-01 -1.838771581649780273e+00 7.695460319519042969e-01
-3.942571580410003662e-02 -5.019632577896118164e-01 1.803792357444763184e+00
1.120557069778442383e+00 1.189803481101989746e-01 9.595607519149780273e-01
5.143706798553466797e-01 -1.315268397331237793e+00 -7.012734413146972656e-01
2.694418668746948242e+00 -7.182474732398986816e-01 -1.325307935476303101e-01
-8.020073771476745605e-01 -4.007218182086944580e-01 -5.940546989440917969e-01
-3.162489235401153564e-01 4.541676938533782959e-01 -1.544126152992248535e+00
1.705041170120239258e+00 -2.154107540845870972e-01 6.367341876029968262e-01
2.189421057701110840e-01 -2.145163297653198242e+00 1.852848887443542480e+00
4.232858419418334961e-01 1.440922975540161133e+00 -1.085298180580139160e+00
-1.576082229614257812e+00 -6.805460900068283081e-02 -6.345363855361938477e-01
-2.514456748962402344e+00 4.784592986106872559e-01 -2.407319992780685425e-01
-4.446546435356140137e-01 3.111989004537463188e-03 1.951192021369934082e+00
3.572202026844024658e-01 1.224661245942115784e-01 5.844100117683410645e-01
1.821774721145629883e+00 -1.230950832366943359e+00 -9.292125105857849121e-01
-7.521826624870300293e-01 1.083443045616149902e+00 9.008194208145141602e-01
-7.419484853744506836e-01 2.409224212169647217e-01 1.777803421020507812e+00
-8.331860899925231934e-01 -5.096251964569091797e-01 -5.621578097343444824e-01
9.804717898368835449e-01 -4.146238863468170166e-01 2.752142846584320068e-01
-4.324439913034439087e-02 7.393388152122497559e-01 -1.127896785736083984e+00
3.576753437519073486e-01 8.089740276336669922e-01 -3.903265893459320068e-01
-7.842102050781250000e-01 4.985179901123046875e-01 -1.565515846014022827e-01
-5.587872862815856934e-01 2.093175239861011505e-02 2.245078980922698975e-01
-9.695714712142944336e-02 3.815629184246063232e-01 -5.665096044540405273e-01
7.992603182792663574e-01 1.321617603302001953e+00 -1.173892498016357422e+00
-9.631827473640441895e-01 1.330418348312377930e+00 1.294495582580566406e+00
-1.424935460090637207e-01 -9.849783778190612793e-01 -7.012408971786499023e-01
-5.156342983245849609e-01 1.534706056118011475e-01 8.103804588317871094e-01
-3.988913297653198242e-01 6.250982284545898438e-01 1.499593019485473633e+00
1.291378855705261230e+00 1.090444773435592651e-01 -1.451788306236267090e+00
-7.457150518894195557e-02 -3.760657459497451782e-02 2.523053810000419617e-02
1.450240910053253174e-01 -8.620514273643493652e-01 1.987078972160816193e-02
1.087885856628417969e+00 1.146057963371276855e+00 3.979190886020660400e-01
1.644078373908996582e+00 -7.740435749292373657e-02 1.612967491149902344e+00
-1.501100420951843262e+00 -1.446159362792968750e+00 -1.984020948410034180e+00
1.408734679222106934e+00 -1.395930409431457520e+00 6.688984036445617676e-01
-4.876879751682281494e-01 -1.841709166765213013e-01 -1.485796451568603516e+00
-1.387387812137603760e-01 1.579414755105972290e-01 7.804697751998901367e-01
-9.389615654945373535e-01 6.041273474693298340e-01 1.196774840354919434e+00
-3.159333229064941406e+00 -4.899596571922302246e-01 1.311177611351013184e-01
-1.712148785591125488e+00 -8.879777789115905762e-02 1.002974733710289001e-01
1.480700820684432983e-01 6.876202225685119629e-01 2.310919284820556641e+00
4.344987869262695312e-01 -8.574566245079040527e-01 1.102068543434143066e+00
6.955364346504211426e-01 -1.779963225126266479e-01 -1.789811849594116211e+00
8.724094629287719727e-01 -5.838758349418640137e-01 -1.088546991348266602e+00
-1.895052790641784668e+00 -3.366305306553840637e-02 -5.636525154113769531e-02
-1.336071372032165527e+00 2.686089575290679932e-01 1.503250449895858765e-01
8.669729828834533691e-01 3.428928256034851074e-01 -5.979530811309814453e-01
5.815722346305847168e-01 -1.303964853286743164e+00 -9.752289056777954102e-01
-3.855440616607666016e-01 -7.177850008010864258e-01 1.462391614913940430e+00
-2.481188923120498657e-01 3.225232958793640137e-01 1.768280386924743652e+00
-2.256758697330951691e-02 1.056307911872863770e+00 -6.670311689376831055e-01
1.152075529098510742e+00 -3.720138221979141235e-02 9.191463589668273926e-01
-1.655653119087219238e+00 3.735699355602264404e-01 3.489309847354888916e-01
-5.312162041664123535e-01 3.318697214126586914e-01 4.037737250328063965e-01
-6.637614965438842773e-01 1.198623180389404297e+00 -1.482553631067276001e-01
1.690834760665893555e+00 -5.094230771064758301e-01 4.032579421997070312e+00
1.215127110481262207e+00 -4.209792315959930420e-01 2.442667722702026367e+00
4.139472916722297668e-02 1.413726329803466797e+00 3.567337691783905029e-01
1.375417113304138184e-01 1.140122056007385254e+00 8.402056992053985596e-02
2.520504474639892578e+00 -1.432232856750488281e+00 1.449242115020751953e+00
3.927519917488098145e-01 4.963051974773406982e-01 5.319094061851501465e-01
-1.087847828865051270e+00 -8.208663463592529297e-01 9.609270095825195312e-01
-1.827239096164703369e-01 -9.822833538055419922e-02 1.607781648635864258e+00
-1.312716007232666016e+00 -1.356439441442489624e-01 -9.770839810371398926e-01
9.326878786087036133e-01 -8.228916525840759277e-01 1.857829280197620392e-02
-4.846302568912506104e-01 1.400920867919921875e+00 1.528208732604980469e+00
-1.690047144889831543e+00 -7.914476394653320312e-01 -2.873365581035614014e-01
-3.598701581358909607e-02 1.265988588333129883e+00 3.198058307170867920e-01
-4.397580400109291077e-02 3.940187990665435791e-01 4.358080625534057617e-01
-8.552920222282409668e-01 2.322698116302490234e+00 -6.992235183715820312e-01
1.409458398818969727e+00 2.163246870040893555e+00 -6.069678068161010742e-01
-5.306882262229919434e-01 1.079930663108825684e+00 -8.723341822624206543e-01
3.308520466089248657e-02 3.025197088718414307e-01 2.893205881118774414e-01
-1.846620678901672363e+00 6.140849590301513672e-01 -1.280148625373840332e+00
-5.068476200103759766e-01 1.711616396903991699e+00 -7.999556064605712891e-01
-3.006657063961029053e-01 1.812602400779724121e+00 5.160127878189086914e-01
-3.060417436063289642e-02 8.664357066154479980e-01 1.910038739442825317e-01
-2.345440685749053955e-01 4.919525682926177979e-01 4.050997272133827209e-02
-5.318419635295867920e-02 1.945513337850570679e-01 -1.174681663513183594e+00
-1.901737570762634277e+00 -8.213412165641784668e-01 -4.032185077667236328e-01
2.567774951457977295e-01 -5.889073014259338379e-01 1.832177042961120605e+00
4.657179117202758789e-02 -7.634353637695312500e-02 -3.708107396960258484e-02
1.677003622055053711e+00 -1.037600710988044739e-01 2.211506843566894531e+00
2.256794691085815430e+00 -8.289800882339477539e-01 7.855789661407470703e-01
-5.949581861495971680e-01 -1.819280624389648438e+00 -1.814925193786621094e+00
6.530613899230957031e-01 1.763089060783386230e+00 6.236413493752479553e-02
4.142912030220031738e-01 1.858576685190200806e-01 -6.362442970275878906e-01
7.227791547775268555e-01 1.149752736091613770e-01 1.326573014259338379e+00
4.078995585441589355e-01 -5.283076167106628418e-01 -6.135805249214172363e-01
7.544171810150146484e-01 3.151783943176269531e-01 1.321373462677001953e+00
-1.712907910346984863e+00 -7.781632542610168457e-01 -9.804059863090515137e-01
-1.183416485786437988e+00 -6.782078146934509277e-01 -4.537126719951629639e-01
-8.063631057739257812e-01 -1.206498622894287109e+00 6.521694660186767578e-01
-6.740208864212036133e-01 2.083394289016723633e+00 1.167913675308227539e+00
2.481843680143356323e-01 -1.300176829099655151e-01 1.270187020301818848e+00
8.072849512100219727e-01 3.340993225574493408e-01 3.286074697971343994e-01
8.766931891441345215e-01 9.390582442283630371e-01 -1.501240730285644531e+00
-5.539885163307189941e-01 -2.478296607732772827e-01 -5.511260032653808594e-02
1.117413770407438278e-02 6.396097540855407715e-01 7.048450112342834473e-01
-9.954097270965576172e-01 1.094443917274475098e+00 9.295557141304016113e-01
1.030643820762634277e+00 -2.090129069983959198e-02 -8.664997816085815430e-01
-1.708700507879257202e-01 -2.336376458406448364e-01 -6.838456988334655762e-01
6.659495085477828979e-02 7.855298519134521484e-01 -1.222307920455932617e+00
-2.650961875915527344e-01 8.320289850234985352e-01 2.037597894668579102e+00
-2.083983659744262695e+00 -6.638334393501281738e-01 2.076971530914306641e+00
5.050946399569511414e-02 -7.312097549438476562e-01 -1.458391308784484863e+00
1.013539806008338928e-01 -1.154047369956970215e+00 1.926576256752014160e+00
-6.990965455770492554e-02 -2.090911865234375000e+00 -2.345659971237182617e+00
-5.872641205787658691e-01 -2.355740815401077271e-01 7.026225924491882324e-01
-9.417587518692016602e-01 -5.903599858283996582e-01 3.157835304737091064e-01
6.428361535072326660e-01 -1.958537936210632324e+00 -3.693996965885162354e-01
-1.178886175155639648e+00 -9.842184185981750488e-01 4.968061670660972595e-02
1.464991927146911621e+00 -8.245926499366760254e-01 -1.474335640668869019e-01
-1.320487380027770996e+00 1.192032694816589355e+00 6.796200871467590332e-01
6.168977022171020508e-01 8.245634436607360840e-01 -8.864971995353698730e-01
-7.003166675567626953e-01 1.533019423484802246e+00 -6.045130491256713867e-01
-9.692655801773071289e-01 -1.222590684890747070e+00 -1.276116967201232910e-01
5.960683226585388184e-01 -1.562270283699035645e+00 -2.110982179641723633e+00
1.495182663202285767e-01 -8.518302440643310547e-01 1.088943004608154297e+00
-7.953945398330688477e-01 -2.720813989639282227e+00 -1.127007365226745605e+00
1.193961381912231445e+00 -5.570471882820129395e-01 -2.546516895294189453e+00
-1.898440003395080566e+00 -3.478235602378845215e-01 -7.010496258735656738e-01
1.729663610458374023e+00 -1.699787974357604980e+00 8.654619455337524414e-01
-2.322986423969268799e-01 -2.058057546615600586e+00 1.505598902702331543e+00
-6.501716971397399902e-01 1.268760412931442261e-01 1.872672080993652344e+00
1.294222474098205566e+00 3.977496623992919922e-01 1.384536385536193848e+00
-7.895179986953735352e-01 -4.081605374813079834e-01 5.860482454299926758e-01
-8.523142337799072266e-01 -3.190766870975494385e-01 -8.183301091194152832e-01
-7.608682513236999512e-01 1.174848794937133789e+00 -1.106069922447204590e+00
-2.296566486358642578e+00 2.329680204391479492e+00 7.845551967620849609e-01
4.803960323333740234e-01 2.928736507892608643e-01 -8.119767308235168457e-01
-3.835900723934173584e-01 -1.382303386926651001e-01 -2.446008659899234772e-02
-9.654989838600158691e-01 -3.255608081817626953e-01 8.445004820823669434e-01
2.562333345413208008e-01 -4.930539131164550781e-01 1.614495038986206055e+00
5.989289283752441406e-01 -2.495387792587280273e+00 -2.339881509542465210e-01
-8.491503000259399414e-01 4.099259972572326660e-01 -5.440313816070556641e-01
-4.473417997360229492e-01 4.899727702140808105e-01 -1.345231831073760986e-01
1.514878034591674805e+00 -1.432702898979187012e+00 -7.312148064374923706e-02
-6.607998609542846680e-01 3.106245212256908417e-02 9.097796082496643066e-01
6.719565391540527344e-02 -8.888222575187683105e-01 -9.042138457298278809e-01
-5.520367026329040527e-01 -4.885849356651306152e-01 -7.443209886550903320e-01
-2.213423728942871094e+00 6.727566719055175781e-01 -2.093133687973022461e+00
-7.881751656532287598e-01 6.777616143226623535e-01 9.379341006278991699e-01
3.716459870338439941e-01 -1.010230183601379395e+00 -6.545254588127136230e-01
-1.844289153814315796e-01 -7.190011739730834961e-01 -4.497984051704406738e-01
1.275940299034118652e+00 -1.222617983818054199e+00 8.776313662528991699e-01
6.025704741477966309e-01 -5.677047967910766602e-01 8.370923250913619995e-02
-1.225092530250549316e+00 -3.291534259915351868e-02 6.848878264427185059e-01
-4.144073128700256348e-01 -3.233312129974365234e+00 9.164841771125793457e-01
4.744086861610412598e-01 -3.621341884136199951e-01 -1.209808826446533203e+00
-2.683451771736145020e-01 -3.365911841392517090e-01 9.158520102500915527e-01
-1.873146533966064453e+00 1.158310770988464355e+00 1.034159302711486816e+00
-2.804279923439025879e-01 2.206267565488815308e-01 1.083494663238525391e+00
-1.429579257965087891e+00 -1.214107990264892578e+00 -1.420305013656616211e+00
-9.592083692550659180e-01 -6.748603582382202148e-01 -4.033554494380950928e-01
-2.987541258335113525e-01 6.377382874488830566e-01 8.333247900009155273e-01
5.831681489944458008e-01 -5.021353960037231445e-01 -8.202585577964782715e-02
6.960027813911437988e-01 -1.333639979362487793e+00 -1.911112666130065918e+00
-8.067327737808227539e-02 -1.634461164474487305e+00 -7.500177025794982910e-01
1.373530387878417969e+00 4.113049507141113281e-01 9.425751566886901855e-01
1.506243109703063965e+00 -6.003787517547607422e-01 -2.002001553773880005e-02
4.762874841690063477e-01 9.846667945384979248e-02 2.883676588535308838e-01
-7.602480649948120117e-01 -9.650357067584991455e-02 5.869670510292053223e-01
-6.407571583986282349e-02 -1.165475010871887207e+00 1.390859127044677734e+00
1.327978610992431641e+00 3.631725609302520752e-01 5.501284599304199219e-01
3.017624914646148682e-01 -2.000344276428222656e+00 2.049650996923446655e-01
-7.109740972518920898e-01 3.912106156349182129e-01 1.804131269454956055e+00
-1.534138768911361694e-01 1.343674898147583008e+00 5.292094945907592773e-01
7.823402881622314453e-01 1.346382617950439453e+00 1.588411033153533936e-01
1.217510223388671875e+00 6.748410523869097233e-04 -1.044341802597045898e+00
5.070494487881660461e-03 -9.272464513778686523e-01 -1.595834046602249146e-01
2.311359167098999023e+00 -1.354232549667358398e+00 7.871469855308532715e-01
-3.134728670120239258e-01 -5.939695835113525391e-01 1.141152501106262207e+00
-9.080352783203125000e-01 -2.824101150035858154e-01 -1.295707583427429199e+00
4.993661344051361084e-01 9.721257537603378296e-02 2.568832039833068848e-01
4.341754913330078125e-01 1.106633782386779785e+00 7.305345684289932251e-02
-8.594409823417663574e-01 2.592381715774536133e+00 8.149001002311706543e-01
-1.638933300971984863e+00 -2.961797475814819336e+00 -1.300165653228759766e+00
-1.323623776435852051e+00 -1.275756478309631348e+00 -1.855546951293945312e+00
8.676195740699768066e-01 -4.673002064228057861e-01 5.201962590217590332e-01
-2.404047250747680664e+00 -6.042766571044921875e-01 -5.745733976364135742e-01
-1.013731002807617188e+00 -1.239009261131286621e+00 -2.468282938003540039e+00
1.752476990222930908e-01 6.027714014053344727e-01 -3.444365411996841431e-02
1.409337282180786133e+00 -2.892397046089172363e-01 7.485977411270141602e-01
2.133274376392364502e-01 7.165395021438598633e-01 -8.301175832748413086e-01
2.355895787477493286e-01 -3.738388046622276306e-02 2.291899733245372772e-02
9.354155659675598145e-01 2.840334549546241760e-02 -3.948944807052612305e-01
1.255081534385681152e+00 7.091265171766281128e-02 -1.217200398445129395e+00
-7.257355451583862305e-01 -7.457504868507385254e-01 9.734207987785339355e-01
4.664663672447204590e-01 -5.346125364303588867e-01 2.570872902870178223e-01
3.536622039973735809e-03 -2.157521486282348633e+00 -1.155297875404357910e+00
1.497494459152221680e+00 -1.834050297737121582e+00 -7.196651399135589600e-02
-6.489484906196594238e-01 -8.924464583396911621e-01 1.504963397979736328e+00
-8.141097426414489746e-02 5.035344958305358887e-01 3.116378486156463623e-01
1.293122053146362305e+00 -2.119751453399658203e+00 8.728077411651611328e-01
1.655244231224060059e+00 -2.255849599838256836e+00 -1.519901156425476074e-01
2.980630099773406982e-01 -1.145166158676147461e+00 1.161136388778686523e+00
-1.133808255195617676e+00 -1.300895571708679199e+00 -1.486653566360473633e+00
1.086242675781250000e+00 -9.350771307945251465e-01 2.204748153686523438e+00
5.924979448318481445e-01 1.096473217010498047e+00 8.371872901916503906e-01
8.582099080085754395e-01 -9.039962291717529297e-02 3.428113162517547607e-01
5.422429740428924561e-02 -1.061652541160583496e+00 9.998925775289535522e-02
-6.117853149771690369e-02 3.174087405204772949e-01 2.245755195617675781e+00
-1.203350424766540527e-01 1.428782701492309570e+00 2.086683273315429688e+00
-5.026980042457580566e-01 1.452753543853759766e+00 2.367427647113800049e-01
-2.813156843185424805e+00 -2.358091473579406738e-01 2.845956683158874512e-01
2.486603021621704102e+00 -1.637350022792816162e-01 8.862827420234680176e-01
-9.777204990386962891e-01 1.359375238418579102e+00 -7.969803810119628906e-01
-8.843499422073364258e-01 -5.242817997932434082e-01 1.195103883743286133e+00
9.904684424400329590e-01 -1.386486768722534180e+00 8.031287193298339844e-01
-2.002087980508804321e-01 -7.050061821937561035e-01 -6.240409016609191895e-01
-5.008215308189392090e-01 -4.627138674259185791e-01 -6.556950211524963379e-01
-1.207983121275901794e-01 6.472126841545104980e-01 1.408730030059814453e+00
-1.762404680252075195e+00 1.484017133712768555e+00 9.049003124237060547e-01
-1.497063279151916504e+00 7.225700616836547852e-01 -8.537146449089050293e-01
-9.397652149200439453e-01 -1.145656704902648926e-01 1.639457941055297852e-01
1.273035526275634766e+00 1.081022143363952637e+00 -4.080152213573455811e-01
7.059969007968902588e-02 -1.188487648963928223e+00 -1.325284987688064575e-01
-5.131464600563049316e-01 5.102884769439697266e-01 -2.923982143402099609e-01
-1.072523117065429688e+00 -8.161796927452087402e-01 1.307574510574340820e+00
6.226976960897445679e-02 1.409963518381118774e-01 -7.003580927848815918e-01
3.609881103038787842e-01 8.138347268104553223e-01 -8.990433812141418457e-01
2.075457721948623657e-01 1.161068439483642578e+00 9.677131772041320801e-01
2.068217694759368896e-01 -1.315533161163330078e+00 -1.238824367523193359e+00
6.476200222969055176e-01 1.364305019378662109e+00 -1.343401074409484863e+00
-8.189198970794677734e-01 8.594200015068054199e-01 -1.179736256599426270e+00
1.279830932617187500e+00 -8.593596220016479492e-01 -1.536751091480255127e-01
1.736718297004699707e+00 8.114097714424133301e-01 -5.688115954399108887e-01
-9.371063113212585449e-01 -2.216972351074218750e+00 -1.316533684730529785e+00
-7.363474965095520020e-01 -1.688413023948669434e+00 6.576915979385375977e-01
-3.306480348110198975e-01 5.069273710250854492e-01 -7.582647204399108887e-01
3.899575769901275635e-01 -5.526669025421142578e-01 -2.492874301970005035e-02
5.940505489706993103e-02 1.056321024894714355e+00 5.294305682182312012e-01
9.462169408798217773e-01 -1.376308917999267578e+00 -4.534364342689514160e-01
1.101657390594482422e+00 -9.048312902450561523e-03 -1.710205338895320892e-02
6.346433162689208984e-01 4.508066475391387939e-01 -6.122756004333496094e-01
2.503341436386108398e-01 -5.149735212326049805e-01 1.418715238571166992e+00
6.466248035430908203e-01 4.705416858196258545e-01 -2.074096441268920898e+00
-1.328605175018310547e+00 -1.366744399070739746e+00 -5.481144785881042480e-01
1.540636181831359863e+00 -1.963553547859191895e+00 4.493812024593353271e-01
-1.721428036689758301e-01 1.841788172721862793e+00 -8.752118945121765137e-01
-1.573682188987731934e+00 1.786167502403259277e+00 -8.525909781455993652e-01
5.925198793411254883e-01 6.965880990028381348e-01 -4.645161330699920654e-01
-5.356122851371765137e-01 6.004234552383422852e-01 4.615048170089721680e-01
-1.280902147293090820e+00 5.405901670455932617e-01 -2.968857884407043457e-01
1.666493773460388184e+00 -1.581197857856750488e+00 1.462677836418151855e+00
-1.501853317022323608e-01 -9.561871290206909180e-01 4.427328109741210938e-01
2.777643129229545593e-02 -1.164051964879035950e-01 6.802878975868225098e-01
1.786407589912414551e+00 3.103660643100738525e-01 8.643237948417663574e-01
5.694085955619812012e-01 -5.783642530441284180e-01 7.796344161033630371e-02
1.394673466682434082e+00 5.531922578811645508e-01 -5.301074385643005371e-01
7.197356820106506348e-01 -5.079547166824340820e-01 9.901497364044189453e-01
-5.356442332267761230e-01 -7.152640223503112793e-01 5.959124565124511719e-01
2.215684056282043457e-01 9.099679589271545410e-01 6.673079729080200195e-01
5.840722918510437012e-01 8.467924594879150391e-02 -3.220673203468322754e-01
5.201438665390014648e-01 -1.026510119438171387e+00 -1.812615633010864258e+00
-8.683910965919494629e-02 -5.628051161766052246e-01 -6.801931262016296387e-01
1.515761852264404297e+00 -1.737126111984252930e-01 8.551048040390014648e-01
4.657595157623291016e-01 -1.045531272888183594e+00 -5.824223160743713379e-01
4.793749153614044189e-01 1.061621546745300293e+00 -2.194640189409255981e-01
-1.189341470599174500e-01 6.677906215190887451e-02 6.059908866882324219e-01
-1.749226808547973633e+00 4.731184542179107666e-01 -1.904398053884506226e-01
8.352490663528442383e-01 -5.951142907142639160e-01 2.133324384689331055e+00
9.620774388313293457e-01 3.474852740764617920e-01 2.637662589550018311e-01
3.326739370822906494e-01 1.064920127391815186e-01 7.503980398178100586e-01
3.799845576286315918e-01 2.034541368484497070e+00 -1.456076383590698242e+00
1.470901131629943848e+00 2.140001773834228516e+00 5.538567900657653809e-01
1.741909980773925781e+00 5.777439475059509277e-01 -1.608397126197814941e+00
-9.956106543540954590e-01 1.062093138694763184e+00 -3.014506995677947998e-01
2.303644657135009766e+00 1.703401803970336914e+00 -1.399859547615051270e+00
1.596517086029052734e+00 2.002909332513809204e-01 -1.044301152229309082e+00
-1.429058551788330078e+00 -9.025481939315795898e-01 -2.566221058368682861e-01
-3.865805566310882568e-01 -1.341693282127380371e+00 -1.749670654535293579e-01
2.548004388809204102e-01 1.801849246025085449e+00 -6.952450275421142578e-01
-2.201828658580780029e-01 -1.048317909240722656e+00 -3.076112568378448486e-01
-1.587702631950378418e+00 -5.305830836296081543e-01 -1.774949580430984497e-01
5.564452335238456726e-02 -1.072975635528564453e+00 -7.914573550224304199e-01
1.572996139526367188e+00 -1.650384187698364258e+00 -1.130907773971557617e+00
-4.024167060852050781e-01 -5.720979571342468262e-01 -3.319599106907844543e-02
-8.325729370117187500e-01 -6.465384960174560547e-01 -1.324585914611816406e+00
-8.829551339149475098e-01 -3.496442139148712158e-01 -4.142009913921356201e-01
-1.370689719915390015e-01 -6.348655819892883301e-01 -9.911476373672485352e-01
-1.146914243698120117e+00 4.687630832195281982e-01 -4.195602238178253174e-01
1.258841305971145630e-01 9.414879679679870605e-01 1.518524140119552612e-01
1.048790097236633301e+00 1.452004313468933105e+00 -7.924173474311828613e-01
-8.399308323860168457e-01 -1.383868098258972168e+00 1.195885896682739258e+00
5.447766184806823730e-01 -2.565334737300872803e-01 2.517059445381164551e-01
5.025409162044525146e-02 3.519897460937500000e-01 -9.766536951065063477e-01
8.832038640975952148e-01 -3.515028953552246094e-01 -3.302660584449768066e-01
-9.975482821464538574e-01 1.017335653305053711e+00 -6.763857603073120117e-01
-6.640929579734802246e-01 1.834991872310638428e-01 7.022076249122619629e-01
8.685740828514099121e-01 -2.113277196884155273e+00 1.578432440757751465e+00
-6.776899099349975586e-01 -5.933231860399246216e-02 -2.519578933715820312e-01
9.581570029258728027e-01 -2.045483350753784180e+00 -2.921876609325408936e-01
-2.656977653503417969e+00 -8.648511022329330444e-02 1.747535467147827148e-01
-7.887224107980728149e-02 4.946683049201965332e-01 -6.050410270690917969e-01
1.074509382247924805e+00 8.615584969520568848e-01 -4.270922020077705383e-02
-1.366810083389282227e+00 3.711563646793365479e-01 -9.515076279640197754e-01
-1.334759891033172607e-01 6.708083748817443848e-01 -1.883791804313659668e+00
-1.051831841468811035e+00 9.085770249366760254e-01 6.775847673416137695e-01
1.146189093589782715e+00 1.034150004386901855e+00 2.885684072971343994e-01
-7.807564735412597656e-01 -3.483001589775085449e-01 -1.200221180915832520e+00
5.353614091873168945e-01 2.430786341428756714e-01 2.141258716583251953e+00
4.842008948326110840e-01 -1.423168659210205078e+00 2.509719431400299072e-01
1.844293951988220215e+00 1.265918016433715820e+00 -1.094491243362426758e+00
-6.671892851591110229e-02 -7.603931427001953125e-01 6.143895983695983887e-01
-6.054781079292297363e-01 -1.074322938919067383e+00 -2.871996462345123291e-01
9.292407631874084473e-01 2.345174551010131836e+00 2.416420578956604004e-01
1.009872674942016602e+00 1.313579201698303223e+00 1.731830954551696777e+00
