-1.321993792177665883e+00 1.315640697161150285e+00 -1.195664968423143515e+00
-1.878952964500697931e+00 3.613210837030947364e-01 1.083202093309759473e+00
-2.284448527739340595e-01 3.956883339832039104e-01 -1.937106597764079563e+00
-1.746840937449978703e+00 1.199232912631481435e-01 1.986981580422251259e-01
2.749233517994771336e-01 2.794226439710265186e+00 -1.716101203691392241e-01
1.271065174021090316e+00 -4.022336597416568960e-02 -1.223744616809978591e+00
1.143333199245893494e+00 1.132688044176431152e-01 6.234632760376956906e-02
3.231363458474842965e-01 -1.021420999412563813e+00 8.259122245192459522e-01
-6.580373666622474360e-01 8.593461532598756225e-01 8.736171651420941986e-01
7.885315099657647098e-01 1.361219407100691114e-01 1.766687720448189072e-02
9.663621561605838517e-01 1.367775235141942547e+00 2.220082251399474460e-01
-4.007933376837011785e-01 -2.612975801897804984e-01 3.631728674609857599e-01
-9.109633368298543088e-01 1.038495696126434220e+00 1.878302839638660071e+00
2.273790761538395933e-01 4.192524487787574472e-01 6.942098685981156203e-01
2.834862248265926921e-01 -1.568950717678608830e+00 1.146865065699782749e+00
-2.218112169314363502e-01 1.114808501075161162e+00 7.325990362186741711e-01
1.783206429207094157e+00 4.634778576852957577e-01 7.673403182595679439e-01
3.075733254117174464e-01 3.812934376034234907e-01 3.190536549015957068e-01
1.994842111406513185e-01 -8.733227116935728951e-01 1.879865735157908002e+00
1.319504215411570591e+00 -1.308270314931270883e+00 1.691155768920615587e+00
1.695072929221113966e+00 5.306169424580554628e-01 5.757018119946792911e-01
-1.992838442827381540e+00 2.161531491205782862e-02 1.589216787498494821e+00
-1.769813148034221628e+00 -3.028242223546310230e-01 3.680931468962284070e-01
-6.577541811754823720e-02 1.579813064418732260e+00 -5.682972343866268261e-01
-3.388772397478246878e-01 -9.476722153711395480e-01 7.988142455163844691e-01
-3.323290373255227692e-01 9.792035398620484443e-01 4.661469637873641436e-01
1.969815756235086646e+00 1.036898351372037785e+00 -6.792398664152342613e-01
6.635847325616557602e-02 1.716447289708474822e-01 -3.490146445583364732e-01
7.199040386351786003e-01 -6.771355747493952304e-01 2.822958215888982991e+00
-1.168162224413380024e+00 -1.069282925269630313e+00 8.984866064578012068e-02
-7.398496182692648748e-01 -1.149696055527522631e+00 2.736325733740357577e-02
2.420922212457667477e+00 -4.705690263740587298e-01 1.124590177206681973e+00
-3.162646060659124458e-01 1.979475098146511902e+00 -1.547182757070808989e+00
-1.312225997978652692e-01 2.438943718478969291e+00 2.226148933898445481e+00
-1.095396447821678443e+00 -4.936174575476487414e-01 -1.189241991174627255e+00
9.245259989187909477e-01 -2.944403368844464644e-02 7.516020284648187166e-01
1.678612399278666345e+00 -1.088519693298674262e+00 1.363125420244752251e+00
1.644340247483050854e+00 1.412726671433540249e+00 -6.043325494005946652e-01
6.151999804063699173e-01 9.894717710068180461e-01 1.717302781766428588e+00
-4.737095727441305582e-01 8.147772975538673801e-02 2.248890302317402945e+00
1.158811630067764442e+00 7.980267811970206404e-01 1.128729232898204593e+00
-4.231622734833903610e-01 8.309737130151768625e-01 4.249041933609638555e-01
-6.739463093097510793e-01 -1.400582797871934536e-02 -5.768418020474586072e-02
1.003279289721261264e-01 -1.592009652147396981e-01 1.364774775775116078e-01
-1.064371762657225329e+00 -2.685249039556104389e+00 7.866622241799940962e-01
1.807544641922415263e+00 4.328650450907819414e-01 1.008278829213667294e+00
1.959173738702101764e+00 1.629291088985119096e+00 2.302885788182769955e-01
-1.889420634997697190e-01 -2.190824397960899894e+00 1.511757567472034047e+00
1.155666176068864681e+00 1.642725481149224454e+00 -5.745994013283558521e-01
1.069677590206100204e+00 1.069577479802832132e+00 -1.673448078538416484e+00
-7.340011350659391143e-01 1.297839744186163990e+00 2.043313280983618530e+00
2.292558751167048214e+00 3.863261001608936929e-01 -1.441750968723974902e-01
-3.538856820240805501e-01 8.116161698386643863e-02 1.171372013547552937e+00
7.910380899831492840e-02 -2.770755220462861601e-01 -2.651380305931955728e-01
-9.570990254763774852e-01 1.023329048766276950e+00 1.088658593850878376e+00
-8.671494186849924013e-01 3.221268005971361648e-01 -2.093753179800217357e-01
2.663296259811122058e-01 4.173708014013114975e-01 1.781576110896659904e+00
-5.883016095372116672e-01 -1.267867910373503548e+00 1.061717423281829165e+00
1.392959589982391000e-01 4.226670417208710506e-01 -1.492572416553783476e-01
-2.252973554446697224e-01 1.589690894577774571e+00 -4.264876443943690920e-01
-9.332176611813387535e-01 7.829773196293279280e-01 -5.610123949341834226e-01
2.837384127850880233e+00 -1.136124381931814753e+00 -6.374441811225395327e-01
5.400276438970623705e-01 2.135633316832814543e+00 1.745834581331085822e+00
1.284667255639898586e+00 -3.034322323623251938e-01 -4.268673881903683465e-01
-1.770122154274100801e+00 -1.212961960527518812e+00 -3.218918188166508543e-02
1.574315319498424071e+00 8.029968581208603018e-01 -3.282699991264004247e-02
1.978131127987044380e+00 4.649215016615843021e-02 -1.778083625291437597e+00
-4.083637599092937442e-01 -1.153966772160449406e+00 -5.113188758742998052e-01
-9.028859180556263464e-01 6.686648370962279264e-01 -1.087510165556528019e+00
1.001675190732294940e+00 -7.993785845456180539e-01 1.625871911561328931e+00
4.209407133336132700e-01 -8.341821541694277239e-03 8.793823248582229857e-01
9.068573601259651840e-01 7.608858530270252718e-01 -9.787461010699535224e-01
-4.806535208332118891e-02 -1.561543979111476022e+00 7.096162736804344506e-01
-1.783421270609599762e-01 1.528196387814183099e+00 4.246096955098999093e-02
-5.285334215265172914e-02 4.405097126133544760e-01 -1.008684115388308822e+00
1.255472021938366822e+00 -4.390228444549768572e-01 -1.434477685618635201e+00
-6.301794430532667857e-01 -5.943894917289554991e-01 2.418072016767184085e+00
-1.257262008792612573e-01 7.140909304251858991e-01 1.738351726323258850e+00
1.178349932481495665e+00 9.233505418951719612e-01 -3.668884051905109689e-01
-8.399034517353195506e-01 1.646363643817662981e+00 -1.307924823559159622e+00
-7.908510824850711884e-01 6.410247184736437287e-01 1.925792075800563774e+00
-6.652273508504769062e-01 -8.528038727954452280e-01 1.870627111664949549e+00
6.686466648835632798e-01 1.285903616747743561e+00 -2.464394830470328923e-01
-1.349170795776283016e-01 -1.315683348833510902e+00 9.566046801615383233e-01
3.068293666338355763e+00 8.123723050955108382e-01 1.537308549132664903e-01
1.783784055524092693e+00 9.798657249965736504e-01 5.664232345584463424e-01
1.370737277924490183e+00 -1.194424924728926252e+00 -1.494585160961704462e+00
7.832780041871610921e-01 2.422472294705356743e-01 9.912872979556612563e-02
1.953357951792458191e+00 1.115381541873329940e+00 7.116450622626010469e-01
1.748802399165020560e+00 2.761697533914543090e+00 -4.782804879132769860e-01
2.008272486060038275e+00 -5.338313047092545921e-03 1.665406285088926852e+00
1.182206799972734146e+00 4.013092134499354757e-01 1.992978700132171932e+00
1.999702104046410245e-01 1.248944223054170299e+00 -1.721620761129689869e+00
8.084280773577479096e-01 3.788795687008220114e-01 8.516954107603915691e-01
-2.786100890318763956e-01 1.650799684041367454e+00 -7.076462259679152655e-01
4.582620456207638915e-01 2.464828457757485047e+00 -1.122601435867632169e+00
1.854378054788969443e+00 -4.678678732420354924e-01 -2.549375844109679878e+00
1.020231600232077263e+00 1.561310079114219596e+00 -9.376039799475588410e-01
-1.725637937123994048e+00 -1.621334239110352460e+00 -4.779941602144448520e-01
5.882819662492756452e-01 9.287111380402017780e-01 -9.810946922960337574e-03
8.874155474359413098e-02 -2.009573515251954767e-01 3.704779562208077581e-01
-1.742656235595724523e-01 4.354052148233412689e-01 1.079620998678209265e+00
8.220593194395569014e-01 7.875353943096810583e-02 -1.010373720195497427e+00
-8.551207288911811810e-01 1.866954691440831704e+00 -5.027341182256358509e-01
5.908833627889439888e-02 2.533664363213025794e+00 -1.785690614143793375e+00
-9.681196167599812052e-02 -4.850740908967119541e-02 8.815010685186717154e-01
-5.673041087459260723e-01 1.520375815422661425e+00 -2.371315079094490075e-01
3.423230627221498512e-01 -1.073312655913509772e+00 -5.199571150515196472e-01
-2.353642940996741872e-01 -8.340743511552319855e-01 -5.366240170408331789e-01
2.340016705185891110e-01 2.725999189491457586e-01 5.392462362754845140e-01
7.844224818605097793e-01 2.317005898580682288e+00 3.801656170750979946e-01
7.384900261185626258e-01 -4.910813462168081567e-02 -1.686870085724677115e-01
3.834104230444322914e-01 3.227284267556773667e+00 1.686808795617670831e-01
1.070418399398104015e+00 2.709205357111832413e+00 -5.712471906260804255e-01
-2.153643703530406517e-01 1.400627843156489805e+00 -2.332653870279962349e-01
-7.539281573246309209e-01 -5.660355638260988753e-01 1.206604260033353970e+00
-1.011833227462179963e-01 -1.191256423505322903e+00 5.740498191973931741e-01
-3.346861014049392069e-01 8.233324286526400027e-02 -1.218044630294166764e+00
6.474822013181624758e-01 1.995240231431106626e+00 9.140011427351929507e-01
8.091369363472576959e-01 -2.321687315785345429e-01 -1.123095937147279511e+00
-1.551713554941959838e+00 1.773676525389876746e-01 1.091894548613718541e-02
7.321934485977675822e-01 -1.905302112752804256e+00 -7.455820550566050198e-01
1.774456298983054570e+00 1.486508096174844473e-01 -1.423373791251212772e+00
4.511770778361082757e-01 1.237280970165240301e+00 -7.053866631465930404e-01
5.149084217321599904e-02 -4.594381342688629299e-01 -1.102419374736466118e+00
-2.134927914066884758e-01 1.311965605319218575e+00 1.428020831160062842e-01
-1.057634993580800264e+00 2.301493247712837587e+00 -1.638069092375997071e+00
-8.618062572473819127e-01 9.447329770613983602e-01 -6.646114033193615267e-01
-2.429990310013577237e-01 -1.487082705156294316e-01 2.644142492157852686e+00
-3.398967308711544066e-01 1.232388846124273574e+00 1.334224216345941239e+00
1.191636568786284212e+00 9.225901819461516939e-02 6.186504360770355149e-01
2.550183838673662606e+00 -1.954110541896852515e+00 4.549554963744507734e-03
7.856398161908673128e-01 2.331526955750203717e-02 8.226250631091127641e-01
-7.794100857487917811e-01 8.179653061946489112e-01 -4.404422982592031133e-01
-4.431769698419779080e-01 1.926073971957990238e+00 1.269511275496832126e-01
-1.070088182121839315e+00 -1.136790338366352682e+00 8.988890757885026339e-01
1.036779805149192768e+00 5.191600976808988938e-02 1.058331729474433436e+00
6.990803907758454949e-01 -1.715693007284063487e+00 7.575606923338429333e-01
-4.795955342082750539e-01 -1.755106691711344258e+00 6.801163576007165368e-01
1.150020303102205377e+00 1.593306032537805672e-01 -6.323999597786737932e-03
5.118406099529207443e-02 -1.735283164052682237e-01 1.488100578955203535e+00
-6.423054022457319601e-01 1.056622206198716052e+00 -1.154789181406858711e+00
-3.995488511727228742e-01 1.037669375314876019e+00 7.874089700195104902e-01
3.755865309850708322e-01 -7.693145376486487663e-01 3.541855590903540962e-01
2.508051518799247148e+00 6.890376493581530370e-01 -6.173984786297297411e-01
-3.880820399156008627e-01 1.038618595148862678e+00 -1.029853726643673140e+00
1.462288869717512263e+00 6.470083038432530298e-01 2.999643548364461787e-01
8.370322917094070725e-01 -7.708970522127958080e-01 -7.621993487937892553e-01
9.128592656872260847e-01 -2.053858751219519718e-01 -6.964271676607574069e-01
3.472116579270732029e-01 -1.086079002539028560e+00 -2.372087999987153306e-01
-2.124110322237951765e-01 7.050981214375111605e-01 -5.293658167585095775e-01
4.670541945708415188e-01 -1.337149390525583570e+00 -6.265040732905235998e-03
1.513430069642203613e+00 -7.797585317233536317e-01 -1.451107388803669185e+00
1.943128314575703897e+00 -1.573928218858090977e+00 -2.170824436801701118e+00
-3.257430550077043407e-01 -1.128691411722824611e+00 3.230865657722882478e+00
9.776033125045684447e-01 -1.459168540798769120e+00 -3.546295290758848529e-01
4.235858349424015401e-01 -2.373858546932327673e+00 1.074666809244925192e+00
-3.429413323479303388e-01 6.949715698398868380e-01 7.766168861136197865e-01
5.093422830599900197e-02 -9.183292412732024790e-01 -4.603577092828085027e-01
-1.534769416374305584e-01 1.105699904436820091e+00 -1.301969791619520629e-03
5.412616148054744114e-01 1.679578627533840018e+00 -1.148288132940577189e+00
-1.061296209464043683e+00 9.727991375305331534e-01 2.210551908032568402e+00
5.803523726437654906e-01 1.297180841688541086e+00 8.550570624759592508e-01
-4.030540022240460818e-01 -3.374088459642936993e-02 -5.611020154325917220e-02
-1.462027664368768243e-01 -3.475413172675523299e-01 3.331357075059652173e-01
-1.457718416499489189e+00 2.224355503815051982e+00 -5.014327448332145387e-01
2.353881789813592640e+00 -1.384909330585271325e+00 -1.084658141910149087e+00
4.603682708097802112e-01 7.100391209369093515e-01 -2.613106908893006453e-01
1.534825175665065045e+00 -6.481108859532984656e-01 -1.722203858581286898e-02
1.047058979748597629e+00 2.734155225330924477e+00 1.631621475407538213e+00
8.488498000448375658e-01 -8.120539795598333832e-01 3.077439651768552054e-01
-8.249238775735490137e-02 -9.620180642161789766e-03 -5.684327748901307764e-01
6.671746210544498012e-01 -1.147806671930350797e+00 -2.608882934522279151e-01
-1.129617100943290930e+00 1.416539728441121859e+00 7.949481324371348023e-01
9.657300544840413670e-01 5.716812513012577979e-01 4.445538070905221129e-01
1.335378249980471610e+00 -5.337362469933325526e-01 6.770110571601097860e-01
-1.310429195476785713e+00 1.118468947033099292e+00 7.280035625310196101e-01
-2.145148347168298386e+00 6.674501186646190076e-01 -2.471997588186919392e-01
-2.433661662457246855e-02 -3.846956421228808765e-02 -3.983280652611033701e-01
-1.716930926120613599e+00 1.086046428313361512e+00 1.003278472179444547e+00
-1.065460257104051456e+00 3.942601352046525842e-01 -9.042619256915895853e-01
5.321340592311666340e-01 -1.106681916351771822e+00 1.489775292550515884e-01
8.533475082661465816e-01 -1.543141953636148589e+00 8.317657657652363090e-01
2.298803216268916039e+00 -5.717353237897321305e-01 1.615836154353123222e+00
2.993848684434028407e-01 -6.001636757484288820e-01 1.556100368114826438e+00
-4.206066031409692041e-01 1.603428435860563717e+00 4.365600758502070633e-01
1.662362304291378434e+00 1.784235010710020497e-01 5.222652234090300327e-01
7.244849207853620854e-01 9.275503906101231211e-01 -1.836295621121209365e+00
1.776233237346565019e+00 -2.156801462817294623e-01 1.628525228152878368e+00
-8.747625672474316216e-01 1.762771021359949675e+00 1.105101432467145761e+00
1.473253612176983918e+00 -1.277992760311276843e+00 -2.251853064695425122e+00
-8.208392019931928241e-01 2.921870216999292724e-01 3.724135007349421017e-02
-1.719191487418704867e+00 -1.893922094507426990e-01 1.520645063906212346e+00
1.393154860697265685e+00 1.125662922276013500e+00 -1.107399079174216983e+00
1.001639106180173405e-01 6.448945541882646904e-01 3.177093972490409035e-01
2.280352559523005085e-01 2.374312064041846915e-01 1.782501659474154954e+00
-1.116161734586221116e-01 3.067115015521293842e+00 6.819633689813314747e-01
3.566632145126873432e-01 1.776455261513389505e+00 8.743621645819334987e-01
-6.513309613175158885e-01 6.087136025611709078e-01 1.024250491565856347e+00
1.203408867235640889e+00 1.599044896687995099e+00 -7.296624746396530581e-01
4.100797197333218014e-01 1.862893318739211601e+00 -2.744348765371283361e-01
2.304474206325029528e-01 7.457989354299781048e-01 5.172375572913394670e-01
8.754729351076346866e-01 1.207282880033778261e+00 -1.242105350078342579e-01
5.663671207968425936e-01 1.065636844966417751e-01 1.012505120983050899e+00
1.755339665820981221e+00 -1.463816200167054049e-01 -1.509853029665254365e+00
-8.486339259806147117e-01 -1.579101399827462782e-01 -1.996414516905230530e-01
1.772957706387858323e+00 1.717571420338331878e+00 3.188070031369112378e-01
2.495399349922245769e+00 4.707265621770582720e-01 2.279495255233725093e+00
8.131098474434297896e-02 8.727723923125322303e-01 9.993247987007586319e-01
8.993848879936285068e-02 -8.803372484727113312e-01 1.222277887529473750e+00
4.887417114004052876e-01 3.742510838801700324e-01 1.158534308628236031e+00
2.529869490838966062e+00 -1.079411934015631624e+00 -7.699019295699723875e-01
1.218308318706771143e+00 -2.902061110277011080e-01 -6.797746549034111574e-01
-3.088270260577505311e-02 1.968575657728500961e+00 5.344341194809107964e-01
8.991105516499158651e-03 5.108333117805848866e-01 8.402974168330941129e-01
4.654618198403465690e-01 1.269252749133814362e+00 2.567769344151298760e+00
1.355438685883992633e+00 -1.202713742122615975e-01 -8.739454961131762900e-01
2.025491373360409852e+00 1.506752008212441263e+00 4.029375382868375377e-01
1.811186238594174380e+00 2.027051406171225534e-01 -1.792341901389389758e+00
9.036973785453283892e-02 -6.092868272645488720e-02 2.399451570917511545e-02
-6.049913412399554602e-02 7.762624500495909352e-01 -1.627951875621194422e-01
-1.354589588646515352e-01 -1.064999235424724189e+00 2.858740136976170021e+00
-1.733909284826600006e+00 1.944835863468565296e-01 6.426708512604129009e-01
-8.222690039948449270e-01 -7.627251227776362663e-01 1.663137845272422144e-01
1.867699318083556381e+00 5.751123094247140993e-02 -4.944375994222608428e-01
1.799533885584398529e+00 3.331776981607563748e-01 -1.427636169046555104e+00
1.118225836671970397e+00 -3.528946339569385415e-01 2.878262629427323915e-01
7.988499465517642228e-01 -9.691762446750626925e-01 -4.986537234043408873e-01
6.812873599093536292e-01 9.031762497178197346e-01 6.817175645654739435e-01
7.984535903027967230e-02 5.446113123540077261e-01 4.253707774421247589e-01
1.716763646253898212e+00 1.526385389926806224e-01 -1.504494757048933651e-01
-7.782641834065072706e-01 6.320431108669577469e-02 -3.828989811510183916e-01
2.069989377383234519e+00 8.900218255102020359e-01 -6.256713724841538316e-01
-1.164031898408254495e+00 2.103255808980893180e-03 5.362246480059353892e-01
-9.980008413478869134e-01 1.666031481976854578e-01 -1.840377062919897888e-01
-4.082413875722362695e-01 1.299582925445795345e+00 1.525576620940639172e+00
-2.115431257421381550e-01 -2.916122583895577325e-01 6.327576702547276222e-01
9.911025989143708026e-01 -1.505647761471584634e-01 1.655384705151950353e+00
1.614779804679273401e+00 1.631853179224649120e+00 9.672749602236021538e-01
1.682010411900858760e+00 -2.369191794183458821e+00 -1.172633704816177014e+00
-5.232932553463110620e-02 1.616724324442596061e-01 -1.277695784108408006e-01
5.603101859712916744e-01 3.751890226481476853e-01 -1.851916807796926800e+00
2.184159188733531209e+00 3.147316179726225016e-01 7.063548687472583909e-01
2.168363384751477718e-01 -3.410400696479412019e-01 -2.103860580837342009e-01
2.777144989773288608e-01 1.176062037005266347e+00 1.222987953393213534e+00
-3.188262755068292931e-01 -3.909049422415797892e-01 1.287217021358210367e+00
-6.828557183478926040e-01 1.653067781581625706e+00 -7.604788851181218945e-01
8.323225934639050250e-01 8.498571396518342924e-01 -1.213557134510207192e+00
5.954129958599919253e-02 3.426624492139739964e+00 -5.920331194809869135e-01
9.633541100238166566e-01 2.123593961968736288e+00 1.070222212223825187e+00
1.957452138289757615e+00 8.269452428210374295e-01 -1.547751306812579219e-01
-6.382654807446878076e-01 5.767498930943686375e-01 -5.484560016888048173e-01
-8.523994358146249617e-01 1.007110762792000402e+00 1.937439139543354116e+00
-1.037042307342330494e+00 5.442290981261097560e-01 1.434525746331288154e+00
1.133446631264003468e-01 8.944124084916370565e-01 1.106084201596938543e+00
-2.792133834926039393e-01 1.786408977465704817e+00 7.177585744925294442e-01
1.672476738475205948e-01 -1.485232968915129736e-01 3.290131781564785696e-01
8.685170277462512800e-01 -1.389539063929578599e+00 1.444067075875122841e+00
8.014216150104827019e-01 1.374106472057506245e+00 3.600322632354195918e-01
-1.228452548852347892e-01 -4.493998798754719748e-01 -2.365407917729560050e-01
2.305502489309418479e+00 1.241646162046995405e-01 -3.319444423128558030e-01
-3.633258417448267386e-01 -5.652906747718523528e-01 -7.777216495390626427e-01
5.043298280860042393e-01 8.186703884695575306e-01 -7.440075141360071864e-01
2.522259826193819499e-01 1.297705060606411775e+00 -3.825618499752165835e-01
2.022783415651522310e-01 1.119859600687103524e-01 -3.863258787289543528e-01
2.503372284605193787e+00 -1.300400344314857293e+00 3.389251863703801604e-02
3.864242107278204053e+00 1.951224653263567976e+00 1.157782626668374171e+00
-1.371252342347172082e+00 1.969936268144842906e+00 7.627118735094764457e-01
1.099370292274358896e+00 -3.334845880973072441e-01 -1.885187165120092434e-01
1.887235438922977071e+00 -7.472548438483898048e-01 -4.550873458004175802e-03
9.202082841877237129e-01 3.225493771141791366e-01 1.127038724515114554e+00
-6.603178337678528020e-01 -4.805068663954390473e-01 1.767558830000646619e+00
1.128177070891531741e+00 1.219361954319386987e+00 3.132725990538450134e+00
-3.140471287208046469e-02 -7.656597376865162952e-01 -5.017127293013742828e-02
7.085197392721589993e-02 1.777820991056787703e+00 -3.304499997292165148e-02
5.488099150812726368e-01 8.620684346531776177e-01 1.831322913073199221e-01
1.352707439241872756e+00 -5.889471919423974189e-01 1.406088836074375070e-01
8.547829671981286292e-01 2.245704318823259271e+00 -2.442281709229278397e-01
4.794588919010648320e-01 -1.389616907263071743e+00 1.672733071204683952e+00
-3.616416849343437323e-01 4.005411871870773410e+00 -5.516739791005335070e-01
-2.221447865838826807e+00 -1.690348704309388328e+00 1.837236676728973839e-01
6.159921868215839647e-01 8.298512617136869496e-01 2.807517226513330799e-01
6.336609285630964150e-01 1.342563631800826496e+00 -8.458191258988996541e-02
1.542017901973359084e+00 4.571506433019768556e-01 7.033052999488519363e-01
-9.824808035217104107e-01 3.653749896281717202e+00 6.848829978664530138e-01
-4.497525199064792423e-01 -7.176750374099569729e-01 9.116433743740444129e-01
-5.671414052655652238e-01 -1.365088339946094464e-01 1.255702465004982837e+00
-9.769514430406112115e-01 1.391690414524343389e+00 5.509117106314194157e-01
4.972098648476059313e-01 2.532622624438384817e-01 1.294069808945603750e+00
-3.034177458069863276e-01 -7.478864264268286766e-01 6.470097285030571577e-01
9.546397679044390516e-01 9.470676239095565663e-01 3.610286071662692775e-01
8.159712652633427377e-01 -1.863204120104799133e-01 3.836760956888212726e-01
-2.916977844241955831e-01 2.421001163264589806e+00 -7.608697598131033413e-01
-5.787072602092697970e-02 -5.860624463227044334e-01 6.241976954973011971e-01
-2.826467678032844599e+00 6.805083782368778200e-01 1.478868087496150174e+00
-1.051097612222578137e+00 -9.702533847931922306e-01 -1.755967620710688459e+00
-6.531294620294211262e-01 1.872544727135503573e+00 3.807608299768950322e-01
-4.329806187684565044e-01 1.949816951306821977e-01 1.353063332719159073e-01
7.834028009918714286e-01 1.288211762066200361e+00 -1.959625624722858561e-01
6.158432283379771111e-01 6.017233595110199618e-01 -1.019565853758162666e+00
3.175880165385067677e+00 1.659344691686732265e+00 -1.415779325648765852e+00
6.265695916968718748e-01 -1.194314040170142643e+00 1.533967306606882186e+00
-7.737843394644471073e-03 2.766475351490353951e-01 1.201011097452953091e-01
2.299472839414240077e+00 5.237977762814398641e-01 4.787504040924723814e-01
4.171670570674581580e-01 -5.554337564584120868e-01 -6.880553789042896939e-01
-2.037389278459850739e-01 2.438688863483225167e-01 4.727114111148670306e-01
5.429762650003916447e-01 5.107811070909759055e-01 -6.895408681069168377e-01
1.092495593662991205e+00 1.528302193847433044e+00 -8.546449027514342323e-01
-1.949617596300196043e+00 1.419970675053290332e+00 9.807443522589284202e-01
-5.656295615240622965e-01 1.575334195262855896e+00 6.997968550029313173e-01
2.156746519038998500e+00 1.350649695685978591e+00 7.568582390902529600e-01
-1.621445397368929120e+00 -4.044530655433505872e-01 1.533785377197619759e+00
2.142677800249605191e+00 5.310145824795865499e-01 6.757223608908279333e-01
-1.558346324882390999e+00 1.014627760636076292e+00 1.707204223859205339e+00
4.081913180881613368e-01 -9.055580716491933302e-01 -3.958067341487723767e-01
-4.723759895820174304e-01 -3.389203215453527873e-01 1.086151019834247444e+00
5.151917148089334431e-01 3.907401479131863420e-01 -7.105480124833669919e-02
-1.314761739333066837e+00 1.432274053981420714e+00 9.845125064426965000e-01
4.484827308889253183e-01 1.160124038381707745e+00 4.567777263367985841e-01
-6.968809605586810951e-01 -4.475055247397375369e-01 3.342092021157221371e+00
2.129664818096631773e+00 4.884258345176885063e-01 2.756687474145266825e-01
1.271780314640395204e+00 5.153699896844985417e-01 5.257637673803583489e-01
-7.530716180544955174e-01 3.684744829074631522e-01 -6.347994676418584614e-01
1.877311221923783968e+00 -2.152436427482728454e-01 3.293051565883044901e-02
1.945304469433764449e+00 2.559111869617651802e-01 -6.132016946253375789e-01
-1.225959731708020639e+00 2.194952964655637828e+00 -2.597773215013874926e-01
1.219400565014545634e-01 -1.880749705463427013e-01 2.600053093851401043e-01
-5.639111656417926666e-01 -2.214572984383710530e+00 9.176034599192133268e-01
3.017069782763557306e-01 -1.860056956245993653e+00 -6.611844262150494422e-02
-9.532150449563554506e-01 1.867851122782157036e+00 -2.514491839761922254e+00
1.660327733764122460e+00 -3.918322080700623600e-01 3.709214177745968066e-01
-2.615929674033666830e-01 -2.612632341184102813e+00 1.427949503233434392e-01
1.313616415693454664e+00 -1.531564914869578686e+00 -1.164192185553567516e+00
-1.229175197547447418e-01 -4.945846586787312482e-01 2.239168953337949963e-01
-4.080782792622296706e-01 1.128703200429268083e+00 -1.086785627795654907e+00
2.508040531020444552e-01 9.816953536554731130e-01 1.465294786049624820e+00
-1.043206066863482384e+00 -5.385675094315863776e-01 7.507219332066390471e-01
-1.226202003044225108e+00 -6.489098178127861161e-01 5.254737020868761599e-01
2.216787403144117041e-01 5.435878246246744760e-01 3.102421858710877056e-01
1.204894349514346263e+00 1.095336126927275666e+00 -5.122089925507099517e-01
-1.079411126481368388e+00 -5.978926220634314115e-01 1.284281773693274564e+00
-7.144790870131395577e-01 -1.992599789944446975e-01 -8.611026108360212428e-01
-2.544423844285976788e-01 -1.503333415422892561e+00 6.503028948333682280e-01
-9.217053308592281224e-01 2.666286640875945579e-01 -5.013493346400783590e-01
-2.126062494203357023e+00 2.743096534729886349e-01 3.221770953167819029e-01
2.249290592687821722e+00 3.087536295909317219e-01 1.103703416672347226e-01
6.612148102600825528e-01 1.357280124412370892e+00 -6.750147811977733614e-01
3.784719634719902470e-01 5.389046435211642949e-01 -1.130028662784516191e+00
2.715744237321986443e-01 2.325309269074122831e+00 -6.234313745103522431e-01
-1.001245133597614023e+00 -9.040641797378711209e-01 1.999170295713526002e-02
1.907467093228134569e-01 2.076924335212711359e+00 -6.773086656742113854e-02
-5.237242022507527794e-01 3.887510067037643902e-01 3.231043349885512339e-02
-1.983024090123667094e+00 6.960688027362027519e-01 1.466421963179794563e+00
-3.777309143358907328e-01 2.514156019961782285e+00 1.381563677945728985e+00
1.460254278870869005e+00 4.121393374951815014e-01 9.475069857281909202e-01
4.819511125360470549e-01 -1.482427036747623328e+00 3.342831575476227779e-01
1.539071177333960760e-01 4.003043812552378178e-01 -1.305141702719699870e-01
-1.269934078859635607e+00 -1.490690375119123834e+00 1.351467138839215654e+00
5.942686106192553996e-01 1.117651121439881656e+00 7.487044834808438409e-01
4.644745596539785470e-01 -1.274022537364003949e+00 1.544331339405365933e-01
1.179277820665106891e+00 -7.551650079873156729e-01 2.705334980197378059e+00
-1.092550630740126039e+00 6.761947175244691355e-01 -1.076960780260576511e+00
-1.458567580307585931e+00 1.927810972044543103e+00 -5.340717848781799670e-01
-6.082455929168637532e-01 -1.343757921048713833e-01 -9.550115453886565131e-01
9.233508192975778961e-01 4.635552208947768538e-01 -5.460247362601117205e-01
4.262012985345101090e-01 -9.994995376378508212e-01 -1.155841423314887262e-01
2.960299248705748343e-01 2.452335005073592311e-01 1.596530872855645544e+00
-4.861134794431505313e-01 5.196419448634485017e-01 1.265573493864550425e+00
-4.657799357042225474e-01 1.594450899628497842e-01 -7.914519892812474366e-02
6.195764015547278181e-01 4.045700371024326669e-01 1.519311653925386141e+00
2.811312935959123793e-01 6.250564325551699607e-01 -2.082745926583712492e+00
-3.891686042349031260e-01 -1.322898119554110519e+00 2.403796686935863569e+00
-1.160108623597535304e+00 -1.696938521158009472e+00 5.402490305313882857e-01
2.188637776162585702e+00 -7.812799988908321058e-01 -1.505946399662321689e+00
-1.101960987854883500e+00 2.909218978840056313e-01 3.289025983115882124e+00
4.712266312877430585e-01 -1.092554569031932488e+00 1.915172766007960936e-01
1.062901923188300568e+00 8.773442801937310076e-01 6.866161351282019654e-01
8.531666366079201924e-02 3.356209242682789418e-01 -9.068028730187136510e-01
-1.502773483543922595e+00 3.703883037914630361e-01 6.314840853114848107e-01
8.198141691405222975e-01 1.154674664377930871e+00 -1.606407928804613139e+00
2.109010008930806368e+00 4.237156647596251879e-01 -2.740728863344368826e-01
3.807783380065524748e-01 -8.175854034739400422e-01 7.508687274845109449e-01
-2.457471454146442635e+00 4.639812098212399705e-01 -1.438100948366953791e-01
-5.546684905087406747e-01 -8.224421188535337990e-01 1.976040041210846976e-01
-1.761175692643910350e-03 3.571980921232503770e-01 -3.378093267391045207e-01
-1.922268681939846680e+00 -1.041249806843146830e+00 2.193535558441801037e+00
1.493422037682280212e+00 9.514554543342053083e-01 1.513478377658163510e+00
1.303732284181973247e-02 5.183410119691520546e-01 5.614645939833845523e-01
-2.109366973845495652e-01 4.086526912586522786e-01 2.734023463008617760e+00
1.252428699747584639e+00 2.147472336766059975e+00 -1.714309047539842590e+00
1.244114343337405781e+00 3.563507104353395571e-01 3.287005197708500748e-01
7.175547245794305917e-01 -7.780717994895899881e-02 1.193712484837583743e+00
1.048541880704977475e-01 1.669829416113120413e+00 7.975438723095925608e-01
1.217467178767529301e+00 9.002259992270551514e-01 -1.084665268715917508e+00
1.009393532323740184e+00 5.154109266985229532e-01 5.157237995256521712e-01
-1.246787503962187675e-02 1.137487317874002146e+00 5.684478820631307106e-02
-4.374232971020067806e-01 -5.684616672200473210e-03 6.235868915386219014e-01
1.297610324949775240e+00 1.024856839597817482e+00 -1.156928469419744365e+00
6.974238968499042457e-01 -1.048362299774087791e+00 1.127749759152017472e-01
-2.175703646907830358e+00 2.688628726119932644e+00 -1.602801431305312496e+00
3.120862079886706830e+00 -5.713629302806876309e-01 -4.682741665418790195e-03
2.018537437946649415e+00 5.992541588190385821e-02 -4.466733197143670647e-02
-2.940944357611089896e-02 1.116684942883501730e+00 -3.827579607034657383e-01
3.006153258580087417e+00 8.469369831000370663e-01 -1.920091965786085542e+00
6.176655373063005827e-02 1.871430882969034037e+00 -6.216080112528428459e-02
-2.306870145840410835e+00 -2.322430232818046836e-01 1.939440733908301517e+00
1.269782055544370625e+00 4.847631328583945076e-01 5.692325132492115358e-01
6.747717119237147676e-01 4.256270852101792235e-01 -1.591514154099411271e-01
-2.523802510049106274e-01 1.437497331972559911e+00 6.760700551649045931e-01
1.728388065011823960e+00 5.328738493805174059e-01 1.181358337292233163e+00
5.869305878623286565e-01 -5.993394241457600247e-02 1.302861743258056482e+00
-8.736951482090875576e-01 1.181674240063388392e+00 -3.054581792359516434e-01
-5.338652969169994655e-01 1.582685398703561841e+00 9.046413670425954567e-01
2.351362671792594228e-01 9.529420487514067561e-01 1.731625465406845255e+00
1.066400001091823535e+00 -3.094919074373542744e-01 9.876856014498983649e-01
-3.875718705519474172e-01 5.598755530479563314e-01 -2.965597579357153735e-01
3.494831011663613318e-01 -6.831596168666844715e-01 7.396718638417800751e-01
-8.184798912684245753e-01 -2.307125488940016400e-01 -2.040852328581353459e-01
1.018454753408990943e+00 -2.381417502267189068e-01 -1.219608389243513002e+00
1.855187481747039513e+00 1.337049861431279130e+00 1.055364597030165053e+00
1.321190479166317600e-01 7.078369899012112443e-01 2.616502128335751465e-01
-2.669604924794022893e-01 1.578300372983183930e+00 -1.042765344506876080e+00
1.749626551583358669e-01 2.800758582495913585e-01 2.313729699432620079e-01
3.309601150323916996e-01 2.527905019796168773e+00 1.240291073432431279e+00
7.018449183477131204e-01 4.886330985592256537e-01 -2.798742277300554915e-01
1.176470336537034367e+00 -8.689842143629051829e-01 -5.056979283272300396e-01
7.234781223761944935e-02 -1.713819267188498419e+00 2.135105272408183374e+00
-3.897701004153301674e-01 4.755638705813454159e-01 6.701977613125108257e-02
4.940403125398015738e-01 -3.597805040531274479e-01 1.851055202467706939e+00
1.015865468519192349e+00 -9.050795700204742333e-01 1.333307347936713849e-01
1.225287940373961382e+00 -8.460901048440663264e-01 1.204200552375813249e+00
2.965205733121073273e+00 -2.212788102023255932e-01 5.595163715463120635e-01
1.102987734898472905e+00 -1.753640404515982354e+00 4.124842044088420923e-01
-2.382839868919164050e-01 1.202942529292691187e+00 -1.274885796759103185e+00
1.132081972185504437e+00 -2.068945692956624949e-01 -3.693442727807707548e-01
9.994013506505846633e-01 1.815717922979105614e+00 4.771841634260584053e-01
9.889138277121808374e-01 4.515369057805501685e-01 1.576511558582668782e+00
2.475700206446803442e+00 -8.118765339786417901e-01 5.897938517888619003e-01
2.297043849272525584e+00 -1.330060266119830858e+00 1.061823514057038897e+00
1.828724628370651306e+00 -4.382374012833735732e-01 -7.041300243672967696e-01
-1.885089199464996312e+00 1.172642943487968825e+00 9.349600724704677512e-01
-2.432702357933224369e-01 1.669034064202311374e+00 1.939942136586648158e-01
-1.901238669105155266e+00 1.525787045370779360e+00 -9.512158340638144916e-01
2.331090988914723106e+00 3.587684322692851757e-01 8.510200556162121899e-01
3.331809438181608796e-01 1.647767705963455176e-01 -6.647927140248059974e-01
1.637545163572899254e+00 2.743140578393873930e-01 -1.406046694849479861e+00
2.564378654524595014e+00 -8.069917339187988592e-01 9.786739781992835896e-01
-1.453288696653331380e+00 -1.409030575084859738e-01 -4.704152552099190032e-01
8.264629724521829202e-01 -9.483010657318834413e-01 5.617677020790092790e-01
1.049774834955974123e+00 -1.546481236150028804e-01 1.122382066940466494e+00
7.382578423626542374e-01 -1.642510590380127145e+00 1.680608352333615441e-01
4.363558635405405672e-01 -5.044338041767512104e-01 8.302742463537713391e-01
-8.216550741049479800e-01 7.236192690027618557e-01 -1.422078094198184095e+00
-1.639687919466152888e-01 9.841226134881047027e-01 2.673738473663129361e-02
2.530638183801019458e+00 -2.486227972606434300e-01 5.416285067101235251e-01
6.247927290005845791e-01 3.029084222947962424e+00 6.092751140947050975e-02
-5.714993816579911901e-01 -1.172335976660654699e+00 -4.396986997163987443e-01
-3.611023229414205282e-01 -1.335574848677061555e+00 -1.856572249667903129e+00
1.118321204011720887e-01 -6.458236156100418679e-01 1.790832965759286965e+00
-1.323226323373962066e+00 2.421068181116604379e+00 -4.384313707065746329e-02
-1.017028865069953714e+00 -7.127463401113376396e-01 9.248075655697410857e-01
-1.782532992328157428e+00 5.430582863296309348e-01 -5.446202953080316878e-01
-1.676858580479016481e-01 -6.733014737645418579e-01 7.785241138990770526e-01
-4.598110246731820228e-01 -1.061805879588029633e+00 7.435857798400435925e-01
6.803356674425641293e-01 3.333915027647103013e-01 6.673943805012544361e-01
9.390983844760490973e-01 -9.115592856437511049e-01 -5.127845337977254836e-02
-1.283369507114815455e-01 2.285373348828504625e+00 -3.820626837229555706e-02
4.273269286589964633e-01 1.596317850138616379e+00 -4.199248991807317255e-01
-2.476916040908551386e-01 9.317895888040752528e-01 6.706067943979925339e-01
-2.773804029672186089e-01 -1.648116284206002202e+00 1.735383832789500369e+00
2.719385390631521848e-01 -2.087132685249295516e-01 -8.125471469664296009e-01
1.432047613442887446e+00 1.299679070264759595e+00 1.297877212019974413e-01
1.344295416572758972e+00 -1.950828825868184069e+00 2.464015884362926734e+00
-7.361535944602406456e-01 3.790416092227486544e-01 -2.889294260909889278e-01
2.096499372436292086e-01 8.757940245511608435e-02 -1.474847067712262705e+00
-3.302607476575430412e-01 -7.758369413753450905e-01 -1.679669697953656282e-02
3.116240879551117615e-01 -1.242764541989132665e+00 1.999684035930066939e+00
2.435170759312365804e-02 9.278950120457929440e-01 1.687048597704108033e-01
3.728308790763438241e-01 8.083497861607349400e-01 8.049383434825231332e-01
-2.558238262675535668e-01 1.338364287554617116e+00 -5.538465089939232922e-01
-1.897990691237936733e+00 -7.627247581399754228e-01 1.641798345460759867e+00
1.213720772845688911e+00 9.758020384883347997e-01 1.390009470106957634e+00
-2.883649623580761268e-01 5.612823086528415800e-02 1.063151769324471640e+00
7.415385148032702656e-01 -7.215031848463405728e-01 -1.839490591107188489e-01
5.307331797824049735e-01 5.903873012865495928e-01 -2.526591999027897328e-01
1.678600318118839141e+00 -3.683247918767190154e-01 -1.069165484552300205e+00
-1.085676708975334304e+00 3.638785606338226231e-01 -7.642898492970529034e-02
4.445840865999258762e-01 2.230221281497743568e+00 -1.646002603684312726e+00
8.471305819296770512e-01 -7.769545913855139263e-01 -2.339611343298271251e+00
-1.455715876535714326e+00 1.341749327315873597e+00 1.930272182065664865e-01
1.800724195529995519e+00 -1.012952035237024484e+00 5.209893705460372226e-01
1.188001718414562591e+00 1.220675159904702101e+00 2.159553972897330365e-01
1.511106162856638901e+00 9.953996987013327136e-01 -4.501415123286724995e-01
-2.387662711101548874e-01 -4.216715280485804906e-01 -3.925982069544309283e-03
1.244475094527836001e-01 1.311825789589457392e+00 -1.492512342098303968e+00
1.743708271642135710e+00 2.843313731034197711e-01 4.988887058378415618e-01
2.392798969707459200e-01 -2.421109553883474264e-01 1.076643694920448091e+00
-1.483162854119433050e-01 7.856550564245323720e-01 6.845892660693585485e-01
2.224857626644810848e-01 2.601643382202131205e-01 1.176602777384024634e+00
1.220950176829300071e+00 1.588318403359974540e-01 1.446698274304752729e+00
