-6.718292100240040865e-01 1.426319678736803764e+00 7.413109588513555614e-02
-7.493018265431676816e-01 -8.077598735141013897e-01 -1.204578549288220168e+00
5.269204353233808424e-01 1.783571629240561007e+00 8.523327911441092031e-01
-9.154684747748457196e-01 1.289173005372893588e+00 2.180024276823220031e-01
-5.291182707186475875e-01 6.109915470948003025e-01 8.703856682142052659e-01
8.473046679974414186e-01 2.394199013259814320e-03 -6.461754589366186519e-01
6.956749259801402463e-01 3.636047453582353928e-01 -5.318492374346861506e-01
1.214178190872480467e+00 -2.188446509484098801e-01 -3.053239216357956920e-01
2.095223150717654137e-01 -5.488958635789660256e-01 -7.319848647683526721e-01
2.873447106037839704e-01 -3.326194564671624554e-01 2.445906915220322997e+00
-3.696183262133218572e-01 3.377960042341782848e-02 1.710415202644365529e+00
1.619553584480105890e+00 1.313862077692525832e+00 -9.937132337361598289e-02
1.970017853886275816e+00 -1.050929029501219025e+00 8.101009646318750868e-01
7.319973084205060043e-02 9.843978617820478005e-01 9.920289280759045925e-01
4.341912066318325270e-01 4.391212356595689537e-01 8.575179231741912877e-01
-1.905429041230199683e-01 2.360591091757996196e+00 -1.904013613876153865e+00
1.712369067586091198e+00 6.259531574493873984e-01 1.798058249485894322e+00
-9.549782618073591189e-01 -1.685634195550428149e+00 7.284136093800792633e-01
-2.097776014482255036e+00 -1.087084972624893231e+00 8.336925159720458556e-01
1.212283790579170795e+00 3.028528795760830894e-01 6.805595661638536020e-01
1.474203676334423063e+00 1.158908993478078964e+00 4.928950866068556591e-01
3.858196187861370752e-01 -3.379936565708793195e-01 2.896802342362259530e+00
1.569967318798050071e-01 -1.675109626601350099e+00 -3.403541337252846688e-02
1.491922615361500393e+00 -4.801647343719463445e-01 -1.149214252421249416e+00
2.069975959631675355e+00 2.253973257225369231e+00 -1.464552256545555320e+00
-4.006451082130102481e-01 1.833772296230630483e-01 7.033371044152409990e-01
-2.942595894929979014e-02 -3.839831726741811391e-01 -1.818791132967182200e+00
1.140791969336936384e+00 1.939172709378754966e+00 -4.255909214126614715e-01
1.004775379873214414e+00 2.537749879783496532e+00 2.297280187809506824e+00
1.787175968395744441e+00 6.593101671521777174e-01 -2.008602184634505683e+00
