1.089908123016357422e+00 -1.599951982498168945e-01 -1.019961595535278320e+00
-2.009135484695434570e+00 2.377151250839233398e+00 5.452840924263000488e-01
-1.601885557174682617e-01 -1.112692952156066895e+00 4.814535975456237793e-01
-7.358308434486389160e-01 -1.067479729652404785e+00 6.536375880241394043e-01
2.609665095806121826e-01 1.014965534210205078e+00 7.227541804313659668e-01
-5.752645134925842285e-01 -2.276262640953063965e-02 -7.846825569868087769e-02
5.753383636474609375e-01 -1.136095285415649414e+00 1.820772051811218262e+00
7.706971168518066406e-01 -1.535560488700866699e+00 -1.498441696166992188e+00
-4.839687421917915344e-02 -1.876658648252487183e-01 -1.246345162391662598e+00
-1.089175224304199219e+00 8.000140786170959473e-01 -1.699939250946044922e+00
-4.788794815540313721e-01 -2.175538241863250732e-01 -1.009472489356994629e+00
2.544587135314941406e+00 1.011802196502685547e+00 -1.077730953693389893e-01
8.797281980514526367e-01 1.902423739433288574e+00 -1.540019810199737549e-01
6.630548238754272461e-01 7.219113707542419434e-01 1.478793382644653320e+00
-2.548502087593078613e-01 1.512226462364196777e+00 -2.919605672359466553e-01
1.366305112838745117e+00 -2.237720012664794922e+00 -1.090385079383850098e+00
4.369322657585144043e-01 7.300446629524230957e-01 2.604826539754867554e-02
2.766258120536804199e-01 -5.505174398422241211e-01 1.453641653060913086e+00
4.201764762401580811e-01 -1.206339001655578613e+00 1.905832290649414062e-01
9.639932513236999512e-01 -5.227994918823242188e-02 -8.461550474166870117e-01
5.740748643875122070e-01 -1.618726253509521484e-01 2.902942001819610596e-01
-6.192474961280822754e-01 -2.971212752163410187e-02 2.453843504190444946e-02
-9.040658473968505859e-01 -1.034761905670166016e+00 5.541042685508728027e-01
1.366897344589233398e+00 -7.500635981559753418e-01 2.111399471759796143e-01
7.034057974815368652e-01 1.674299955368041992e+00 -1.680896043777465820e+00
1.298110961914062500e+00 1.789086818695068359e+00 1.959796905517578125e+00
-1.016618609428405762e+00 6.937021017074584961e-01 4.097196459770202637e-01
-1.856865763664245605e+00 3.749822974205017090e-01 9.550079107284545898e-01
-9.191349148750305176e-01 1.604669570922851562e+00 3.435192257165908813e-02
4.417513608932495117e-01 -1.014696121215820312e+00 1.663708209991455078e+00
