4.213691353797912598e-01 -3.254524469375610352e-01 2.029369115829467773e+00
6.711767911911010742e-01 1.940389275550842285e+00 -1.661315113306045532e-01
-1.738448977470397949e+00 -3.768006265163421631e-01 -8.746606856584548950e-02
-1.660859227180480957e+00 -9.485819935798645020e-01 5.516891479492187500e-01
-6.182221770286560059e-01 8.532646298408508301e-01 1.852647066116333008e+00
-2.229030430316925049e-01 -1.632770419120788574e+00 -4.125196039676666260e-01
6.013326048851013184e-01 4.973670542240142822e-01 1.031338214874267578e+00
2.844810485839843750e-01 3.803744912147521973e-01 9.621571898460388184e-01
1.082494020462036133e+00 2.751100659370422363e-01 9.485141038894653320e-01
-5.548635125160217285e-01 -1.304815292358398438e+00 -8.336263895034790039e-02
6.966813206672668457e-01 -3.564501106739044189e-01 -8.143115788698196411e-02
-2.426233701407909393e-02 4.870538115501403809e-01 6.191558837890625000e-01
9.891109168529510498e-02 -6.917662173509597778e-02 1.511693120002746582e+00
1.184526011347770691e-01 -6.411296781152486801e-03 7.919343113899230957e-01
6.925366073846817017e-02 1.323520988225936890e-01 1.546823501586914062e+00
3.807246983051300049e-01 1.133613348007202148e+00 4.295527040958404541e-01
-5.275975465774536133e-01 4.436598420143127441e-01 1.562889337539672852e+00
1.428481340408325195e-01 9.968169927597045898e-01 1.161731600761413574e+00
-6.513028740882873535e-01 -6.041176319122314453e-01 2.574164152145385742e+00
1.960166245698928833e-01 1.181933760643005371e+00 9.973527193069458008e-01
5.128900408744812012e-01 4.934007227420806885e-01 2.777456939220428467e-01
8.650833368301391602e-02 -4.389859437942504883e-01 -1.084623932838439941e+00
3.791250288486480713e-01 -6.419437527656555176e-01 5.767944455146789551e-01
4.362237155437469482e-01 -1.865197181701660156e+00 -2.951174378395080566e-01
-1.523601055145263672e+00 1.640109181404113770e+00 3.626037240028381348e-01
-1.402671337127685547e+00 -7.420769929885864258e-01 -1.607721924781799316e+00
-9.424347877502441406e-01 -1.965865015983581543e+00 -3.445622324943542480e-01
-8.613097667694091797e-01 1.867589950561523438e+00 1.606741666793823242e+00
3.674789667129516602e-01 6.278606057167053223e-01 -2.591203689575195312e+00
-7.636274695396423340e-01 3.050707578659057617e-01 2.674258708953857422e+00
-9.870662093162536621e-01 8.581728935241699219e-01 -1.253254175186157227e+00
5.531368255615234375e-01 2.381167650222778320e+00 -4.808369558304548264e-03
-2.292504072189331055e+00 -7.306689620018005371e-01 5.272569656372070312e-01
8.787718415260314941e-01 -8.043955564498901367e-01 5.276149511337280273e-01
-5.873653888702392578e-01 4.765133261680603027e-01 1.914700418710708618e-01
2.605849003884941339e-04 4.689865708351135254e-01 6.634873747825622559e-01
-4.793705344200134277e-01 1.093544721603393555e+00 -1.386739611625671387e-01
1.190047860145568848e-01 -7.107368707656860352e-01 -2.330168187618255615e-01
2.135706841945648193e-01 -6.669880151748657227e-01 8.951095938682556152e-01
5.625862162560224533e-03 2.756465077400207520e-01 -2.962645292282104492e+00
1.564706712961196899e-01 6.720592081546783447e-02 2.299885153770446777e-01
2.044752985239028931e-01 1.050156950950622559e+00 7.125117182731628418e-01
3.870518505573272705e-02 -1.277901172637939453e+00 -5.802457928657531738e-01
1.185460329055786133e+00 -3.629378676414489746e-01 6.767148375511169434e-01
2.991953790187835693e-01 -6.323060989379882812e-01 -1.253644585609436035e+00
-1.015679359436035156e+00 -2.220868110656738281e+00 -6.526009738445281982e-02
1.186182260513305664e+00 -1.630822300910949707e+00 2.144955098628997803e-01
-1.191334247589111328e+00 -5.347695946693420410e-01 -4.808983206748962402e-01
-5.664473772048950195e-01 2.080764472484588623e-01 -5.404660701751708984e-01
3.145199120044708252e-01 -2.408166229724884033e-01 1.755971550941467285e+00
