1.630894093360255148e+00 1.002255418132583120e+00 -2.766668927013357093e-01
1.329241881667429848e+00 8.265603196171913414e-01 1.307910841409516856e+00
1.553360842494107441e+00 9.793608740257846446e-01 6.927586111408935432e-01
-1.151724160302868505e+00 1.134792656022998836e+00 8.025131452585744229e-01
1.249317002963989731e+00 1.152533748563548954e+00 2.824410644353279598e-01
1.329457513750759823e+00 5.751736972353747035e-01 -1.007357133076641542e+00
1.575781059566752740e+00 -2.894089688606259481e-01 8.160164079744008925e-01
-1.577623984174830185e-01 1.658919562857316787e+00 8.900843033024538054e-01
5.430860636828461763e-01 1.734816717478556924e+00 -2.848594115556841722e-01
2.442460115475606042e+00 1.341760456192504503e+00 -2.129039130509745581e-01
8.973301299766069938e-01 2.658456724779271751e-01 1.519859910250577206e+00
9.064935861984233512e-01 -1.125432241761271879e+00 1.539684006908913771e-01
5.884933851182705400e-01 5.854286838777728041e-01 5.310949548062525727e-01
1.191811511715697547e+00 -7.570591232661754155e-01 2.037492416630083403e-01
-5.173983523763308057e-01 1.794247163632688880e+00 5.239461178001708630e-01
5.153453207238140044e-02 1.200437219283869705e+00 -4.590848038753878591e-01
9.327927697329218004e-01 4.003361960947846576e-01 -1.331286056067368384e-01
4.490098761263195959e-01 -9.552227975018605655e-01 -6.036715654433887947e-03
-1.002142610238962311e-01 6.527791583753304039e-01 5.038108919735579949e-01
-7.095479116264545860e-01 -5.258558249489870828e-01 1.246486222540938327e+00
-1.104193358723845053e+00 9.468084227365028971e-01 1.911098705298003075e+00
-6.833254828726353924e-01 5.377575937517709015e-01 -1.212591043962331305e+00
-4.170817094547337733e-01 1.473374685888684033e+00 -2.233945571254739859e-01
1.657843344346924042e+00 -9.013915718214772221e-01 -9.029716705916106534e-01
3.152224502357246383e+00 2.107167470174355461e+00 -1.553284693169256769e+00
9.070059371017462624e-01 1.633946433692643696e+00 -1.098056285224560558e+00
-1.394746560791541912e+00 1.540437835494948171e+00 -7.529919168563022902e-01
5.953748682586772478e-01 1.045076552823615001e+00 -6.723903455099057569e-02
2.006745720471333705e+00 -5.110388350627299847e-02 -6.141544211929892416e-01
3.870239452403118063e-01 -3.821293551505924313e-01 -2.379086581016472413e-01
6.802691043337327770e-01 -1.799452530980522713e+00 1.747141224951573868e-01
-1.443178652123963346e+00 1.156389208773346944e+00 -1.528667173068214424e-01
-1.201099936150739733e+00 -6.565038627536318172e-02 3.054722433060418352e-01
9.058050026801370835e-01 -4.948591085077170271e-01 9.294122722029138917e-01
3.146380799343098111e-01 -1.155925784951156610e+00 8.814870782271311267e-01
7.825254177407692247e-02 -1.363830125047257757e+00 8.180258878087490193e-02
2.999034589699734354e+00 1.689862793749834280e+00 -8.836637514616971223e-02
-7.900496105512533340e-02 -8.234503715444965732e-02 -1.514928962844539928e+00
-3.366586362206555050e-01 -1.417351183673864201e-01 8.229667757375827009e-01
-1.484363277891844746e+00 1.834452588900846282e+00 7.854066875996270625e-01
1.319445245193073601e+00 1.356138376323376082e+00 -2.415189537534141451e-01
-7.693426853696710976e-01 -1.023294764447547189e+00 2.928930323453565521e+00
4.389323670370833819e-01 7.106038547945644490e-01 2.277859332735294728e+00
5.418516526896401952e-01 -5.744676595530632257e-01 4.593126774549719515e-01
-1.717186476029551212e+00 2.140214613080617667e+00 7.390670664641403320e-01
1.631821024814627430e+00 1.686339797629849757e+00 3.890647894187244660e-01
-5.655276509896850490e-02 7.437383074868793020e-01 1.691211976613617995e-01
3.855907781206389107e-01 -4.075451111370715918e-01 -1.264344334678013437e+00
-2.142480576428331229e+00 -6.702550501024649998e-01 2.816678073348333200e-01
-8.228026639892503658e-02 -5.031606898998144395e-01 -1.100990498095443693e+00
1.025630202811269598e+00 1.099439042623380908e-01 1.133797155524021605e+00
6.060121829809966831e-01 1.007488838511541918e+00 5.311395701460219776e-01
9.155703124285996530e-02 -1.072198929672012024e+00 1.385350135090529233e-01
1.198903467144755153e+00 6.493286516642765571e-01 1.359951273113696457e-01
-8.882883159821540753e-01 7.938705651945319186e-01 1.361643822882759314e-01
-4.119720434851603108e-01 -2.481965456993189267e-01 -1.548165277758114522e+00
1.644540736531197866e-01 4.664655882670111220e-01 3.991771245926686973e+00
-3.181724811585602830e-01 1.002785526223926998e-01 7.909096292031410069e-01
-7.543987428150962238e-01 5.274289908431163409e-01 -8.415794093316745217e-01
1.162048430709757413e-01 -1.917531605583235876e-01 1.923147652054383983e+00
5.873104207083440498e-01 4.877314285784850600e-01 -5.836185621878222651e-01
-1.530435434814643170e+00 1.845207598079363409e+00 8.490508979379451926e-01
-2.332435705977330631e+00 -7.357202817938002237e-01 2.164612939890047993e+00
1.536752572515938331e+00 4.662490249132043574e-01 1.093824985970573094e+00
3.105801044149369972e-01 -1.375825613358710564e+00 6.549928973607159755e-01
8.506427689684612492e-01 1.150771003603274112e+00 -8.603157413110902318e-01
-2.332726690341913878e-01 -2.226333724479759024e-01 1.146669682535209844e+00
1.148412661090732145e+00 3.237482481183258098e-01 3.591700050602654737e-01
1.098381539915889604e+00 -6.031037538177361768e-01 2.027946511592179757e+00
-7.247892368550012954e-02 2.971482133028312544e-01 -3.219722086652629378e-01
3.207703981791320214e+00 4.977860346716554418e-01 4.773895821410578111e-01
-5.666506981700024648e-01 1.135957985397720860e-01 1.448552123216642062e-01
1.732288988254235829e-01 -2.147268145844367371e-01 -1.524582024725332996e+00
8.062752309832751374e-01 6.756200953922409935e-01 1.790764641800333346e+00
-5.703119094545329171e-01 -5.117732456283785591e-01 -1.092719727115546435e+00
1.464562605945511464e+00 -1.439159967615597502e-01 3.372431450290319654e-01
6.164564230938461842e-01 1.968900253132380040e+00 -2.149754825782104639e+00
5.909156703783127185e-01 1.776696665249899443e-01 -8.508574421659744758e-01
3.566185381478562677e-01 1.562456406717922297e+00 1.767253991450416395e+00
2.318400929099946328e+00 -1.184894288529344308e+00 2.148311778177483866e+00
7.214176763472397447e-01 -4.449979617451704783e-02 -1.501603594832436439e+00
1.192034412069888694e+00 -5.861026513470705135e-01 -2.738861518933213279e-01
8.333045113031178897e-02 -4.546950058557708840e-01 1.330747323266781912e+00
1.003996544820071168e+00 2.204729744612034525e-01 5.272686665661682204e-01
-1.084677271382280317e+00 1.278731144016231669e+00 -2.772312588496692598e-01
2.247188035860090138e-01 3.352295545959843581e-01 -2.257774674728800779e-01
1.890306433011825993e+00 3.453711555790634491e-01 -2.131607833243240047e-01
6.903320260785703599e-01 1.702971890045185788e+00 2.316235825055128206e-01
5.566734542895895865e-01 1.317281182177701737e+00 -5.321832606975654967e-01
-1.108203176381759469e+00 6.267958634530866879e-01 1.659130120537894992e+00
-3.835517160408560833e-01 1.485625444962869635e+00 1.108772167649363372e-01
-1.556719886288596699e-01 -7.282424559992373148e-01 4.108280450937657591e+00
1.113774233592149221e+00 4.033771304224796905e-01 3.887717609586616718e-01
-4.548805128824460753e-01 -5.019424299886954266e-01 -2.439625840331043349e-01
9.726968647071290164e-01 -3.346236891407725622e-01 -1.341915315235852724e+00
-4.822954708986790795e-01 -2.823100159789748362e-02 4.822098096880150231e-01
-5.657565755282990549e-01 1.038227505482277824e+00 -1.171470007925684342e+00
-4.992990151391427656e-01 1.067974818359298250e-01 -1.517272719887319044e+00
-3.238767469279540290e+00 -1.492581980739121350e-01 6.212268615319265219e-01
-3.519845733045955383e-01 3.450551359886976921e-01 1.660834112462890033e+00
