-1.622621002255463796e-01 -1.010941686527704331e-01 1.555696963541075117e+00
7.341458066321571163e-01 -6.457997081913106063e-01 5.479291643378386700e-01
1.208522037120237425e+00 -2.688567211974989823e-01 1.059489196316212301e+00
1.359785842039191506e+00 1.474096890709525765e+00 8.664653979735920108e-01
-1.185772176441502346e+00 3.732696289534331857e-02 -1.183647157098700609e+00
1.280200851772451021e+00 2.158751231941089088e+00 -2.738072375630396516e-01
-6.072486915254301509e-01 1.938788312810286296e+00 9.681188756508356530e-01
-5.163190257651348869e-01 -6.827102075592653696e-01 7.053907216087806908e-01
2.024965238866370587e+00 -9.200910455959037115e-01 1.371043875364822640e+00
5.423336317272705598e-01 3.412975025927330597e-01 6.007297284775641177e-01
9.897674719032367729e-01 9.380886517881412701e-01 3.966073511240524319e-01
-4.683715080046387813e-01 2.850423123090359834e-01 2.442730343534427195e+00
-1.515335006366214099e-01 1.580813392324198485e+00 -1.524311385665708951e-01
-6.613644075004210254e-01 1.420789109913872528e+00 8.405250669082556803e-01
-3.995282433162070101e-02 3.190691076844893281e+00 -4.590241723790910444e-01
1.253572829293368995e+00 1.404378221155100803e+00 8.000977641742959001e-01
1.403081210853522887e+00 -1.258157661482103062e+00 2.219293324747163010e-01
1.118760737209240963e+00 6.057731379535276073e-01 -9.266539055044585860e-01
8.351407485010873266e-01 -1.730903351462899087e-01 1.680136607725622122e+00
6.064990931514820938e-01 -7.461563899933683075e-01 7.395945096404051844e-01
1.814358120922753281e+00 2.380302813862926192e-01 9.383271146954361708e-01
9.269402673655975367e-01 6.134324975070934993e-01 -9.575235237827439683e-01
-2.154492144944549992e+00 -1.251076834983199104e-01 1.562082259981214527e+00
2.142548847696337244e+00 -6.308619804261246244e-01 9.480813678444303116e-01
2.440747907983244147e+00 4.856565585663485951e-02 4.404915109939703810e-01
1.831123009565523096e+00 2.188195607440052814e+00 -1.150275962517588457e+00
-1.735976069744463057e+00 9.767816396238109267e-01 5.044727047200687764e-01
1.366215569007152020e+00 9.888274202917751721e-01 -1.739200012094455516e+00
-1.092810577732147959e+00 9.278005340925921107e-01 1.119529666199430951e+00
-8.210859359044591077e-01 1.974923099424932715e+00 -7.165792264452985894e-01
-9.352489159143442254e-01 1.154791170581602078e+00 1.002340694248109676e+00
1.052444715753832749e-01 1.164151632587978158e+00 -2.241714209490153764e-01
6.869011173517517443e-01 1.188562844258394202e+00 -2.898088855816010612e-01
6.438690312650128256e-01 1.732264163081452146e+00 -1.369958478682888003e+00
-5.457903644526123088e-01 8.493270077666114082e-01 1.066950358936293641e+00
-9.337692992873590780e-01 1.025568578524769237e-01 4.552850411390407248e-01
-5.051251112888156536e-01 -1.773244294841402890e-02 -1.216713488155659384e+00
1.883595858384709221e+00 -2.418270370409736358e+00 -4.321331100707183626e-01
-9.363081013034167954e-01 1.563784371139263829e+00 1.537920449414958535e+00
3.681910272952561569e-01 -1.189119433920168500e+00 1.095170340379866936e+00
5.045965069266330483e-01 -5.261946699618245127e-01 1.788503873915908038e+00
1.643427457655501245e+00 5.294369021923940322e-01 -4.967478379199102290e-01
1.000024359440291999e+00 1.421964522498536443e+00 1.474594439123927403e-01
1.465716100657638243e+00 -4.951847329807335801e-02 1.127148648968098854e+00
4.756397709217238812e-01 2.097865824063227524e-01 1.568206019448195931e+00
5.794086832387810304e-01 -1.766515523538749188e-01 1.721385381416069560e+00
3.113352924484507955e+00 1.028397961114421388e+00 -2.620370966332261076e-02
1.613987767105710347e+00 7.525473805479976352e-02 -1.447465387131535275e+00
4.692198577135354709e-01 -1.564034633427540788e+00 -1.641485012005125255e-01
-3.022034951656130466e-02 -1.550334944731583064e+00 2.928067017077208289e-01
-2.999644555874436680e-01 -1.911843446960427961e+00 7.222684575504567661e-01
2.778754506885703357e-01 5.539055902604007597e-01 1.590414241734894540e+00
3.271771201851802480e-01 1.842247562126412941e+00 1.317781790519063856e+00
-1.477522297752053460e+00 -1.325488882904849008e+00 1.866050896648292490e+00
2.720136332974361082e-01 1.681931295876669008e+00 1.682283527844581350e+00
1.230335713076867954e+00 9.203310717598395252e-01 1.942632967446837222e+00
5.303468143727111395e-01 -1.253869388250558603e-01 2.526638677321113580e-02
-3.715757584150868875e-01 -8.000299330733953163e-01 1.290195471161092122e+00
-1.136465053054711571e+00 2.622531576088774075e-01 1.683946211663316372e-01
3.025358120759723546e-01 1.328415539893199826e+00 -6.221396993903294259e-02
8.192884032024330132e-01 -4.085731846648852361e-01 -5.268331739180525108e-01
2.410243088070416206e-01 4.431821536635074943e-01 -1.144956991654740186e+00
-8.936621374367612614e-01 -9.566235764188011359e-01 1.864448917005194217e-01
-2.158821994440757397e+00 1.645371386362260546e+00 1.939694771818036290e-01
8.773957481411703840e-01 2.174483064718139680e+00 9.628073410620930916e-01
-9.280121783169081873e-02 -9.993006722640234152e-01 1.276049958047261956e+00
-3.795837037672078473e-02 5.039734478736429546e-01 -1.075024966692013639e-01
2.401662039229278456e+00 -1.127693913944220583e+00 8.028099272894357874e-01
4.370551529431399018e-01 9.394484108399713262e-01 -8.006516053577003023e-01
4.303032036604068078e-01 1.346842793601303434e+00 3.216188613577684596e-01
-5.884290136714696029e-01 4.621828436951961327e-01 -1.180324121281185690e+00
-1.073885925779518580e+00 1.861218130260160253e+00 6.581352267577117443e-01
3.054596033247651832e-01 -1.388940304706542284e+00 2.759273098625864007e-01
-2.031952189651162755e-01 2.461139284139248318e+00 -3.174018095697229702e-01
-5.770904331359438810e-01 1.796528470109279407e+00 1.656983577176711631e+00
-1.271422128757944137e-01 2.767771933005990781e-01 6.205843447778052191e-01
-1.088877905664793477e+00 5.254694255524146040e-01 -9.479658517774514070e-01
-1.221997080330422397e-01 1.020085525103856083e+00 4.271621468753868112e-02
1.622574499828050687e+00 1.291598794970589825e+00 -6.525755975939592224e-01
-7.311979721623673711e-02 2.446642713620858223e-01 4.870839956403358872e-01
8.773828477403098347e-01 6.973632504033381307e-01 3.510880135266581936e-01
2.028594438138474398e+00 2.592455920226106048e-01 -2.912461806210246973e-01
-1.512959634381684015e+00 1.275235087552439861e+00 -4.949549728658135805e-01
-5.571049049089720206e-01 8.892909073113903773e-01 -9.380388076599556479e-02
-4.385637293517963275e-01 3.416276507605758850e-01 1.492414722566081986e+00
-9.866725600409382846e-01 1.771671764834248819e+00 -1.062427916671722317e+00
2.773116135193228748e-01 8.216734643611782740e-01 -4.686175512123973430e-01
7.391502994083500866e-01 2.902034628527606075e-01 -1.100621861145758107e+00
7.612756742795306897e-01 -2.073579127924291221e+00 2.637390708105802339e-01
-2.430486133373211885e-02 -1.046412539820018806e+00 5.648439042410613453e-01
6.576415732428659844e-01 5.638479317944508074e-01 6.400760216553049720e-01
1.758396394215128389e+00 -1.038490047114343229e-01 6.772792460582190976e-01
8.728852210100827014e-01 -2.453373792033947787e+00 -9.191931594309314668e-02
1.593962650202704667e+00 1.014388109592875009e-01 -1.307724250826065804e+00
9.594010059927484679e-01 9.995219489160528381e-01 1.625790991996329371e+00
8.944287005394552237e-01 -2.815570954613887955e-01 4.277925283411080359e-01
7.687513421540710379e-01 -8.576334792947756247e-01 4.426655792221931840e-01
1.695358884717727221e+00 -1.258828505818984977e+00 1.229136407186836033e+00
-2.582739558795902890e-01 1.297700094544542493e+00 -5.344330543261256450e-01
4.520592754409404335e-01 2.058323121639095810e+00 2.422130700128485858e-02
-3.306655837608114545e-01 -1.122244748008451865e+00 -6.355234210621565349e-01
7.927540534814996320e-01 -9.234535532903025423e-01 2.951045542771580377e-01
1.345818077630851484e+00 -6.174072761951154842e-01 -7.349600954020262256e-01
7.335382689789115007e-01 5.839747496563748586e-01 -2.311521422062674080e+00
1.322885352825558636e+00 2.495547382497269595e+00 2.271724524070151574e+00
-1.399407228077698129e+00 -1.291091109327487663e-01 1.697061602355400378e+00
7.934733824982714845e-01 1.103668996668625724e+00 -1.834140352616929204e-01
-1.033392225893284611e+00 1.255376123132403987e-01 2.464513377097360625e+00
1.222009118904338276e+00 2.616716931031961568e-01 -1.308089740985740601e+00
2.463317523547147392e+00 7.813022318457756021e-02 8.041095042623636058e-01
1.880879777008978238e+00 1.526881288311056517e+00 -1.066110698602524165e+00
-1.376512087691870390e+00 1.541931410290629523e-01 1.023711052138764899e-01
-9.047886377470828467e-01 1.503740855568671986e+00 -1.941727234368919364e+00
-8.579229385152318255e-01 1.597424993668969728e+00 1.785602474378625848e+00
7.020590943469473544e-01 -2.573854514023943274e-01 -5.840867338379758245e-01
1.196420629188977403e+00 8.471231181613955163e-01 1.390483484955261639e+00
-6.757309838023342619e-02 4.877141675253687803e-01 4.693387407176298209e-01
-1.838126551475745829e-01 1.893717620342862396e-01 1.702350314874105486e+00
-6.609713733732687224e-01 -1.546711789836672235e-01 -5.942320945622103778e-01
1.021485156191212829e+00 7.525046123514776697e-02 -1.212363810868939407e+00
4.624165809106416392e-01 -4.270135662588287473e-01 -1.825081487203898067e+00
1.605257913107634549e+00 7.537680048631597574e-01 -4.760707987277951747e-01
2.522637788628744548e+00 -1.261166737428898177e+00 5.272074371293699463e-02
2.529669583859875948e-01 8.035223643973685714e-01 1.058941328668822734e+00
-1.013659818262423906e+00 1.973339795695544741e+00 6.319825499040321315e-01
8.757012850070747256e-02 -2.614577244661512312e-01 2.494728200101511639e+00
1.791192174477221899e+00 4.247852604009418331e-01 1.047764537378874872e+00
-4.294585054582436001e-01 1.006702339256676293e+00 -6.077951924158471186e-01
-7.756151260688659566e-01 1.537032122163540127e+00 1.327344125715549827e+00
-1.807846853146988231e-01 1.435789577602509581e+00 -1.595625987847586691e+00
-1.322343141599851002e+00 1.323916027777922277e+00 -1.322752029392359807e+00
-1.650438433912346792e+00 1.930072523790371974e+00 5.221862508933517999e-01
-8.290146255740512560e-01 3.665303580506365844e+00 1.589764174625025062e+00
2.028530409212975449e+00 2.091032666540972029e-01 -1.188031614187408769e+00
-1.609155996995329518e+00 -6.169288858283913379e-01 -1.154432239382649161e+00
-4.036470736734961151e-01 -4.362210607760025893e-01 -9.695188965177155005e-01
1.931523786879848936e+00 1.413229375126207943e+00 -4.087166455074143778e-01
-7.997961091482533869e-01 -1.911605245267120834e+00 2.932666062608438873e-01
-3.437756522323395791e-01 -6.228923794939018599e-01 2.106973617192416715e+00
3.403945894000728334e+00 4.866321233504500299e-01 5.046836438147559445e-01
2.333299264917991778e+00 4.027321461131126989e-01 2.990280511501505201e-01
-1.254482279254842680e-03 2.320463736854934400e-01 1.025031236113570055e+00
7.328510262298185696e-01 6.846909116571601173e-01 7.280533926379898491e-01
3.248387673334802717e-01 -5.828548465974948273e-02 -5.819533606957350003e-01
-1.272486832248311384e+00 6.856121525393695793e-01 2.317129819778117827e+00
1.076211897562439512e+00 2.485429896592080690e-01 -1.111758177811588810e+00
-1.032406140483836499e+00 1.170024301541919609e+00 1.060764059785417990e+00
4.562302035978847981e-01 -1.056039048260585256e+00 2.451280893823123641e+00
1.518000049088361059e-01 -3.008815241107618554e-01 2.601641234646034473e+00
8.581367997114144330e-01 -6.266232985558396473e-01 -5.648905264590058373e-01
7.932534948688312326e-01 7.400379356078627957e-01 -5.944941461313698605e-01
4.540984469853780459e-01 -9.102518622481784449e-01 -8.035102099337254611e-01
2.067077348829766681e+00 -1.136754805899433812e-01 1.682238395563454780e+00
1.339574847336425290e+00 -1.336751905326923451e+00 -6.698195523342492796e-01
3.031876067497477623e-01 -2.041652721054180719e-01 1.636237079362652613e+00
3.382168846870040602e-01 1.910660143276794454e-01 1.938040834189751926e+00
-2.432187567443361842e-01 1.436227968991723003e+00 -7.237616114529018541e-01
2.447108203960570993e-01 -1.132771484402752993e+00 6.943063946108529727e-01
1.258853565854885170e+00 9.945014828352285452e-01 -1.687421312741422819e+00
1.973737433764091720e-02 -2.186638094893505802e+00 -8.246951874530394910e-01
1.363596368511949430e+00 2.080189069979634375e+00 -1.008431501416728659e+00
2.600895368078064984e-01 4.903591784775186424e-01 -2.371907111450135414e-02
-1.119985801839263662e+00 6.781680415008081164e-01 1.707533186402742320e+00
2.263612912465385651e+00 2.374530456993673155e+00 1.568372414435320328e-01
5.064431769129535965e-01 -8.006822540242122255e-01 1.918107334579037815e+00
-4.471320446826150263e-01 -3.603025909817920147e-01 -1.021460644925423544e+00
1.504879250766427035e+00 -5.227565416680346466e-01 -9.962551014464775534e-01
-5.901382201699552077e-01 -2.221658444787817099e-01 -1.327910777745532567e+00
8.384958344873914005e-01 -6.255013254266142964e-01 -5.958765932604078719e-01
-4.423028041828649393e-01 1.335454081790333758e+00 1.553537283557212267e-01
-4.755936399250197955e-01 6.006514535622694551e-01 2.550811750985685578e+00
1.270873672211880745e+00 -4.093053042210914594e-01 -2.274708371760948700e-01
-4.503389497708770173e-01 7.524408820623881278e-01 4.455708634655162204e-01
9.028940681355813735e-01 -8.413883919728276650e-02 1.206835240472625248e+00
-7.360458383921224534e-01 3.490845486330601544e-02 3.566215997085181666e+00
1.173360718768687860e+00 -3.569449175846037825e-01 1.002372907313250350e+00
-8.980433692852234362e-01 6.729806691525386242e-02 1.832956532607666666e+00
-1.890221151415758749e+00 9.831963407228286878e-01 7.884558220909992921e-02
-2.462506424482172329e-01 -1.023619021684887720e+00 1.618768792302705872e+00
-3.708362568403749115e-01 8.678978447976116728e-01 1.553185791057503540e+00
-5.236731738404224457e-01 1.995925310207580239e+00 5.319800426929294918e-02
1.292166855236339673e+00 -3.278697096081718554e-01 1.324832833152210343e+00
3.787375599288496097e-01 1.810625171404264044e+00 1.158404478151531913e+00
2.409513305633406155e-01 -8.835577780212442445e-01 1.288085023203641821e+00
1.854978388676734591e-01 2.111095735687019914e+00 3.708472704146922094e+00
1.761020058605144323e+00 -7.718854479712151939e-02 1.057170479637537852e+00
6.375042647952099406e-01 -1.959841229231544357e+00 2.308372092573427181e-01
2.260351629156118314e+00 1.014625097018281963e+00 -8.562593362650680051e-01
1.139379029180891401e-01 1.196834767819104028e+00 8.334172634361329823e-01
7.109853613169664355e-01 -1.002428729464877488e+00 8.083803630894588824e-03
-1.467388514587173454e-01 -2.340837513245829449e+00 1.466156424122670776e+00
5.028901924465756235e-01 3.487587618934998024e-01 5.350295679799099702e-01
-1.391451500047551360e-01 1.073213861257223067e+00 -5.237607183878781880e-01
2.195480126764682627e+00 1.006318280085929606e+00 -1.122639936505992475e+00
9.755735499015298906e-01 -8.317941139923421545e-01 -1.938027807837355176e+00
1.622528731659356849e+00 -2.814886410932300187e-01 1.485492879162387814e-01
-4.055216386862495748e-01 3.347140277576542422e-01 -2.366946179074906453e+00
5.086495226449581075e-01 1.046205653365765154e-01 1.274561921196121217e+00
-1.045433678145595735e+00 -7.120956363998518501e-01 6.405728054258419402e-02
-5.772385616412053500e-01 1.500731091884033308e+00 1.493340815116755427e-01
1.039498415408271370e+00 1.462601459237569790e+00 1.500776119569374512e+00
1.036750938958731716e+00 2.991299840523070852e+00 7.476735198745032562e-01
1.154717929677855803e+00 -1.502607432476973148e+00 -2.946829250894776320e-01
2.547834197031062509e+00 -9.694299710047367125e-01 -9.806950668011626959e-02
-6.428716190756432747e-01 -4.156947620771263008e-01 4.537241681623593870e-01
1.226999967673296776e+00 1.127027233768156611e+00 -3.034062961426696181e-01
8.417711776737422102e-01 -7.250508128480449566e-01 2.514158106564350348e+00
-3.747735727735328481e-01 3.332473359705980243e-01 -1.014849656304837477e+00
9.373564956556251770e-01 5.509880479746035453e-01 5.860111375542594869e-01
-2.158540836902027582e-01 -1.855733642240550152e-01 8.145162436227911806e-01
-8.024752392942927637e-01 2.088817566336800713e+00 -1.882027809089147796e+00
7.608571732638402807e-01 -5.444753053038948742e-01 5.426904533776026884e-01
-3.018319454990904815e-01 1.037405668402582970e+00 1.128611621323240971e-02
7.742749580887321459e-01 -1.709525477540004390e+00 2.924409334230008817e+00
1.372832718780202299e+00 -1.332816839191827585e+00 -2.380566299985920620e-01
-4.359533437898185371e-01 -1.516157137660019361e+00 3.414120467371456469e-01
1.182625213136948128e+00 2.045758029710386186e-02 1.159998312705655010e+00
1.045528089456011056e+00 -1.504769694253229595e-01 -2.735903039410951809e-01
-2.695582997718369844e-01 -7.910378511383795441e-01 3.379045613413083959e+00
5.675365936791798571e-01 -1.281841019002919912e+00 1.059460067882415535e+00
1.420206316068276742e+00 3.360760225184447614e-01 -1.419247035596585965e-02
6.978051970214252941e-01 2.203705999707502805e+00 -9.625851495081345910e-02
-5.588093547738609557e-01 -1.690854824936690814e+00 3.975263042146242043e-01
5.762226536875773020e-01 2.730320962756186409e-01 5.475622447595632769e-01
-1.274371436568002780e+00 1.162426600502935115e+00 8.823511453564085727e-01
2.184551726366050928e-04 1.881618735284855903e+00 6.137884978029065630e-01
9.230634934725995278e-01 -4.787038669907616728e-01 1.356279599655539625e-01
1.005485121816022398e-01 7.670509077287854804e-01 8.986194544322816391e-01
1.151459456483284072e+00 1.516308359411468576e+00 1.244427408221855380e+00
-7.936383097079657833e-01 1.208150664021401033e+00 -6.049587183702117565e-01
-1.505871291458511063e+00 -3.434457942238026140e-01 3.532034880468261084e-01
7.232650323827605199e-02 -9.224705876610155286e-01 1.270933456190158406e+00
1.309141460424104952e+00 -4.052957997337359314e-02 7.857675409391094989e-01
8.643954652021369478e-01 1.735088871947865874e+00 3.081218277656082999e-02
2.225031583760701467e-02 -5.515653378733059720e-01 -4.398582257575409660e-01
1.668218231394452911e+00 -4.397006445767460137e-01 -7.297070907479694668e-01
1.401256511241633085e+00 2.258570205382071983e+00 -8.044363830057099651e-01
-6.121837473280120623e-01 -1.259810801403899339e+00 -4.974198065893667975e-01
9.890281276486749817e-01 -1.439865461762549230e-03 2.221291045122483210e-01
-6.719757526201550757e-01 -2.756648403793030000e-01 1.483490019398296056e+00
5.780179245979317759e-01 1.580669704002231890e-01 3.973247665810658580e-01
8.399375665980234329e-01 -1.007314718367557038e+00 2.082832205068807507e+00
3.076839435852768423e-01 6.171730358465240540e-01 3.593954106907231716e-01
9.301664548323225201e-01 -3.687589854047946814e-01 2.002771370711819987e-01
-1.326660343526385732e+00 -1.529551192885566291e+00 2.389757087261622281e+00
2.166289719533748048e+00 -1.541928177244713538e-01 -1.015628919799316243e+00
-1.811309184104304526e+00 -7.350112161702582192e-01 3.006845326885874581e+00
5.750167741223747297e-01 -4.319544607562784133e-01 1.628825311593081471e-01
1.720567882768073265e+00 -6.182671017576361061e-01 5.667308803170303388e-01
-2.506769961187022000e-01 1.636166637403349666e+00 -2.294707383221783470e-01
1.062717160243650927e+00 -4.969094103845850263e-02 2.818446886114970296e-01
4.119398972929532832e+00 -1.381234170930863980e+00 1.156218878952155249e+00
2.155768389755427172e+00 -1.640641037137888780e-01 1.325825234539197650e+00
3.000189336647384408e+00 2.914153318279860683e-01 -1.238134970899279486e+00
5.485142071256300378e-01 2.415594902179211134e-01 1.719857087992148648e+00
-4.149096281782833073e-01 1.164309548148071194e+00 -1.183526394603394427e-02
-7.589659916233151282e-01 -1.282848131705545749e-02 -1.378494823049710050e+00
-8.925952129712766414e-01 -3.101220108079112414e-01 1.307524927798252357e+00
-9.687888680527375618e-01 1.860722692672112100e-01 2.400940034591626526e-01
-9.076658899454452811e-01 3.230896610427875792e-01 -4.909237692721581947e-01
-6.032579489994317479e-01 7.947302418497687038e-01 8.317152078401273130e-01
-1.642672253848349029e-01 -6.036111697542494436e-01 1.742584847350059363e-02
2.042082921324833045e+00 2.303570210525980766e+00 5.150797054837374933e-01
-3.929448622752303444e-01 7.974626231171159096e-01 -1.359001962129213092e+00
1.342300800641495595e+00 -1.047729169507965130e+00 2.281826937105598585e+00
1.542416333838661224e-01 -1.829595894214265828e+00 6.715051976461643424e-01
-1.277509088541679549e-01 -1.277626483508566890e+00 -5.705688178910794939e-01
8.628285918993017223e-01 8.472712552079334491e-01 7.101076904354728381e-01
-8.782077773435398305e-02 1.337792650482825252e-01 8.558426973612456301e-01
-7.958817757955312377e-02 1.310360617821377360e+00 -5.096039888203901524e-01
-8.884551597013357060e-01 2.877114797775872201e+00 -5.264032168149918034e-01
-3.492109391851929701e-01 -3.132778310132264266e-01 -4.102071187314180328e-02
2.230214187276052140e+00 -1.073031191610306134e+00 -1.108878919269039365e+00
1.304970376330309323e+00 1.072414790798491557e+00 1.001347377680650075e+00
2.135480323367283884e+00 9.024902373000991407e-01 9.836867312848091016e-01
1.423192532450004544e+00 6.272435785651582218e-01 5.492845426264126862e-01
-9.533448979994724182e-01 3.514333811543981362e-02 9.458016903488652982e-01
-6.195576132669807778e-01 1.511772017520698785e+00 1.315977458016582835e+00
-1.410029534975026921e-01 1.968265017378632464e+00 -1.952264228901433585e-01
1.602311308020954117e+00 1.235797943471288685e+00 -9.789984617596807492e-01
6.228877961109293704e-01 5.023212631178448628e-01 2.968567338036760539e-01
-9.742597618057334541e-02 -9.195145812569786026e-01 3.302882251110677014e-01
2.615073065716035927e+00 9.449831753265133250e-01 -3.331685899192230460e-01
1.467833203702609612e+00 -3.272881080523730168e-01 3.598440241120448579e-02
2.540824490612247910e+00 -2.516270869045493241e-01 7.088121820288817085e-03
-4.043368955500849515e-01 8.369405809017581577e-01 9.905744351310538098e-01
2.543268461951490700e+00 -8.062943082553628016e-02 -7.159286965238267353e-01
-2.258152906440237251e-01 1.547832926356580430e+00 -5.597818680155253190e-01
-3.648011164193263323e-01 -2.256701188537802438e-01 -8.555366592385525992e-01
6.374197724452085323e-01 2.803615127729709999e-01 4.042908626864643473e+00
6.816040744063326384e-01 8.117773810482776797e-01 1.323876145453792841e+00
3.215620622924135752e-01 -1.476565375583958950e+00 2.263091047567279190e+00
-1.723614970805948055e+00 -1.872837376413889476e-01 -9.120872907937990215e-01
-1.118290641500129246e+00 -1.184672868823209324e+00 -7.853067114925057490e-01
9.206049075368252232e-01 -4.118550893451333184e-01 1.123732520639915577e+00
-1.098621420688556061e+00 1.127678516825695976e+00 -6.529049058376649173e-01
-1.415587507282154656e+00 6.606841491697734714e-01 5.922075217570408334e-01
-2.429152963558251610e+00 1.695281194268383640e+00 -8.001301997838926594e-01
-1.547783894603248944e+00 2.031183447998082592e+00 1.282968438469960892e+00
-1.105272566050213623e+00 -1.935506797814564028e-01 2.721837797418563021e+00
3.459561414014091785e-01 4.762282985946944547e-01 7.706491113427482720e-01
1.312263463761021098e+00 -2.379273186008825647e-01 7.512775356033418728e-01
4.790103134363966619e-01 7.222830309763806911e-01 -3.045162597664920479e-01
-6.986854273261793313e-01 1.853968694196225453e+00 -1.069841359337154740e+00
5.399903481217021017e-01 1.957345133841645879e+00 -4.304332545227460560e-01
-1.788587367108613047e-01 6.632138965302627476e-01 -6.996479842720895181e-01
-1.191451194351447418e+00 1.538980032234856576e+00 -1.370589330884580126e-01
1.042413737834548604e+00 1.320088582760234219e+00 5.407774919473260500e-01
3.030484636569061418e+00 -7.314262904021454625e-01 -1.065455858777984322e+00
8.695311140155643770e-01 1.260449782958947385e+00 3.069211369408326728e+00
5.214389263767124083e-01 1.865670529094099139e+00 5.044071849635748395e-01
-1.446541533669625901e+00 9.601287570797828463e-01 2.445922169477784625e+00
-2.132147233254087781e-01 -4.875465291741074014e-01 3.717607545920273981e-01
5.652570142707672440e-01 -7.379599931525275824e-01 3.362367863013221991e-01
-9.725080155336804921e-01 -3.738256375885329330e-01 3.312657303267940723e-01
1.083148626514377710e+00 1.640401850361280944e+00 -6.912773527292130904e-01
8.271991439836224869e-01 5.868127512358215503e-01 -5.202880871986265143e-02
-4.339200757616124560e-01 2.448700989551816587e+00 4.309542100892189698e-01
1.277293894228159532e+00 -2.914612165027899437e-01 4.524852085929998435e-01
2.212876371434937095e+00 -3.863432504570130654e-01 -1.428534417417218982e+00
1.715402782340634813e+00 3.437393686958591932e-01 -8.151424397847896186e-01
1.697245129472539915e+00 -7.096133117898614229e-01 -9.860067291357693664e-01
-5.388536565915320597e-01 -2.907047598213312600e-01 7.104062773119238505e-01
5.833631879336671072e-02 3.682034596077575217e-01 1.167052270987833928e+00
1.676170117053729314e+00 -1.123287943616590789e+00 -7.343211331290483423e-01
-1.356581360582409079e+00 4.467817923118913015e-01 -1.759427869060856020e+00
3.780963777016144167e-02 -5.308717682224141088e-01 -2.348773386779930306e+00
9.234695074277909921e-01 -6.674120549323195872e-01 7.282250109151862105e-01
-9.128127880752580081e-01 8.010188867560212866e-01 4.113007752828097552e-02
2.053625965248014218e+00 1.806039197833185506e-01 -9.420969574099778976e-01
-3.454678761219392991e-01 -8.229792301487365291e-01 -5.451364446092479277e-01
-1.733801433227252442e+00 1.650146710597737654e+00 1.732590410783801937e+00
-1.641853316681189667e-01 -1.166294876723872331e-01 2.605789699339334242e-01
3.056078991330970496e+00 -4.280248884556644429e-01 1.384920117296788655e+00
4.864417123429176648e-02 -1.034369159801048932e+00 -1.083645245975859206e+00
-4.663959654080913064e-01 5.149019673534125374e-01 1.093866281023157194e+00
-6.127966955082375655e-01 7.378848490947512717e-01 2.028735634207531113e+00
-4.092531290428216284e-01 -3.772095980742978250e-01 1.535476840094829876e-01
7.036902219919778378e-01 2.364045780509092864e+00 -1.658865349165735692e+00
2.059785251090125335e+00 -8.368324860109346841e-02 9.832257970333951880e-01
-2.356944906386136962e-01 -5.608176676756155832e-01 1.812427113603970907e+00
-2.917637056032468812e-01 3.171282197062076369e-01 1.740361931305254017e-01
2.558674773101773603e+00 3.125433561470140620e-01 -2.431824149841181892e-01
1.871844707541575836e+00 1.513644619074664854e+00 6.336982130593985518e-01
2.056685903404486648e+00 8.937925197613616479e-01 9.253007197771917491e-01
4.930404965593064848e-01 -4.249698840313134718e-01 -8.500076963181941725e-01
2.524803480235554565e-01 -1.766576114092590633e-01 -2.104701221529084787e+00
-7.082925387000367223e-01 5.702790880866390744e-01 3.813871080045496686e-01
4.600893047798527702e-01 8.957912419519914460e-01 3.589975860044591349e-01
-7.323220147376430234e-01 1.299291853260718721e+00 1.514458777612385010e+00
1.226069344446786724e+00 -1.110547028052402130e-01 -6.246667487163042320e-01
1.382901439926070619e+00 -8.046956725313210157e-01 1.224625274145799247e+00
7.748307077843343826e-01 -7.426076333485754910e-01 8.142862392365334268e-01
3.479437166646336399e-01 1.491816904275512279e+00 -1.046493514027658334e+00
6.008176781107953390e-01 5.278924448044526319e-01 4.422176831497404703e-01
3.140206387336994975e+00 8.365289626771479359e-01 1.556899939513012310e+00
-1.614053956887429031e+00 -1.056662018986815665e+00 2.153110675887344616e+00
-1.908675257744248399e-01 -3.769262820596920305e-01 1.889350950005146412e+00
-1.308513787330136402e-01 -6.150843095140652306e-01 1.326643869345444315e+00
5.332383766743095110e-01 7.548423780847782760e-01 2.764437944115571977e-01
-2.311153160064620682e-01 1.621119967178557886e+00 9.292427313867765437e-02
-6.044490874902483935e-01 -1.161967870841991296e-01 2.484102156960524610e+00
4.305246816818729116e-01 5.461997373651961141e-01 2.513715014994228336e-01
4.593535731019279811e-01 1.682717173584074688e+00 2.089896609961513274e+00
1.037249410268755057e+00 8.539327612378071475e-01 -3.711266971726506214e-01
1.033658243683097666e-01 1.840053387882166214e-01 -4.675083450656545292e-01
8.673357931732037507e-01 1.970765154661716201e+00 8.651720488169523104e-02
-8.581005718485302802e-01 3.233056854006434389e+00 1.168743789488803086e+00
-1.653299495288092391e+00 5.860661713688998242e-01 9.073860746298400004e-01
6.920289509637876924e-01 -1.426231494508735542e+00 1.444802869954594227e-01
-3.720150494041460365e-01 -1.631430610609533038e-01 1.070609894349108027e+00
-2.926567972051967170e-01 5.079135046436817902e-01 1.220180302137114481e+00
-3.117781165107025299e-01 -3.193709850302592912e-01 1.520762554612508088e+00
-3.839745737550601667e-01 1.933731761108778147e-01 -2.009955557480763932e+00
3.444772476184713716e-01 1.596786433158408292e+00 -1.160168047002089864e+00
3.059100832652316360e+00 3.372292273050314648e-01 -1.104969934222780559e+00
4.622142355753673937e-01 8.917350822279505040e-01 -1.136362393177594576e-01
5.442604559015564725e-01 1.194161016151382565e-01 7.260895568065264261e-01
1.280956331527385084e+00 1.703538677665600076e+00 -1.427130189557538120e+00
1.644068083131378755e+00 1.920269314789817772e+00 2.040940976719583452e-02
6.019785784927722538e-01 1.996118603430458105e+00 7.867499930573499389e-01
-7.331714788804020166e-01 8.760380795708062884e-02 -1.391456722212354447e-01
7.180606306097484515e-01 -1.144748158360599399e+00 8.858704565266815045e-01
2.667236977460278879e+00 3.353717452341323235e-01 -3.416186593850562558e-01
3.437849112813656793e-01 5.019564151883436631e-01 5.150680197068308042e-01
6.203696815596306813e-01 -7.689463350460825630e-01 6.096539069066830852e-01
-9.002569161169931000e-01 7.760016153225824942e-01 1.698908942383094978e-01
-4.606237250763539071e-01 5.942766650757607128e-01 -1.618034093208806368e-01
-4.192616321123525114e-01 6.101170241990938603e-01 5.860052851165017396e-01
-6.388063974817862478e-01 5.754196516874375833e-01 -4.495028381538728746e-01
5.129639870212345798e-01 4.774010446017071807e-01 -9.411471669208201218e-01
-3.519002536609736609e-01 -3.447070480244056601e-01 1.839507888666260138e+00
7.289825570993289094e-01 -1.810316150853997774e+00 2.993368873776313110e-01
-5.100900824665263178e-01 5.583786442246397863e-01 3.807033866171130043e-01
-1.731933630739874719e-01 -5.971804364233869178e-01 2.401158069660050742e+00
-2.709497832408318541e-01 -1.920493032625225638e+00 3.598867069639657412e-01
-2.059312888089007698e-01 1.344717606193602144e+00 5.482460934882144032e-01
-1.437954804382616525e-01 -2.244254468369256128e-01 8.867422017276368473e-01
1.090044998787957020e+00 1.246695750009764181e+00 -4.222303553043883495e-01
1.755646089633793538e+00 1.197502752111249125e-01 -1.495767743840957564e+00
-1.774501427539718068e-01 -2.066607686187371118e-01 2.844280438123737209e+00
-1.390805334072575894e+00 9.873020752161363323e-01 4.638112594662238131e-01
-3.139026103288133918e-01 1.868131166663467013e+00 7.431010299920249862e-01
2.487869208651099395e+00 -7.635135533006395248e-01 -8.735007299147071191e-02
4.733213385382031846e-01 -1.947430209456539885e-01 3.369665245811153120e-01
-9.579035838566023475e-01 3.767070606597944238e-02 -8.553358640893671261e-01
3.335183420964098477e-01 2.215637843709082677e+00 -4.145834951262250545e-02
7.118487469879931917e-02 -6.682787340529788844e-01 1.234122592174331956e+00
-1.428289047819901514e+00 8.241850965035770749e-01 3.509355833309470429e-01
2.051952413573919110e+00 1.564759884568709181e+00 5.180030384093249340e-01
4.808988320408301154e-01 -4.349812054967092667e-01 7.125689422236801407e-02
2.675415237375061150e-01 2.670970571188598264e+00 1.287313471821973199e+00
-7.794972989106370154e-01 3.512337391796613306e-01 6.337921698776349810e-01
1.011425084075381786e+00 4.035407023128605997e-01 -2.928217467918279859e-01
2.733937236374672786e+00 -6.944393093834050346e-01 1.575723606036475655e+00
8.312858453210398846e-01 1.164823005163960090e+00 1.297578931656998558e+00
7.803773571209118298e-01 4.633542623729210996e-01 -1.060725334450859814e+00
5.843149213886329463e-01 -5.342559307272388702e-01 -1.855974702267257470e+00
-6.035800301724359995e-01 2.083065565294813570e+00 1.329603124478494491e+00
9.117706088028776357e-01 5.498257189161044334e-01 -1.529206116504393531e-01
-6.962381366999654819e-01 -4.201333441262185553e-01 7.361206504061701406e-01
1.333688684068741415e+00 7.924377372313105017e-01 1.266080640037509364e-01
-4.353435745854339345e-01 -1.036973355831645627e+00 1.074111564418114284e+00
9.900926792987286840e-01 1.279358117790729832e-02 -7.593958647065339740e-01
-8.589261649316222158e-01 1.608022696292023823e-01 -1.026351045364501502e+00
-8.764004641867797485e-01 1.252715325421471793e+00 -3.521567824770597821e-01
-3.168846736089562244e-01 1.491091570243955555e+00 9.228842128869972627e-02
6.158580378965288205e-01 5.355697867608146673e-02 8.222874269139099912e-01
1.633371886598033784e+00 2.062090597109005052e-01 -1.549155582581644541e+00
-2.256608684109220886e-01 1.468731463224128841e+00 1.066359332825816963e+00
5.447768162586008600e-02 -3.325549603895636142e-01 3.269334408598356667e-01
1.463115824603351545e+00 6.577214720278717897e-01 -2.101417300417772971e+00
5.301127398459575257e-01 -1.232180303630459495e+00 -1.273661446361233018e+00
1.289749230700493632e+00 4.925029800600269070e-01 -6.459052478964867339e-01
1.076405972861900873e+00 1.610021946625022515e+00 -9.896211837454123028e-01
-9.448485882734045660e-01 7.557311822100459819e-01 9.963511448921784641e-01
2.303723806139502894e+00 1.396017459530820792e+00 -4.273773274808574940e-01
-1.444991885336843751e-01 5.618225839044778125e-01 2.557949135198897217e+00
-1.514047324022762986e+00 -2.823436799271246689e-01 -2.552796050267067685e-01
7.502459962656838899e-01 -1.590640474885544053e-01 1.065711508084589809e+00
2.443736863740998411e-01 -6.799003540401939993e-01 3.928121776936055465e-01
5.627421348257521938e-02 1.628864315860975909e+00 2.050930803126435276e+00
-1.334233221211218678e+00 1.753891110910575701e+00 -3.782084545816077892e-01
1.424718104627412218e+00 -1.394250405182223020e-02 -4.205444145396717293e-01
-2.120168823531224100e-01 -1.124904865480348626e+00 5.730234973922365693e-01
2.518286854881054415e-01 2.413044825990496856e-01 2.023941842049836737e+00
-1.212438881583116634e+00 2.126936473763821889e-01 1.370647259275723125e-02
1.496227820063176006e+00 -9.400419286892304216e-01 6.939042367317204141e-01
1.482056519627088065e+00 -2.213941568994867160e-01 -3.218412223151581042e-01
1.691572209321214659e+00 8.321914642157530739e-01 1.368191815574914427e+00
-1.014143532261972958e+00 1.299430107060026929e+00 7.377348519886619549e-01
1.774664026854136656e-01 -3.785518751482570554e-01 6.582057996313166459e-01
1.201692573932557018e+00 -4.957723334090113898e-01 1.690418439177615306e-01
1.622489291475712969e+00 1.369792474894250545e-01 1.983204725740071339e+00
-6.733812975226133313e-01 -9.034303754860898428e-01 6.292657318352703477e-01
5.531086237632796276e-01 2.084135911388670381e-01 1.396221668372913616e+00
8.071239834478156627e-01 1.749746861539710707e+00 1.862883334506353572e+00
-3.776500373031865809e-01 -2.061631127124990304e+00 -3.031885883651666003e-01
-2.198476004597889499e+00 4.796629724991838956e-02 2.236032571793331147e+00
-1.402260211184133964e-01 4.850568204927286908e-01 1.231291917728989617e-03
1.606694264902202018e+00 3.114162721193982630e-01 -1.919442490348068464e+00
-5.362172674900453906e-01 6.767736189501438737e-01 2.185341973171004870e+00
-3.120319960363286405e-01 -1.073930994760838642e+00 1.927157904163040003e+00
1.834159425022733547e+00 -4.641712912492333420e-01 1.178446911949323939e+00
1.750366553420686255e+00 -1.328218694916259768e+00 1.188262191864935646e+00
2.279205388458523274e+00 4.755255567528337557e-01 -1.558833036208439327e-01
6.927016956062382880e-01 1.279767307214249250e+00 3.163405957140374980e-01
-1.031557081027224987e+00 1.992002401472203532e+00 4.222151853108082609e-01
4.092496260472203717e-01 1.406916445022795559e-01 3.794617499253899462e-01
-6.120265829582586248e-01 2.100537703612317397e+00 2.642639845228539119e+00
-4.670983282931078229e-01 1.321734745015405554e+00 8.701143498490031269e-02
1.577656258872166262e-01 1.927746029118412086e+00 4.162705057258253571e-01
4.400109822271436877e-01 1.744103509242164840e+00 3.037104792014214016e+00
1.635912800771916586e+00 2.613821137172872566e-01 5.446642075122362092e-01
-7.474658888581357796e-02 -2.907637510698909966e-01 9.511450156141745271e-01
4.845987517608644768e-01 1.906489301790820434e+00 1.302513703918107835e-01
8.680686426004113887e-01 -1.613978415736299299e+00 -6.754808422281558533e-01
1.603538871536233756e+00 -2.014555258137518956e-01 1.264494109849544912e-01
-1.297025382165599705e-01 9.452565176114803291e-01 5.068569261174658003e-01
-4.925336518026588450e-01 2.182351721305546999e+00 8.374454447433771209e-01
1.572624231027678565e+00 4.185798125212551457e-01 -2.147237717499574927e-01
-3.265919393299497875e-01 -2.081182011276894173e-02 2.228789865304870776e+00
-2.949013659337077625e-02 5.454069426176104685e-01 1.098456629521779027e+00
-8.287811391003729877e-01 -2.110141109706717977e-01 2.675569340630283288e-01
-1.001464448529655993e+00 -5.137756812205750423e-01 -4.557137850960283898e-01
5.639400892083445971e-01 2.063156015375932739e+00 4.878040847227060883e-02
2.357695608102959639e+00 -7.296981693319417595e-01 6.552724400326802590e-01
1.726426071440756438e+00 -1.574181815630802506e+00 1.261915811767603257e+00
5.245530464658747505e-01 -6.849497895251951407e-01 5.337854379202489064e-01
4.500826441066687056e-01 1.450023698067423483e+00 -1.884218025481580738e-01
1.165898265792557176e+00 -5.056718263455595164e-01 -2.865423946461640448e-01
-7.545146129212864095e-01 6.564770159346215994e-01 -5.859110301481125216e-01
1.010230421192120476e+00 2.457158776621120921e+00 -1.746912307909634365e-01
3.094210832804667466e-01 3.091548450478735166e+00 -1.245915688446308928e-01
5.463730440982084158e-01 5.872648665122740530e-01 1.125634440245387724e+00
4.726272899389127868e-02 3.396992741085234080e-01 3.928339141256482758e-01
-2.895318655598544400e-01 -9.900277875235289349e-01 -1.561553679986737997e-02
-2.360018502921475747e+00 4.358405951550143320e-01 1.094711461641109773e+00
2.475194500124751507e+00 -7.133476715235561594e-01 -5.338529242561902421e-01
2.570299803867027166e-01 7.152292762720804387e-01 4.691589117355492444e-01
