-1.366119980812072754e+00 -2.672059647738933563e-02 1.131446719169616699e+00
5.445886254310607910e-01 7.623305916786193848e-01 1.174205541610717773e-01
5.809805989265441895e-01 -3.487862050533294678e-01 -5.050667524337768555e-01
-5.142256617546081543e-02 -8.560290932655334473e-01 -7.148591876029968262e-01
-1.060005664825439453e+00 -5.322770476341247559e-01 -5.951536893844604492e-01
1.776432752609252930e+00 -6.570192426443099976e-02 1.345892906188964844e+00
-1.152409076690673828e+00 7.597360610961914062e-01 -2.218374311923980713e-01
1.868290066719055176e+00 8.898548483848571777e-01 6.186206340789794922e-01
4.786152541637420654e-01 1.472551107406616211e+00 1.858968883752822876e-01
1.773148179054260254e-01 2.923731505870819092e-01 6.056739091873168945e-01
-1.528191924095153809e+00 1.222314119338989258e+00 -3.297508656978607178e-01
-4.388112723827362061e-01 1.153292879462242126e-01 -1.947838962078094482e-01
-8.708305656909942627e-03 -2.493262887001037598e-01 1.231779813766479492e+00
1.244718074798583984e+00 8.709177374839782715e-01 -5.771803259849548340e-01
1.283673942089080811e-01 3.099135160446166992e-01 -7.062094211578369141e-01
5.597035884857177734e-01 -1.050699591636657715e+00 -9.152590632438659668e-01
-2.022647410631179810e-01 3.629973530769348145e-01 -3.369564116001129150e-01
-6.380587220191955566e-01 -5.184605717658996582e-01 7.392663359642028809e-01
5.661744624376296997e-02 -1.353465557098388672e+00 5.413864850997924805e-01
6.657336354255676270e-01 -4.616126716136932373e-01 4.370620250701904297e-01
-1.045189201831817627e-01 -4.148561358451843262e-01 5.332172513008117676e-01
-3.329451680183410645e-01 -7.779396176338195801e-01 -6.976712346076965332e-01
8.447878360748291016e-01 1.377022027969360352e+00 -1.255470514297485352e+00
-4.453764855861663818e-01 -2.024682998657226562e+00 -1.632795453071594238e+00
-5.115008354187011719e-01 1.858024716377258301e+00 -4.347513914108276367e-01
1.004567146301269531e+00 -1.205063939094543457e+00 2.097632437944412231e-01
9.038600921630859375e-01 -8.699575066566467285e-01 -1.041448593139648438e+00
2.459268331527709961e+00 -1.313292741775512695e+00 7.408443093299865723e-01
7.353936433792114258e-01 -6.270561218261718750e-01 -2.533527314662933350e-01
-7.133060097694396973e-01 -4.500839114189147949e-01 4.905794560909271240e-01
8.485617041587829590e-01 1.521873116493225098e+00 -3.146758079528808594e-01
1.778289556503295898e+00 1.375621557235717773e+00 1.055140718817710876e-01
3.395748138427734375e-02 -4.176601767539978027e-01 7.451950311660766602e-01
-8.415198922157287598e-01 -5.793017148971557617e-01 9.634401202201843262e-01
4.173715114593505859e-01 -2.173467874526977539e-01 1.566733956336975098e+00
-1.681102395057678223e+00 -6.336672902107238770e-01 -8.238131999969482422e-01
-1.905492544174194336e-01 1.073552012443542480e+00 1.248280405998229980e+00
1.616048216819763184e+00 1.661299705505371094e+00 -1.609003067016601562e+00
-2.950803637504577637e-01 8.073847293853759766e-01 -7.880459427833557129e-01
1.029653429985046387e+00 1.851016879081726074e-01 5.870807170867919922e-01
1.743395447731018066e+00 -1.155364513397216797e+00 -7.596271634101867676e-01
6.849395632743835449e-01 -3.830521404743194580e-01 9.463523030281066895e-01
1.028245568275451660e+00 -1.212495088577270508e+00 -1.486941874027252197e-01
-1.066297173500061035e+00 9.384899139404296875e-01 5.994863510131835938e-01
-1.983890235424041748e-01 2.895971536636352539e-01 -1.580976128578186035e+00
1.959702253341674805e+00 1.536018729209899902e+00 -1.966834902763366699e+00
9.289991855621337891e-01 -1.214484810829162598e+00 -1.044762134552001953e+00
-2.121938467025756836e+00 1.628361940383911133e+00 -6.560201048851013184e-01
4.163565337657928467e-01 -2.008017152547836304e-01 -9.093580842018127441e-01
1.270926833152770996e+00 -1.241792201995849609e+00 -8.711932301521301270e-01
3.426288068294525146e-01 5.009866356849670410e-01 -4.211494028568267822e-01
1.423161387443542480e+00 1.235435128211975098e+00 -4.537867903709411621e-01
-1.701730251312255859e+00 1.114179968833923340e+00 -3.513126075267791748e-01
-4.932118654251098633e-01 -5.674564242362976074e-01 3.832902312278747559e-01
-2.576895952224731445e-01 -1.733542561531066895e+00 -3.552545309066772461e-01
8.578419685363769531e-01 -4.319158494472503662e-01 -2.191989272832870483e-01
-1.148622989654541016e+00 -1.183709204196929932e-01 -1.858697652816772461e+00
9.985243082046508789e-01 1.141532659530639648e+00 1.148830413818359375e+00
5.172954797744750977e-01 5.162233114242553711e-01 5.160441398620605469e-01
1.130506753921508789e+00 -9.436895251274108887e-01 1.331208646297454834e-01
1.033472061157226562e+00 3.769854009151458740e-01 -2.421727031469345093e-01
6.598727703094482422e-01 5.335347652435302734e-01 -3.551340848207473755e-02
-1.323680043220520020e+00 6.529818177223205566e-01 -4.313659667968750000e-01
4.592741727828979492e-01 -4.279038310050964355e-01 1.246768116950988770e+00
-3.142769634723663330e-01 9.327051043510437012e-01 1.825020164251327515e-01
-7.669696807861328125e-01 -3.047058880329132080e-01 4.082262217998504639e-01
-1.710268706083297729e-01 1.154769539833068848e+00 -2.207126617431640625e+00
3.462418019771575928e-01 4.269665479660034180e-01 5.072409287095069885e-02
-3.765873014926910400e-01 -1.320424556732177734e+00 -4.581494629383087158e-01
-4.572114944458007812e-01 -1.010857701301574707e+00 -2.148561328649520874e-01
-9.809139370918273926e-01 3.958500921726226807e-01 -4.245504736900329590e-01
1.007680535316467285e+00 -7.528377771377563477e-01 1.581011891365051270e+00
4.664875566959381104e-01 -6.037219762802124023e-01 9.758915901184082031e-01
3.543531894683837891e-01 4.546884596347808838e-01 5.054970979690551758e-01
-3.203629553318023682e-01 8.799452185630798340e-01 -6.217045783996582031e-01
3.583157956600189209e-01 -7.030769586563110352e-01 7.935395240783691406e-01
3.984663188457489014e-01 2.915976047515869141e+00 2.046412527561187744e-01
3.576059043407440186e-01 1.824713647365570068e-01 9.646887779235839844e-01
-1.308500289916992188e+00 3.657989501953125000e-01 6.595477461814880371e-01
-4.708779603242874146e-02 -8.555814027786254883e-01 4.223872423171997070e-01
-1.029345750808715820e+00 1.608250856399536133e+00 1.254836082458496094e+00
-2.365780919790267944e-01 1.946752220392227173e-01 2.084339857101440430e-01
1.017865180969238281e+00 -6.752304434776306152e-01 3.238106071949005127e-01
1.072446823120117188e+00 -1.465736865997314453e+00 1.034084200859069824e+00
-1.665845394134521484e+00 -6.467495560646057129e-01 3.070323169231414795e-01
1.157505869865417480e+00 -1.447623819112777710e-01 4.591909646987915039e-01
7.739969491958618164e-01 -1.368946075439453125e+00 8.139181137084960938e-01
-8.685634732246398926e-01 -5.028419494628906250e-01 9.920461773872375488e-01
1.296407341957092285e+00 -7.244822978973388672e-01 1.588985621929168701e-01
-5.564948916435241699e-01 1.488249540328979492e+00 -7.420004606246948242e-01
5.577424168586730957e-01 -7.095882296562194824e-02 3.197931945323944092e-01
-1.229466199874877930e+00 7.487697005271911621e-01 -1.202494502067565918e+00
6.836384534835815430e-01 8.634239435195922852e-01 -9.338626265525817871e-01
-4.018900096416473389e-01 -1.184989809989929199e-01 -6.890375018119812012e-01
-8.768064379692077637e-01 2.573862969875335693e-01 9.241055697202682495e-02
-1.634269595146179199e+00 1.219291910529136658e-01 2.305292636156082153e-01
1.216768503189086914e+00 -5.545405149459838867e-01 5.085559487342834473e-01
2.463562786579132080e-01 -8.519690036773681641e-01 1.426949381828308105e+00
1.320511221885681152e+00 -1.441960811614990234e+00 -9.759849905967712402e-01
-1.904260993003845215e+00 2.201033085584640503e-01 -2.442099153995513916e-01
