-2.383526644263245786e-01 -1.419092160660450297e+00 -2.351152823526330427e-01
-1.819567012213606949e+00 2.900984873168822809e+00 -1.925800787468603392e+00
1.009071497095328090e-01 7.152034799167352741e-01 1.289906267587761945e+00
1.217718502866041552e+00 -1.143689972237191682e-01 -6.820489410885193227e-01
2.777960124721774005e+00 8.229337313358442429e-01 5.293661727790767157e-01
-1.210338828393633936e-01 -4.676767608042552427e-01 4.711969342784906312e-01
-3.777738747103285277e-01 2.283345740623352882e-01 -8.925163851771521495e-01
2.250183639218160003e+00 -1.135829885412257489e+00 -8.383800427533057986e-01
3.414829589340169225e-01 1.725061765203105724e+00 4.149450845834752877e-01
-9.166787869347590156e-01 3.113689115051933021e-01 -1.232524480707234193e+00
-5.714128253234785904e-01 1.068528975489974053e+00 -2.000020751903698990e+00
-1.680047436990572240e+00 8.396205150743130119e-03 -3.203027164085529566e-01
1.942567364197202717e-01 -3.679871734432811348e-01 -1.332184110200915983e+00
1.291781996301942792e-01 -6.905535645532565603e-01 2.716411404105481542e-01
2.045060473307719340e-01 -1.702033379790288237e+00 2.249643632306866259e+00
1.762379825989018656e+00 5.760186576731155528e-01 1.041459376682348781e+00
1.056768845993433514e-01 5.460246269292856613e-01 -2.350861470855168944e-01
2.191495373112166689e-01 1.514883936088944560e+00 9.161455381234078210e-01
1.269632925522002243e+00 8.242911534882290114e-01 -2.370059935516633520e-01
-5.571729652057834103e-01 -9.775449981498142149e-01 2.490009758036507037e+00
-4.545667140054879263e-01 -4.860174150256855174e-01 2.269431567390788551e+00
6.542655696728652548e-02 9.080970580830701744e-01 -5.578468229582846938e-01
4.563126242799920851e-01 2.583452801125866394e+00 9.121504818342632825e-01
-5.605621947781946890e-01 1.174396760816409230e-01 9.214422121102160412e-01
2.624034589442219900e+00 -2.104103578038473366e+00 5.775552617798641597e-01
8.366933243185058489e-01 3.318964932869412632e+00 -1.065216485029492066e+00
1.568038973629976685e+00 4.083078593652685329e-01 -1.489642167953808827e-01
-1.313558535975586805e+00 -5.973558781481658198e-01 4.778113987178967959e-01
1.319792756792041333e+00 -1.423675734058964248e-01 -6.525861540897888446e-02
1.301694971626750519e+00 1.116311523097295033e-01 9.177236188532015282e-01
-3.389194679337725336e-01 -8.588985108714468630e-01 4.607978544215522443e-01
-1.184646982016115180e+00 2.244660720912716290e+00 6.140606203209153513e-01
3.708895275506568501e-01 7.225428017393931146e-01 5.376140135003913967e-01
-1.477387951116928555e+00 -3.659531757581808292e-02 1.211407151753876033e+00
4.006406094085326330e-01 -2.197458801559239561e+00 1.324489357944927281e+00
7.870957778244170866e-01 -5.756831957457750892e-01 -1.625477292401426244e+00
3.543239362760141620e-01 3.288354372869700892e+00 3.588109048994662653e-01
6.819732503930954204e-01 9.365020027329284957e-02 1.073509342320134730e+00
-2.445991712339834478e-01 5.408211344940562215e-01 1.099490573155121220e+00
1.833949829962004507e+00 7.016067918938787562e-01 -6.560229430729613842e-01
7.894147921513903210e-01 2.383433539349730790e+00 4.688207895969376260e-01
2.103420889549159956e+00 -4.177840657915399269e-01 -1.228706950887506144e+00
2.477626212885130075e-01 -2.983075005876063557e-01 1.049217354328201290e+00
5.810562757257077271e-01 -4.788666892167074418e-01 3.472432778100734141e-02
1.574202061212221837e+00 2.250861069695640371e+00 3.770483784684808271e-01
8.362637227155950148e-01 3.030920897607770614e-01 3.093224128255562810e-01
-4.894072868789544617e-01 1.783157386747667328e+00 3.337782769257988807e-02
4.811940860327980074e-01 -5.057976675750815998e-01 4.473702507780294990e-01
8.410453683472435271e-02 4.069671680333882824e-01 8.794379352066703515e-01
2.792316319132407187e+00 -1.067736806380535225e-01 -3.723660568994118236e-01
1.952727127862769141e+00 5.808965885864617595e-01 -1.279823452102829329e+00
-2.213076809132532574e-01 8.961398222372241040e-01 1.704096788195554879e-01
1.629213114998954381e+00 1.255147334068937637e+00 -1.265856415916918110e+00
-4.497389655940424724e-01 -2.145369768745039707e+00 -5.468487566417393891e-02
9.545909003736475773e-01 6.136402743508835300e-01 9.803649938995868673e-01
8.028520357375181771e-01 6.345936980509693237e-01 -2.937939976632579775e+00
6.618734399179753147e-01 -5.960197811149856584e-01 -1.251444878532512739e+00
1.606678621817828168e+00 1.362217649058404145e+00 -1.254027569205522497e+00
-1.998448290095289126e+00 -3.271806042885896937e-01 1.129204765773021313e+00
1.420635997465938161e+00 2.028031512688625859e-01 -6.911406717012141820e-01
3.168510456275770437e-01 -1.691370363545600941e-02 -1.139389377709259854e+00
1.029738964451347938e+00 9.762121042307629615e-02 -8.759206189444234125e-01
1.235605440871401894e+00 3.970732281035423972e-01 4.468104687222177462e-01
-7.569270928280233957e-01 1.790746183881805287e+00 -4.671165082925722856e-01
-3.888925641468505834e-01 -8.011407748732345402e-01 3.529136776125543218e-01
1.061486293486910926e+00 7.433473265204945113e-01 -7.098989628121240569e-01
4.424216906764443791e-01 1.617735447060257403e+00 -6.969910676122104132e-02
-1.266429273915293807e+00 1.054855740030772315e-01 -2.312499600720947512e-01
6.955195859890690446e-01 1.616357877493649120e+00 -8.664785314200413868e-01
1.196783671027236817e+00 5.001267339399323442e-01 1.129048996347061351e+00
-4.247871679032765302e-01 8.493382602938918113e-01 2.160480364151157850e+00
2.249317952216307592e-01 -2.686142815712926346e-01 8.817747507463949419e-02
-1.121359844230815778e-01 -6.119176895212558032e-01 1.877030043321133990e-01
8.890989155327881921e-01 2.357981732471738923e-01 1.299398791782856999e-01
-9.979721405542860690e-01 2.500757140044014282e+00 -8.090983283645303281e-01
6.760597633166406384e-01 1.275047479947667872e+00 1.323356698042472246e+00
7.432548268551246728e-01 6.326908369506671626e-02 -1.904064892579039048e-01
6.499349111379055799e-01 8.435282742126504196e-02 1.034488228519196973e+00
1.007632367549903402e-01 1.240433143520418335e+00 -1.305726891666154910e-02
1.486514593346649260e+00 2.485442196900876866e+00 -7.488440354571360702e-01
3.012767965387396218e-01 -9.843368269329371145e-01 3.911952094571299332e-01
-1.263628029921273432e+00 6.868873329276483641e-01 1.952646229980763426e+00
1.025128655454671023e+00 2.385736281540694392e+00 8.798736909586989396e-01
7.571688194034517094e-01 1.982633346283538156e+00 -5.648980840802679815e-01
2.267795882993418333e-01 7.061779936219059195e-01 1.537819458091442160e+00
5.150995328768781523e-01 -4.945208748315775837e-01 -7.590371826660853305e-01
7.267972840434562265e-01 1.112451985647400221e-02 -3.891156360069264464e-01
2.175350573105432062e-01 -1.535009452871698432e-01 -1.053022426146641155e-01
1.825715493931173272e+00 -8.621399227287678269e-01 7.667351937953502672e-01
-7.579860236945209495e-01 1.246822151890619734e+00 1.325958594907784116e+00
-5.932537618101494381e-01 -4.483245655309108235e-01 7.914517434680461427e-01
2.583325334837069127e-03 1.194447332157268837e+00 -1.181537010447529124e+00
1.019372656635128882e+00 5.980035325957723247e-01 -1.025778758314207728e+00
-5.492934634407586891e-01 1.797159373745318423e+00 1.697402969462430189e+00
-1.190254413703717429e+00 -7.565538782003247142e-01 1.092794206506847887e+00
6.014747209825451746e-01 1.454812575513476869e+00 -1.058320898774811059e-01
3.949274406736241749e-01 -7.900505051884573748e-02 -7.258083775340067323e-01
-7.231622610027681475e-01 -1.155820388031676638e+00 -3.277513512618616676e-01
1.607390874212759169e+00 -5.786155439252008703e-01 -7.884471721466691507e-01
3.299108654080862291e-01 4.491451546624180002e-01 -1.059309649949244037e+00
9.148772653220469397e-01 -1.458505921738739275e+00 -1.335184748623331918e+00
-3.529838244649520229e-01 3.254455894171234265e-01 -1.471676352651005715e-01
1.571790722669376361e+00 6.048704832380681351e-01 -1.765454049431488537e+00
1.005561622266606614e+00 -1.103229038441833620e-01 7.409081976911860989e-01
-1.001239273500936111e+00 6.421633475756977072e-01 2.655446333480872667e+00
7.355650610367632236e-01 1.876167230532747476e+00 1.447832207529191895e-01
-5.209829855895902612e-02 -6.250940682438117513e-01 -9.595136439208717949e-01
-1.450002108596307737e+00 -2.257402439451134113e-01 -1.664943966735733749e+00
5.617233121153957232e-01 -7.011709178495354466e-01 1.004350366362933400e+00
-6.901620619913946264e-01 -6.241536915216023412e-02 1.797805954785628213e+00
-1.964251606736572953e+00 -2.959915561895957725e-01 4.968138718958217126e-01
1.600452521399442496e+00 9.932107451349246885e-01 -3.101123029538258025e-01
1.418408111329992005e+00 5.239729574361096792e-02 -9.282080574107143267e-01
2.827988071629227718e-01 2.267264794822157370e+00 -9.045018305573400141e-01
1.797309412714483079e+00 -3.846790377193705091e-01 -1.275044849836816541e+00
-1.744546896966106889e-02 -1.279234359781415975e-01 1.385500402975981871e+00
2.174781322822833651e+00 -3.520655475992274797e-01 1.048495874789550086e+00
5.659973342400790308e-01 3.174641288347510026e-01 6.241451263005345362e-01
-1.197619722312712742e+00 -1.451864178617622736e+00 4.721016122936830955e-02
-3.876754588592958850e-01 -1.085028621184945807e+00 1.387231731646810573e+00
1.648992207961789802e+00 -1.749762252387607742e-01 2.888037317563610373e-01
3.147901580288094969e+00 5.952900634071793817e-01 1.955115489539169527e-01
2.471656785480700336e+00 7.681176074215944061e-01 -6.507003338195708197e-01
-6.897211448408370194e-01 8.719367133527050617e-01 4.255973869783263863e-01
9.603071906897118204e-01 -6.392764357514037037e-03 4.117513098795769766e-01
3.759127595975051417e-01 -2.567570668721902205e+00 1.012226271784235410e+00
5.308927798449041280e-01 -7.729206764823987053e-01 1.872974918076224515e+00
3.646984649418643087e-01 1.199936532327973371e+00 -7.741767577776510478e-01
4.741726779845272799e-01 1.329038689661862227e+00 2.672657552606423348e+00
9.721235810383854758e-01 1.263715091999342954e+00 -7.445538558012053665e-01
2.032451112016290917e+00 1.222924018787546530e+00 -1.197673895951971712e+00
1.296494545679171662e+00 6.320597645853441859e-01 1.775287899949808290e+00
-1.742623571082162703e+00 5.174170327869819230e-01 6.601295992908040589e-01
5.740895274074230281e-01 -1.129438214761596670e+00 5.875175763822970687e-02
5.868529834214010199e-01 -7.208448616574075762e-01 1.375887174664180534e+00
-6.541879492918802885e-01 1.786713113293377342e+00 -7.212973961813329282e-01
9.151222523363369277e-01 -1.137754560252175029e+00 -1.408446639492253905e+00
-7.335756044919019558e-01 -1.622705790969922068e+00 -1.649490878387035009e+00
-1.805107322485506538e+00 -2.609142586494400673e-01 8.688125940167104044e-01
6.908846639179367921e-01 4.451473813945000524e-01 2.088132633907609781e-01
-6.714169318218731197e-01 1.782620920497574035e-01 1.291003706820958996e-01
4.961746613329681144e-01 2.629881699295977815e-01 6.721474966014725494e-01
-7.631807305163524902e-01 5.746742522448395896e-01 5.953586587250153661e-01
-7.855182717319220131e-01 7.633195553500152775e-01 6.221606736264636561e-01
1.634249048369499580e+00 -2.703502921818765170e+00 1.518214621180300927e+00
1.018943617425354775e+00 2.093313577306561424e+00 -9.542158191403844747e-02
2.259585978257766747e+00 -5.036069009423573828e-01 -8.570443406600354308e-01
-5.885356693581002274e-02 -1.363040007000316134e+00 4.283502304740621769e-01
-9.935138946054299369e-01 3.288855222075078300e-01 1.711058902943734195e+00
1.953513290216262632e+00 2.986881263311194634e-02 7.896923186642726966e-01
7.091286639976204231e-01 -8.428576164537283644e-01 -1.457217679566485735e+00
1.404932354704846897e+00 1.843447389748435583e+00 -1.403347906062615280e+00
2.672005691013264461e-01 4.541956580439002189e-01 1.770661514002029202e+00
8.039085444402743752e-01 -3.600437495371551777e-01 5.176444766926362462e-01
8.318008291786975761e-01 9.769074604155397745e-01 -1.673592596417737610e+00
3.106247554196854832e-01 3.057106969810479136e-01 6.521030207370156484e-01
1.488637569338286504e+00 -8.650635040208555226e-01 -6.204371087885641733e-01
9.653522110871173290e-01 8.213112797593031811e-01 4.566888185154858171e-01
1.441510202685146957e+00 2.795859995866404324e-01 5.011963314094152189e-01
1.312494629433177851e+00 5.701164318409827070e-01 2.094608647051459105e-01
-1.914262529513911515e-01 1.829187030081740328e+00 2.525276669319509448e-02
1.275574921744120571e+00 6.185828076048254243e-01 2.147344988076729244e+00
3.249188971972177153e+00 4.123578718158990020e-01 9.375708681974849815e-03
2.745667234195342532e-01 2.224230117326004841e+00 2.517814861675861771e+00
-1.695428723848451558e+00 -3.145941725706902781e-01 -9.338819731915215527e-02
7.572692829219589417e-01 7.284006438541850148e-01 1.401541863349746064e+00
1.586535035379257108e+00 -1.432466669122560265e+00 9.044057505967698640e-01
-1.808860911996669429e+00 1.898301260937458768e+00 7.704089198619227252e-01
9.956087929461234776e-01 -1.067635723536801917e+00 8.520729954000169984e-03
3.296688532624016954e-01 -5.941088945270411870e-01 -3.677213042184928060e-01
1.677310623639276521e+00 7.585752140808049715e-01 -1.956867117400536427e-01
6.253560020304456124e-01 1.829984477385875996e+00 -1.712636853146994320e-01
4.982934266603513684e-01 -2.194751409775471007e+00 4.052887139132115846e-01
-1.971463547586011389e+00 4.631124355893365685e-01 3.247789177914648939e-01
-9.315127756231271761e-01 -3.624393614585136314e-01 -1.363871355776120620e-01
5.891730998186717194e-01 -9.775782503374430554e-02 4.610930199650749572e-01
-2.814692627425257054e-01 8.372332128456245748e-01 -1.086131951468635837e+00
-1.332650171452055998e+00 -1.714280113375200587e-01 2.504903607348270000e+00
1.177269200133148619e+00 -5.049457829127640407e-01 -6.471854157439109745e-01
1.554034848530582380e+00 2.694531067142791336e-01 -5.267066219226577278e-02
8.836772014547777943e-01 3.774884538487249808e-02 2.733132704468090868e-01
8.901158430998952209e-01 3.464712882881249012e-01 -6.436893299790462653e-01
6.296920730696947688e-01 -7.013210713591845336e-01 -2.500386401246822987e-01
-2.682693633289077173e+00 9.672446625405257681e-01 -4.629919677878906459e-01
8.222180633652721449e-01 5.895889236770631703e-01 -8.879297346566111804e-01
-9.756930096189398993e-01 -4.932449421825030322e-01 -7.758075630063072659e-01
-3.264698774355475064e-01 1.407854471564244481e+00 1.635014897077868845e+00
6.500509595716140732e-01 2.385447462935502472e+00 2.291774012794870696e+00
7.961215761798440260e-01 -3.384749339975652860e-01 -1.628391894707067467e+00
9.129060632001605446e-01 -8.645042139450320740e-01 -4.830312329597596377e-01
9.000147618098018887e-01 -7.873311776150265784e-01 -2.098008393955518081e+00
1.203030051272518275e+00 -2.584708468237681966e-01 7.753118704234628344e-01
2.139962727602855885e+00 3.227652147221048429e-01 1.608324580417022087e-01
-2.831727742659228414e-02 9.303598169250024696e-01 -1.162746976987867109e+00
1.528711635862553209e+00 -8.132925290490884418e-01 -1.587612132571246448e+00
1.515709743371594476e+00 -1.184839244753706611e+00 1.599049640414565543e+00
-3.820903488533225478e-01 5.479561562688114451e-01 5.968385647115418413e-01
2.800042400460537317e-01 8.751037663895606666e-01 -1.533899890181916401e-02
1.151711438916418029e+00 -6.913434915723752905e-01 9.479471559503503952e-01
3.709344422582142031e-01 2.646804456817801743e+00 8.575141750938847229e-01
4.382167007008634929e-01 -1.737964432540135995e+00 -1.462388412397903181e+00
2.395976667353740375e+00 2.137182297261534525e-01 1.375354953509665190e+00
-1.236817020701927117e+00 1.638223875405866448e+00 1.061304466587970508e+00
-1.006700916822174552e+00 -2.334382052543528263e-01 7.535741093304233473e-01
8.808564373131798630e-01 4.587353206213075352e-02 -7.505148329274345942e-01
-7.666810554038708814e-01 -8.914223211388819235e-02 3.797984770873895632e-01
-1.989230273586239273e+00 -1.629219004127220871e-01 9.306805825761899076e-02
6.002406874114206703e-01 9.612867325367406846e-01 -1.885381599057557589e-01
1.263200197636795918e+00 7.262235502634868389e-01 6.509183185266493865e-01
6.149093899771564953e-01 3.134742640492267363e-01 -1.452466166037954531e+00
-2.541350619120645860e-01 2.750072645103258662e-01 1.236001854435977210e+00
3.555206667730638759e-01 5.916476659815346206e-01 3.991157499212827364e-01
4.900358284987837432e-01 9.396019397469733414e-02 -1.321297973244803359e+00
8.039969729246938535e-01 3.537110332845559701e-02 -7.653091152915436624e-02
-1.927509980957147206e+00 1.270995580528127444e+00 -2.573011365564635833e-01
-4.329459982780081151e-01 2.620911020286702531e+00 -3.168888021206832106e-01
1.275613155857264536e+00 -1.125721186196815715e+00 5.093921279299484794e-01
6.094765533170867222e-01 -4.458224101380279802e-01 9.267830230522166035e-01
2.339664046546485743e+00 4.000324783248337956e-02 -8.115032788706708633e-01
-4.775947060884223050e-01 5.921956224936326674e-01 -9.054290977510001115e-01
2.500522829565313687e-01 1.435800071051838600e+00 8.849660001019282740e-01
1.568882911071104225e+00 -6.025426075217725774e-01 -5.002816657753451635e-01
-3.110870970232786359e-01 1.642142253360792115e+00 9.855947636896365827e-02
-6.228413084456020377e-01 1.058103231084962514e+00 1.832715463835879355e+00
2.489522981794804135e+00 -2.173721241889995159e+00 6.566502542950612975e-01
1.860702485160072306e-01 2.218066977170908949e+00 -1.038339496203792844e+00
-1.454757790584759736e-01 4.223768795198786230e-01 1.721070591576748576e+00
5.454197922838165402e-01 1.423427204281516589e+00 -2.629458486690349761e-01
9.361445441370881415e-01 1.583941330829675476e+00 -4.804914078757729912e-02
1.458409773002530274e+00 -4.096983627137967821e-01 1.764082259429014865e+00
9.097357748701063729e-01 -6.804051302775192545e-01 1.254840647348953064e+00
-1.585818747505904069e-01 1.462136584052068589e+00 1.001287851266186024e+00
1.201365445028028667e+00 -1.794568446043432186e-01 -3.886641245793111543e-01
2.866039193324246614e+00 -7.319243214979487266e-01 1.279922761323397884e+00
-4.707330071274534178e-01 3.127230769827684664e+00 8.197821000319083229e-01
7.974486924295731693e-01 1.329615054038061794e+00 -1.967669144036844897e-01
-2.781382979636063957e-01 2.711069503682280502e+00 2.319550039100090055e-01
-1.483685421201375032e+00 3.496817962679335867e+00 1.376156606131665239e+00
1.282114820602005212e+00 -5.803365069849016900e-01 9.160958655047359844e-01
8.267282854832898042e-01 -6.379330141903369888e-01 8.420514066968359801e-01
-1.010780663403346713e+00 1.205450011710250013e+00 -1.376401492872761922e+00
2.753711495950041055e+00 1.041453794735334656e-02 -1.476336243644170265e+00
-2.235519407918287182e+00 7.436208324222874921e-01 8.715771114792940644e-01
-2.072546854555721740e+00 2.169733746680686970e+00 -2.016902728169489012e-01
-1.645843155717624295e+00 -4.785876820425056799e-01 -8.492880941720090671e-02
-8.485439357234118019e-01 2.941049970890424525e+00 1.083095683245931973e+00
-7.028556790501857554e-01 1.162018626508347419e+00 -6.083294383344919343e-01
6.094181564882510393e-01 6.098974793509083225e-01 7.774266945150877239e-01
1.557827445799687016e+00 -1.284998561734086220e+00 1.147922018953605683e+00
-5.009764518547327183e-01 -3.994757746326603187e-01 8.081734693312143669e-01
-5.878474856681549510e-02 4.076245861725537045e-01 1.628404821196209884e-01
-2.211002765789806257e-01 8.939656958858637203e-01 -8.385802713495270622e-01
1.146329049718571191e+00 1.674477914321723215e+00 6.771996436880381998e-01
-1.607801586458336596e+00 1.325946264769849003e+00 4.943483204254381924e-01
-6.858742264261330490e-01 6.246053053073368222e-01 -1.006418590170204741e+00
1.950748223369791479e-01 -6.713868778869231946e-01 6.438589587499060629e-01
4.949000284072969658e-01 1.913565447985839274e+00 3.869246650181918379e-01
1.398669438329326553e+00 8.031704043260552428e-01 -2.539152392454723794e-01
-8.655597196122550852e-01 -1.038798485020696827e+00 9.627834267003892998e-01
1.734264460974481947e+00 4.579773645344859534e-01 1.376504725303609344e+00
-9.835095572471819203e-01 1.080536496646564926e+00 2.023841686877973167e+00
1.367627781215109639e+00 4.174711857703283790e-01 -4.641616672951608957e-01
-6.045976984199945559e-01 -9.880374665145404967e-01 1.406893456175370316e+00
1.945275662077595502e+00 -1.297707224121401159e+00 1.894535036403219574e-01
1.956105911203277259e+00 -3.473163922530048131e-01 8.511563164456955599e-01
1.260343087688819974e+00 8.652616318342983004e-02 -2.391929634124348725e-01
-1.437916944122746843e+00 2.825206971360648689e-01 8.803004880896415640e-01
1.178318086838137768e+00 -3.115839413434093319e-01 -3.914457721949573532e-01
-5.926419065531220998e-01 4.826599773369875113e-01 3.837790608476583376e-01
6.103802538594935712e-01 1.546463058179035066e+00 1.046776108011528539e+00
3.044748627680958497e-02 -1.955221817256377337e+00 1.123615866824258180e+00
1.316715241724575325e-01 5.702012918533749808e-01 7.418973117658607119e-01
5.779718320132311987e-02 1.322091294168731723e+00 -3.689563179390786263e-01
-6.082304631628123737e-01 1.076020186738923190e+00 1.350464341966021387e+00
-8.016384764012007835e-02 7.600330704316272667e-01 2.458049719232773711e+00
1.502518993842029138e+00 -4.030641757258082714e-01 -6.478781285681689539e-03
8.383363996634425330e-01 2.578467965171767240e+00 5.297617529883954512e-01
9.337167890106283508e-02 9.072810600547345228e-01 1.629277102849221004e+00
1.968134641992435263e+00 4.104323566543995327e-01 3.893971874513149634e-01
1.065171435948241152e-01 8.825458795682292745e-01 -6.580817113527029916e-01
2.709868112416112251e-01 7.010249801050045804e-01 8.329682846743090563e-01
1.483594085322114120e-01 8.583780072408724038e-02 4.011736719757462710e-01
8.106746331588031707e-01 8.752572958207504028e-01 -1.541100571218555031e-02
-1.456723822937763924e+00 6.595810487845311654e-01 1.626498235535544845e+00
1.301670960501277285e+00 3.302248373476157073e-01 1.296925622237859121e+00
1.416062327618755168e+00 8.929776751067530771e-01 4.814605178157710386e-01
-1.993022973520540253e+00 1.139502274994234954e+00 -1.032644527509481769e+00
2.128523866066067971e-01 -1.272879789651422344e+00 2.537168394317601106e+00
1.271214421471839495e+00 1.350040032076620600e+00 2.291735745763869403e+00
8.424212697116434390e-01 1.613740501613698308e+00 2.959591346394009892e-01
-4.053417210248889124e-01 2.663619747706939656e+00 -3.874466681789106581e-01
-5.378189017878098888e-01 -5.113705823709225884e-01 1.884695782348149606e+00
-5.425652589213565691e-02 1.064409098561883704e+00 -1.086114432925808337e+00
-3.223639413251871977e-01 2.181770004800505092e+00 1.388418797307074071e+00
-2.929871422777282630e-01 -1.055343013956870690e+00 -1.012001712150262911e+00
-3.553920251170372691e-01 6.083491809045897813e-01 2.900976577526650946e+00
6.950274543770189606e-01 9.348752972457160526e-01 2.028151055360770005e+00
8.128105522653322756e-01 1.334282131718578901e+00 2.532516772618754186e-01
-5.423734728500259061e-01 -3.769036430157541862e-01 -3.128610368011523146e+00
5.805733496903751067e-01 -1.302278358115685375e+00 6.347213956147206293e-01
-6.678699685316273893e-01 1.099751467006521377e+00 -4.949933045846676150e-01
2.608682520528235460e-01 2.628570271238839240e+00 3.933090159765445515e-01
-9.193368579344546321e-01 1.211356969449039145e+00 -4.757628769115531675e-01
6.216048690181443792e-01 -4.655581802017708104e-02 2.146441230867468075e+00
-6.059677440549390143e-02 -1.120664423527508280e+00 -1.003728232357965489e+00
-1.743328393604841597e-01 1.390360356288216151e-02 -1.127900574811083967e+00
-1.287158094491246407e-01 7.892702988252928709e-01 4.132728855308207550e-01
1.562596299203755645e-01 1.547779896541750633e+00 -2.151048626617348414e-01
6.043695366018411175e-01 -6.783259919180657516e-01 1.068705422278789285e+00
1.510878864390517773e+00 9.567506519489378247e-01 -4.730854244820745930e-02
-9.633999815967380087e-01 8.990492661845480571e-01 1.715175638197243835e-01
1.863400316930890810e+00 1.384264658164574779e+00 -4.283723246820552721e-01
-3.210669380446360410e-01 6.392916686805260040e-01 1.762362902230640849e+00
-2.020538405035237350e-01 1.072220708657035448e+00 2.588366995412918925e+00
1.489970720526261339e+00 2.262423247693802875e+00 1.207185195492631591e+00
-8.478966211494450844e-01 6.433363688573994210e-01 -6.952136977142288066e-01
-1.473101825883488702e+00 1.353417255012389520e+00 -4.927216557354279214e-01
-2.351024286114648809e-01 2.281113355887840876e-03 8.506815236024326543e-01
4.799741101665676579e-01 9.542740258888597893e-01 4.081148431581025915e-01
2.436220411280726195e-01 8.638091810020782635e-01 1.921258380301849922e+00
9.266496252681757362e-01 -2.734853796496444084e-02 3.713255715086102859e-01
1.614192669135645630e+00 8.961918608017735433e-02 1.151315053531434707e+00
1.079176133989835806e+00 1.377888882466835385e+00 2.904362607263582530e-01
1.443668549427067072e-01 2.910235784939759762e-01 2.430704443779678758e+00
-1.252034291925349985e+00 7.241965209942887727e-01 2.092966105683446987e-01
4.808635017882258444e-01 -2.375422837732046322e-01 -5.712822109477637689e-01
1.079602490684719251e+00 -6.956932229269138235e-01 1.788419227110787102e-01
-1.230457162479671185e+00 -5.394401134460902192e-01 -1.252530133855146444e-01
-4.745372058768217993e-01 -2.675921168985300747e-01 1.008401895872410581e+00
-1.475103877837294464e+00 3.355944543745630337e-01 -1.585740754871132863e+00
1.445965442733157635e+00 -1.406289985655137631e+00 -8.375844655871176325e-01
8.457629179409256182e-01 6.195961245075364693e-02 3.484021017062555736e-01
5.781641240157258527e-02 2.363675418760077473e+00 2.981852398289354666e-01
8.237746687536341705e-02 -1.532885855774505056e-02 8.114102421933084841e-01
1.695617000450888145e+00 5.474528541119966230e-01 -6.817173725488200331e-01
-7.534658184666332970e-01 -1.046581002818001371e+00 1.174669636034780362e+00
9.990207954916376920e-01 -3.128138844119789375e-01 5.608169935901751585e-02
2.111059581767192661e+00 -1.124089949130662736e-01 6.871530235580973756e-01
2.877398663298683101e-03 8.196894466492254949e-02 -1.435502411317631510e-01
-7.506479654631833531e-01 1.318416624274161952e+00 1.129646111509429396e+00
1.122382870001733091e+00 -4.154749599987386244e-01 -7.106864475936409686e-01
2.368489298110597829e+00 -2.566639803520756047e-01 8.935922466564731881e-01
1.768281754740880229e+00 1.025683350404688277e+00 2.300086509699358572e+00
1.853389317529832381e+00 -6.130402801544604374e-01 1.416811509807542002e+00
1.186907964962300888e+00 9.962033953146433030e-01 1.073899547949424216e+00
8.298016817621228780e-01 -4.902467821794781466e-02 1.302602827038310096e+00
1.463835531945890889e+00 3.051911231174087469e+00 -7.529244639656880178e-01
1.233764422228196267e+00 -8.415293494533900853e-01 1.429819760149643182e+00
-1.058558383602723696e+00 1.811254524033279800e+00 -2.046750166923293701e+00
6.690904568430084964e-01 3.435340163826516857e-01 1.068068867505962416e-01
-4.971409219495170895e-01 6.861704850834128289e-01 2.724905757654319527e-01
-2.364803982027789964e-01 -1.022926776964899087e+00 -6.977154502420325199e-01
4.137017686750239509e-01 -7.550552096790313916e-01 3.522301290288656350e-01
1.826908097963954258e+00 1.655381732138306417e+00 9.395231336140690281e-01
1.268676239561973063e+00 -2.436140258230580224e-01 1.357078202494042429e+00
-1.426942106707860036e+00 8.251916759610261609e-01 2.386728032644018227e-01
-8.915716335747524424e-01 6.757014008749810952e-01 5.668603577272658400e-01
8.959647445316341052e-01 1.569279577759461475e+00 -8.710623967345296551e-03
1.266373368161378021e+00 -1.200156220935592710e+00 2.271495712218335683e+00
-1.970917164530527899e-01 5.218320177801775150e-01 -7.159646130677954634e-01
5.651720780579991832e-01 -5.074847713323312748e-01 -1.086734411754206819e+00
-8.162350668313278490e-03 8.711883235877695975e-02 -4.667705599753624313e-01
1.077658079068921415e+00 3.126666399076789560e-01 -2.542717578866455774e+00
-3.541413804233022322e-01 3.427751292637733482e-01 4.380801362220788087e-01
1.275951609683104060e+00 3.081664336808679905e-01 -2.270928414686615160e-01
1.067819585602586274e+00 7.466249414974104326e-01 2.493142361958168962e+00
3.823254332537294076e+00 2.728525207696365085e-01 -7.776333550693667052e-01
-1.419296493604503828e+00 -2.679992993189330708e-01 -1.749524799722316892e+00
-9.277319161493935429e-01 1.208436838508410105e+00 -1.222916962083284487e+00
-1.629698816653375459e-01 1.736231792984992417e-01 -4.503044865697799354e-02
2.210038968738743836e+00 2.273752871735382763e-01 2.519664845688642796e-01
8.115205433567728166e-01 -4.619159632562819251e-01 1.807689218882801097e+00
6.007284862204960163e-01 6.943501241795771439e-02 -6.934847390503442455e-01
-1.447977088358621822e+00 9.913472163482890398e-01 6.347339909988694018e-01
1.006605039675805280e+00 9.884154451389537410e-01 1.235978563886388354e-01
3.464079114035274465e+00 -8.516479195316311035e-01 -6.990438236341008083e-02
8.528574319782844526e-01 -3.033644779261429614e-01 -1.333589034367292703e+00
-1.314048819426320458e+00 3.477736936414426716e-01 4.999193965504505899e-01
1.708082553176807128e+00 -8.978999387103016039e-01 1.364659532690575716e+00
-3.204170212767702974e-01 6.712812312263984060e-02 7.522897692756946864e-01
-8.469621210826325797e-01 -5.605177378733977589e-01 1.627160625107911818e+00
3.452851453104909263e-01 -9.781528860244073087e-01 -1.393119885928524759e+00
-3.336715249599878641e-01 1.405806230010921976e+00 6.176148074784262310e-01
-3.016920704632031214e-01 -6.723750799525041177e-01 -5.122094859240317044e-01
-2.717186302153427047e-01 2.782598403394169195e-01 4.943247935030474771e-01
-9.825752256797236628e-01 2.211193010839584971e-01 6.092760743790585076e-01
1.194704005700453653e+00 -1.465391396125181878e-02 1.077906917407317255e+00
7.465008134898559744e-01 -8.889650452711839179e-03 7.063332561210309418e-03
1.689006126354461790e+00 1.573436561419479851e+00 8.909869122241483863e-01
-1.920727430573467842e-01 -6.916917896266590038e-01 1.579502707192914190e+00
2.911772846979077123e-02 3.516955979347130001e-01 -6.406009391339920755e-01
9.087977478104153350e-01 -1.805493518621203997e-02 2.407176024094987155e-01
-1.964085628331198041e-01 3.249545189002019274e+00 -1.037323358558939423e+00
2.462633504707753829e-01 1.514871133878297194e-01 -2.776288755527884788e-01
4.822409094866726975e-01 1.655550888557629108e+00 4.434296979623499890e-01
9.689457233936780156e-01 2.720992253220534174e+00 -1.575616761733025895e+00
-8.071477060514636870e-01 -1.168663504776807915e-01 1.733693610573535882e+00
1.010346534750272918e+00 5.001311908920678118e-01 -1.048033543847415761e+00
-4.580021819619733425e-01 4.332180957084749151e-01 5.961631049378541825e-01
-4.598480349483155538e-01 1.233592883286787734e+00 7.260040820703785869e-01
1.073999502528238281e+00 -2.630522104098309555e-01 9.811796325763073590e-01
-5.771910273705440630e-01 -1.353136693384019651e+00 -1.081424569333610863e+00
1.011836102891983558e+00 5.044032114721120896e-01 9.006329132629320444e-02
1.458218140062053747e+00 -1.155065644911727196e-01 1.035842952534465899e-01
9.058060720186860149e-01 -1.440982727341757696e+00 1.267420651649798335e+00
5.006477965121169937e-02 -1.111114486017780623e+00 -1.316495181535175529e-01
2.600252704164867090e-01 -6.775074629493977874e-01 9.904398970807641867e-01
-1.789522845138364904e+00 2.246564494788280797e+00 -8.075013408901277057e-01
3.400610202183982911e-01 1.622068004153839338e-01 3.187391876488852027e+00
-7.376728195995801984e-01 -1.047836743860630637e+00 9.057516818501067934e-01
-3.608741591020042661e-01 -6.304083966324171284e-02 1.427838358243949113e+00
2.494550850559270339e-01 -6.680712443166398895e-01 1.230455831921059451e+00
-4.674596927017629633e-01 1.017164839613577954e+00 -1.478226521990693154e-01
2.772985523011832765e+00 -7.618872070249085304e-01 -5.595586203925684288e-01
1.912878059529824259e+00 1.366925953868809884e+00 -7.326119568965717699e-01
4.159189894501421625e-01 1.335172647821461833e+00 -2.169282866421196315e-03
1.069719511758201014e+00 3.538861638765369300e+00 1.826400889876826639e-01
-1.186945491946314046e+00 2.341219222929050048e+00 4.964892116408347600e-01
-4.268506396603029551e-01 4.034202256808186449e-01 1.056397531772469867e+00
2.034643101461022785e-01 -2.404327569086148753e-01 2.523353581351456265e-01
-6.761910435029332422e-01 -1.083180708091686206e+00 -1.167615571961715506e-03
1.727118556440741193e+00 -5.882194055757976603e-01 -7.773493751575766275e-01
5.584597262808801421e-01 4.576697728764196338e-01 4.550925890843249277e-01
5.740002389226799701e-02 -4.937577678325452135e-01 1.096138220142917952e+00
1.201092971986264191e+00 -3.868766721694386068e-01 5.018172547320938204e-01
-3.700394024451495456e-01 8.383778352174973136e-01 2.576690156597885029e+00
-8.773103421497685517e-02 2.661729332066017362e-01 5.280742108176442740e-01
-5.212026103912225095e-01 -2.828720565141472076e-01 2.533871713548241367e+00
3.496474566428825481e-01 -1.122078804260922436e+00 2.381840662959686661e+00
-1.947872224277318043e-01 -1.149208298432732978e+00 9.885100811067365489e-01
-3.015054896451059285e-01 2.156962893378158164e-01 5.599522870338159430e-01
1.318303351081743235e+00 -9.950927286442066144e-01 2.805945207696128318e-01
1.101027594659199860e+00 -3.904703813946592272e-01 1.153297909897955442e+00
-5.782524501939925177e-01 1.538468162628346958e-01 -1.378100884007995297e-01
1.212616232648288550e+00 -7.944805111549868570e-01 2.323733611757324014e-01
1.675571864248213583e+00 8.892609465903467125e-01 -6.415021309647088721e-01
1.901746156994715165e+00 -1.583227518955452329e-01 -1.084429228323084748e+00
2.185894918127319286e+00 6.276922106780310484e-01 -7.379559163245954512e-01
1.654863137261163741e+00 1.984009136159948561e+00 1.933248490520102170e+00
-1.241700474214012306e+00 1.010377289659759814e+00 6.924220009573048840e-01
1.282583051440903787e+00 -1.184562932945870006e+00 3.541792387451172530e-01
-1.903983194343653040e-01 -6.750867116719776462e-01 -3.745724040120126386e-01
2.843085379302250360e-01 2.516825605197219318e+00 9.649856548932108646e-01
-9.640915547123387608e-01 -1.184588836127528966e+00 4.299884354832668731e-01
-4.561672850811111513e-01 3.541397247476514298e-01 -2.747113628193814661e-01
7.643710030963811741e-01 6.921652098812561271e-02 2.257112202743285057e+00
-1.242056421505957964e+00 1.543011129107031865e+00 -6.163739821489805371e-01
2.073147204263725563e+00 2.622452993161296098e-01 -6.208976190911241755e-01
1.259151059889079161e+00 8.187007279996487696e-01 -3.105320055836026105e-01
2.106950961457447313e+00 7.728659060046341178e-01 -1.109777543863035287e+00
2.425182195895940307e+00 -6.352069170201901649e-01 9.635072435458565954e-01
1.028803206679109516e+00 2.110479273793373078e-01 -2.616447010554902031e-01
6.655297819263020775e-01 1.653468162446402934e+00 -1.475590022062609918e+00
2.866945072356497648e-01 -3.510835565151445570e-01 1.002658601421082540e+00
-3.703363868871956122e-01 -1.644699162315370167e+00 8.420840052401373788e-01
-3.334121867880264767e-01 8.268251506209401969e-01 -4.359010816828343682e-01
-9.473749937864224258e-01 -7.765000451123175162e-01 -1.483856214912775418e-01
1.317232120484699731e+00 7.157188885048213489e-01 9.010918124168094678e-01
1.559856988870555128e+00 5.852128854415209469e-01 7.380809459617110324e-01
-2.633956230628056727e-01 1.614337859881833870e+00 -8.546344939445947586e-02
5.878016517960191756e-01 9.628748584132174049e-01 2.194121929429666995e+00
6.974273190448759818e-01 -7.200924556639064500e-01 1.851118473400435116e+00
1.452585312450563659e+00 -1.255607831716933021e+00 1.192107843169483150e+00
-1.864966978056823210e+00 1.028343294921548745e+00 1.606422193847288016e+00
1.140994657776833288e+00 -1.637310663897361795e+00 3.090244514120498165e-01
7.321057762883398379e-01 -8.313638863832583104e-01 3.198747499224007251e-01
8.009075052030009134e-01 1.220604568952789126e+00 1.451570810748005202e+00
-2.171849976279868755e-02 3.044054417040306104e-01 -6.642648312403613975e-01
7.736064638400576010e-01 1.955466590850578612e+00 -9.668314270413598255e-01
1.351618420296429202e+00 3.947053622085900937e-01 5.181956299083065431e+00
5.785658837386371545e-01 1.033554108582825704e+00 1.112117199850894966e+00
1.864608686317237862e-01 -7.665409872656537837e-01 3.141533654805794828e-01
-1.409694402426577176e+00 -6.150568180113707289e-02 1.058074017195264949e+00
1.977185660720967020e+00 -1.743557463346123493e+00 5.400270461983001091e-01
1.315944242622482330e+00 -8.023282851722045583e-01 2.132977638113750241e-01
-5.835702173389542002e-01 9.758793333658819513e-01 1.472694725651182424e+00
-1.079141205893868305e+00 -5.435748736965810846e-01 -9.522909908332461981e-01
9.946337329632016777e-01 -8.516842113932110436e-02 8.453457233967777151e-01
-4.319292163422535635e-01 -6.461824822661865753e-02 2.779194474434880213e+00
-1.022911610441276764e+00 -1.542808161545268897e+00 3.958136903549450136e-01
1.068568465063121975e+00 1.028054945576160506e+00 7.351876095389933141e-01
3.655830129014234764e-01 -2.636173232844085668e-02 9.401285984451900335e-01
1.000199565968901361e+00 1.337402180575936628e+00 2.184410920724427108e+00
1.811048823970202060e+00 9.179850010186163534e-01 7.897504665498298326e-01
1.265921363137206823e+00 7.977011174927345349e-01 3.638489595420530964e-01
-2.969033665656382603e-01 1.351967920437860071e+00 1.617240895132483480e-01
1.254021374743020445e+00 3.425278943219690619e-01 1.760010815832233622e+00
-2.555643444502946338e-01 1.600256181960063362e+00 3.845859509690944811e-01
-6.431723204620538592e-01 1.394858657012767456e+00 1.957253717406091109e+00
2.639421651767894339e+00 7.912668211099812554e-01 -1.622855327677820814e+00
1.361502951948263762e+00 2.135032961442496768e-01 6.374754160774058487e-02
1.487157867204181194e+00 1.006545843249277011e-01 1.306442792897300809e+00
1.611848163837488190e+00 -1.040394131886313245e+00 6.458331041382958659e-01
6.939470149024908885e-01 -1.431274065310616628e+00 -8.646305219743533055e-02
-1.676225088424295961e+00 -4.480251196043107953e-01 -4.805509530641262628e-01
1.463784314840073542e+00 -1.314812532883966600e-01 -1.345393734764174232e+00
-8.652874104454122417e-01 1.414233327959223407e-01 -1.467941460235146600e+00
5.502721168930908568e-01 2.957426540275733262e-01 -7.640998525300420896e-01
2.549068444370776731e+00 -8.272579123543146729e-01 -1.264450781241810207e+00
9.873913372057819826e-01 -1.196503306088459589e-01 4.799713749427869658e-02
1.059334104579066071e+00 7.141472625951530429e-01 -2.010044374775270537e+00
2.876095142901666790e-01 -2.244060817199297286e+00 3.452733810750153731e-01
1.889334087507342552e+00 -1.164059424125984732e+00 -3.798406133338126378e-01
1.062546150430282887e+00 1.315987328671546663e+00 1.455663278186579035e+00
2.726517267056549620e-01 -1.006224686709050742e+00 1.454092262224414789e+00
-2.247821055746744012e-01 1.790317809660894044e-01 1.367458717312219685e+00
2.532739707766773485e-02 1.627789409974252366e-01 1.228536992514458026e+00
8.345135054056435076e-01 -4.175031674879088883e-01 9.791793450129793186e-02
-4.966401494886497625e-01 9.696946475007075517e-01 1.090994270077723760e+00
-2.042928160275693794e-01 -1.834442404939243543e-01 3.166598951192322042e-01
7.549711278585350405e-01 -1.803481511834369666e+00 -4.503608644192331201e-01
-4.648261591874657817e-01 1.941798541742998818e+00 -1.117032974957552355e-01
-2.166769339758560509e-01 1.587859400647013475e+00 9.284278814227019394e-01
-2.360507084599928751e-01 2.243183177291569130e+00 3.368976326370986540e-01
2.395206270351810662e-01 -1.025048526257159365e+00 -3.876514433977071850e-01
1.939935459687325503e+00 1.576925102272562107e+00 -1.327250534163270546e+00
2.411632230418862655e+00 3.521160703708481332e-01 -3.454392613031247450e-01
1.146309467162442974e-01 -1.880255858928971402e-01 6.849318949911995524e-01
1.279224529757912787e+00 1.396658305449256510e+00 -1.652110764350485761e+00
1.510603697215438856e+00 1.930803116904768885e-02 6.648628717525867371e-01
1.110986116872530877e-01 -1.217442076124670702e+00 -3.264136382670503322e-01
1.208915965934896253e+00 -1.999780041384064733e+00 2.151626979870950931e-02
-1.161026522491438451e-01 2.296898606476616145e-02 8.590321784422194629e-02
1.295896987006241563e+00 4.130775642169126627e-01 1.615445684995604037e+00
1.335103985094018952e+00 8.366834532094370447e-01 -5.984023892949328349e-01
1.485304461012293853e+00 9.387756995525342596e-01 -1.374316673090109076e+00
-3.156946739672192859e-01 -8.021767766065542038e-02 -1.187660595948641040e+00
9.293510833347198297e-01 -2.985374209336551510e-01 1.630641880750502981e+00
8.535400870102155535e-01 3.340118800709148128e-01 1.777649154460111180e+00
1.430719014470699380e+00 -2.834765973284128493e-01 1.727982294224071680e+00
2.745626732905909861e+00 1.710507034525851733e+00 5.759088877505178505e-01
2.047079554603373985e+00 -3.458751789949483790e-02 1.412349865584702435e+00
5.303856371859663188e-01 2.995248608650332933e+00 1.664974853417502398e-01
1.836715136010196536e+00 1.931556042054011879e+00 -3.786433530321176022e-01
-2.370053220743522093e-01 -7.158794547117326712e-02 -5.697074912903522526e-01
-1.496376972509755543e+00 7.121653466970083723e-01 -7.496494103065990400e-01
4.803073093973672658e-01 -1.390052340094208305e-01 1.565364623356834572e+00
2.381748105686334327e-01 3.080275830552577365e-01 3.980572218398843454e+00
-4.154660732231073017e-01 6.536616684923018950e-01 -1.092287660246574088e+00
2.930743618564343400e+00 -6.074337460457587268e-01 -1.945222911609016059e+00
2.812308423400184054e+00 -2.137358693854021219e-01 -1.029681339312303878e+00
-1.140743826983419140e+00 1.390158102123858930e+00 1.116523343014170111e+00
8.700034654549666513e-01 -2.536582248365989223e+00 -9.595838183160663171e-01
3.450459521999174606e-01 -6.402366071532676894e-01 1.602244346449070322e+00
-2.205597456685710889e-01 4.319705919416185758e-01 2.557691571066783798e+00
1.383784611118481500e-01 1.519698108254088353e+00 9.749751355883263804e-01
1.645809499041899882e+00 1.562934617313333163e+00 -4.933083968958282273e-01
5.172534640926143221e-03 -8.264557212536840503e-01 1.165631590892833191e+00
-2.263581007888937902e-01 3.980403025891649516e-01 1.828696972226933060e+00
7.643227147600251126e-01 -1.299792037405683720e+00 1.453442569921228111e+00
-5.186158138454921573e-01 1.165332588813076775e+00 -1.407312795419785323e-01
7.361467007815486463e-01 1.640106641041088942e+00 1.845071626997163705e-01
-6.867741533656402941e-01 1.754128556248629067e+00 -6.185252664041768211e-01
1.877205047730732490e+00 4.673099367731870513e-01 1.386182800352687483e+00
-3.425659547056705834e-01 3.712711484873673640e-01 -6.585459347076372261e-02
-8.783419279373190225e-01 4.772027911260355859e-01 7.474818621991833334e-01
4.712767645402877736e-01 3.014732393401685639e-01 1.089017545928427699e+00
7.201917139288839254e-01 6.341404009145503728e-01 6.066219273595690326e-02
-1.102416694369565686e+00 2.049032982685222715e-01 1.664693927299688569e+00
1.525056483811515762e-01 -2.922769665025493069e-01 -1.041415067691104257e+00
1.413434115053675555e+00 -9.867355441353382606e-01 2.226609416859621771e+00
9.127906082703253210e-01 3.750236813543390002e-01 5.892187182286182656e-01
-3.191105224844008603e-01 6.168045186139523572e-01 1.707125508381473589e+00
-1.248736468638076191e+00 1.520287219000765022e+00 1.352221253821305480e-01
6.515493197216208898e-01 4.784068756476975159e-01 -1.898678515915218634e+00
-1.739845843811897774e+00 -4.824997095043929707e-01 5.948987918677366427e-01
-1.142226364023847945e-01 1.815233049292041212e+00 7.786219949973278986e-02
-7.271190133728358540e-02 2.203982694100279915e-01 5.538462361952167790e-02
2.379873295902712182e-01 6.825710299863276820e-01 1.271783590910449124e+00
-6.276995469609900624e-01 1.681569893378533076e-01 -3.193172689819741006e-01
6.526607361117914285e-01 -1.272579470207093610e+00 9.152163032942444154e-01
-3.299902879442049297e-01 8.229729382426215212e-01 3.381892135440554004e+00
8.873236892098963491e-01 -1.035027045111532040e-01 -4.433330040505010228e-01
9.694075124369971874e-01 -9.803477162792071375e-01 1.139530565256017480e+00
6.706090160075203199e-01 1.421140535548801598e+00 1.136618432781966170e-02
-1.832254411214926382e+00 1.200400839280287180e+00 -6.189162121337339340e-01
6.824810739742461774e-01 1.281043633820057703e+00 7.404990853437853904e-01
1.116078410438555046e+00 -1.266125355785349127e+00 -4.732987915171060211e-01
8.331739224853266235e-01 -1.191054267408460099e-01 -1.519125030147259157e-02
1.198038064065740510e-01 2.391189791474346293e-01 1.403016550706164489e+00
3.837660848536142422e-01 2.427975584674829657e-01 3.912233528356414136e-01
-6.321817495655147612e-01 -1.327967340862264978e+00 7.173335522323679436e-01
2.171543456551896512e+00 6.138100520507214219e-03 -1.457442228224199443e+00
-1.805094467818071369e-01 1.622852345160811671e+00 1.473287229929485243e+00
1.018270994935793761e+00 -6.707738667330618298e-01 1.231126514645474623e+00
1.025798473259819543e+00 -5.238015183147075593e-01 -8.940495551392465545e-01
1.309452957466122336e-01 3.488145112657639602e-01 1.919895879753406032e+00
1.168998896907962770e+00 1.291737041555718335e+00 -1.096479767194204757e-01
1.018486354634243307e+00 -1.271128356569225071e+00 2.995550529463149037e-01
4.349445845026730373e-01 3.485085959979568604e-01 1.046093081584094087e+00
2.203842689067565530e+00 1.743334811805786089e+00 2.756823240632487737e-01
1.497767154883235197e+00 -3.313223781762003051e-01 -1.416421026252677517e+00
1.217497120238620223e+00 1.743880166520035413e-01 -1.650256557429087056e+00
5.632450047428400053e-01 -2.217885183222095546e-01 -5.886982253251200614e-01
1.053405786181025316e+00 -7.277323200830482230e-01 1.236565785486487101e+00
1.361347566694500522e+00 6.532186059543600154e-02 1.012138693242947474e+00
-1.022107892734146067e-01 -2.793174536602364144e-01 2.398275480164349549e+00
1.697124371560176093e-01 -3.783149979210000957e-01 -6.835403715082597476e-01
1.781844651471755192e+00 -1.465016939262166806e+00 -6.437370006051418292e-01
-1.641234394178728406e+00 1.221134788581990538e+00 -8.401598130836077649e-01
-2.017565680861364563e-01 1.488311270842940681e+00 2.199758284430440192e+00
6.846450970984956086e-02 -5.171562050959543910e-01 1.178575720600605559e+00
1.388757215474302864e+00 -3.899520452537157955e-01 2.493329430257478219e+00
2.317735733802439579e+00 6.995612728354138055e-01 -8.891134480956892627e-01
5.570520860373421312e-01 -2.849579711888721167e-01 1.769962684200939496e+00
1.200361203571662649e+00 -7.948906145191859673e-01 3.470326621362680719e-02
1.850197922700489439e-01 -2.827881661702309479e-01 1.330620849902158565e+00
2.409308083701116487e+00 -6.508090073108915297e-01 8.922693061467682485e-01
1.294972492784584872e-01 -3.398399032605926018e-01 -8.306650706739326928e-02
1.345063432804866288e+00 2.520984105379374896e+00 8.172218152371417688e-01
-1.405038903973208908e-01 -1.134603272637946025e+00 1.929173376050336230e+00
1.791559532407800859e+00 1.503978455656524993e+00 2.034646758611423356e-01
2.156928255950694595e+00 -1.011917153549881654e+00 1.448661455177162827e+00
3.405646844806278217e-01 2.469228103362061666e-01 1.041219876426560775e+00
-4.540132452605200042e-01 2.154878621036898867e+00 -2.801402068354078012e-01
4.580316632410521560e-01 3.927158063496144491e-01 9.292248388598750575e-01
-1.020764041473136485e+00 3.655998594580276428e-01 -6.580533449084537967e-01
1.436097963763839358e+00 2.045245680739689043e+00 4.130035378307504446e-01
1.247504053836677729e+00 3.452287730472510252e-01 -2.779503363213132183e-01
3.779267565600202272e-01 -3.519023183778534070e-01 1.206525762397808954e+00
-3.400276562457305030e-01 1.241663043266242328e+00 1.030461373820913407e-01
-2.240687064515470173e+00 9.168207423123897470e-01 -4.655742640146803279e-01
2.001071334259598267e+00 -2.807823452063202274e-01 -5.336044365680748802e-01
-3.520282068010264220e-01 1.154161636065635710e+00 1.408743517986368321e+00
-4.770807588300273183e-01 1.296134114096109569e+00 -1.783543744736882264e+00
2.293134034104421293e+00 9.049096684893420672e-01 8.017262623592942283e-01
-1.660093358029608890e+00 1.694923043519002137e-01 -4.556775580347296462e-01
1.121698212078384993e-01 -8.128955454468205222e-01 1.390556264872780279e+00
-4.877869590715894765e-01 -3.604724961669667632e-02 1.070769463723229897e+00
-1.413628075640011694e+00 8.799777051070833966e-02 1.861259352294194702e+00
-6.235159165650151492e-01 1.316909890898088742e+00 -6.951023988384830155e-02
-3.494744217791999064e-01 1.337980791132967529e+00 -1.126305308482508094e+00
-9.739164953309491501e-01 -2.917711241831413282e-01 2.771748465136069761e+00
1.933268163882516655e+00 -1.665514464306208975e+00 2.371701971412683463e+00
-1.166055162320187993e-01 4.472144245942347857e-02 1.158172874216359283e+00
5.399725492510013547e-01 1.666193678112263710e+00 -1.549037692001583366e+00
5.466052329758744888e-01 -5.007358091596457728e-01 5.260492246565813268e-01
-3.503516787643120023e-01 -2.205581547006462362e+00 8.712369838040873171e-01
-2.608466236614853662e-01 1.162403848697757036e+00 2.305473957708979782e+00
-6.140647428693468690e-02 -2.942376871477700995e-01 1.811447191457271844e+00
2.054443493895826034e+00 1.740990430060355421e-01 1.482689389082691100e+00
-1.663961495498240239e+00 -5.250726619584995536e-01 9.304475121900888102e-01
1.789436710701300060e+00 -3.262959833376226637e-01 9.969788887941511968e-01
5.554856742038919437e-01 -1.138443212022879125e+00 4.558902040665999689e-01
6.871965745630482791e-01 -6.346133313734672043e-01 7.842451438281368148e-01
7.845574663819221417e-01 1.309504700986782399e+00 1.235040344227996911e+00
4.590941606539897801e-01 4.360984678030986328e-01 1.902679198129012317e+00
2.354920696354915188e-01 -4.675566355405095242e-01 2.231881070068954642e+00
3.241151780185896891e-01 -6.235082570529975055e-01 -4.390194884944888520e-01
1.154973468247785684e+00 9.074651168947521773e-01 -5.208328670735101751e-01
-2.488377378716596089e-01 1.568243150973616995e+00 -1.316655450088928925e+00
1.588514695165767820e+00 -1.793034150662240922e+00 2.290256738823874816e+00
-5.393430915862951203e-01 8.851938237703430579e-01 1.806077070246578931e+00
-1.882996330627642267e+00 1.321696942050758050e+00 4.224199623030631678e-01
9.481723096387242866e-02 8.278354115112110945e-01 4.404866171529380203e-01
2.570148299571070716e+00 1.204804196514888570e+00 -5.326749208605386920e-01
-7.441703432516122430e-02 -5.452297387150506491e-01 -1.573334991229978497e-01
2.010577011849119966e+00 -2.620497171731106523e-01 3.521189851034936535e-01
-1.548541087198487487e+00 9.267556742962962391e-01 6.002605019741825698e-01
1.925968159255637691e-01 1.170638409498786725e+00 7.948339054785872326e-01
4.866323741460493180e-01 -1.631643355870229906e+00 7.436346481824448462e-01
8.868445624223646462e-01 -2.009924817992282120e-01 9.425616835009928973e-01
-1.381955723857291596e-01 -1.571945426020312786e-01 2.087124995860341059e+00
1.346532907726894823e+00 9.117303185020934064e-01 2.491179116593770004e+00
1.714344316212698560e+00 -2.203528349106689543e-01 -7.648487171751272573e-01
2.481704965097299154e-01 -1.178190876047312097e+00 3.490465681180542346e-01
-1.056964189795523978e-01 -5.547589459583878169e-01 -1.206201296907679632e+00
-3.012683170925082865e-01 6.169332530770371692e-01 7.254233602548874060e-01
-1.389133323489806504e-01 2.591054239970727480e+00 9.810555188591590925e-01
9.172228332728888933e-01 1.602397553541723196e+00 -1.522005255567827620e+00
1.033461022924322181e+00 -2.530496262945791219e+00 5.929638130668366536e-01
1.531937095224745082e+00 1.175887452659183374e+00 1.820672226043687392e+00
-6.016331541653300308e-01 1.224077219312275311e+00 -7.014469910742731074e-01
8.101608430759397184e-01 -1.207328333340918824e+00 2.594278512649522472e+00
-2.912877703631377990e-02 5.442530612012493885e-01 2.730758652042023726e+00
5.459584666963162025e-01 3.664733747485526827e-01 2.418195115308262311e-01
-1.731112559010181018e+00 2.153515146590820883e+00 -4.840041759008727462e-01
-3.293324897215549329e-01 1.066873928334850952e+00 1.484704462642876699e+00
-7.408369178985452219e-01 -1.920003184818287245e+00 1.532007290209905337e+00
-3.598881789203275394e-01 5.895951582694461957e-01 -6.297069765187607304e-01
-1.623568665644211206e+00 6.337272835765548340e-01 -8.522950221402133542e-01
1.373527546843029246e+00 8.973342671754468425e-01 -2.203942279589965025e+00
5.250525831937917776e-01 2.936644562005280568e-01 -3.001523690857993767e-02
-3.101856481463669546e-01 3.500593073287622259e-01 3.089454900807114601e+00
3.251756193878646561e-01 -1.285983437647222338e+00 1.074942375472445200e+00
9.580005713284703850e-01 5.249851184769781520e-01 -4.352213667535707042e-01
2.039707175574667630e-02 -1.599606153409044662e+00 7.289972329586115463e-02
5.548835614361179447e-01 -1.357494041824513165e+00 -1.354967214913093354e+00
-6.430441276973075659e-01 3.612426094332981119e-01 -8.609403032752693807e-01
-3.485739285318175673e-01 -7.899656525531368878e-01 -4.884779925089517416e-01
-1.545952912642007071e+00 -8.064130721536770519e-02 3.826473779320338497e-01
-6.274536929798214535e-01 1.714685665109290102e+00 -8.960981504873399839e-01
8.376283714352193988e-01 -4.412032088025399368e-01 1.641089941730878410e+00
6.263853722890057041e-01 9.464156533307091501e-02 -1.819020214608565444e-01
-3.999345785895384031e-01 4.797570683603777919e-01 9.686694801106471298e-01
-1.007404496791743487e+00 7.684059830593348295e-02 8.403212240772108821e-01
1.571265244045022547e+00 7.604142077342032069e-01 3.175287842050087961e-01
-1.106520365313866661e+00 2.316747760098007092e+00 -1.374233816873491998e+00
1.116747810670530416e+00 1.242819350845827620e+00 2.771210823306160087e+00
-6.890348955483309723e-01 1.255943393795954099e+00 3.126782786843125717e+00
1.572686799221259257e-01 5.718428259450081264e-01 1.838961997613930199e+00
9.904005063763647865e-01 4.479598846301955373e-01 -3.759367345512422132e-01
-1.930538914875779000e+00 2.617765809799639243e-01 -1.182596723684939510e+00
1.435147279243373042e+00 7.542411102758445063e-02 -1.471696095487113332e-01
7.280601858089288392e-01 7.430831693959532025e-01 -1.290663519698538542e+00
-1.626421842853986055e+00 -1.352485899091338206e+00 1.627288178836675536e-01
-3.514466036265462834e-01 -2.194086923673146838e+00 1.135909942589209631e+00
2.366513210246277144e-01 -4.960557063396753286e-01 9.859112675938216941e-02
1.674697144731499110e+00 1.412576807213787866e+00 -2.165201541337103741e+00
-1.204335319522785275e+00 1.479007761146691635e+00 -2.322596701876037617e+00
5.505562846835179158e-01 3.079568880811630605e-01 1.929666217712174281e-01
1.056209828956413688e+00 1.763954198311263599e-01 1.262129479607122295e+00
8.987878548363189557e-01 2.288212248249486547e-01 -1.232949670370850459e+00
-6.658392418113794342e-01 -4.668113111209939436e-01 2.184860780677981396e+00
-1.264448419536118862e-01 5.615922268488160451e-01 4.345803255110515240e-01
9.341638770277780335e-01 2.449412337973406739e-01 -7.850051923821932398e-02
1.441845588722683980e+00 7.188496705065553494e-01 1.026399557069237911e+00
-1.239307988928393778e+00 5.471451551700560190e-01 2.226484284184221174e+00
8.966578104006083239e-01 8.767194454400328851e-01 3.741302638151165066e-02
-1.623369124399158592e+00 2.597853624762934688e-01 3.364470219136243140e-02
3.454652108903265795e+00 1.420811926265424852e+00 -5.906076802601746278e-01
1.438264062980799007e+00 -1.846209392655675519e-01 -1.064046149878831615e+00
-1.369063483403620274e-01 2.287413087217506080e-01 -9.238768272405373239e-01
1.068078098053022673e+00 -4.481304285902911744e-01 1.298077554639490261e+00
5.416835020424017877e-01 2.633547615723981217e-01 2.908244656417001139e-01
2.754799204342175400e+00 1.918916370054893905e-01 1.177566123833975409e+00
2.120748357095731507e+00 -5.206403145518446740e-01 -2.012807741359053271e+00
5.894303688978859146e-01 6.509881388036247163e-01 1.573756310934913749e+00
1.663792464513863312e+00 1.296659105393695111e+00 -3.413746577800878534e-01
1.096282402784277465e+00 -9.537005013472834580e-01 1.406935063133055053e+00
-3.844739087585023057e-02 -1.784731835166533109e-01 2.303130971335394794e-01
-7.840306926309548174e-03 -1.618682323211131369e-01 -2.490452767528869849e-01
1.155818826373889774e+00 -1.663248690080481706e+00 5.076240671255917158e-01
3.519257519162253267e-01 3.533329661621599782e-01 -7.058814000316550041e-01
1.957928491557405337e+00 -1.158601866345438935e-01 4.682929637099450537e-02
5.667240483898472458e-01 2.649257890541830140e-01 4.427910765641963620e-01
1.011145367007713958e+00 1.200530878032174953e-01 5.556441864168732980e-01
8.384548517641157162e-01 2.404798762161317605e+00 1.245628594416364532e+00
2.888244712402949332e+00 -3.451905139863394312e-01 9.223532699074543650e-01
-6.716244670668110039e-01 -2.213789092325796126e+00 3.781147900264577588e-01
-1.439354589232383130e+00 -4.520731310806425096e-01 6.095780299554066639e-01
-5.669556095986757471e-01 1.016126663014060183e+00 -5.784150056067376422e-01
-5.670023962335328793e-01 -1.413575172843385686e-01 7.934034469689920099e-01
1.048423134207160823e+00 -3.594838396969313177e-01 1.504831096780513189e+00
8.178671353117190623e-01 7.038709267391667357e-01 2.409148995705102436e+00
4.124538172370185718e-01 1.650222038853837114e+00 1.713797847594562551e+00
2.438818856659139556e+00 -2.218110137281292804e+00 -7.045882473464895046e-01
1.182966849841633472e+00 1.807731337960172491e+00 -7.766548031788517159e-01
8.070001715540021658e-01 7.523877165217036644e-01 -1.989998464140989132e+00
1.828881371544232692e+00 1.440000983288281189e+00 1.322471083390575064e+00
5.849649212135527021e-01 1.237470367859876408e+00 7.820865157548452518e-02
1.392002151477905070e+00 3.519759701014240072e-01 8.169055200271828354e-02
-5.448415445054144435e-01 2.202868639604778078e+00 -1.084929229730928535e+00
8.028719771434000840e-01 -1.640322612551794457e-01 -5.339844641644230228e-01
-2.194680647144972685e+00 2.418643772965585637e+00 -5.131891095460345831e-01
3.018706210466976514e-01 3.586517401222353851e-01 1.569048239880627138e+00
-8.396356258140579287e-01 1.400651278750820516e+00 5.010194546060799947e-01
7.569640586428556528e-01 -5.162409221290351624e-01 -9.339683830663382536e-02
-1.146341136220079049e+00 2.215402484493234958e+00 1.846637077270063820e-01
1.680026916262226999e+00 -6.672241111713796968e-01 -1.063107806838425429e+00
-1.010817519860709890e+00 7.911687192144161163e-01 1.124681267849840127e+00
7.377513053964362966e-01 8.107196487068947244e-01 4.708023006079045114e-01
8.608670645769360696e-01 2.608652814822257082e-01 1.207676928834635843e+00
-7.267585942008201183e-01 1.307327542723692781e+00 5.589455972670149819e-01
9.775200296015640333e-02 8.469454365242765626e-01 -8.297592949933008111e-01
2.221509761375596970e+00 -3.227135359287857663e-01 -6.843528323335191788e-01
-6.784235753781818756e-01 -2.763149814199328258e-01 8.574643979132761107e-01
2.998725312155546829e-01 6.161833212834302298e-01 1.421858847665852466e+00
2.178650390115774438e-01 1.209724827153467963e+00 1.107111039692890708e-01
4.816958061859305529e-01 1.222598297359098307e+00 -6.390464757866588519e-01
4.356804276019460853e-01 8.697470031604638274e-01 7.954329719478195893e-01
1.131238395140792719e+00 2.196972034720896527e-01 -1.510127695355366340e-02
1.597514120665317616e+00 2.926016853392073847e-01 1.503732187821709698e-01
-1.372605759092603073e+00 -1.390775668500715767e+00 1.475911460212659509e+00
6.330342094315157819e-01 -5.251682430353818987e-01 2.266092294935524443e+00
3.083595536576503315e-01 7.980584445658187587e-01 2.533864265098448865e-01
-1.285664755037312812e+00 5.038832432336325384e-01 3.840767909971659622e-01
2.613779846996073797e-01 1.165240641874091265e+00 -2.005820475887924115e+00
1.705962918902428349e-01 8.411621429185336396e-01 -1.920844439492670475e+00
1.795090707443061984e+00 3.141143216511073644e-01 5.229273704728627514e-01
3.396392936018604924e+00 -2.299927443259735388e-02 1.272800333429558783e+00
-1.205529096171100489e+00 3.871623868668553348e-01 9.185359860178662350e-01
8.434421039840866996e-01 9.864838512310341034e-01 -9.627445059795819438e-01
-1.185631449638801627e+00 7.919418165628423489e-01 -1.919411478705711271e+00
-1.899782175937052564e-01 -4.749485154926526009e-01 -5.142951581520933679e-01
1.287888008477632296e+00 6.103941151206891957e-01 1.254304286592499817e+00
4.746469446268696268e-01 2.042549221103533708e-01 9.376001393435481335e-01
-1.011369327823661290e-01 -5.760998491742281430e-02 -2.820148792629207923e-01
-5.682821973471264831e-01 9.520502754185755645e-01 -3.357174932664405698e-01
1.914514823096474805e+00 -4.464433194558581341e-02 4.959935047796857899e-01
-1.524404647624714171e+00 1.035107886852677961e+00 1.380342888879622976e+00
1.360533405273117724e+00 4.008349356839086552e-01 2.185256153147757896e+00
-1.963628504707811973e-01 7.888698317844132502e-03 2.127010754138430215e+00
9.208112155268366461e-01 -1.583274262739263527e+00 -6.616427064538568104e-01
4.271581348156248681e-01 2.050011216928480096e+00 -7.370592046681707643e-01
3.160895423397609427e-01 1.221036720775272810e+00 2.346918021714863301e+00
-4.332562811440041628e-01 7.787405824372330976e-01 5.791608018459627472e-01
4.090179017712457510e-01 6.726571821172310228e-01 1.096073958311513774e+00
-9.064336893972249065e-01 3.102591687771684148e-01 1.235766340435962451e+00
1.065061772187888556e+00 -3.262845305170681276e-01 4.088829446401490708e-01
-5.514674996146579078e-02 -4.504119548566637432e-01 2.294371746084895136e+00
1.170203367897296287e+00 9.112251316066073414e-01 -3.976916307417682206e-01
4.263233639950132492e-01 3.334410438491794970e-01 -1.033281918980901937e+00
2.320903137567115859e+00 1.625460067197218861e-01 -4.662670039424460233e-02
5.863142498970327354e-01 -1.242232439087760598e+00 1.487373514077256598e+00
-1.074234152567328238e+00 5.112345016346363513e-01 -8.045536338184502423e-01
-3.772008505163260694e-01 -4.163346400576335427e-01 -1.921100658508129388e+00
1.247504124237791112e+00 3.481576684101134189e-01 8.057420085901995099e-02
-4.158496450301109038e-01 2.495035566060930243e-01 1.562706381458234040e+00
1.249340350222396534e+00 -1.388743204010662646e+00 2.107047909446905010e+00
-8.698196994902982482e-01 -4.325904145756646058e-01 -1.281093386075583984e+00
1.283501352584749178e+00 2.241817103100491870e+00 -2.256258601228616989e+00
1.267055412081208532e+00 -1.786730862152904609e-01 -2.700205382987784786e-01
-4.726428071858277957e-01 6.568466067813192311e-01 2.509747413580537545e-01
2.394459231675272470e-01 3.113116160113493347e+00 -1.892898059624525509e+00
2.194586914242113718e-02 1.519193883327273065e-01 -9.234958301107724921e-02
1.666603357969295152e-01 -9.147111894483435091e-01 -2.862786404779753102e+00
1.657991645316579721e+00 2.384440222667011111e-01 5.191299224190061290e-01
2.391245883354803148e+00 -1.181606050802275210e+00 1.164677578969505606e-01
2.297208781895849206e-01 -1.445777654973242177e+00 9.449190543258303432e-01
1.844838363357131694e+00 1.447836591877827095e+00 1.112653322548714296e+00
-3.573572540997568131e-02 1.891576253667651697e+00 -1.183889002746998820e+00
4.597538583242988253e-01 2.193262124110773037e+00 -5.897841820603402230e-01
-1.730227990913202341e-01 -2.520498887961451495e-01 -3.463261872643190187e-01
1.653325705621729647e+00 -4.537502095656981149e-01 -4.872026955102998214e-01
1.049932155333333172e+00 1.641987422626785875e+00 4.929097002133611127e-01
3.377053609575268456e-01 2.357962300147211643e+00 1.393734587596567875e-01
9.819588947891060016e-02 7.177814547523004851e-01 -1.728894192470677715e-01
2.139878054376764815e+00 6.825185531642624648e-02 3.816147435059609738e-01
1.064573417739080430e+00 -6.718449349041903489e-03 1.624756601452070237e+00
2.979009117166648291e-01 7.745958438094617815e-01 7.193193738815628624e-01
2.058231825451805719e+00 7.517768741503340069e-01 8.702379183044456346e-01
7.382409408560796082e-01 -2.021873231230053580e-01 -3.510841136929091721e+00
8.933670582280348604e-01 8.953940112214087144e-02 7.607103077071653008e-01
-6.121004573377420988e-01 -1.487820354257514577e+00 -9.491989190821732425e-01
2.942750385633649213e+00 -1.619056839324879427e+00 3.579257705080350349e-01
3.072898184619894391e-01 6.053636135763405118e-02 -1.627567970672276765e+00
4.051461058903369494e-01 1.847355555533096716e+00 -1.427240460578149239e+00
2.178490995761024340e+00 1.052738139773552462e+00 -6.394432589389126287e-01
1.083402385759229425e+00 1.477119644084412542e+00 1.545315420696961262e+00
-2.473906513871307222e+00 -5.680080648043097646e-01 2.393381564093955305e+00
-1.025528016481308757e+00 -3.217085352267607945e-01 1.398085440308302951e+00
6.785422535267793265e-01 2.190346589674895261e-01 1.031261190388248261e+00
7.895480119530914886e-02 -3.505065478814640284e-02 4.655016794403673552e-01
1.109739108204113256e+00 -1.855483748778965047e+00 -8.165666554120473153e-01
1.480611036727043750e+00 -6.698183416525851364e-01 1.605969597892848100e+00
-8.254827112194300653e-01 8.639805623478569174e-01 -3.926635530401414997e-01
7.284528990401857307e-01 -1.593489468643334017e-01 1.092819050235145806e+00
2.089809645094416191e-01 -9.591421144557187028e-02 1.309142898409501266e+00
-5.620571829492306826e-01 1.276264706903057267e+00 5.453593748655918283e-01
9.969141370630212329e-01 -3.959715664727156414e-01 1.626909998892843934e+00
1.107649836902376395e+00 8.921527371181658950e-01 -2.566789351253164764e-01
-5.827037099523026953e-01 7.515546928953745764e-01 4.178757137708498104e-01
1.046033600874139546e+00 4.588714610323775256e-01 7.067547679109346115e-01
1.076129608205045107e+00 -4.168108713860708692e-01 1.323071895373311158e+00
-1.893603241695495099e+00 -1.012506636410593019e+00 2.403226190080116176e+00
1.148508797460118025e+00 1.826142635076480447e+00 1.940454756141753778e+00
-8.148352629231003785e-01 5.582802520714077454e-01 1.862809063964758205e-01
1.410527491703714054e+00 1.700559319862382290e+00 6.700726450285759972e-01
9.828699982252598888e-01 2.456303800836460161e-01 -2.429479917693674329e-01
-1.726761908989780991e+00 8.428362762006241793e-02 1.027752133748368379e+00
1.233787230607855445e+00 2.021755621303958084e-01 -1.645229641808467203e-01
-7.134888956871329180e-01 -4.983290718483470716e-01 -2.659269367473379164e-01
2.050391095201203662e+00 4.425815233982962615e-01 -3.832408178142896471e-01
2.006643069477856756e+00 -7.082915663674325124e-01 5.360239987743726786e-01
6.879538799753104339e-01 2.486928186576329441e-02 -1.150748101275216539e+00
-6.813265377251683796e-01 1.562028071815510621e+00 -5.727775566914438121e-01
4.818933142028258287e-01 2.659978759304749030e+00 6.812394767839835552e-01
-5.834842475463223321e-01 1.438113262409680626e+00 -3.497588353114682302e-01
3.888680249326966765e-01 1.005195848389368152e+00 -1.524077927839199709e-01
-8.097427769887626248e-01 5.990728148049022650e-01 1.840323394935506340e-01
-4.082326436556010102e-02 7.678832159571291616e-01 7.367818146893204689e-01
4.079219725567381216e-01 -2.121344632146998865e+00 7.279254732688382745e-01
-6.684426952218976981e-01 7.071909156160827159e-01 3.886121544947152562e-01
1.021016245513325787e-01 -1.894710280496674670e+00 4.727872006329256749e-01
2.027328098379500565e-01 -4.404217751533943126e-01 1.729148562887020679e-01
7.150033633068597627e-01 -2.869064110720880856e-01 6.683602681894844355e-02
6.910822738521877895e-01 1.584304080922303015e-01 -1.902614300116881818e+00
-5.613329270215302591e-01 -4.940587112560745342e-01 8.895239471309595025e-01
-4.783148043055263088e-01 -1.191325893395869806e-01 1.250549465969967855e+00
9.608754871850017087e-02 1.651780947607062622e+00 -8.540629940972356282e-01
-5.972098167906090271e-01 8.346450965137243438e-02 -1.211964416581187282e-01
-9.072659145602627317e-01 7.595722625062955036e-01 1.319447523827562696e-01
8.731982145662541273e-01 -2.336554140178724204e+00 1.230280243825913722e+00
2.537840777356358046e+00 -1.402833617634583252e+00 -8.587010862783255316e-01
5.650428239681847264e-01 1.595332511941584264e-01 8.151755495481605163e-02
9.017318852537363760e-01 6.434811805806894824e-01 7.345880391520787089e-02
-3.605209670280939971e-01 7.907266917037942822e-01 -1.892730215806625704e+00
-5.928160223332218370e-01 2.746064941874739040e-01 1.984400225874553225e+00
-1.081403673307227198e+00 5.358561086895263781e-01 2.058720412474007500e+00
1.594258841123294079e+00 7.762717845649678150e-01 2.311952886018096898e+00
-3.282909680283577214e-01 1.976363465659556118e+00 -8.221969660514872880e-01
-3.003709138679839987e-04 2.331881235039487965e-01 1.505342256216644303e+00
9.290257751621797677e-01 3.114778904945493809e-01 2.587429802549445212e-01
1.538167077231892832e-01 -1.205295226834246503e+00 1.710125104196286827e+00
9.621483478239765130e-01 -5.244302072528403968e-01 -2.166241023736244220e-01
-1.654885059661217683e+00 -4.543604202203522791e-01 5.882584432935293872e-01
2.057474002884474018e-02 1.709256865051308694e+00 -1.587808997575283765e-01
5.135032044549785457e-01 6.658265099419873045e-02 -1.606919263618054039e+00
1.089259761190446429e+00 3.840763845540965393e-01 -2.019190413830166952e-01
5.314146788458849746e-02 1.230596896394980044e+00 -2.411074676522178550e-01
-1.565556296258470370e+00 -1.716961733959448733e+00 -4.569838293722039424e-01
1.245744496107618338e-01 -1.626712736723516572e+00 1.909021913236807588e+00
1.301406960566229509e+00 3.658556389718337631e-01 2.190928269620866509e-01
8.671153474909572001e-01 -2.833565347163682357e-01 -8.153875251513074129e-01
5.025988180653866849e-02 1.093375631154826388e+00 1.934686855245101589e-01
-5.560235811033313880e-01 2.343517232641639803e-01 -1.498150545698022319e-03
1.059168849229401133e+00 -1.444164025341037882e-01 -1.193356407317330170e+00
-5.911021988164757435e-01 3.396483601690747922e-01 6.687504049392671845e-01
-3.102437647056854875e-01 -7.779577029966195933e-01 1.716582291046724607e-01
1.457163644465413466e-01 3.320432964672680676e+00 6.624398107971354310e-01
2.866375483083436482e-01 7.983467042511893652e-01 5.551207177443733265e-01
1.178699639136211230e+00 4.780887317764178079e-01 6.899819333463110826e-01
-2.881979060490495459e-01 1.253186782597502713e+00 1.807716180680886797e+00
8.511904486943656645e-01 7.297015973269951328e-01 2.980013091674463155e+00
-2.142755294789214782e-01 1.866859022558132741e-01 2.888189096303488412e-01
8.984541536836866404e-01 4.518129708346217965e-01 2.386468290084262645e-01
1.722295637739092999e+00 2.546185922146441682e-01 1.570827803722616212e+00
1.012468355473662429e-01 3.236083302161372188e-01 -2.917985071998276808e-02
-3.944901685603280361e-01 7.799018366947590986e-01 2.085300376417470680e+00
2.402204182489377615e+00 2.398188494342130550e-01 1.256988911094185868e+00
7.882827976674452453e-01 1.006455315262304584e+00 -3.989080999395205884e-01
1.495524810289290185e+00 5.535166786306535691e-01 2.790187595694881839e-01
-7.121797441391504169e-01 6.167422588341822109e-01 3.179237193506359915e+00
1.265817727788635105e+00 1.109031112540986630e+00 -1.125072275398820265e+00
5.505051957695118459e-01 1.609924094415386087e+00 8.337796437029806329e-01
-5.693411960921579418e-01 -1.243165110355987757e+00 -1.391236695759496378e+00
8.774985388627306593e-01 -4.063070260581513327e-01 1.654078159957564687e+00
2.061571355992734667e+00 2.295738366860103075e-01 -8.271670742035949209e-01
-3.874655939826868734e-01 1.144079263431022842e+00 3.701310423616459566e-01
4.197998941338169088e-01 1.881436048904138847e+00 2.863285979988617336e-01
7.825288786110262684e-01 1.349776702046115107e+00 -1.133521031114018029e+00
-1.240125185806272290e+00 6.084148133020166327e-01 9.242777196583737975e-01
1.341194092065741028e+00 9.695108180142872900e-01 4.588937309242043794e-01
-5.196757514074787920e-01 -8.930316600570780139e-01 6.473190941120217090e-01
-1.272810731670044777e-02 8.630138675544345439e-01 1.117543563916612692e+00
-1.928120714427937754e+00 3.471683849934323884e-01 6.925552161417010133e-01
-1.082454964111026596e+00 1.872933112576184334e+00 3.393179280392967789e-01
1.251958160105760332e+00 1.973727002949135390e+00 -1.287476655048523044e+00
1.140748565377282392e-01 1.958465080179025986e-01 9.147806801245716990e-01
3.022549126654645868e-02 8.034197559637087371e-01 4.470940439163569868e-01
1.716877993699080784e-01 -5.605696598886791282e-01 -9.591156333483730201e-02
-1.172022967519412262e+00 1.714897325706585374e+00 -7.606431630360855900e-01
6.105410641526087812e-01 -4.415217466008414249e-02 -2.204608447429489693e-01
2.015762033234155925e+00 9.075462306567761983e-01 -1.455754096244517237e+00
-1.482287393181169755e+00 7.876662388821209504e-01 6.083367117671356628e-01
1.874928972703564067e+00 -6.704120883064203229e-02 2.278194696527022500e-01
2.143170785270246625e+00 6.842395560575498248e-02 8.636212427705632910e-01
1.329210906952626559e+00 -1.273174941603321564e+00 6.618011689972453926e-01
-7.033358090824899378e-01 1.071380191649254909e+00 -4.788989224141011469e-01
1.000506165269115399e+00 2.949746754882106803e+00 2.534856067500388943e-01
1.520834708715182781e+00 1.913569007700376634e+00 2.008475488004370479e+00
2.171868200834515539e-01 -7.171208495950485151e-01 1.695202900696452186e+00
9.983725913555716591e-01 4.682603464062569665e-01 -4.712126922424781927e-01
-1.810134789554301155e-02 1.022968265932516496e-01 1.513088531213097720e+00
1.970003656888746679e+00 -1.957996366769057250e-01 -1.237665803955297239e+00
1.475297864858616526e-01 4.399828976801326563e-01 3.231820079781633215e-01
4.473411089124770257e-01 3.465636774331573022e-01 -9.292241250328202584e-01
-1.755103115338862096e+00 8.911520758450606206e-01 -1.027442485107333159e+00
1.438133161558321049e+00 -1.928818630228112396e-01 7.718632022241525004e-01
-5.143100052128171118e-01 -4.028866289617774044e-01 1.487033437439924333e+00
1.365345135476273841e-01 -1.779743728779057798e-03 1.105708997772997693e+00
2.045863533919321853e+00 -2.831597435315095224e-01 5.407769352057257839e-01
-4.330126661048850356e-01 -3.345779886451732965e-01 2.478276732396513804e-01
2.446779744624801189e+00 9.117231045488194408e-02 -2.756481097612873965e-01
9.222819659284314797e-01 1.284570338802487333e-01 -1.374255268242468908e+00
6.991419538634456934e-03 1.450999367160574538e+00 -1.071388765445997482e-01
4.927705903658736175e-01 7.861724899255552179e-01 1.490522494859191971e+00
1.914698793485940520e+00 6.208495858040221638e-01 -6.353729999109798410e-01
-6.470351566432255286e-01 1.049381771884560166e+00 -3.456391467993449873e-02
6.039662767777227437e-01 -2.200476822274444633e+00 3.151047043457320562e+00
1.684019434226023682e-01 1.471060899232402797e+00 -5.109742208454790546e-01
2.079906902216324127e+00 7.924973653575618782e-01 4.944174939756506015e-01
5.571197638433131871e-01 4.997853419094503424e-01 -1.658074484392204617e+00
-3.939932489863253728e-01 8.353137505004427643e-01 1.304007693144521307e-01
2.901554991513103587e+00 -1.497451837899631821e-01 1.124079420359238579e+00
-1.395964470318731276e+00 1.661179614130242843e+00 1.674080593479395196e+00
-1.173622768850380860e+00 1.356363393523512650e+00 4.817741669288619355e-01
-2.425780549944691611e-01 -9.311960454238484841e-01 2.189621435066570199e-01
2.426760618023738658e+00 -2.283466741604498196e-01 1.784811659486654545e+00
-2.653618495947925648e+00 1.226342953699713467e+00 -1.180219083826932858e+00
3.743874109119828542e-01 9.925861173727315023e-01 -2.045357898102184713e-01
2.279019901141579929e+00 8.080722862228986170e-01 1.809288824048798927e-01
-8.642350979816720846e-02 7.256163898916190291e-01 3.762794503309317418e-01
-2.519078857822141249e-01 -3.778840233045539510e-01 1.109529502734241113e+00
2.349094426271010949e+00 1.517344747049762743e+00 -1.585101169209319538e+00
1.836618279385428654e+00 -9.542521501259679795e-01 -6.786486287106658910e-01
-1.508905716482719983e+00 -1.806085694221617244e+00 1.511808157893460791e+00
-5.876650820576264644e-01 2.286767590747936119e+00 2.657782488305108437e+00
1.076683414079984580e+00 -9.474547415554744889e-01 2.409825985088253908e-01
1.049215514765689639e+00 3.040970973917958897e+00 2.884073972152249254e+00
1.078556644615418003e+00 5.402990344805763678e-01 6.739965806496670542e-01
-5.812054452829900075e-01 -4.205615836429625887e-01 -9.040226291066946196e-01
8.203870933659411779e-01 7.511685926250599721e-02 -1.062172985164475669e-01
1.611960579518266767e-01 -4.886221684501805274e-01 -3.426974734984034043e-01
1.714365026165785233e+00 -4.444751215473175532e-01 3.029247294130398283e-01
-8.518867351413218769e-02 1.857627694664234497e-01 -2.599746989544947651e-01
-1.934582876958982345e-01 1.685320628527447573e+00 2.402426402793422788e-03
2.659906507798735831e+00 7.170110886549766471e-01 -3.737903580833381034e-01
7.968791452317443014e-01 1.168677856378562474e+00 -1.876562455308223853e-01
