2.159919433293200797e+00 -1.126038733480990484e+00 -1.092437477534941470e+00
1.185322721585335026e+00 7.305122160806858389e-01 -1.157165928639798613e+00
1.950944763310726304e-01 1.460125875555615904e+00 1.140132161428541568e+00
1.596412536096138091e+00 -1.257363921465591172e+00 1.294351096524080091e+00
-5.820804882412384806e-01 1.302406848088031310e+00 1.283916342545570188e-01
-4.288578809109594436e-01 1.432384074361653159e+00 -8.316276981745327479e-01
2.033560267019123291e+00 1.668118136291016906e+00 -3.012146218376572371e-01
4.620587612542078060e-01 1.981957672176799967e+00 -2.738552515380341945e-01
1.236247888397217443e+00 9.060658459584362001e-01 -6.287908819760040791e-01
3.685828685189935783e-01 1.786430249891928668e+00 -3.627875012168033098e-01
1.582443038666723645e+00 1.178037810878520240e-02 -2.506585616861143895e-01
-1.157831359924762271e+00 1.739602097700714278e-01 7.604486523693810840e-01
-9.644192682437911779e-02 1.103757568889270013e+00 4.686427694265956068e-01
7.302153582667125775e-01 -1.817090927786652044e-01 1.429102989681833247e+00
1.287348971550794641e+00 3.661371014928181955e-01 -4.643376127708859213e-01
1.494124289170957187e-01 1.518877640598620182e+00 -1.341651552151957638e+00
1.523447021262721024e-01 1.739846609371100694e+00 -2.120028121396761112e+00
1.414407801492169048e+00 3.541040998863560496e-01 -1.526171790056403688e-01
-4.367004841330343612e-01 1.729558371060143873e+00 4.567219256895397317e-01
6.658561969866285679e-01 2.180864073681541448e+00 -1.349287728996908520e-01
1.806846189231548605e+00 -5.098479533807905861e-01 1.030561964153930310e+00
-6.230880334690519495e-01 -2.974334983912469532e+00 1.932501421951965392e-01
-2.698484504315412091e-01 7.937495169102674053e-01 -8.927798489412579197e-02
8.217606527137490957e-01 -1.083427769534099916e+00 -1.450643633022575540e-01
-7.388988016827047201e-01 1.983861614489243363e+00 -1.695046280849290099e+00
1.237464213720356865e+00 -9.314637503610190272e-01 2.099841820010395210e-02
-1.471623733443367943e+00 -9.319851064831780052e-01 1.981316075242795183e+00
-1.288564498632942534e+00 1.757970306148439465e-01 2.837913296383756112e+00
-1.562753654314519070e+00 -9.560344223484040782e-01 2.157426620567837461e-01
4.292267763617381715e-01 -1.272717984251871659e+00 2.011947586235938612e+00
1.673916303109034054e+00 7.592327333503948728e-01 -1.556600610842017174e+00
1.648899818072654178e+00 2.153957918127207272e-01 -1.199406210899061520e+00
-7.901243782334299581e-02 1.165808977820386838e+00 -5.469692896068572008e-01
1.150113370167003213e+00 6.955973879841984564e-01 1.282974150868067209e+00
1.573736223182572891e+00 1.586891194367904490e+00 6.687286202579129091e-01
1.129293178095232442e+00 1.950005021917685433e+00 -1.153696731642187556e+00
1.058990999504875186e+00 -4.996132901845060648e-01 4.608640666578469047e-01
9.394419328436304228e-01 9.380118212952344159e-01 1.884048302905568129e+00
1.319722642574022720e-01 1.068671842094939678e-01 -9.104917610407183837e-01
8.209091521815605752e-01 -7.784517167774753776e-01 3.732449743849423907e-02
-2.130715543230953801e-01 7.279878232429173313e-01 2.059485968529708888e+00
1.781672689289830913e+00 -8.360869838781621599e-01 6.353915919696965231e-01
3.743773265266270300e-01 1.463540537074297099e+00 1.004797191051282512e+00
4.531651774145484812e-01 5.499899755250425848e-01 -8.066816280965163344e-01
1.604602695070447282e-01 -7.447421878012427943e-01 -7.003255857269334861e-01
-6.570105539825302765e-01 -2.025537169246844016e+00 7.282856223961751141e-01
1.716483241256146819e+00 -1.049919239837209917e+00 -6.173572266414318888e-01
-7.706065555914926035e-01 -5.770666192693825192e-01 2.402765373299536211e+00
2.717709747084957161e+00 -1.122829514880519630e+00 3.502652118657685332e+00
1.923507371027186608e+00 -7.191856396597438861e-02 2.166382263747489711e-01
-1.160158184128500691e+00 7.512225487205681507e-01 -2.404155925743792999e+00
1.651314030191998405e+00 9.188165831111974047e-01 -1.589258040309771136e+00
1.139855160982052418e+00 1.149095487006469796e+00 -1.173569516188992939e-01
-8.180882594726550383e-02 4.040295501583386351e-01 1.876413034199957197e+00
8.082805967810963166e-01 1.217383413636474065e+00 1.063154849011251457e+00
-1.321233839748246375e+00 2.169428264677391915e+00 2.588614942811830133e+00
-1.102442540316896785e-01 5.821183788947601467e-01 -8.326520691815104680e-01
9.262338923359477727e-01 -6.451526633492382645e-02 -6.699195117185130499e-01
-1.108626457215122096e+00 2.004166888634677512e-01 1.684157650468093292e+00
2.195269296991005703e+00 -8.441098126974639904e-01 -3.182781881863022133e-01
2.837392835423421245e-01 -5.586230439341890452e-01 1.905970179882863658e+00
9.007773069281607148e-01 -3.298032927704356854e-01 4.644721960604729638e-01
1.311567534576263849e+00 -2.835514658080919848e-01 5.298766634704701328e-01
1.828386167154364694e-01 1.097718438503317184e+00 1.747840224381744800e-01
-9.516341347887659063e-01 4.960272839276674839e-01 1.258367125572601886e+00
5.454677486232285544e-01 9.261874161314412879e-01 -1.791419850323042517e+00
-5.626358801022637302e-01 5.705039636744037301e-02 3.634684262663332582e-02
-4.851100885085204428e-01 -4.621518990628857293e-01 -2.097619393938439103e-01
1.712657743555274559e+00 -2.834352176188059680e-01 4.397471161854887289e-01
-1.105635397318206925e+00 1.933776872389735280e-01 -7.851411955753994087e-01
-5.460519757597843693e-01 8.687302065077451285e-01 4.758614010732204469e-01
5.415220360894845708e-01 2.396670196591061952e+00 -6.474445053940643957e-01
8.736542621306639944e-01 -2.219689673061436164e+00 2.267519463351751252e+00
-1.077514342336615361e+00 -9.113191152821923380e-01 5.879028893128620537e-01
-1.574277807425541020e+00 2.246924927055438670e-01 2.191381788861910707e+00
-8.881727048114642642e-01 5.576326587716476935e-01 4.594497173415706404e-01
1.981904861185756817e+00 2.408459955397317942e-01 7.887537497098208172e-01
9.657831590333932903e-01 1.301430264060038589e+00 4.349033048361164999e-01
-2.943701827395907578e-01 -8.467752142709982222e-01 7.516209686840369386e-01
1.870133281469102959e+00 1.083827742881414702e+00 2.165308269236811523e+00
3.574308276760205794e-01 7.809216786299260082e-01 5.246631150861841286e-02
4.924691403524860123e-01 -2.434273407137031331e+00 2.078197756134162244e+00
4.835648598873766302e-01 4.822550936007757860e-01 -3.598916356671106320e-01
1.152793640332976821e+00 -5.619196953695336783e-01 2.712766415271039122e+00
3.798693377899325929e-01 1.479103597568101058e+00 -3.481388792783975950e-01
1.776025443834384543e+00 1.107200358897630244e+00 7.643641331888137991e-01
1.618654186400823702e+00 2.509156994938356977e+00 2.083294842158935622e-01
-2.404752635831811092e-01 7.562865064251304004e-01 -1.128667932502616544e+00
-7.448110904511417996e-01 9.734845622393073494e-02 1.989686630748749296e-01
9.676815374413958448e-01 -4.738033788341112357e-02 8.442730273398195706e-01
1.906046702748488864e+00 1.754833127709196638e+00 3.570730006346611862e-01
8.649572454480136674e-02 -7.762142211670427505e-01 -1.089489488802354078e+00
-8.808287209504700455e-01 1.604503689641755271e-01 9.477602492335862605e-01
-4.332441604050784045e-01 -5.589335758684393918e-01 -3.635977183505108012e-01
-6.410310339882866471e-01 1.783131073206772443e+00 3.197555315179245738e-01
-5.983624812846315422e-01 -1.004923951078407374e+00 1.137126170602494657e+00
4.224302802196220341e-01 2.320850527989125056e-01 -3.525221172237354428e-01
1.623797575738231469e+00 -7.201305797921425667e-01 -9.588986586066491347e-01
-4.851190400741398068e-01 -7.892158449181370106e-01 -3.198719571602977041e-01
4.972473731935897479e-01 3.378838022595503920e-01 -9.325034341521831749e-01
