9.761133010831396506e-01 2.849643292124959815e-01 2.528429247492478105e+00
3.931278183587913477e-01 2.663565588266125772e+00 -3.078055435113573046e-01
-2.459561297549055572e-03 1.079367200107274938e+00 -3.553440650014867419e-01
1.242759525446677005e+00 -4.101025118289709503e-01 4.336040680565738104e-01
4.122691112823020920e-01 2.507392387524289834e-01 2.892485671557688542e-01
2.016401985676660846e+00 1.108091941521300638e+00 -7.324763611574884870e-01
1.101604300095942346e+00 -8.044270974879472735e-01 1.266440009012426149e+00
-9.413330998927995630e-01 3.047992744386834874e-01 -1.125107621427436699e+00
-7.045392255228936085e-01 2.885988277676982072e+00 -1.138803424217808002e+00
5.053614028454639362e-01 1.585459333645778068e+00 2.265378583691133318e-01
1.531173936797842083e+00 5.985946764721773450e-01 1.021403423806261479e+00
1.712911004782494473e+00 1.859353636119734254e+00 -5.106267720195711846e-01
1.609006667563884552e+00 1.535347492310029205e+00 1.584006988312216535e+00
-2.676697900987880518e-01 -8.056479851089926036e-02 4.010993860999605976e-01
-3.959706168417572170e-01 -8.207703477244077117e-01 4.840885773564532757e-01
1.691348755049588259e+00 1.561803715953912208e-01 -8.043692201730717750e-01
-4.580748645184174461e-01 9.324107163863404324e-01 -1.288099127557167378e+00
1.594661434177626624e+00 1.874832924470598350e+00 -1.289029843980557533e-01
1.084951161835792321e+00 -1.724132458108304400e+00 1.320062529174290233e+00
-5.001353197140185891e-01 3.082835416206892165e-01 -7.312904442455188114e-01
-7.046533328868707091e-01 4.219306573308030384e-01 2.265255358755271953e+00
-1.684786720289272122e+00 -6.219962342402076544e-02 2.275191845338247809e+00
5.914476675286716167e-01 2.045171457397441106e+00 7.886754530267741092e-01
1.331413613316858591e+00 3.780820186796064047e-02 -5.345124272483183780e-01
1.467400178950418521e+00 1.096932922648103520e-01 6.557404233553716377e-01
2.665873450319266591e-01 8.549087769397917258e-01 2.668983208167129417e-01
3.079792097955612595e-01 7.404709839861668419e-01 -1.264366073512528166e+00
2.759180835572990764e-01 3.269034053128173078e-01 1.176082492371562482e+00
-4.306090862175338541e-01 2.437575894610540805e-01 1.224551086231569608e+00
2.147548363448150144e-01 -5.104141130045096730e-01 6.781458505284347904e-01
