5.886849164962768555e-01 1.716943860054016113e+00 5.601735711097717285e-01
4.091158211231231689e-01 -2.949273288249969482e-01 -4.705138802528381348e-01
-3.250839710235595703e-01 1.224024653434753418e+00 -1.332831859588623047e+00
-1.373814642429351807e-01 1.886466622352600098e+00 -1.618732929229736328e+00
1.080777525901794434e+00 1.089944481849670410e+00 5.302319526672363281e-01
-6.795260906219482422e-01 2.094171762466430664e+00 -5.952842831611633301e-01
5.608146786689758301e-01 -1.273956060409545898e+00 7.920977473258972168e-01
8.391763567924499512e-01 7.749713659286499023e-01 -8.129406571388244629e-01
3.093113303184509277e-01 1.229509353637695312e+00 -1.783530950546264648e+00
-2.709247171878814697e-01 6.168138608336448669e-02 -3.320931494235992432e-01
2.248822450637817383e-01 4.357406795024871826e-01 -8.298721164464950562e-02
-6.105834245681762695e-01 -2.387169152498245239e-01 1.155870914459228516e+00
-1.411044955253601074e+00 1.005369901657104492e+00 2.570734620094299316e-01
9.552010893821716309e-01 -2.439934313297271729e-01 -1.178828626871109009e-01
1.265027076005935669e-01 -3.247367590665817261e-02 -1.013780713081359863e+00
-1.051382184028625488e+00 3.925558030605316162e-01 2.249966859817504883e+00
1.525258779525756836e+00 6.646029353141784668e-01 5.556147694587707520e-01
5.915656685829162598e-01 9.822762012481689453e-01 1.717176437377929688e-01
-5.454581230878829956e-02 -7.735117673873901367e-01 7.357127070426940918e-01
1.303766965866088867e+00 -8.908147215843200684e-01 -2.853350639343261719e-01
2.336376309394836426e-01 5.253236293792724609e-01 9.520359635353088379e-01
4.705455005168914795e-01 1.730941087007522583e-01 1.038234233856201172e+00
1.493063420057296753e-01 -4.920669496059417725e-01 2.785204946994781494e-01
8.385679125785827637e-01 -1.302312016487121582e+00 2.421053498983383179e-01
3.910750448703765869e-01 9.476420879364013672e-01 4.461409524083137512e-03
-3.740780353546142578e-01 1.596935093402862549e-01 -1.675662994384765625e+00
-7.596441358327865601e-02 -2.535366714000701904e-01 -5.680205821990966797e-01
-7.893813848495483398e-01 -5.642971396446228027e-01 -6.242919340729713440e-02
-2.092080265283584595e-01 7.669583559036254883e-01 -3.725953102111816406e-01
4.438774585723876953e-01 -2.407253533601760864e-01 1.039024710655212402e+00
-1.891431570053100586e+00 1.753703206777572632e-01 2.357018738985061646e-02
4.187115281820297241e-02 -1.872024536132812500e+00 -1.512906312942504883e+00
-6.772785186767578125e-01 -1.357863843441009521e-01 -9.398252367973327637e-01
-3.834686577320098877e-01 -1.380414366722106934e+00 1.357807993888854980e+00
-1.773297339677810669e-01 1.452599048614501953e+00 -2.397870570421218872e-01
2.098771095275878906e+00 -1.200423955917358398e+00 -1.582597494125366211e+00
-3.115996420383453369e-01 -1.970008373260498047e+00 8.307551145553588867e-01
1.834506839513778687e-01 5.727269649505615234e-01 4.808984994888305664e-01
7.305449247360229492e-01 -6.890797019004821777e-01 -5.063334703445434570e-01
-8.076216578483581543e-01 1.315011024475097656e+00 -5.640199780464172363e-01
-7.350801825523376465e-01 2.951557934284210205e-01 -2.111130356788635254e-01
4.217216670513153076e-01 1.051329493522644043e+00 3.286734580993652344e+00
1.455844521522521973e+00 -9.155783802270889282e-02 -1.040699005126953125e+00
-2.721253335475921631e-01 -2.243233680725097656e+00 -2.969003617763519287e-01
8.558879792690277100e-02 1.068089604377746582e+00 1.145140767097473145e+00
-1.110581398010253906e+00 1.403470873832702637e+00 4.274275004863739014e-01
5.160041451454162598e-01 -8.218930959701538086e-01 -6.943590044975280762e-01
2.288778126239776611e-01 5.138676762580871582e-01 3.523750603199005127e-01
-6.490843743085861206e-02 2.687261700630187988e-01 2.274413704872131348e-01
-2.172384023666381836e+00 -1.701320558786392212e-01 9.551508724689483643e-02
