9.586936130558737501e-02 -1.752867096708776717e-01 8.714290959313036877e-01
1.015871508778821264e+00 -1.169929943262229211e+00 2.708000439501442869e-01
7.760413865500153108e-01 -3.572589810153423695e-01 -1.266010797912373365e+00
1.146406358507915668e-01 -9.199777244378307683e-01 3.661850320340817255e+00
-1.660870817430533997e+00 5.565056159434336180e-01 -4.160805533139260159e-01
4.704373062979166908e-01 2.463023057397542459e+00 6.506902943590010535e-01
-4.565434912154435754e-01 7.742145039558563369e-01 2.051248735442579366e-02
-1.487392470967801916e+00 1.756152750802423279e+00 1.424535250849520374e+00
1.504640369523589927e+00 9.035196335956940938e-01 5.374825242028504757e-01
5.162630808435193508e-01 -6.620448251919615057e-01 -1.790873186727727218e+00
6.427128159640557725e-02 3.169571532988868068e+00 1.361228177898380576e+00
1.140665403076420947e+00 1.943870920709636629e-01 7.745189564453032194e-01
-3.883731445998993004e-01 -9.907599079164303157e-01 2.009832866650130612e+00
2.820821943467872739e-01 1.001352373645868932e+00 1.403056086416700321e+00
7.403816553531878952e-01 9.031230296535106561e-01 1.007121073726186866e+00
1.593757507066119850e+00 -8.028406790777370405e-02 -2.628901756218876007e-01
5.656208165975976643e-01 1.282348384431371668e+00 1.174782122046139854e+00
3.135937718714691069e+00 -6.183604091847075823e-01 -6.949606833458242816e-01
-7.944013859668237476e-01 1.324315527902167888e-01 7.106205792491450124e-01
-6.466359765077864807e-01 3.186889787018262865e+00 -2.233261839426030182e+00
-5.677658455738997523e-01 4.877117409477548793e-01 9.326063573669378659e-01
9.590016699899217567e-02 -3.779284476901628498e+00 2.921731557395910173e-01
1.333365672570758775e+00 2.711058637824098616e-01 8.355028281064834639e-01
-5.988807691920678966e-01 -3.902993452844947808e-01 1.566127245994643591e+00
-1.255189355527980055e+00 -1.898577469997267952e+00 1.795216234130167177e+00
-3.664990000834181805e-01 5.429785164012255194e-01 3.064305990922217560e-01
6.514081834432354778e-01 9.683335821688314748e-01 7.810296928807172190e-01
7.015758878297325696e-01 2.456356207880101561e-01 1.426592891119865758e+00
1.176545836974744047e-01 1.526294643320461386e+00 2.902467571821217285e-01
-8.956552987670753918e-01 8.431554773343508113e-02 -1.233361475716843403e+00
1.989045714444178437e+00 1.099822481282597852e+00 3.832682889081021615e-01
3.306465413553796862e-01 -1.422104154483454952e+00 7.972219634756320117e-01
-1.886805247792631146e+00 2.739360566396176200e-02 5.619628329838938230e-01
2.018362775720141666e+00 -6.464242524435258597e-01 -2.141386302107790574e-01
-8.580668285450814281e-01 9.068490059775731194e-01 3.799103851726814529e+00
-6.875253170963561145e-01 -4.180308070908429485e-01 4.137325006860664289e-01
1.666997743247569552e+00 -1.410194870522309296e+00 8.741920993904602755e-01
6.717620358765138411e-01 -1.396493103182223416e+00 -1.294194585641146977e+00
2.777800855314608852e-01 1.267652955664410497e+00 7.818725404696543757e-01
-1.758866722951030470e-01 -1.551713763231692633e+00 1.521230492515686539e+00
-6.615350379359867528e-02 -1.971670852629695769e+00 1.739690310528593686e+00
-7.624603574377681880e-01 -5.587534600379597816e-01 7.831891834062078006e-01
-5.420647620092666763e-01 2.079005808658193621e-01 2.320457525658040421e+00
5.299224141956561107e-01 1.072561160903008126e+00 1.202634991802272069e+00
1.426903549940368832e+00 1.879581544291209383e+00 2.093393301906232296e-01
4.606696013113681931e-01 -6.475817386568754053e-01 8.330272316251770004e-01
-2.722653496124491923e-01 6.490588286282132913e-01 7.798586867980542570e-01
8.589372402903862058e-01 2.068046208784656059e+00 4.755709963231338766e-01
7.585516656418824777e-01 1.829505101474133699e-01 9.775891458163137315e-01
2.121753077479498373e+00 1.046111248357560336e-01 -1.582551708882116159e-01
-3.536184251402889611e-01 -1.199170972620093173e-01 8.234137959685811081e-02
-2.432059792924604391e+00 -1.988609978211003382e-01 3.439579083012550553e-01
1.318151740383058046e+00 -9.094358582412905845e-01 -1.622575366938012298e+00
2.181906035035952485e+00 1.233401612396822777e+00 1.904966123541869394e-02
1.326803170212656147e+00 1.320052703795853599e+00 3.014849341019419371e-01
1.974452999465851066e+00 -1.267689481995333489e+00 2.524981214923106343e+00
-2.906449665111847658e-01 -2.377717082624052569e+00 2.418817695639893905e+00
2.314625855876955463e+00 9.166352086507050245e-01 1.359672994903670773e+00
-4.652045255446356498e-01 -1.412727623706770963e-01 1.140230343486234421e+00
5.019566258257631697e-01 -4.083986694738319517e-02 5.242980000181137745e-01
2.475497953198606826e-01 4.411047023556271540e-01 5.390270844617844892e-01
-5.203552734383921630e-01 -5.947942538438191207e-01 8.475922760928455979e-01
8.555571111840503118e-01 -3.512097852241488072e-01 8.125058073188814456e-01
2.181330714202438514e+00 -2.674533709506833890e-01 7.845589660074874239e-01
-2.542307922867970138e-01 5.066458635239106112e-01 1.392199443230915934e-01
1.182058195430616632e+00 -6.804447865638331150e-01 1.492155788499895053e+00
1.284687989589478718e+00 1.863967398200808478e+00 5.638333530496665580e-02
2.089343961567432295e+00 -7.503447157846606652e-01 -7.534299299623408164e-01
1.214916596747561917e+00 5.087375567506234875e-01 8.907242833126609582e-01
1.342151549295365731e+00 -7.458627293321695717e-02 -3.287456349339372252e+00
1.457844484045362821e+00 1.738890881435386282e+00 2.424610961484085503e-01
1.545841408942169926e+00 6.724023441833524295e-01 -2.367982826874275859e-01
7.610520732868700788e-01 -5.963807163602247163e-01 2.580010205514047250e-01
7.358224561742749970e-01 -9.358083034286915902e-01 2.754736410871558849e-01
4.832406180234493087e-01 1.376766402476998552e+00 -1.672496418938455298e-01
-4.731206573172370630e-03 1.031010820929827876e+00 -9.627805508848756855e-01
1.304551375920715239e+00 -6.464717900195622591e-02 1.055884871987531337e+00
6.393545935212152642e-01 3.932609777151974129e-01 2.433236944026954396e-01
-3.714751892351891849e-01 -1.761446955579732687e-01 1.010561921715665168e+00
-1.925498217314347560e-01 -5.112993698879324256e-02 2.079980068568240359e+00
1.333111709746441775e+00 6.804714371422698749e-01 -8.933543675740618362e-01
-3.213989657628486540e-01 4.544675930875556880e-01 -3.576322028228257621e-01
1.677850004013693663e+00 -2.480284337012022278e-01 1.935001415771504973e+00
2.663146645713588168e+00 -1.931533473714689864e+00 1.937861860458677477e+00
8.598520166644483265e-01 -1.230665727869517806e-01 -5.695957844481269738e-01
1.399298616380521276e-01 5.857270038640391974e-01 1.834602448460695756e+00
-1.542459428942350108e+00 2.240152988768640441e+00 8.605960699559697114e-01
1.713479482957720457e-01 4.736009666466244328e-01 1.161482487341683578e+00
-2.055290260190097307e+00 -1.898705421735801036e+00 6.745994317654140371e-01
4.920844951401140976e-01 -1.185982823714762269e+00 1.124655072878584683e+00
2.073692984921518434e+00 1.519298324425193192e+00 1.192383976692669822e+00
7.676443688148384958e-02 1.046870182823206319e+00 7.319857310303790054e-02
1.108139333333332699e+00 5.291789915287840873e-02 2.426317014745307699e+00
2.001015067826460853e-02 7.532593865322071425e-01 2.968757349718999183e+00
2.600173145812499698e+00 -5.884373973117674739e-01 1.253349527411176556e+00
6.514672701689545598e-01 -1.834879535859678945e-01 1.364898252219202690e-01
-1.565786607705584865e+00 -1.473470573332277933e+00 -4.432463116851421969e-02
-9.391502962053522863e-01 -7.050200881127013375e-01 1.606345665244922394e+00
2.222024357826242191e+00 1.795502445511182765e+00 7.382511923700501022e-01
3.900066904955370312e-02 1.330880519551672858e+00 -5.085382279331157607e-01
-4.040392456346308392e-01 8.926476092888780967e-01 7.036622817961337706e-01
-9.131824532931642757e-01 3.429313699907801549e+00 7.378691757211289781e-01
-1.274638109740120262e+00 1.334386604967958689e+00 -5.930081937170597062e-01
5.037038129999771990e-02 1.963391203860728407e+00 2.165781514867688884e+00
-4.522180899857038971e-01 1.057924617489851143e-01 1.096400095402321195e+00
5.772168422928541931e-01 -8.022204507173490429e-01 -3.673254999852791358e-01
6.596451215993124340e-01 2.805728865778674752e+00 4.003392371856921983e-01
1.533195987767477786e-01 -6.640483860362589308e-01 1.994700852029172911e+00
-7.532483518520489696e-01 1.728737796200451760e+00 -1.814236280410561397e+00
4.452087805437061063e-01 1.277526381633354302e-01 8.960524752246447067e-01
-1.012642010019072059e+00 6.864616039890629740e-01 1.615098868063799875e+00
2.239934252515126900e+00 6.534374705107273140e-01 4.274079017086295784e-01
-2.493106804096126006e-01 2.329607979876976986e-01 7.945174922628019942e-01
3.340608233166190377e+00 -5.521942109658579678e-01 1.077125528037258473e+00
1.207696432054636393e+00 1.823474141414150873e-01 1.866972540880803999e+00
7.185615792219604003e-01 2.698977611610140492e+00 -1.868603059660283616e+00
6.192254869542113127e-01 1.229081072447971268e+00 -1.454696045663892656e+00
-1.553069519940822429e+00 -4.196543020170797611e-01 2.226008498879456177e+00
-3.633584605174846605e-01 -6.280694559423560808e-01 -3.898118593723463032e-01
3.436582424222803800e-01 6.743517414156011691e-01 -8.036935054056586480e-01
1.629820124804722381e+00 -1.401314185684694680e+00 -9.198417350555270211e-01
-1.316516875877892678e+00 -3.489030915832800894e-01 2.313000763589364572e-01
1.765307530898506894e+00 2.118628967279224895e+00 -1.406411989277423613e+00
1.326071799324635148e+00 3.189757782137943032e-01 -1.789750652878886461e+00
1.407013064327645058e+00 1.705551936764984511e+00 -1.671894455908501831e+00
1.137243935437818765e+00 -1.199002311430575674e+00 9.872609662242876061e-02
1.434423861772571307e+00 3.161274307842018572e-02 -1.997787258673744848e+00
1.213085891942678352e+00 -4.622455624112229433e-01 -9.611672803977360235e-01
5.920833628367425799e-02 1.518540607340560733e+00 -1.352968873250035564e-01
9.203744619572395980e-01 1.626824825904907845e-01 1.140487892043751339e+00
-1.208903533151739262e+00 4.740828263670976428e-01 2.275814834634407036e-01
-1.569619896121029479e-01 -1.203116158607673292e+00 1.842553649476783129e+00
8.801683449660713254e-01 5.091632211304975009e-02 -1.743609549335420450e+00
-1.318736140576853844e-01 -4.986364999679018251e-01 -3.132362083341188597e-01
7.989811356727857250e-01 5.702486424796161524e-01 3.298633979969355784e-02
1.211382793264311308e+00 -1.252682692265376874e+00 1.251299108746105393e+00
1.111330852238354927e+00 1.975965019056398875e+00 4.461112590104760467e-01
-5.559186608648891692e-01 4.944308415630642717e-01 8.134703587600067287e-01
1.198344004382361661e+00 6.925565004856539808e-01 1.269804165409713081e-01
-6.511066002770202754e-01 8.519154013764779210e-01 5.645448864751421159e-01
-1.292849693709578140e+00 -3.090932832915107564e-01 8.574420573088668007e-01
1.463687431704150610e+00 1.896272979525016167e+00 1.948126760472100871e+00
1.355905640930881173e+00 -4.069121737455144716e-02 2.311624424949798029e-01
-1.297837380558191311e+00 -2.973034690493836507e-01 -9.335957916244237431e-01
2.108025262120462706e+00 3.281058405118342791e-01 4.775967436878589822e-01
8.692918390634156722e-01 -5.656619436878309592e-01 -7.382609313965290965e-02
-1.165427869377875458e+00 3.667101139317132663e-01 -9.480627143560098613e-01
9.341866279118042626e-02 -4.737328865563343316e-01 -2.907262151901155445e-01
1.723730171633106822e+00 1.236027084199299075e+00 4.264745083162072015e-01
9.300229298916687926e-01 5.913401349057255674e-01 -2.213120002227327299e-01
5.666472509039571781e-01 -1.933523783217465652e-01 -1.063423313053561747e+00
4.082097863538780569e-01 -8.712286629534375659e-02 6.560163838799411007e-01
-1.525432818342456198e-01 1.740271941019649660e+00 -1.336987078107940707e+00
2.018071443707464052e+00 3.752348419398316565e-02 3.209338903375985597e-01
6.259591519486800149e-01 -2.168236900936586053e+00 1.905568788844921979e+00
9.009224407073355145e-01 -1.577105268780176983e+00 2.453224983549500138e+00
-2.498380281762555277e-01 1.744047883833230950e+00 -1.229995870519801526e+00
2.020489188083855137e+00 4.698836031268524560e-01 8.817629456356893547e-01
1.568750994340236016e+00 -1.243570538703353989e+00 -2.130920563357242781e+00
1.199370205285628987e+00 2.713480363256961958e+00 7.875483610972621173e-01
-2.633951203842144206e+00 1.913864837707734079e+00 8.802016881760559297e-01
-1.032645696602304541e+00 5.633984017835078628e-01 -2.314707726268314669e-01
1.223585460120508728e+00 1.659887185836087076e+00 -1.311450243728916887e-01
-7.033633958607067305e-01 1.091409056252114373e+00 6.438552546279869837e-01
-1.000798452652621240e+00 3.207875672702372727e-01 -9.073291728838506209e-01
3.824616417330835294e-02 1.156112041238905430e+00 1.403526929413266844e+00
1.526958341305391098e+00 -9.269867067275172623e-02 2.102767553239791809e+00
-7.038467522557646516e-01 2.669073939257233352e+00 5.266324450183301753e-01
6.382840540810683638e-01 -1.420019530480457703e+00 -5.683094848029506263e-01
2.588706056836072300e-02 -1.037274882490970107e+00 5.944038336752497376e-01
2.103878047139152940e+00 7.787501469901118023e-01 5.943046054123191091e-01
-1.397713646711049806e+00 -3.735277490231308506e-01 4.310340408511690313e-01
2.256090793723158072e-01 4.576485094893012473e-01 1.654502878548314682e+00
1.240695087145990083e+00 6.702595681392451432e-01 1.262312559437271275e+00
1.428354701440105456e+00 -1.320485812758391164e+00 2.145521339993883281e+00
1.556233847917717128e+00 -9.646211757622519256e-01 -3.305064520847166287e-01
-2.552503613962536999e+00 8.412020895429505041e-01 -5.000002809485835087e-01
5.214168208124436016e-02 7.287049215387505496e-01 8.112982969037620951e-01
-5.799307795684117695e-01 1.690850022995256996e+00 -5.127438005918045771e-01
-5.208662479354274621e-01 3.736747887184160843e-01 -1.647615988403088594e-01
2.312921440543483642e-01 4.212689619686279530e-01 -6.449845946996680679e-01
-4.454380453565319753e-01 1.065909614929218208e+00 8.377168467882040170e-01
7.526993870729459246e-01 1.331286868175337146e+00 -9.166368663893467161e-01
4.552017152245343423e-01 -1.530717745888248382e+00 1.318196657713520681e+00
-6.939590794029562582e-02 3.020354132157666793e+00 -9.654351774167222455e-01
7.677865838770020490e-01 1.037103697288423110e+00 -1.900164762187795509e+00
5.661367156041917648e-01 1.470780737405716021e+00 -6.100462561695358943e-01
-1.047390802094710915e+00 -1.196523677284978326e+00 -2.592061809564991659e-01
1.475930407738843320e+00 -1.424080671824310695e-01 -8.626342540122733382e-03
1.440891023228648704e+00 2.976605382274601364e-01 -3.693385239274229459e-01
1.553005936343343218e-01 8.056049143629362419e-01 -6.866922663464256615e-01
1.762070814707860977e+00 -1.478535776079229480e+00 8.705233811936202715e-01
-1.182557384173960058e+00 5.054106763936007107e-01 2.790463819608913099e+00
4.235291244109862241e-01 1.982162907049966671e+00 -1.073527690235717147e+00
-3.875021258480292885e-01 1.261883471432734272e-02 -5.443209685351158011e-01
1.760441435333818694e+00 -5.953323297716686113e-01 1.240412800141160288e+00
1.514714008066723627e+00 5.684418225260873259e-01 -2.341145796954964275e+00
-3.430580058431023094e-01 2.500536493804963456e-01 7.888107554629478213e-02
6.147319944360808419e-01 1.058010223958029572e+00 4.992478170582547170e-01
1.943382867513509860e+00 1.232263910009305796e+00 -1.192708066688270785e+00
1.497564788117726975e+00 1.171969959717803933e+00 1.000019127855418244e+00
1.471865523258358177e+00 -6.593913856474374890e-01 1.666877374249001287e+00
5.631335227582101588e-02 -7.285119224046668895e-01 -2.523058087820417850e-01
2.773961045730610309e+00 9.221283101246536829e-01 -2.331050100900688704e-01
3.861031308577720922e-01 1.794869382421237614e+00 -2.667225420884686282e-01
5.481653876747132337e-01 -1.008152659777489024e+00 1.084498749056721278e+00
1.255331849121807952e+00 8.529693989444663005e-02 6.178152798379883404e-01
1.334550871866242661e+00 -1.999315506356361460e+00 1.526400279187233977e+00
2.953899468208607715e+00 1.579810359314024915e+00 -1.102270127120943632e+00
1.814337176003382179e-01 -1.915620396840103767e+00 3.412469766483915423e-01
-5.406819278936634277e-01 1.693550394942955784e+00 -3.245245879092412689e-01
1.178859540275806861e+00 1.871725641709999000e+00 -1.259396430445650084e-01
-1.567961155275088059e+00 1.028977380675937248e+00 2.724046086241691533e+00
-2.723499153228800207e+00 -6.276364762458838120e-01 3.233144360525164185e-02
-1.059821514943395826e+00 -4.335423020028706942e-01 -1.679623117545820721e+00
-1.327175288973987843e+00 -8.242912285483460222e-01 1.751985915638037683e-01
3.645312282951203020e-01 1.503017232502138478e-01 -7.655184737048988941e-01
3.558194115036313887e-01 5.360926292614482946e-01 1.169154821087156515e+00
-7.285405069590220606e-01 2.502043684078197217e+00 6.803285113534528472e-01
1.133650004263609956e+00 -8.720567838986452713e-01 8.908207441212258326e-02
1.571792715026907761e+00 2.617769139957143998e-01 8.794262342020249257e-01
1.730468507981144821e+00 -2.384884729160368921e-01 8.702590005178353350e-01
3.959459181965677699e-01 -4.263925481132236350e-01 1.875486126025400324e+00
1.732962478281937779e-01 -1.994161743805031584e-01 1.075482801968934199e+00
-1.776966974706088720e-01 1.646811498432477316e+00 9.222418870193034302e-01
1.335945006837068183e+00 -9.995501669819172319e-01 1.558371007683235998e+00
6.510361202083805865e-02 3.799246680262893250e-01 1.861202955198816289e-01
1.615831418303083522e+00 -4.822127521855759102e-01 -9.997309666527278704e-01
-7.697290661171145576e-01 1.988400122522673730e+00 1.225195125906259674e+00
9.122383948581246349e-01 -9.343932131520515938e-02 1.037554760669942705e-01
-1.498246757928607176e+00 -4.796867990877117793e-01 7.824818764447070141e-01
1.460416232410776560e+00 -8.848675698528394307e-01 5.425613962078774666e-01
-1.056920168088427564e-01 2.065484075224143234e-01 -9.155655156332224154e-01
1.857096683244145785e+00 -5.151853644423041167e-01 5.094767597673639514e-01
5.836219972270939582e-01 2.138932941796302042e-03 6.367802848838580720e-01
4.024598019955203387e-01 8.234785566750945085e-01 2.375264405260075762e-01
-7.163406841842157036e-01 7.301191298302249777e-01 7.194182369675427013e-01
1.144404345042575821e+00 6.143986062512967194e-01 -2.311300711896759411e-02
-1.328221508815867979e+00 -9.196412249170157760e-03 3.211968278885463768e+00
2.459110709992246568e-01 8.051722359244183336e-01 2.104582567816978944e+00
1.523644688729575147e+00 -8.185439100879489116e-01 3.872203521966594564e-01
3.438410983290686174e-01 6.995418419964828660e-02 3.368776964352659942e-01
-1.015972260651893944e-01 -3.352955823388962392e-02 1.027449655842827436e+00
9.449727368854260456e-01 2.180057409507142607e-01 1.153475511312286539e+00
1.941590552470036979e+00 -1.226639191294854603e-01 -7.913639452105271088e-01
4.691693439119427600e-01 -1.776207915709923091e+00 -1.485476669258277926e+00
4.023342930799679307e-01 1.015804785619144335e+00 1.158395134294979700e-01
7.300684968023105625e-01 8.162687753048861738e-01 4.452236899896929584e-03
-9.491256221881591015e-01 7.813261684015097019e-01 -1.869644302127966284e-01
-1.617144480590644307e+00 1.233595109917856147e+00 1.424882950564517969e+00
5.923339460599941209e-01 6.874140169837988923e-01 -3.470556696043883282e-01
1.241065513157103339e+00 -1.959653951121109391e-02 -8.168267486859949467e-02
4.933770336848390947e-01 -3.822475372488528533e-01 6.334023519923941414e-01
5.982189454386548366e-01 2.943985034093332120e-01 2.715363611583226255e+00
2.018668178611318087e+00 -1.277957458139249436e-01 -2.433056865287285542e-01
7.989956783403474594e-01 1.266989284480577460e+00 8.856606696797425515e-01
-1.051248632043870090e+00 2.296970671037229295e+00 -2.178240203032360267e-01
-6.129675771117730765e-01 -5.111833035105550760e-01 -5.149450649900311205e-01
-2.877123798969385415e-01 -2.593574010661222826e-02 3.415244095260340229e-01
7.244300383907972263e-01 1.111767833602029576e+00 -2.432604940528514115e-01
1.495064450155465963e+00 -1.260450583972308747e-01 -8.789550730956963154e-01
3.840254237517592428e-01 3.677243097517196579e-01 9.470026649658606077e-01
3.592758653706140115e-01 -1.421979842387182336e+00 -1.004764229877736170e+00
-1.040144297956309138e+00 -1.922061203075942970e+00 -1.129157819142707631e-01
-2.617610302081809781e-01 6.813983724769183681e-01 3.187700278238043694e+00
4.105883046559830607e-01 1.621020213111318942e+00 -5.544652956650391040e-01
-8.869871733020000537e-01 8.193312458879397076e-01 -3.311711752938568676e-01
-5.094714022517223828e-01 1.700940100974168701e+00 -1.042896983238018382e+00
7.324380482671819514e-01 1.269742443116749220e-01 1.273400863807927497e-01
-1.108240818217872681e+00 4.751216528056723121e-01 -2.939275743093044957e-01
-7.915015357677294972e-02 3.017428949787135384e-01 2.136307969027464448e+00
-3.351208305425215084e-01 -1.636969881684926520e-01 8.230266401059117554e-01
-5.281517388246150801e-01 -9.277204299328821735e-01 1.273699161214241204e-01
6.773955526496340529e-02 9.020726885298846476e-01 1.572734244838772666e-01
5.067389408505020842e-01 -3.453202331061339114e-01 -7.454420411680070524e-01
1.869274039722499836e+00 -1.838289612403426476e-01 4.978181306520924054e-01
-1.100672674121425887e+00 1.487305260585547462e-01 -1.669260709869586634e-01
-1.938147461773572292e-02 -1.987052969572347338e+00 -6.811455741667578057e-01
-9.699783219665996103e-01 3.583463802136949372e+00 -3.881830253242280482e-01
-1.312402904582856966e-01 1.865095283433551854e-01 8.406105513094122017e-01
3.480137181020676040e-01 3.751347496419191740e-01 7.828278022737621411e-01
-1.329374161341892568e+00 1.728218930094138628e-02 -1.626747340728599056e+00
9.120596970727952169e-01 2.025597993808778141e-01 -1.375049704631881919e+00
5.870433730512556458e-01 -7.672067106326728725e-01 -1.627747485594960963e+00
1.861702398014248416e+00 -1.979155194596793121e+00 -2.488563354863036814e+00
-1.126016606366858408e+00 8.979200772300263145e-01 8.402665327514079463e-01
3.575638789207619683e-01 1.306480927872264886e+00 -7.549830450624640532e-01
-3.592035814784137471e-01 -2.876135383561586600e-01 2.214908714050737526e+00
9.065899346915105017e-01 1.679405592757008403e+00 2.321364679239349416e-01
1.580739724817484815e-01 9.300459870809437701e-01 3.782412882317587877e-01
2.713637002300060552e-01 8.084679947678856393e-02 4.469872527164973075e-01
1.487064067111659948e+00 -6.429547445297494335e-01 1.710964553901842988e+00
-5.092254977014006867e-01 1.576954947356768111e+00 -7.978033259757175699e-01
1.237382643448907027e+00 2.490028574404345107e+00 -4.941880497519468562e-01
-1.657274088389536937e+00 -1.450560559185177199e-02 5.843941283795327513e-01
-9.840632647209062167e-01 9.578458604139142851e-01 1.854200999291250707e+00
-6.898508103315097451e-01 -1.357410640871173246e+00 9.172168209451776466e-01
1.654755450737915856e+00 -6.300753542866338770e-03 2.613513589468783760e+00
-1.211187235642892102e-01 -1.528068378344288547e+00 9.858569721751652137e-01
8.589966365430767858e-01 8.141706807213480168e-01 8.232399894519061290e-01
-1.230695515729305356e-01 7.497030845258071396e-01 -3.148659957773726203e-01
-1.916791944590227503e+00 1.085878363358821597e+00 1.457558024062818092e+00
-2.529119515013404929e+00 1.068123314603650398e+00 -8.538256584439938290e-01
2.754723752133409587e+00 -4.965550329318317857e-01 5.539832728520488470e-01
2.383587732813509108e-01 -1.043837418814355322e+00 1.080471965938648443e-01
1.648549897077597359e+00 1.633698554283154747e-01 3.198250542901002191e-01
1.395279023829734122e+00 3.745674078943289631e-01 -1.258767120622573232e+00
1.447950260353626728e+00 1.071598388939691393e+00 1.287462885098756615e+00
2.910856050830927244e-01 -1.325775866719388851e+00 2.094310319670194431e+00
2.199802879043314119e-01 1.379279041474266165e+00 1.875327623070596417e+00
-6.892812608286315312e-02 1.309121299663497551e+00 -5.229656549596625181e-01
1.001434581638615429e+00 8.981952383411532237e-01 -1.243756653700889281e+00
-3.710852174782884871e-01 1.417064776963124384e+00 -1.423617824158150524e+00
1.349468238309816104e-01 1.309329501465774648e-01 -8.870909790369538861e-01
1.557073464697580123e+00 9.659995361896063226e-01 5.298195694935555755e-01
2.412880961294028292e+00 5.544058953852510907e-01 -1.662907865081627301e-01
-8.542535973989047460e-02 -9.860423934758409947e-01 6.992847791420341297e-01
7.709598184885765315e-01 3.717058752044212766e-01 9.942121441438849239e-01
8.934773647856075751e-01 1.782906832100662475e+00 2.012054448802359730e+00
-8.719854252601196842e-01 2.330693476498496786e+00 6.369816494056632639e-01
-1.329107630476792923e-01 -4.859715366954567989e-02 1.414152636263784624e-01
2.664316257719573366e-01 -1.411961189245401149e+00 -3.022851329485841052e-02
-4.271663285277644828e-01 -6.259363012735991161e-01 -1.002646377033806102e+00
-2.374505814777282120e-01 8.173043137344436493e-02 -1.078145790998887854e+00
-1.517508452894308579e+00 7.496778118055470452e-01 -9.572881507237966936e-01
2.023081254764964587e+00 1.655162985277445209e+00 1.125493671154907949e-01
1.795165826064972214e-01 1.747246480602182350e+00 8.051441464148655358e-01
-1.776466789060529294e-01 2.030038254777347007e+00 -5.799663223674154100e-01
1.292617790288225488e-01 -2.747165868905807051e-01 1.519894729003173905e+00
9.709260204835963304e-01 7.395013863160716516e-01 -1.671164092427060988e-01
1.209898910993391710e-02 1.914822449200759558e-01 5.360738966080587087e-01
2.751464646818868598e-01 2.225501625136099726e+00 -1.935847104837719712e+00
2.412384486189728783e+00 -3.647448089769134844e-02 -9.290896194670674735e-01
3.829370564709001501e-01 1.560477017074756168e+00 3.030327434183388916e-02
9.005437459845326842e-01 1.870401190911722134e-01 -8.400037040580576875e-01
-1.224671726053021548e+00 1.243855527083376877e+00 -1.776459994285538579e+00
-3.949431750130896757e-01 1.570992869560166483e+00 1.569272619796201695e+00
1.018328813562311197e+00 1.372011033059004959e+00 8.499210116496621614e-01
-1.641364353186455904e+00 5.470972876966250231e-01 2.829685898114689957e-01
1.771588920485481999e+00 1.233315692668412566e+00 -2.144808778081396028e+00
2.906160355925982763e+00 -4.953629683289177410e-01 -2.185897100042842878e-01
-3.993351683702877075e-01 1.063715930439906865e+00 6.299367581173997976e-01
8.778731588721596646e-01 7.232346481141068706e-01 1.362522637107183687e+00
5.159143010485102154e-01 2.443865184883854624e+00 9.865791981483249540e-01
-1.133698965924585078e+00 1.182443824862767334e+00 3.227483431162694316e-01
1.585963200292318964e+00 2.331714891039270654e+00 6.664485616299511417e-01
1.004856131246397277e+00 1.355912682067065278e+00 2.860961662049906207e-01
-2.802189792892221254e-01 2.139957146110804231e+00 -1.043371957281129969e+00
5.481637746218384066e-01 2.803409417320567587e-01 -2.696205409902055483e-01
2.723349055550448039e+00 -6.725761961681017143e-01 -1.178068653031585145e+00
-1.095034146735700542e+00 1.688950717746734220e+00 8.871369725531217387e-01
6.932545420771154543e-01 2.106578454933862865e+00 1.180434288321598801e+00
-5.936925931766433573e-01 4.548216456125585005e-01 -1.899947425107221033e+00
-7.978685048993470197e-01 -2.945133103069036973e-01 2.132388392791471965e+00
3.253915013530381817e-01 1.340121799128131563e+00 6.681392621717076041e-01
-4.478203666624605561e-01 1.247481118885890528e+00 -5.505807444811844364e-01
-1.034394486802185480e-02 6.028847337156137964e-01 -1.219594936603850988e+00
8.278836612837414677e-01 3.445330108848455586e-01 6.109892149077155166e-01
9.542302552471031429e-01 -4.096413818923976824e-01 -6.665027867342928625e-01
1.264657007603051442e+00 -8.864142996205810476e-01 9.877726399861326279e-01
1.182958122557592695e+00 -1.839682489034838220e+00 2.083479059280566037e-01
-2.386886545409869775e+00 -2.462929215627824853e+00 -5.032522041950415748e-01
1.595901677912148653e+00 7.690407179458126352e-01 1.047523502973479959e+00
-4.270649168547394625e-01 -5.001006110095226331e-01 1.223161098688975157e+00
1.119167076771879765e+00 1.444101727771942345e+00 1.951445077802028916e+00
2.892686162035157382e-01 1.200375620388159231e-01 2.478564460023311433e+00
1.152055503321700147e+00 7.759971088079204993e-01 5.160921651117921227e-01
9.793701855281090607e-01 -1.242932317536841857e+00 -1.137272709277581395e+00
1.240886700118751795e+00 -1.040996590105333075e+00 1.389549325537745128e+00
3.085290193617397647e-01 -1.104080008108112576e+00 7.342547918271105090e-01
5.570021503947801822e-01 -2.742454909715831279e-01 -6.917281763823726060e-01
1.179190699710271018e+00 1.336721181800209157e+00 1.825581965354419633e+00
2.544488340389781666e-01 8.934157590236346813e-01 1.386117930818856481e+00
1.479517080931788131e-01 -2.053377230790830177e-01 -1.850925211122024516e-02
1.898021987751361772e+00 -9.565694042914081319e-01 -1.910798168436164679e-01
-2.030925273423558330e-01 -8.567403913691461481e-01 -2.734746740216624228e-01
2.933533801124517115e-01 1.304829895834901610e+00 3.473189275943445731e-01
1.618619082683057542e+00 -2.320731062736792749e-01 -1.120033537632819431e+00
-8.903612828724474793e-02 -7.303829519711958485e-01 1.236362012572562508e+00
1.259756087167944960e+00 7.411183067289400794e-01 -3.375873380189305384e-01
3.880202497394490968e-01 1.096257431940428628e-01 -8.979036537545210805e-01
1.735477736457961662e+00 -4.735810572740128399e-01 4.815141717887591044e-01
4.373640136010914503e-01 -3.654055690694570924e-01 1.093756128372497693e+00
1.013637202190171394e+00 3.689718716788439878e-01 2.464633827284520073e+00
2.129863310525185405e+00 -6.361132059031471275e-01 1.846055269651583286e+00
-3.246495814510499400e-01 -7.655180213706571646e-01 -8.863437326177033837e-01
1.001805934316855717e+00 5.242185950379546489e-01 -1.147364107384512444e+00
-9.275317893884000853e-01 8.951348697976517776e-01 5.859217287740454694e-01
1.704289629102667458e+00 9.295354978128311796e-01 -9.969915264722710724e-01
2.518797269786181126e+00 2.580697689325331390e-01 1.341505805630178738e-01
-1.572303695781675392e+00 8.340212406609130991e-01 1.243002494473899322e+00
6.334037460871129177e-01 -6.467989806816620835e-01 -6.174782432890226769e-01
7.124364208166994450e-02 1.273634031854492754e+00 1.093000315757252761e+00
9.589125065631683986e-01 7.404763038515318474e-01 1.546692805494412459e+00
1.433565979906971322e+00 -3.626645898789430111e-01 2.564933024308623910e+00
9.175834259507312796e-01 1.442423494418354268e+00 1.853068912372380250e+00
-2.014603878886026322e+00 1.842021506502131700e-01 6.933864083477785968e-03
-2.311096222102930198e-01 1.492892084778715045e+00 1.859464745561917542e+00
-3.882455426997947212e-01 -1.246794965576480951e-01 1.752177133326930480e+00
1.126142154352658409e+00 8.637986820344315531e-01 1.687056157786044563e+00
-9.133878797101784019e-02 -4.646582519560096269e-01 -2.727685951479499882e-01
7.555788371832213857e-01 2.255183768123278920e-01 3.257551106287870368e-01
-2.918306179161553437e+00 -8.341802934997570862e-01 -2.547436996233101159e-01
-1.356752840369920499e+00 1.426072508815288575e+00 -3.339740933728271299e-01
-9.650506777168852413e-01 6.012015527689839045e-01 -6.501819661741683465e-01
2.181086976818258361e+00 1.950560715902985187e+00 -2.182644030060665319e+00
3.334264758071239787e-01 -2.771392542553899330e-01 4.248225827140461597e-03
9.989719211676836852e-02 6.144219602142302339e-01 8.490766714116977365e-01
8.400300172145572786e-01 1.469767601628248821e+00 1.577051744245373754e+00
-1.610762486082437883e+00 2.609392320291087586e+00 1.052266943790418491e-01
8.317116809676354805e-01 -2.848744989064286859e-01 9.401993448777865026e-02
-8.793572477916993257e-01 2.529689741502894607e-01 1.991523461030993314e+00
5.165091567965660602e-01 -2.746457910668283486e-01 2.850568444446122673e-01
6.777786250175724669e-01 1.930525845379160499e+00 -2.805607392757792362e-01
7.223061692011805146e-01 3.584128289698236269e-01 -9.642289023754596622e-01
6.118012799062551021e-01 7.884064650123775442e-01 -3.555726506144884502e-01
6.858792934174434697e-01 -2.629165054501036547e+00 -1.567790338548916473e+00
1.742922146316262522e-01 9.232193915726102373e-01 -1.172896367861345546e+00
2.750411871652786999e-01 -3.362708583572969756e-01 2.313981215657033630e+00
-1.185444786423768410e-01 1.136147296543464913e-01 1.480603829234282243e+00
1.393403464696240990e+00 -1.648440007659065509e+00 1.946172396944494842e+00
5.937908563128824202e-01 1.482148500450961581e+00 4.381241625484610380e-01
-1.754208396639901579e+00 2.148268885507149117e-01 -1.131262818395796010e+00
5.098419877368004505e-01 -3.786545095612366962e-01 -1.459260240024889077e+00
1.043738908453242908e+00 -1.286057060851889977e+00 -2.433066939087644709e-01
9.495792713622189796e-01 -1.312161811520621502e+00 1.766923490214642678e+00
-1.362422165006254238e+00 4.989967659406834288e-01 1.144904325186126837e+00
-3.498857352611341454e-01 1.696886240937081292e+00 9.012053490422008428e-01
1.247651498193934616e-01 -4.019738399999411294e-01 1.150089594551881644e+00
8.341508265151427182e-01 2.592925118647975147e-01 -1.067311404215080528e-01
1.185003253443147830e+00 -2.365419393200381415e-01 4.510290650835783732e-01
1.224131238675232547e+00 2.161229412122502858e+00 1.375685936304793078e+00
-4.973888832533914228e-01 -1.597778970470286719e+00 7.321933805868940937e-01
7.402337466751554018e-01 -9.646117411344427017e-01 2.285777940446765299e+00
1.045058110025053749e-01 -1.181216632449521686e+00 1.364971853839712645e+00
4.201046765021249074e-01 2.397514544522674207e+00 3.085022862299240387e-01
-3.012593840148891644e-02 8.210113890862011932e-01 1.450198259529354772e+00
3.087894193224450246e-01 1.022992724328963821e+00 -5.323540680190922414e-01
1.441159843449183686e+00 2.562519734651532932e+00 1.214568163670314949e+00
7.214844620163419764e-01 2.413790812590845825e+00 1.107726621142196138e-01
7.084053520244234514e-01 1.268280120868248151e+00 1.032801554622217788e+00
8.183291124217831891e-01 -1.651366814342473344e+00 -7.412294089779147832e-02
1.773468143241065054e+00 -2.116827723594038591e-01 1.959022693658235559e+00
1.877350870927699145e+00 1.426169491713825899e+00 -1.930362957551215786e+00
7.482774732396857420e-01 1.116998755801669629e+00 2.944118465770618198e-01
1.541440581813590116e+00 4.899677878432768252e-01 -3.672397044161282986e-01
1.291529652899040093e+00 3.535077675168825651e-01 -6.100134387345996778e-01
1.228204856495501929e+00 1.115273362602980795e-01 4.599163930455740235e-01
-1.403153561856661791e-01 1.187735160153991165e+00 1.237144025267064906e+00
-6.338905813668987976e-02 4.214963712002338658e-01 -1.754378630058279209e-01
-2.086810551774640476e-01 2.558987295992646516e+00 4.098994142043138056e-01
1.895957465899732242e+00 3.667918447408683447e-01 -4.758881753842592044e-01
1.229776426950071055e+00 3.266236759632040743e-01 -1.173512419710685123e-02
9.550089104582831778e-01 -2.259939762479560577e-01 -5.138669465875507214e-01
6.434441285537724209e-01 -3.309141391227388151e-01 1.628353385422648847e+00
7.460947926729237789e-01 -2.761867293904763931e-01 -8.204931949818466963e-02
1.288963900670109908e+00 8.662849126432885516e-01 1.480646149689498481e+00
2.823571365608368300e+00 7.252703057921695562e-01 8.078384784515012518e-01
-9.310129049292640291e-01 6.258983840190093240e-01 1.241994065497616040e+00
1.005843107610866261e+00 -5.329351115276925732e-01 1.095391149400251729e+00
-1.173993509037445815e+00 3.708976683104797667e-01 2.602156953938667527e+00
1.048598637119150911e+00 -1.475177375814678893e+00 -1.757086601616752342e+00
6.529647768121749074e-01 -1.551833053602100554e+00 2.301260371870236909e+00
2.201921486697676400e+00 7.731735200370765115e-01 -1.058507962703367111e+00
-2.695910918232280462e-01 8.763723865197835527e-01 -1.486299176107400921e+00
1.104019902799661113e+00 -1.469167083232516546e-01 1.553408725136550705e+00
7.425263310466948541e-01 -4.123455905458957571e-01 1.363399997214116866e+00
1.115673365961796559e+00 -3.174730941616461521e-01 -1.235186121814554339e+00
8.785789741830742905e-01 5.461026316395003466e-01 1.868450911651273083e+00
4.186366949650774383e-01 9.709668092623837676e-01 6.883465614569324043e-01
1.956018388858833390e+00 -1.056788849603938374e+00 -6.420835943199468820e-01
-8.081908105090670480e-01 2.114209867266001908e+00 3.965415362086434636e-01
-1.929229452366145514e+00 2.631962552659075083e+00 -7.476607352719305544e-01
-1.279925522654871139e+00 -6.762070209065780269e-01 1.433600737427890848e-01
5.726460507402283441e-03 7.505837125021490586e-01 -1.766818373810953968e+00
-6.009358320368743955e-01 1.548212620309468823e+00 -5.470247894480606554e-01
-3.048077580537675302e-02 9.111616477026791838e-02 3.299386763736357420e+00
2.439713048893351832e+00 1.024405149481577348e+00 -2.245636479443393341e-01
-3.664308053152083855e-01 -9.961188568142450572e-01 -9.535964241851302425e-02
-4.670396630071727007e-01 -2.933199263352157839e-03 1.063028190500363568e+00
-1.374302849937328208e+00 1.597923164638829663e+00 9.524724968240997347e-01
-1.807635596450643534e-01 -1.435508586537632469e+00 1.010586140526722021e+00
-5.679220797983037805e-01 -7.794370944363236964e-01 -1.444998196954351055e+00
8.563142300148298691e-01 8.938486118303938799e-01 -9.903067341980537064e-01
-9.824620503626980694e-01 1.867284312243035593e+00 -5.250662782943090745e-01
9.362283434585046971e-01 -4.576974145477492595e-01 1.105498476063710989e+00
-9.012047974613828227e-01 -1.521107305178792890e+00 2.186746273964729870e+00
-3.403518347510028352e-01 -1.270833114391055618e+00 8.659492201588729898e-01
-1.713131883590091054e-01 -1.308437756431638510e+00 2.748517570388246956e-01
1.226183975229762302e+00 -9.210704401719733980e-02 -1.374585451793896955e-02
2.318748209563081808e+00 -7.450932343964623561e-01 -3.671700716102174744e-01
6.089025422626059836e-01 1.162311472751660579e+00 3.786661524162610593e-01
2.259351717698486084e+00 -1.519503457149202763e-01 -8.365937658682068845e-01
-4.255879328447708665e-01 -8.822798424435969455e-02 -8.058884620785957686e-01
-5.069438771521963538e-01 1.224229369917143595e+00 -1.996777142553922690e-01
3.334579490697220927e-01 2.351855027964392608e+00 -1.362611776210144843e+00
-6.166050703666074995e-01 -4.676724280174875403e-01 5.754241599618107328e-01
2.671462807689014340e+00 1.560865982751006520e+00 -1.202723968710332159e+00
6.708477640923503627e-01 4.041908475782168830e-01 3.536153962880820845e-01
1.318075169434514526e+00 1.611030184378664964e+00 9.827983769454624596e-01
