-3.314529430281545341e-01 -2.261350358929413940e+00 8.639341116793723963e-01
8.058368286501628175e-01 1.584167903347727613e+00 7.735447189803039691e-01
2.074008387431028222e+00 1.260436972315608362e-01 1.171312973741276187e+00
-4.127533163880104383e-01 -5.455014479391810944e-01 -1.018868528880058744e+00
3.347870982543137419e-01 3.237298223326821045e-01 -3.557522020932341045e-01
1.868600574304611905e-01 4.821720929228234809e-01 -6.505007446621696721e-01
5.574206689887560850e-01 -1.991398801579409572e-01 1.014454870032637679e+00
-6.785586415999248500e-01 2.314673402031008909e+00 2.307911926311183137e+00
6.286691215213683348e-01 2.630540920422368978e-01 -1.286356937608319484e-01
2.882526649089103277e-01 1.089375376921042360e-01 3.081277064396631959e-01
9.714116460081232418e-01 9.222398345933312536e-01 6.994543717885590706e-01
-5.509764640198747676e-01 5.597070737977130062e-01 -2.084099733803407073e+00
-2.230858461686186178e+00 1.992709388638761681e+00 -9.359363969000344952e-02
1.423514741240400117e+00 1.892284209057668587e+00 -7.732314385056308081e-01
-1.695356131943696609e-01 -3.905735474380562788e-01 6.443025017598341675e-01
8.062669155175645752e-01 6.866622150094228161e-01 1.541091809392261813e-01
1.358942928465481703e+00 1.681707778395683306e+00 6.306005267862195840e-01
-4.196462131434008369e-01 -4.166658073256317985e-01 -4.300978801738581936e-01
1.194472960182985322e+00 5.664221064467956923e-01 2.029881213057715073e+00
2.009632416718602765e-02 -3.578821178797916835e-02 1.265385672673222883e+00
1.472601437239446920e+00 2.427635105066849874e+00 2.248154633110825529e+00
4.631505503355116127e-01 -3.867764347556912341e-01 -1.554822128973983419e+00
1.386533277334883296e+00 6.605736543926359339e-01 1.171471685062176887e-01
-1.325838976053158591e+00 1.283585443713643581e+00 -3.034178280678228590e-01
1.473917667957578281e-01 2.462147091333034832e-01 1.566210039817931055e+00
5.698662280352922993e-01 1.253731623717901922e-01 1.120015055216941224e+00
1.058858706393537519e+00 -2.235280882520837842e-01 1.535540207234842525e+00
2.069984141277925460e-01 -4.639595062746931231e-01 1.827253387624038883e+00
1.022681829514366481e+00 2.581129661653169260e-01 1.158100039634633482e+00
-1.190001877138521902e+00 -1.013137298452312152e+00 -1.191527396655510440e+00
-1.514252250226474361e+00 1.213692816440255395e+00 4.113728853337842439e-01
1.028794893083554429e+00 4.498960128428178273e-01 -9.989946293531634103e-01
8.200357411759146009e-01 1.160115170278172236e+00 -3.579938543341299427e-03
2.031829618819077643e-01 -5.155900899023592443e-02 7.855829110613218869e-02
3.833004167981942101e-01 -3.179210942388845940e-01 2.032001027424817252e+00
-2.362812299561367624e-03 -1.245497799052802224e+00 -8.592533122218873332e-02
-6.538855355855379692e-01 -4.255506138692185525e-01 3.084380929592656084e-02
-1.634024367513305445e-02 -4.873684663222137559e-01 4.603862362250943363e-01
1.251405559399177747e+00 9.729304571590710049e-01 -2.537089406096825622e-02
-1.724545613889962858e-01 7.717758938837081528e-01 -1.831741383410879109e+00
-8.904918010801905481e-01 2.276545316803410657e+00 1.975114196118866461e-01
8.969069637076710899e-01 5.145145859344673056e-01 -8.039834494786549657e-01
1.748987344580013925e+00 -7.523110871432986402e-01 -1.111714059840796631e+00
5.378687710325154026e-01 1.895589798548658944e+00 1.590072458744258732e+00
-1.037270181458687324e+00 8.454062912786505235e-01 -3.907395154207550236e-01
-1.599492071331737986e+00 1.325736335189340587e-01 1.318203030971796030e+00
-4.834475148046130100e-01 3.028528371659938712e-01 1.301586102364071351e+00
1.837800142463799302e+00 3.264042667807899867e-01 4.684047477080027777e-01
6.738049611014089724e-01 -9.441914521434126295e-02 -7.777759261245725808e-01
-1.999078301321177975e-01 -2.028192312734579672e-01 1.359319855182731018e+00
1.703414706528965927e-01 6.899980159890226616e-01 -1.291544133838564701e-01
-1.763594617452971663e-02 1.792386016835356699e+00 -8.825175619050279474e-01
2.635266934170584774e-01 -2.245877822471877838e-01 -1.411241033412588886e+00
-2.532208516433497536e+00 2.468856566992673862e+00 1.014224407936428429e+00
-2.168587383397096724e-01 7.422696519763295475e-01 -5.353037451658496787e-02
8.102121164202978898e-01 1.968880441410173210e-01 1.882321309118907049e+00
6.599384230255748163e-01 2.445351878336261109e+00 4.759729735544098173e-01
-5.552985917532350379e-01 1.076600100715895847e+00 1.349476852706334551e+00
-1.051799872842356320e+00 2.203983066715024641e+00 9.630109227459349164e-02
-5.301898005615841153e-02 -3.299302342534766175e-01 1.863803680445229149e+00
-2.677571331596098614e-01 4.880065319440637372e-01 -1.048499254279429416e-01
1.607792423123281633e+00 8.962446858990414933e-01 2.567642896979160927e-01
-5.666139675271417708e-01 2.373678294573702718e+00 1.710712500826417626e-01
1.827839412915046452e-02 2.205096038766278355e+00 5.567908709147969537e-01
-3.830880588400409348e-02 1.504480344986092621e+00 -3.029924202241913722e-01
-9.220761116459024187e-01 -1.816934209667015576e+00 2.300221455594813502e+00
1.191556808429262926e+00 -4.863976584744631460e-01 1.708016091562983008e-01
2.132431984531625968e+00 4.280057690724328040e-02 6.160378319920477574e-01
8.095496461276283640e-01 -1.557386044561094751e+00 1.778741324053031425e-01
-1.109980008826191966e+00 -8.847023097651141033e-02 1.206821996440061273e+00
2.280409995916888644e+00 5.243849845508347096e-01 2.287449980473204580e-01
9.633380844513249608e-01 -6.663462830591350416e-02 1.656271334401976603e+00
1.509780197673358471e+00 1.854019642293768255e-01 1.432259553079741066e+00
1.568372666640053925e+00 -6.704501032420049356e-01 7.627325776392209766e-01
-5.837218071679564080e-01 -1.376823501639283576e+00 -1.422566993709249328e+00
1.137605523124600504e+00 2.604834449269333163e+00 -8.352581478519572888e-01
-5.995908360172793605e-01 4.948192351518541088e-01 -1.229523686481503120e+00
8.901436579331701848e-01 2.406866135457084166e-01 -6.744400492809973224e-01
1.571342248835173594e+00 -3.370245693503892137e-01 -2.040427846635215758e-01
6.710683833097426110e-01 -3.371969941271079629e-01 -1.973941203861668270e-01
7.409311624117942419e-02 1.046461776394819632e+00 4.179675191259050737e-01
1.161054079484760582e+00 9.288982929632852992e-01 -7.537447656815511321e-01
8.385246766987131117e-01 7.033773732809160961e-01 -1.196553513234838162e+00
8.835205357653995728e-01 1.032290901988598186e+00 1.766392673510518652e+00
-8.368920874735459314e-01 3.776945236846708243e-01 2.561907767301503380e-01
5.546687698652918996e-01 1.129892580063201590e+00 2.158344819404367509e+00
7.944333760669933797e-01 2.107788565738100139e+00 7.232252237976591891e-01
-6.468408384121193677e-01 3.775353205832669978e-01 -8.936896997934470344e-01
1.477617126576685758e-01 -2.145642614699643236e+00 -1.806607978654364732e+00
2.518445460309010286e+00 -1.474673094813174989e+00 1.613278610816948566e+00
-9.087397622125581442e-01 -6.206262600523034800e-01 2.946379467300049293e-01
-2.967040168772723807e-01 1.631083588511537119e+00 9.672264864232973380e-01
6.557673083300561423e-01 -1.493470184444964932e+00 -9.689795792430726529e-01
1.084799484355129850e+00 2.311579322025378580e-01 1.442033247049671729e+00
-1.462730664671186398e+00 1.006886508294401628e+00 1.776235969693815420e-01
5.173910253867873843e-01 6.737225740823373776e-01 1.551975729885566757e+00
1.195018181026852311e+00 2.082505648323285108e+00 9.735947791388163686e-02
-1.342819610940785502e+00 1.896724246091638921e+00 1.079444746684418366e+00
1.769350579305667415e+00 -1.091683933236032411e+00 1.230137138833609090e-01
1.630354884185498676e+00 -9.309871600732785302e-01 3.840343562239785791e-01
-1.205496227557953715e+00 2.885955618223091657e-01 1.288070209536634314e+00
-1.332643500754126187e+00 9.273749430040409969e-01 1.440190671449608883e+00
4.603348438596773229e-01 1.911253922689799101e+00 -3.372706604434616562e-01
4.064233527026334114e-01 -2.230996844745201102e-01 5.063087126937437094e-02
3.101576782015005307e+00 -1.265674714902270237e+00 -1.714851428704318448e-01
-1.241137169797928097e+00 -1.521267992553606840e-01 2.077463854884468386e+00
1.755756903800511637e-01 4.167929393217436607e-01 -4.013738281543135500e-01
1.847343677927228700e-01 1.072753377002747088e+00 -5.741537038238545554e-01
-7.201108199674601806e-01 -1.579720710763861113e-01 -5.356009002870515401e-01
-1.070878132921030179e+00 -1.106964059801060496e-01 1.271742571585394721e-01
-1.626893242246920446e+00 2.431448158842096641e-01 4.469402299223717012e-01
5.468111603907540585e-01 6.703703766784681051e-01 1.140843050822876181e+00
4.143556044349906431e-01 -5.893623319263052718e-01 -7.857835297913809969e-01
-1.274955162911088902e-01 8.395345782040135596e-01 3.864009207339513807e-01
3.507219955938470357e-01 1.802782778568606581e+00 4.049922641471353502e-01
-1.335119804631116347e+00 8.832274393128017875e-01 -4.812205598398389128e-02
1.501338976075358989e-01 2.488582703234286375e-01 1.496482311221345229e+00
7.230147173128974591e-01 8.130080583137904160e-01 9.547459439608290133e-01
1.083505842954431087e+00 -4.052298464677493994e-01 4.727683438175427355e-01
5.709039299135242572e-03 -7.691857597526553791e-02 -1.336643875464333941e-01
1.753397471826290133e-01 -3.993913680880206152e-01 5.287296692791629976e-02
6.708406778678154270e-01 -7.127263264864034387e-01 2.119025077988984762e+00
-4.661983947671997086e-01 1.909220884311289668e+00 1.686546980450383537e-01
1.634443461119310603e+00 8.134081629071416852e-01 8.026788433863445427e-01
3.515688800413806492e-01 1.380028221034687474e+00 1.072081528435765874e+00
-2.189518630357958351e+00 -4.800464481100422676e-01 -2.998096488147496963e-01
7.603267665892983196e-01 4.179054618978907398e-01 -8.846727766972217744e-01
-4.870872024831138791e-01 -1.545540088688919678e+00 2.232468815453542366e+00
1.225130866217744030e+00 1.307559447078179726e+00 -1.092367514527853523e+00
-9.783209974825174404e-02 9.001471394000897241e-01 7.421719050465590550e-01
-6.219368516510489497e-01 1.839798038227677734e+00 2.356142333844756465e+00
1.048005363630345604e-01 1.804198626342611078e+00 2.637149445323422547e+00
3.751874462981709679e-01 1.600241597103679858e-01 1.580044254847528196e+00
2.540557278901164118e+00 3.222861727867259996e-01 -6.787075774496783565e-01
2.155803829856608012e+00 1.238232302975598387e+00 8.185645633451917869e-01
1.129298583540200296e+00 9.520590888170603616e-01 -3.075143664579998437e-01
4.968022152759199450e-01 7.515120122686202997e-01 1.067743695937435344e+00
3.114108006617710353e-02 -1.326327482958102655e+00 2.321826574596488779e+00
3.597916066891584386e-01 1.162208450573888746e-01 -8.019953415393971108e-01
-1.870351532846423470e-01 -1.255512119796471093e-01 1.021687928081547625e+00
-1.128997133265458030e+00 1.355409273497979017e+00 -1.065506332071011891e-01
1.037470399609772942e+00 -3.933600866843258714e-01 1.350867803632857633e+00
-1.270577045864319743e+00 1.417179482834279858e-01 1.066007276288616801e+00
6.531023199642040922e-01 1.000448184159201670e+00 1.025794855676527950e+00
7.202376676914286069e-01 -4.072874612891846380e-01 1.471031323866273555e+00
1.850440620491225818e+00 3.218904710264226532e-01 -1.226076211292163709e+00
3.024063656926835097e+00 -8.626546656862367213e-01 2.519219366782069480e-01
1.165971363047960452e+00 -4.877056811989870511e-01 2.558272266837177344e+00
-5.618906290885463672e-01 1.346724650589886219e+00 1.255938446388081609e+00
1.818938094702569952e+00 6.769502220385505975e-01 3.173482046948670754e-01
9.025671138547572969e-01 1.630626029334512950e+00 -1.066787629176395580e+00
1.533539473981404555e-02 1.846896201980011032e+00 7.703026837053611464e-01
-6.649486097543763075e-01 1.161944584374274836e+00 4.706158460372318331e-01
-1.348747440499411310e+00 3.342412366947826174e-01 1.040322218743820804e+00
1.131974814479222546e+00 1.076863962651866569e+00 3.664878258553779800e-01
1.733735698097518707e+00 -2.247838882239884040e+00 4.762810341845608031e-01
8.821512658792359796e-01 5.697196971392067821e-01 4.297621969115590357e-01
-1.468519887199725704e-01 1.116338805473658491e+00 -6.912981203286472365e-02
-2.294966397997357355e+00 3.107969483387490239e+00 -1.401473247173141146e-01
6.535137385268524612e-01 1.129933768716332221e+00 1.528281862434970773e+00
1.117494855662188424e+00 1.672367371044618967e+00 1.501031198894849483e+00
2.897132301650020558e+00 -2.114635027951555502e-01 -1.126848203171100682e+00
7.096061671621177736e-01 1.139776743445866103e+00 -1.499898592947396914e+00
5.007907981305717016e-01 -3.605278072004056145e-01 -8.569112608119579255e-02
1.018283655430853862e-01 9.138511692823753085e-01 -6.146175269104377920e-02
-6.124973863855097678e-01 -3.267784967131517337e-01 8.288023074384239797e-01
7.180377520851831674e-01 2.106817292472980885e+00 -7.060165472931220210e-01
2.028830396963505756e+00 -2.290731682550090353e-01 9.824835975991499382e-01
-1.611996627422840556e+00 -1.301103291191496147e+00 1.598844626805044911e-01
1.972976852661580294e+00 8.324041856563084707e-01 -1.722248409453055462e-01
1.296523469715862742e+00 1.031931935626724917e+00 -7.320187206046930850e-01
1.484070150790855580e+00 1.073025796608636728e+00 -1.546583678802865736e+00
1.090554913648926316e+00 2.320528059445266411e+00 5.003577878955745017e-02
2.806498165765343167e-01 8.986498684200935338e-01 -1.380197314570367872e+00
7.465957974173551559e-01 -3.273378411132118471e-01 5.928580781653194354e-01
-1.305208788644907525e+00 1.535115403613392049e+00 2.614390069264274530e+00
-8.437745883033802574e-01 -5.309284534227785013e-01 2.185665242954216048e+00
-6.251206253339141039e-01 3.952616776635857199e-01 1.048204561792932310e+00
1.341816137044191448e+00 3.761139511307762806e-01 -6.581882408962065334e-01
7.823312350958008254e-01 2.182268429818174371e-01 -1.259638204511137061e-01
-2.803653867232736713e-02 -2.144150363676911031e+00 1.548989001954759637e+00
1.307583637141009225e+00 -1.676078881472688575e+00 1.789985024927760460e+00
3.313309846068435705e-01 -4.414799254971115694e-01 6.807145002266555833e-01
-6.813882978570603433e-01 -3.531371811522782678e-01 1.930048377241243784e+00
4.435122881987320631e-01 4.715532670237359003e-01 -4.937372208880401736e-01
7.246222224266299916e-01 -2.625794305933619177e-01 2.181743971233216062e+00
-1.024136482781916602e+00 1.301086176690176899e+00 -8.992643966504549891e-01
7.787080216576987013e-01 6.686786194249556559e-01 1.682217875893909920e+00
2.175278361669970018e-01 -6.471459146020600572e-01 2.157297090390059013e-01
-8.018042582564380849e-01 -8.911097617914742752e-01 1.666911981314257662e+00
9.404332073568373584e-02 1.309964883962996929e+00 -3.299795824128057831e-01
6.631817573089917595e-01 1.794808342996250805e-01 -1.391068739964365530e+00
4.489267538435360444e-03 8.398077774599428391e-01 -9.117719851570904588e-01
9.292863569671279411e-02 -6.114227119289944445e-01 1.289218706095314193e+00
1.225141824299933901e+00 -1.091358227745320708e-01 1.793826424084233206e+00
-1.238580615228394466e+00 3.111640344007967074e-01 -3.089144946547084380e-01
7.158216115828328618e-01 1.352885229162803959e+00 1.948115394443225290e-01
1.597725928643608073e+00 8.273714100134553773e-01 9.646554743378741303e-01
7.227857809804616451e-03 4.857675769808966759e-01 -3.333384903091774487e-01
3.397768451265559819e-01 7.919750608177340834e-02 1.429891800943390301e-01
-1.055041802613492674e+00 1.895073094949300874e+00 6.588084499036273023e-01
-1.096484228615229206e+00 2.448783922053116680e+00 5.238785910365506560e-01
-2.499438304915745368e-01 1.229461323229400938e+00 -3.359971357482338661e-02
-4.716715359400435736e-01 2.225371320913255846e-01 2.380316766896866554e+00
-4.763753118744888382e-01 3.789791223495551087e-01 -1.191130270284624482e+00
1.360272470649246834e+00 3.584068790202777355e-01 -9.449749328072994115e-02
-3.862049805761219590e-01 2.056652715746637217e+00 2.277342090738892821e+00
-3.012400573396088466e-01 6.085879417519890477e-02 1.765674888879832150e+00
-5.452272697660670575e-01 -1.124001603953542539e+00 2.906375325311091995e+00
1.842374308320493315e+00 2.181821528000519983e+00 -3.073804319729435686e-01
1.016234685359038714e-01 -1.394922094929106626e-01 -9.650346119112284127e-01
1.187681998253828031e+00 1.067784184799020597e+00 2.116013931030872319e-01
5.124550925020958658e-01 -3.401877300663269099e-01 2.257621280841304312e+00
-1.104077826950432772e+00 2.562792562485822212e-01 2.582593185042505457e-01
5.332275299457192030e-01 1.622877385297639252e+00 1.300024309487869845e+00
-3.404544409655625020e-02 -1.157662629909074870e+00 -4.835902538727330224e-01
-2.761063474210168067e-01 1.715373885072430271e+00 -2.510950560151535282e-01
-1.054355344590691246e+00 1.026777945258378288e+00 -8.604834335207411922e-01
5.882367635104180925e-01 1.494913303764577206e+00 -8.404621812321604046e-02
2.668274812181214095e+00 1.866430769992826422e+00 7.296515176242406309e-01
7.934903902227459227e-01 7.070055321880852617e-01 7.392427813019056271e-02
7.455224397448103613e-01 -2.411935889951057066e-01 2.482824124933107335e+00
1.870557152581963922e-01 1.860345377858526605e+00 -3.818749349952981209e-01
-1.907303345488120527e-02 -1.458129939047846380e+00 1.669499016202542707e+00
-9.428884758925529797e-01 -1.302424151934764129e+00 7.576789953777476327e-01
-3.437196149421183899e-01 -1.536224478722540976e-01 -2.745462748661742225e-02
-2.201463825541609964e-01 5.943474460201134679e-01 2.094095530673072414e+00
2.368383529890272676e+00 -6.084258922860292795e-01 -3.037620601677498700e-01
4.504126280476195565e-01 -5.989054843036314413e-01 1.360055941714390926e+00
-2.628632057383913367e-01 2.274312283455949046e+00 1.582612518637495302e+00
-1.534014595316850471e+00 9.611594088719228601e-01 -7.901354532677068443e-01
-7.380980969800221558e-02 5.920027394237870749e-02 -6.001614876817825683e-01
1.317814682704431251e+00 1.209497645914278108e+00 2.006006090329522928e-01
-4.323897293304429512e-01 1.514266997023618222e+00 1.094941408912725844e+00
-8.862745969212757480e-01 2.024132630482787520e-01 8.458145778958928718e-01
1.986187570496732890e+00 -4.447846142233030098e-01 1.756949484149351814e+00
-4.793750772886351541e-03 -7.311662822027873432e-01 -8.650461568509366650e-01
-9.477716251346539611e-01 1.854328145877415013e+00 -1.874710524338911277e+00
6.906642297776536266e-01 -4.235216993070647362e-01 -1.211205868904553951e+00
2.049376049787931198e+00 -5.769081720563867810e-01 2.288752383954516745e+00
-3.694303265977108008e-01 -1.028651576641486987e+00 -1.432022615123220615e-03
6.810957140497801987e-01 1.345275325156454649e+00 -1.765696965102635518e+00
-9.204864657257679772e-01 -5.285188537858015456e-01 1.156117147432822012e+00
-5.840978126103245627e-01 -8.079944079484682184e-01 1.816919460029593036e+00
-6.354771646547273667e-01 1.006694860339372388e+00 1.847448947529764851e+00
1.454495537761373747e+00 1.006580160318077510e+00 -1.405060379290378414e+00
9.362598304589848652e-01 1.487299127827295786e+00 5.590192049880930991e-01
-1.478627854386504570e+00 -6.710911375764243569e-01 1.982091165815758727e+00
2.887885536741024439e-01 4.205159959408399928e-03 -4.120021621291176661e-01
-9.373712341502380418e-01 7.652180150673869585e-01 4.282134984009607348e-01
-1.633019109290897719e-01 -2.665227063643569316e-01 -1.440866039687200395e+00
3.253872491794972954e-01 1.182951587436581686e+00 9.078592166467318592e-01
9.428915259684202965e-01 -8.455876084382769609e-01 -1.584938893326647280e-01
-4.085471516279499671e-01 -1.245815722337684450e+00 -5.869135212856466666e-01
1.045076686698869883e+00 1.201046250034290663e+00 2.020563549908049872e+00
-7.546875091623065357e-01 3.151402146833846563e-01 1.299006703451736522e+00
-6.856136339906045984e-01 -6.645981437861225860e-01 -1.643320436968560838e-01
3.244479929167132237e+00 1.912586227713276577e-01 1.731238682983552213e+00
1.500517217790186653e+00 4.296742420351657987e-01 6.907306336493567178e-01
1.415907140637521433e+00 7.239307323387368376e-01 1.104017700504974053e+00
1.933593058299115652e-01 -4.465698280539798781e-01 2.247935161844657678e-02
6.269015657792917362e-02 1.117085758831849907e+00 1.813604894611655638e+00
1.752179777673489758e+00 2.386679026720155972e-01 1.463929819786349285e-01
-3.959927359819139236e-01 1.429669901136892962e+00 3.054543587215961864e+00
1.931972282841537769e+00 -6.803734710308348976e-01 7.923414391565567483e-01
2.189249285716294569e-01 2.117572945490388214e+00 -1.201851659071298872e+00
1.149954863792979731e+00 7.142668417053692487e-01 -2.372249402113926209e-01
-1.648783452680079309e-01 1.633608456864578784e+00 -1.846177349853002969e+00
-9.365345104953280986e-01 -2.300263091278842875e+00 5.438027905444796639e-01
9.515377599867904657e-01 2.530888942827484445e-01 -6.174646813510853427e-01
-6.827430836752782506e-01 6.594135706816424136e-01 1.487797551804082019e-01
-1.338427459305410405e+00 -3.711542157818884524e-01 9.106964167783593300e-01
1.558437904565008303e+00 -2.541869270482434828e+00 1.194427929463812932e+00
2.152158400258330051e+00 -1.631381627236230702e+00 1.323363012897109448e+00
1.117664899018671498e+00 5.459907899791927033e-01 7.791886391444314830e-01
-6.157983792171120019e-01 1.356404774260013824e-01 -7.513847998010576568e-01
-6.794658891651985666e-01 2.514202847212728464e+00 -1.284797220477234658e+00
1.434132453916659333e+00 -1.799396882141720777e+00 1.136764928167550009e-01
1.401572975472430871e+00 -1.363392133416434504e+00 2.320801714503932356e+00
1.617290243100413694e+00 -3.219540414588080157e-01 1.615443632717082467e+00
8.381631905978862429e-01 1.603668868043582219e+00 1.152797401296310253e+00
1.851166020241635346e+00 2.528792296669369888e-01 7.869619129873312025e-01
-1.165317153890583324e+00 2.800037878266351754e+00 -2.838089295261367329e-01
-4.483254573039270885e-01 3.489341551517461948e-01 9.994699665332015259e-01
2.509152232049530196e-01 8.244425483689868939e-01 5.251336700534194879e-01
-1.002564350047262742e+00 1.626103021678523941e+00 -1.643310787422056274e+00
9.238709314668210881e-01 -6.158527251399104063e-01 -1.456397040586752789e+00
1.230484333543340414e+00 -8.473992120476994683e-02 -1.156574138127624413e-02
-1.078127629805879284e+00 1.080443675492761324e+00 4.505684920468387422e-01
8.156904650372688304e-01 -1.035622915490159057e+00 1.200762056813765133e+00
9.830535366860873037e-01 3.164585893824970464e-01 4.542261315679640976e-01
-1.390839470989088333e+00 -6.186520083317847973e-01 1.419401862398852021e+00
-7.315470047592647074e-01 7.908718967132820354e-02 2.003601037857201117e-01
-6.701108619606804817e-01 -2.427636879010757198e-01 1.075463935338281329e+00
-8.534538093346994980e-01 1.424488546042944837e+00 -1.264329185874528028e+00
1.236460060773023617e+00 -1.502368013775323252e+00 -2.135133992486013266e-01
-6.490993762188382865e-01 3.091221737490099652e+00 2.425739865394599182e+00
1.163328037476322407e+00 -2.256202167243545276e+00 -2.198865795094385733e-01
1.516267847538344871e+00 -1.367056944720787648e+00 7.459722526837171408e-01
1.755135699628832535e-01 6.689363282160223356e-01 -8.296324112427559960e-01
-1.938344610514186606e-02 -5.018601851860990393e-02 -9.631773635411505774e-01
3.208149484646594107e+00 1.185233246476270041e+00 3.668554184485614544e-01
-4.749541462745625608e-01 2.998702767102139899e-01 -1.236792150029576709e-01
-4.025996767819539635e-01 1.428828854052852204e+00 1.561417335142694096e+00
2.144253259935675615e+00 1.657685669430074782e+00 -1.325155004133499875e-02
-1.240189561073537838e+00 -6.816087136788462342e-01 1.634440184584812217e-01
4.915483098035966503e-01 3.099282754038826596e-02 1.876608363981835836e+00
5.398750331612111458e-02 6.336545459042202122e-01 1.373465072338819759e-02
1.330038616479545244e+00 4.328481125775018867e-01 -3.663236144279567452e-01
6.647980788125500418e-01 7.860539145166044461e-01 -3.390181998258956497e-01
4.467485017542540682e-01 1.853920101945844279e-01 -9.344960330513452096e-02
7.139909048457009355e-01 -5.945447671084028718e-01 -7.265971481470114846e-01
-2.788378262891377801e-02 1.836054811561622369e-01 -1.457552392217800419e+00
4.781096669530026655e-01 6.167604117337460723e-01 4.595846034641132283e-01
3.817959254285780424e-01 7.652102708803482090e-01 -1.247041176024062725e+00
4.040518687951727417e-01 3.879230064611052686e+00 1.668885316683895503e+00
1.047344265332018853e+00 2.161922986806727121e+00 -7.138598172204553283e-01
1.485934280552499320e+00 -1.529548701095729824e+00 1.287597509852804079e+00
4.325509813278516358e-01 1.294565156491800151e+00 -9.909476026178603014e-01
9.432454644420888989e-01 -2.116429710897455685e+00 -2.992739968763905800e+00
6.943009113951146283e-01 2.052651528931916380e-01 -6.119182754055322304e-01
1.620096479656203403e+00 1.052649121529361853e+00 -6.686408502755328831e-01
-7.494182335500865211e-01 -9.432916110428327672e-01 9.107370959930130017e-01
-6.098697766445788648e-01 1.338259111032390036e+00 -6.677919166675473361e-01
7.129576146088477673e-01 1.798101669957697712e+00 -9.868014682692589634e-01
2.569379828654404507e-01 -4.279585328126911392e-02 -1.271362061257830245e+00
1.192621598718381026e+00 2.218148168014667743e+00 1.215673914482634288e+00
-8.612427177476091877e-01 6.251610612138805978e-01 9.330063372582206860e-01
-7.470718924330310706e-02 1.234070344037596079e-01 1.142677031286683853e+00
3.891191232143385026e-01 -3.988858243737826159e-01 -9.581881450609400774e-01
-1.674497458095966840e+00 2.154796128713948100e+00 -1.235326892880000971e+00
-1.180513032456114830e+00 -3.017103357493099436e-01 -1.340273407714823950e+00
3.707949665676225637e-01 9.271939235510273658e-01 8.359222017348129086e-01
3.031632334242976290e-01 9.507368265630926352e-02 1.509197855954257372e-01
-4.111392967977059443e-02 1.304276166656274549e+00 4.164895535647328839e-01
1.704359535089880751e-01 -4.812925148210160931e-01 7.249230618411590665e-01
-1.390051446359737097e+00 2.337358393842591475e+00 1.385055145465393434e+00
1.242757273176073873e+00 -8.834283899295298781e-01 1.185344067704664717e+00
2.220450063668625518e+00 -1.436819639123742665e+00 -9.142843193394641910e-01
-1.192230713264116559e+00 8.753809983120516280e-01 -2.092578149503403484e-01
-3.153880264731869221e-01 3.944986279421083264e-01 -2.810621533762104884e-01
-1.081188143059700124e+00 -1.354974309903335339e+00 2.300151666658702965e+00
-1.945512522806220668e+00 1.075104614324873253e+00 2.916975748021463088e-01
-3.546472504756402744e-01 -1.386075079160403067e+00 1.313806365172523138e+00
-3.178595135084680279e-01 1.599881039943614969e+00 4.573102883815292063e-01
7.570540796871591538e-02 2.190972388904400159e+00 -9.365645122820294433e-03
6.138682077577317653e-01 -1.457033140797524107e+00 6.941567048602157453e-01
1.023191723083892946e+00 -1.285796470045468265e+00 4.658375668993284258e-01
-1.420152858516545713e+00 1.423449180082839716e-01 3.446973373806176966e-01
-7.244928388596300062e-01 -1.749421775032149462e+00 9.504849835815120107e-01
7.805134632788360838e-01 6.181090948885516884e-02 1.170793576809566749e+00
-1.444582328532187265e+00 1.829981285185737994e+00 1.022296455002672105e-01
-6.990394823780962108e-01 2.213493572254435104e+00 1.770621541817688271e+00
-7.088504525158495495e-01 7.418629870418204098e-01 -8.457296112179901737e-01
2.133633929455408307e+00 1.866866223909718236e+00 -2.610732784135251228e-01
1.463027646318921793e+00 3.509939262103756175e-01 2.921301545946763056e+00
8.109576312451202140e-01 -2.283283871398160692e-01 1.091796301516832157e+00
-9.684520973644670239e-01 -4.468294269274680763e-01 9.235720852706245099e-01
9.465932097209759366e-01 -2.651666963503026553e-01 1.955613646394917637e+00
1.558509442333115391e+00 2.058971634205451373e+00 -7.045158906329113124e-01
2.262972369913615611e-01 -1.797170177564079374e+00 1.975460027401429119e+00
-1.962444950986904191e+00 3.031509159008955567e+00 -1.280880509281387303e+00
-8.610348507603742263e-01 -1.505361582789844554e+00 6.589939462753745536e-01
4.986778904808590873e-01 1.994765427670084634e-01 1.292078197233669234e+00
3.462371151853715356e-01 -1.268024484777386052e+00 2.917548064057713830e+00
-2.691961087341938619e-01 -1.623418299941517207e+00 1.359162526615781186e+00
8.094759533074263880e-02 1.276493831608278784e+00 1.345715415873495857e+00
-1.809743704800454100e+00 2.031782648833868166e+00 -1.246826684151973064e+00
1.425628541993101628e+00 9.904237544462672904e-01 5.579123391143869792e-01
5.336063118761831259e-01 5.758566388405270686e-01 4.011767675197189797e-01
9.724402250307039031e-02 1.959815971083633146e+00 -4.884240528766281009e-01
-3.574672014875280857e-01 3.804535964353075173e-01 -1.072973548073895778e+00
-8.767217599312646659e-01 -3.220639355123355863e-02 -1.154206147346396177e-01
-2.238925279718702033e-01 -1.208680355850477728e+00 -2.096790080743615725e+00
1.056612416248485786e+00 8.498715628106182640e-01 -2.160509503452304969e+00
2.913752136734191200e-01 1.357182255003345217e+00 -7.898361804242527429e-01
-1.167542146167356742e+00 -1.569194131035958728e+00 7.165597763794173680e-01
-2.197101831697982455e+00 4.976251417065193916e-01 -2.624560548351982311e-02
-2.886963561630768726e-01 9.037662499812891825e-01 1.926418481543646477e+00
2.402208825318163488e+00 1.013288451071436391e+00 -6.951385190729367780e-01
-2.489742621794045208e-01 2.897742927668224056e+00 -1.651679631686500782e+00
1.460221062697657501e+00 9.047644238887435630e-01 1.729191071267211222e-01
7.164808791181842551e-01 3.449277713798835077e-01 -2.491028194003792884e-01
1.318460444797256770e+00 8.511087612635213073e-01 1.333879814026612820e+00
-3.814643612891517876e-01 9.815799910602029943e-01 3.255159610455884422e-01
1.963409470324297246e+00 5.120452325200939292e-01 -1.698923988816913422e+00
4.010770012109873828e-01 2.136368850630053995e+00 2.280314938977221040e+00
-3.827904738037491428e-01 1.250091463529846125e+00 -1.665658267458237418e+00
-3.706047091025282958e-01 -6.456454621559424290e-01 -5.666775267770409741e-01
-4.581871391054968545e-01 -8.462597424333863083e-01 -2.673284493187444433e-01
3.001234137694621218e+00 3.257367552743106742e-01 -3.321597503816771657e-01
9.693662713739534809e-01 -7.965098878669877314e-01 1.159681201610399670e+00
1.257500853369432958e+00 -1.187901889174818093e+00 -6.523390988676944779e-01
1.153956625205891040e+00 1.692395825687673661e+00 5.145638955360108957e-01
1.315159642862626210e+00 -2.934007646104859202e-01 3.406828214767850804e-01
6.383489641331384634e-01 -5.513556853899986843e-01 2.052210777035823330e-01
-6.545009806815516029e-02 -1.127948375732708425e-01 -6.395262361520914762e-02
1.081194460894002285e+00 -3.183771714425227550e-01 -9.578774519559293266e-01
1.872528301578769483e+00 1.767133554062367384e+00 1.343856044816260420e+00
1.596884494907266472e+00 1.757443030440424270e+00 5.476463650316960585e-01
-7.631940428511428953e-01 -1.361545389242665438e+00 1.606886480054338762e+00
-8.203290860166988496e-01 1.458419496742051624e+00 1.619794586369351252e+00
3.644402109109951549e-01 -1.657123335665507957e+00 5.157050108515078835e-01
7.745883968413377341e-01 -1.067331681040802893e+00 -4.374010923665639927e-01
-6.351462156315841323e-01 -1.748530158824605607e+00 1.366677436072173180e+00
2.101471390709331644e+00 2.540401616138168173e+00 2.688740210533389963e+00
-1.824819053013044146e+00 9.532442155747569146e-01 6.276736058099129378e-01
2.966956125723224647e-01 1.048250796463093160e+00 -1.025802187968761103e+00
1.753690762134648418e-01 2.757518494007107357e+00 -1.345514145188688171e-01
6.984679381395355602e-01 -5.054917276145457494e-01 5.902193330334549737e-01
-1.563913163719010457e+00 1.682790233076551623e+00 8.676749725738336361e-01
7.713933486135740036e-01 4.978841207853892392e-01 6.774705697469493026e-01
-3.720997456988663354e-01 2.633829618922739702e+00 1.490557248270057977e+00
2.339397271905366615e+00 1.376152434459822382e+00 4.984110047908765218e-01
-1.510472269062878459e+00 3.993375443166717886e+00 8.099093420920451258e-01
2.922277385580221321e+00 2.414743502259036667e+00 -7.300134142701326656e-01
-4.498445718548526040e-01 4.284239871128292521e-02 3.338852528065934244e-01
1.615212208061995280e+00 5.848527123786322335e-01 -2.872661328165216910e-01
1.017771146040396424e+00 7.927957694659559795e-01 9.001252009170195301e-01
1.352537118562943563e+00 2.757528619025701566e+00 8.280880772731450401e-01
1.367720526280622462e-01 6.855646689281534589e-02 6.439820714232938892e-01
1.019564107754742377e+00 2.087768911069075861e-01 3.382504086025190926e-01
7.559643860370309776e-01 2.129465283073309623e-01 -1.817936135893149507e-01
1.680231426770559144e+00 -9.436543087620252734e-01 -1.182598072711824377e+00
4.003444675906408512e-01 -1.843850784266198514e-02 3.187444612406053590e+00
-8.926656627629816487e-01 2.445998486399048044e+00 -2.728393885453149537e+00
1.972185172425576116e+00 1.032473101371323088e+00 -1.569308099007271640e-01
2.182892356622065044e+00 -7.762642424818365361e-02 -2.377403591931486967e-02
1.821562698152505710e+00 -2.273851211387842408e+00 -7.886162444067391919e-02
-1.032590381644318933e+00 2.231317018484711312e+00 -2.520271677957082734e-01
-9.503822997825819296e-01 2.271120254412271500e+00 8.218315397706376091e-01
8.723590469116758450e-02 1.482418860235248381e+00 1.077459604748548738e+00
8.724716583516102242e-01 -1.086677671244077104e+00 -2.313714823913635976e-02
-1.607561265238164616e-01 6.904529350468940896e-01 7.892989419774967264e-01
-9.151096702177966558e-01 1.234528291746496281e-01 1.479645947267413053e+00
7.475282012453438041e-01 1.434627238641401181e+00 -2.148238270321034538e-02
1.440146452689943235e-01 -2.158973340584440237e+00 9.009051634098275141e-02
1.021597273805461059e+00 -8.323622341490873044e-02 8.003049211700312693e-01
1.012498125529191162e+00 2.064911481923152881e-01 3.101086373306795665e-02
-1.130735987805279619e+00 5.182911073384752765e-01 -6.224422421682043183e-01
-3.193159094144417676e-01 -9.214381702122032003e-01 -1.400041160643113125e+00
2.677135866430875311e-01 2.197688095571234124e-01 4.637169119415601726e-01
7.772678920195040808e-01 -1.291703647755572781e+00 8.431849570916563064e-01
-8.576744290644058299e-01 1.377339024409400370e+00 -3.178432603934692735e-01
-1.547203802382029147e+00 1.896515258040256668e+00 -9.587865112189849492e-01
-1.643652128451963679e-01 1.202399403361616992e+00 -2.980960921307185263e-01
1.468945415691579326e+00 -6.181742720841448130e-02 4.016911203496903449e-01
-4.032442459544945401e-01 -2.429321191675763159e-01 4.967438252944375021e-01
-3.747681396115791763e-01 6.295312460056949888e-01 6.249581405393207501e-01
1.442499046264577256e+00 -1.687800949604262302e-01 -2.395791790187118409e-03
1.959856974369922344e-01 4.072415923725686282e-02 -1.323069169570142645e+00
-6.632234808593021058e-02 1.248873355785218742e+00 -1.239862153830467273e+00
1.219741745485312334e+00 6.271811151432256093e-01 -9.839292332899143290e-01
1.210327868550373331e+00 1.515332032822667374e+00 5.445501955738774047e-01
2.182219052124885650e+00 8.966479802614180095e-01 9.580579761626755175e-01
-1.435689404138572156e+00 -2.301168677922624806e+00 -8.511231509839500831e-02
-1.309527607304420416e-01 -4.983295914252562353e-01 2.785661641499974639e+00
1.533908255746691651e+00 1.871090270416689183e+00 -1.737411769414239637e-01
-1.063892194570077443e+00 -1.880883010235325115e+00 1.051780034576648148e+00
6.406417737103751175e-01 2.256460326793630955e+00 2.792652837569603030e-01
2.774030424578954879e-01 6.417558446392087612e-01 -6.788074076377347277e-01
-1.012039862175199589e+00 1.440050436264409539e+00 7.724209575246573367e-01
-7.321598035743501764e-01 7.902131197170975119e-01 -6.179015927175430800e-01
1.274165352059037692e+00 7.978309279854004510e-01 1.729416593667769897e+00
2.901175406367074716e-01 -1.812701501760581868e-01 1.176378322249915787e+00
-5.480358887557458258e-01 -1.455745999164639037e-01 8.128067423275366910e-01
8.751118323644342389e-01 5.518641157147670118e-01 1.728021953714742598e-01
-1.454706552506822848e-01 1.637657964643864372e-01 1.206123975614562971e+00
1.761238049924285676e+00 -1.323912690554424509e+00 -2.915154612356420483e+00
6.323622480641803711e-02 7.275733293420005854e-01 1.220123137498854593e+00
6.420661527680232572e-01 7.041526015202888011e-01 5.975123604569992919e-01
-1.534912082800279354e+00 5.199068810909597271e-01 8.255859004785719435e-01
7.207190075780096905e-02 -8.897680793286245615e-01 2.150528816387168085e+00
8.181124882287582611e-01 -1.762455465847471703e-01 -1.188843818573056099e+00
3.483455738513120403e-01 1.506038981556646617e-01 -1.350022291275899899e+00
1.705062903578780098e+00 2.979785665631026204e-01 -1.068525849066622735e+00
1.661905194429723842e+00 1.447295371517240525e+00 3.220902949830317108e-01
1.007993410418449587e+00 -1.226771783155220064e+00 1.039094752918938935e+00
9.345160589720863387e-01 3.725842309131345953e+00 -1.506723657544890571e-01
-5.762725498921053013e-01 -2.064232429463106477e-01 1.913107724430604950e+00
-9.771915895173312050e-01 -5.626711999580322754e-01 1.992899662628395907e+00
-1.388859863787693660e-01 3.277859906590898653e-01 7.475791850841276842e-01
-5.248948322351338902e-01 4.976777075045331067e-01 1.022357658905451938e+00
3.205562547585202871e-01 5.365826306389734901e-01 -6.099405388920008386e-01
1.627379194816822805e+00 3.040652400151035994e+00 -1.441837883682265620e+00
2.416587719414140523e+00 -4.116256884264528071e-01 1.260480644128754157e-01
-8.597792664027315013e-01 1.008601752386946160e+00 5.093081176124801823e-01
1.025059984698060811e+00 -6.008310986883073079e-01 1.643457614336576222e+00
1.437799368544890655e+00 3.768859781389843899e-01 2.588039633358556468e-01
-1.079156102156161312e+00 -9.775957145719998964e-01 2.251940655679698811e+00
1.729772084039482571e+00 6.236300367121503374e-01 -8.600034187065219715e-01
5.877030853195424065e-01 3.530738634470846460e+00 5.882749613348168261e-01
1.395066858894069561e+00 -4.108775832612295842e-01 3.494501318478369090e-01
3.846506536293877732e-01 2.717388034756983428e-01 1.098757406903714262e+00
3.747633735963707552e-02 1.853984746617530321e+00 -1.675285103702393474e+00
1.840403284361947334e+00 6.320945965762688745e-01 1.377300504992246433e+00
2.696357266712805956e+00 -1.197372434990409407e-01 1.182452827783861293e+00
2.056901344619043726e-01 1.965578705651441771e+00 -1.493677721160280081e+00
-5.384505728097398192e-02 -1.073321383740606816e+00 1.785027285790095064e-01
1.114249717847952015e+00 -1.601639034798199690e+00 2.275821221760601643e-01
