1.015964570149216151e+00 -7.143370406263960248e-02 -1.021473428036427267e+00
-1.591239822937350556e+00 5.788224755241955233e-02 1.449688542937722646e+00
-1.033314692057905188e-02 3.649948204306812105e-01 6.092001661292025805e-01
-3.450715003974950679e-01 3.809683677510379285e-01 -4.030251063673109813e-01
-8.189141819826420976e-01 -1.435446804927949627e+00 3.725979101251871706e-01
4.352310185425075084e-01 2.202174245576122402e+00 -3.662294175326838985e-01
2.075649612380164877e-01 -1.724208670158565049e+00 3.497764583755725298e-01
4.005591406426125545e-01 -6.562926749440151086e-02 -7.811190739644382486e-01
1.052964706991835531e+00 -1.647313888190903297e-01 -2.548135077573444041e-01
-6.043552200218956783e-01 6.052238554767296330e-01 9.750342273402566873e-01
1.852071877239566788e+00 9.266365224642935106e-01 4.082048348494843326e-01
9.176183726845603683e-01 1.216987367882838678e+00 -4.967878288140299969e-01
-6.241016634736128443e-01 1.218479645026498553e-01 1.233576165510172462e+00
2.130765685827073597e+00 -8.239630663915493702e-01 -8.072530774817655574e-01
7.261718125768495957e-01 9.669743096094695067e-01 1.917247952415557788e-01
1.001554747399813552e-02 1.855355486169663615e-01 8.854859402897065079e-01
-1.429132063442232203e+00 -4.674963535940758752e-01 -6.074666501497596460e-01
4.292724023258812638e-01 6.479973492002555346e-02 -1.144486811711286967e+00
1.256671599057014310e-01 -4.445812191115687817e-01 1.802344070828060529e-01
-6.742580223602432365e-01 7.106493299860141555e-01 2.127570694837631393e+00
2.862467072672838508e-01 2.184046299434630800e+00 1.698784563183271867e+00
-3.876495270977580732e-01 1.925079158051961947e+00 -2.785993173964642189e+00
1.899258205707629044e-01 -3.804745518508778623e-02 -7.397474405329592662e-01
8.468004809372730035e-01 -9.062447781788253443e-02 -4.045718307878232167e-02
3.455638339033838546e-01 2.893791512974455138e+00 3.486348679367718972e-01
-5.019597076827330140e-01 3.735242246343184469e-01 4.624556778132724588e-01
6.453638177239288953e-02 2.841287690655740938e+00 -9.077313512078892810e-01
2.593738963552480126e+00 -2.083331394316393581e+00 -2.065808330640670210e-01
-7.365775360914813552e-01 1.514066325981561656e+00 1.081811768822107167e+00
-1.379574949700713038e+00 -2.792303927671124786e-01 9.287352933656027876e-01
1.246457810025443091e-01 9.607850830322703928e-01 -5.416076147866298873e-01
1.698946062623242437e+00 -1.185496843968803782e-01 7.509267831889331335e-01
-1.327116433472201873e-01 -8.008670419979262434e-01 1.960317796824407210e+00
6.645620855284093409e-01 -1.407765552183621205e+00 1.650097338986836082e+00
-1.656426944180506844e+00 5.534895963164749855e-01 1.128434085158606326e+00
8.484128290718757626e-01 -9.522563748324948119e-01 8.181761124540442021e-01
1.203510478745816625e+00 2.387828348592556660e-01 1.991137541984961956e-01
-5.000424060661475822e-01 2.097735825304749557e-01 1.333316791446395033e+00
1.132765255793711789e+00 -6.900902870042772141e-01 -1.644655373642575080e+00
1.125149763845912254e+00 1.184738248159015406e+00 7.138199310402503217e-01
-3.925645650097917549e-01 -1.194415136096136809e+00 -1.602376059972478783e+00
-1.355777350300671757e-01 9.458575791849731518e-01 -7.196131090934397845e-01
8.064442950088752671e-01 1.036033842811087347e+00 -4.804346022691254880e-01
-1.195669527470772930e+00 -3.372634386957398256e-01 -3.766011961764185179e-01
1.798413015888159272e+00 -4.658104509988183484e-01 1.200458130470534318e-01
-5.753637455522541133e-01 3.163285530976312376e+00 -1.496544136967199456e-01
2.085632055235354942e-01 -1.388436210826254014e+00 1.597957582544337507e+00
5.185783056376767064e-01 -5.383029629274641570e-01 1.702658315155229918e+00
5.241579732719201523e-01 2.241401041698641849e-01 1.692209558355369792e+00
1.277773746543359401e+00 -9.799776977214588181e-01 1.092966248601903612e+00
8.207627265123164373e-02 2.327017353450406834e-01 6.628310893407121096e-01
-3.059066080623658035e+00 3.010508779250982148e-01 -6.337801199108484829e-01
1.395710272487840076e-01 -2.031559783310252776e+00 8.875466150042209401e-01
-8.285859334914791319e-01 6.749825368943189741e-01 9.070343587642661770e-03
2.241314135289189213e+00 7.146095014202945572e-01 -1.302287185042767526e+00
-7.240826029003478714e-01 1.141864080784371849e+00 2.298964528317314127e+00
-6.572268841826059971e-01 1.322819775495493344e+00 1.218631473409893085e+00
1.096756936804674565e+00 1.992715400909248480e+00 -1.696944148511789485e-01
-7.993101559441245785e-01 -1.509552343369984229e-01 1.979143953023257962e+00
1.554328138445987495e+00 7.289936509411751864e-01 -1.270704839678963971e+00
7.936827988128242195e-01 1.798891834382636112e+00 3.935332051911605844e-01
-5.915513105831986529e-01 -8.074128946784623340e-01 -9.489462235312189353e-01
1.031518222030157528e+00 3.097278116053964747e-01 2.778931053864858169e-01
7.230114325954938304e-01 1.300983854240476800e+00 2.862045335052145312e+00
8.496901940927418240e-01 -5.154250410250236225e-01 -4.476136203566293270e-01
-3.093911942271826976e-01 8.938994710398834309e-01 9.376075589548454881e-01
6.146692933362076783e-01 1.813040841432157046e+00 -2.999888190835005575e-01
-2.555057776731764832e-02 -3.253177626636720721e-01 1.012959676161731215e+00
-1.349874197580373414e+00 2.538390849705515429e+00 -2.682257511492816895e-02
-1.022128070370274394e-01 -1.003397939980663400e+00 4.116015289556661516e-01
1.278123428664762251e+00 1.644680767402311172e+00 8.931300373427936146e-01
-8.424440644701483016e-01 -2.197218685682722494e+00 1.388844146696398774e+00
2.196382903625636374e+00 -9.322975718501449460e-01 -2.950362934970573656e-02
5.749410474628968704e-01 -2.455795166546190234e-01 9.677798633626392144e-01
-7.789940151680759817e-01 1.603576356938522185e+00 2.488869983794064072e-02
1.110609896014385978e+00 -2.551010273406412177e-01 2.476614280371487897e+00
1.490090277301508337e+00 1.446070643093619656e+00 -4.666571304888162408e-01
-1.752347654904780505e+00 6.387326317466777148e-01 -1.968948169161948369e+00
-8.301234910570762793e-01 1.245858312733925111e+00 -1.940729677162206235e+00
-9.123163490103558537e-01 4.387169034050818484e-01 1.649742343063381744e+00
-4.541869251294006204e-02 -4.976511708260392131e-01 7.072397298059409643e-01
3.017875790331740582e+00 -9.017092972691999053e-01 8.039100422037025462e-01
1.444128329994418092e+00 2.024406540450909731e+00 -2.219147177096420176e+00
-1.043686708659949502e+00 4.223472785167946553e-01 -2.482596552591665728e-01
-8.669643484911812026e-01 -1.449616678781862067e-01 8.533275789510987863e-01
-1.082668322159739266e-01 -5.972137944490215483e-02 1.381278947139783275e+00
-1.774482785792884210e+00 1.552834021999409231e+00 -9.905309155138951605e-01
4.024467543100598288e-01 1.172426000064486828e+00 6.237299954633441779e-01
-4.168977274908111652e-01 -5.033883462143970977e-01 3.966007657850245671e-01
-6.135946971004071493e-01 3.741498725749429211e-01 -7.181015070400463829e-01
-1.180806608670418534e+00 -3.018414584641191944e-01 -1.664155235643671737e-01
7.353022236256903099e-01 1.084476682609184728e+00 7.227618259737791373e-01
-9.722973924235440712e-01 1.582457879916693066e+00 -1.031292671834619590e+00
2.747772171907637562e-01 2.536337304842738227e+00 -5.317957289262731368e-02
-8.642909838971174485e-01 5.127036066520490598e-01 6.807088329681899586e-01
1.649345211817946133e+00 4.106676004284695036e-01 1.039588217992637231e+00
6.057721960594016908e-01 6.869084407773285994e-01 1.416197704947957714e+00
-1.280835831912657818e+00 3.671580935876173624e-01 2.396410201948916407e-01
4.215713585900459082e-01 -1.129958867602985473e+00 3.318933260527678897e-03
1.818434310889158745e+00 1.286927266237516854e+00 7.828045183918009783e-03
-7.755211328055944264e-02 -5.468010771211938570e-01 -3.794723723769840018e-01
-8.041368493780187698e-01 7.769663933485858598e-01 7.798505309132575114e-02
6.312892094414051299e-04 -1.872363083097843273e-01 -3.040967040530895282e-02
7.397638640144115207e-01 -1.056875839573420572e+00 -2.185061771839093225e+00
-5.675365334272406415e-01 3.368995416726789927e-01 -2.779214668848901115e-01
3.245265804340680127e-01 1.798405271941480033e-01 2.542706417272834862e+00
2.980302606763878259e-01 3.535745830392773570e-01 -1.270437266284120348e+00
-4.887737678035668498e-01 -1.725140887174052562e+00 2.286075233748836144e+00
9.579215522527547710e-01 2.579547463466153268e+00 5.372600955441176884e-01
4.786441022277392321e-01 -9.563397052626180228e-01 5.923260409682863381e-01
1.461726727862199704e+00 -5.088920243954040551e-02 3.837732626887091492e-01
1.026978128848910155e+00 -3.516905977226587598e-01 3.240783773120693656e+00
1.169916173903400303e+00 7.907858545345071155e-01 -7.793886342072605666e-01
-8.902987622043636584e-01 4.677407455206415987e-01 -1.826127828321026381e-01
-5.777572918178499606e-01 -3.293349761694546740e-01 1.446753025916501789e+00
5.902919237362247440e-01 7.509277355320839731e-02 8.239289760494916681e-01
5.648592430711203427e-01 -1.667797208047566981e-01 -1.395172765918673008e+00
-1.409211205536919920e-02 -9.212319380716177397e-01 1.051242244912381274e+00
2.469269479555439073e+00 6.651705974281706402e-01 -2.209834442958402423e-01
1.354534445078506844e-01 -1.637637463962707374e+00 3.694059185672491363e-01
7.002374401803119763e-01 -9.184511529215565184e-02 1.101330796291760228e+00
-4.682763705836758272e-01 4.481141591965295823e-01 1.123596674329150114e+00
6.375091548955157394e-01 -1.802986585262400077e+00 -1.389855933263050902e+00
7.083373214652737282e-01 -7.653896196636582605e-01 8.957665808356102266e-01
-3.126644322998052838e-01 7.755755041693493945e-01 -4.719844690286678635e-01
5.671684487775253691e-01 5.709617082153477519e-01 -1.666873860044941758e+00
2.556266902188471857e+00 -4.998947028093771450e-01 1.299504707140248794e+00
1.239276140929070014e+00 -2.267713755247320773e+00 1.663374492643571623e+00
1.828566201184419482e-01 1.723510128406284592e+00 -1.758983701855776904e-01
1.309987557892073440e+00 9.377528015178957510e-01 -1.073413527711255977e+00
-9.819275967878714484e-01 -4.025676395138342301e-01 -1.378260026146346684e+00
-1.081791585913393305e+00 -2.118848028037083608e-01 2.988606242896894583e-01
1.026256722135176380e+00 5.781823364969617129e-01 -1.170923453493060595e+00
2.499655558397401389e+00 -4.051350870573777740e-01 -2.424300382772331605e-02
-1.389847875024540658e+00 1.127548631672884882e+00 4.214886458445455952e-01
5.649259436588947025e-01 8.629048005573262126e-01 2.558641122652750566e-01
-1.231059322969919601e+00 7.568680185002529814e-01 -2.304194265321354851e-01
3.526265082910324256e-01 -3.059567663762294276e-01 4.622630005248177243e-01
-1.614725346871922207e-01 2.460424429730046381e+00 1.129766041435059210e+00
1.239958363096544725e+00 -4.794791291773130570e-01 9.507238527930292893e-01
-1.462564263372886086e-01 -1.551051151488769264e-01 -2.737764006702332886e-01
1.031234877813450357e+00 1.294584697199431478e+00 1.270578460009632371e+00
-1.608875881161895283e+00 7.264853834814148925e-01 -3.242566617782178806e-01
9.314073965706053393e-01 2.062831316007089910e+00 -3.371580814745074595e-02
-2.090688310129259486e-01 1.049880095469646779e+00 1.160746187873601842e+00
1.349529489040460994e+00 2.094117776004817133e-01 1.026957548696674216e+00
-5.529198161808551726e-01 2.414221886612296919e-01 1.122981454702880022e+00
-1.303314548927154259e+00 6.695425264635021523e-02 1.118515262056223383e-02
-1.297696933069111713e+00 -3.636281259918701381e-02 1.656568219980175893e+00
1.867753653604601327e-01 1.942807594387601311e+00 -1.753133651833152618e+00
1.347263154017510400e+00 -1.848046712090350707e-01 5.720818477347278108e-01
1.586667532417771254e+00 -6.060766120885215796e-02 9.354061067872774249e-01
-1.201469542828548898e+00 -1.265909142961411549e+00 1.973751590829520008e+00
-1.317098903564984047e+00 -3.211470718878209341e-01 9.708020555468955815e-01
6.295309299928860680e-01 2.456362600301310373e+00 -2.701314938055023429e+00
3.680987774900680853e-01 -9.267341001080000584e-01 1.976759304151850083e+00
2.380939986249376972e+00 1.128826087627813779e+00 1.029833244177849716e+00
-2.080352549324507583e-01 2.626469530778332562e+00 1.281314086122602169e-01
-1.155092324701933126e+00 -2.811123810742775508e-01 -8.248410272712589641e-01
6.862890361544756734e-01 -5.785204665617228459e-01 1.938611643087222669e+00
1.452152762810894338e+00 2.762966762715081126e-01 1.442677610324178961e+00
-5.681736501793462901e-01 2.331736662905870006e+00 -6.257925866642725099e-01
1.310395810943596029e+00 9.976726584524946151e-02 -8.955661255099401918e-01
-6.168815924234174464e-01 2.023035988237844585e+00 -7.784567691206042417e-01
3.935374540917747632e-01 -9.578968563476372156e-01 2.249846506361969922e-01
-2.504519974616879363e+00 1.575075236222726188e-02 -2.047826494269420206e-01
-2.104117072505424790e+00 -9.411530514652916013e-01 6.339287542548177612e-01
1.112708440291577450e+00 1.111925360640756699e-01 2.564463046870439911e-01
-3.497722002685723641e-01 -4.661618591827123570e-01 -5.119329469013446099e-01
2.928638805054656694e-02 1.727328042121190954e+00 1.678072260271347593e+00
-7.935076156673105396e-01 6.440490179791112935e-01 -2.106011655729909116e-01
8.100122810288564734e-01 -8.107507029974367896e-01 2.728789135550959699e-01
-1.094674472338764248e+00 -3.153935134045842137e-01 5.240516048795145210e-01
-2.538506132727214593e-01 6.133878362864287892e-01 4.327429080086924174e+00
2.853176607769696282e+00 4.800648160786394891e-01 9.143551863357347598e-01
3.300593724885851898e+00 5.577600888707333615e-01 5.419436950599060276e-01
1.594657640181453839e+00 1.699687756728473775e-01 -9.259711107714384548e-01
-8.020347677331669534e-01 3.225318811658384188e-02 1.331654662144308165e+00
1.310751554319472767e+00 1.292950244693143569e+00 -5.355545544651644230e-01
1.413106923169373141e+00 1.638127827740508913e+00 8.902960657973982839e-01
-6.849145180216424933e-01 -1.103071092024639377e+00 7.416540404566327460e-01
1.523544952463879998e+00 -3.526497182986869650e-01 -4.133805860128806353e-01
1.553240489174599226e+00 -1.327507699056843959e+00 7.129229255533546805e-01
-1.155470528775575240e-01 6.175339911668924486e-01 1.347440148986317032e+00
-8.403177589411112702e-01 2.205591730042631760e+00 1.076390728009688713e+00
7.911303979271931963e-01 -1.245198553982841183e+00 1.101299491556204213e+00
4.770722978081281401e-02 1.430033034832122463e-01 6.396508088415885362e-01
3.772076602782844290e+00 -1.980314721765500940e-01 7.441381673223348425e-01
1.012048309418729086e-01 1.388262000170483956e+00 -6.592549946540534611e-01
-3.089650556936548442e-01 1.588891831643314489e+00 6.634340248548140639e-01
-1.748228219612145695e-01 3.412456539763832897e-01 -8.091418978795164585e-02
2.291412695810503275e-01 -5.063387956739056062e-01 1.806083349783698333e+00
5.195843219338969199e-01 -2.373215575341612038e-01 1.278722711141855095e+00
-6.734038898123660966e-01 5.556491503916917152e-01 2.638860385337811199e-01
1.394388993818277855e+00 -6.178904576952056749e-01 -1.049898681347161578e+00
8.027030382540383258e-01 4.905879277987517523e-02 -6.835329621077299578e-01
7.461878137245404607e-01 1.320847051487247681e+00 -3.459327006649468017e-01
9.580573622550373480e-01 2.523414425122797455e-01 8.197035381300499246e-02
5.248996418271240083e-01 -9.927790684604814730e-01 -8.452443068482086153e-01
5.505490733438076489e-01 -8.483196251897930917e-01 4.790993244760624603e-01
2.431187536472823318e-01 2.227384777038310837e+00 3.976665059018507503e-02
8.712780515495340827e-01 1.939822628645588853e+00 -7.403023108510614625e-01
9.300617186328251629e-01 1.809134950162115230e+00 2.196058588529423705e-01
7.261618301943264520e-01 1.610734506847289360e+00 -8.697425849370099549e-01
-3.020183000268273354e-01 -2.132105524379091843e+00 1.717097346768342137e+00
4.212502900763980818e-01 -6.374478702218307202e-02 2.012086308994883055e+00
4.868995770873677520e-01 1.752014386835521742e-01 1.033666138304059068e+00
7.708436235468035802e-01 1.185662860833420762e+00 5.327130339564627448e-01
1.349364492877021426e+00 -5.394869284681601540e-01 -2.578590778514944781e-01
-5.141728899826786270e-01 1.064150123241100615e-01 1.615950787653603449e+00
1.247945387665484240e+00 1.900458287388320677e+00 -1.499625352052621485e+00
1.237002842676158121e+00 1.100869017780205517e-01 2.568932345199474998e-01
4.029991395815977206e-01 -3.536991978248089641e-01 9.508955287464790906e-01
-3.118291179907118349e-01 -1.352256322168422731e+00 8.890589720306565358e-01
9.647676556575577322e-01 -4.417075710571066738e-01 5.174205022675897325e-01
7.658651557156339607e-01 2.497581361855975290e-01 -8.957116008348380287e-01
-2.194887472764483594e+00 1.389349443769161363e+00 -5.358786237574473255e-01
6.160940474867506733e-01 1.194102686364266974e+00 4.299266391518647978e-01
-3.417552442204678798e-01 7.013861786414162802e-01 -5.777177294782748218e-01
-1.900711547817832692e-01 8.626908847834829919e-01 -5.992720581554877857e-01
4.938537240268496831e-01 -1.050396360375319915e+00 2.124497166250165048e+00
-8.135690196117368878e-01 -1.101462163493652335e+00 7.178846696021902174e-01
2.719116069445282058e-02 -8.363155364316701146e-01 -6.358221706555274022e-02
1.628736350933889465e+00 7.759530221754799006e-01 2.002718671127827310e+00
1.571054985498428813e+00 8.548703250624773986e-01 4.341288154449439163e-01
1.718371883261278765e-01 1.145312312799469545e+00 -5.589787017097612720e-01
2.654961620905923247e+00 3.272203398315093326e-01 9.395225282087502627e-01
1.255900872681369462e-01 -1.126830293467448119e+00 2.591334043905956896e+00
5.976639737749868120e-01 1.447002962470058662e-01 4.842409166113569863e-01
1.974178606713714590e-01 2.765269950769382382e-02 3.560765699748078106e+00
2.559595448370307613e-01 1.883923191421382759e+00 1.075718246342879825e+00
2.183468838588559890e+00 -2.574379341053632864e+00 1.522723153454959677e+00
-2.388590920852300847e+00 -1.213355877743856670e+00 -3.775675876023494304e-01
-1.371460336003186509e+00 -9.678268599472235056e-01 5.481941027771709551e-01
-7.632327628241833972e-01 -1.681622407943131337e-01 1.581590966509077489e+00
5.919131314848924408e-01 7.600144953651757351e-01 -1.679420067282322293e-01
8.074171078990566297e-01 -1.424849730960183747e+00 -1.205149859893229314e+00
8.344064087632966364e-01 -1.826080238626822672e+00 8.663081394548914904e-01
-1.110698424962244524e-01 -3.036206062657471616e-01 2.733609513014814585e+00
-5.963938432277190449e-01 -1.273542223949504226e-01 -7.158814402485279560e-01
8.462451238772416007e-01 -4.891385590510167192e-01 7.176684503179375785e-01
1.571822910550149666e-01 -3.816545370950131903e-03 1.813442443434864160e+00
4.324722011681407519e-02 1.591986242982566857e+00 -2.260410038770387930e-01
9.311387797171368774e-01 2.680526752319127293e-01 1.061872629022565961e+00
-9.970211694373392053e-01 1.374914741183810074e+00 4.162463665992638395e-01
1.462321033139276194e+00 -5.994636844460943248e-01 -1.538483592205498240e+00
-1.687383331131460107e+00 6.941018347144207734e-01 4.200995476514596261e-01
2.117218608378280020e+00 -5.910161345115994003e-01 8.360606233394414222e-01
-4.508721303588965057e-01 -1.489219361620786497e+00 -1.080737807422576413e+00
-9.093068496468197370e-01 6.679411770512121427e-01 -6.730517772480335559e-01
-1.565051465102602068e-01 -1.988477955630124194e+00 5.807741392709119266e-01
-1.859656517239120788e-01 9.408043476151244366e-01 8.139354964743730214e-01
3.246095650442490932e-01 -1.479325863986824530e-02 -3.534224247765616500e+00
8.246963783025236250e-01 -1.459643698833860137e+00 2.340698493650993584e+00
7.600349292179722216e-01 -1.659459207327001806e+00 3.936177883469839656e-01
-2.560142388202081287e-01 -7.955373153420086663e-01 8.531167220230346793e-01
9.264786497844530455e-01 1.315556520616489200e+00 -1.788269239850811543e-01
1.275788081297269186e-03 1.223677047391688921e+00 1.552641045600392733e+00
4.570937851279446851e-01 -9.387310365629411013e-01 1.132828362693900637e+00
-1.042373069135251740e+00 -1.328047490245232165e-01 -1.263259257240095357e+00
4.127916173748764628e-01 5.192873514547320379e-01 7.852247905588040366e-02
5.144968609900944789e-02 -9.347868068620587279e-01 1.871166820574692968e+00
7.818244677156099831e-01 -3.755192116559922799e-01 3.103893521349262441e-01
-1.751041434210789172e+00 -1.146704851848843632e+00 1.109204697276853002e+00
-3.664125752001512470e-01 6.775889817216691480e-01 6.142249408808697630e-01
1.676482150958237938e+00 -3.661446371058491023e-01 1.197468489659906599e+00
3.503088111276734806e-01 2.515633234000092866e+00 -1.764853799405414203e-01
1.524861267901088224e+00 -8.758536360650622798e-01 1.505332182945789965e-01
7.484652819175752203e-01 1.024206573212769866e+00 -2.494534763650788634e-01
-1.293693456953003973e-01 1.876970602621923945e+00 1.915987549794786915e+00
5.253648726753559206e-01 7.952319360743106413e-01 3.527503464475829631e+00
-5.166432368719816592e-01 1.541033707919492235e+00 1.529134111193477308e+00
-7.468992897321167709e-03 6.190192342556510852e-01 9.671924638124661244e-02
9.556260447188292817e-01 -1.184046908530614450e+00 1.644527799068353779e+00
-1.181228589624016889e+00 -8.722199756165065487e-01 -1.892641820689933141e-01
-8.885191210095635950e-02 -4.057351259697590806e-01 4.900546077530657518e-01
2.209174808260338629e+00 -1.078747416122311925e-01 -3.377094850451065611e-01
-5.519543425613400167e-01 -7.318430577577177409e-01 8.460595617954823622e-01
1.968452590584032436e+00 -3.915381727525167610e-02 7.928182499474062395e-01
-7.973072334897638447e-01 1.972156516874032928e-01 8.104190123802261780e-01
5.437437653037808793e-01 -1.641785158761208452e+00 -1.886219893940665360e+00
4.875166182215694421e-01 -1.421242711456191632e+00 4.583252233874343107e-01
-1.994496950824272141e-01 -1.734825928352040914e-01 1.625600498761375912e-01
2.894813918133987141e+00 7.613182201924721670e-02 2.675212961967196046e-01
5.578183551684114949e-01 -5.272602166274700242e-01 9.789894649156473394e-02
9.482955808192879976e-01 1.537520599522598674e+00 -7.871464995305518242e-01
2.564957501499822712e+00 1.344938698541489286e+00 1.231785276478305491e+00
1.139734296055043838e+00 2.641924740448183262e-01 1.577691470564009713e+00
-6.087864946001479982e-01 -1.601409998355125541e+00 1.119688259211004677e+00
7.283947628231892679e-01 7.975310265614993233e-01 1.841130667026522616e-01
3.516457670854948869e-01 -1.832292341569837335e+00 2.228627752880613322e+00
-3.286285702357207295e-01 -6.695486045997458557e-01 -1.159140744457541228e+00
1.379322304229919638e+00 -1.104045315774169478e-01 -1.030621349473936910e-01
1.602838486229825943e+00 1.632716383507609503e+00 7.064805632309082428e-01
1.160949640119722570e+00 2.429771907366639339e-01 1.570341924196777317e+00
1.469906909341506251e+00 -5.025879867267596390e-01 -3.957207858623500163e-02
1.313396113355016492e+00 1.342790472315185113e-01 -1.406079401680126129e+00
-4.840646686416583133e-01 1.193850051847893168e+00 3.436511550361781575e-01
-8.323544340775486106e-01 1.083991872574845861e+00 2.944214849656498600e+00
-1.385362683640497750e+00 8.901850876175949612e-01 3.169848209665291350e+00
-5.969376872319077654e-01 -1.055848204783633171e-01 1.588815581352307937e+00
1.573711379610499783e+00 -2.200338984941271114e+00 -5.650300446388735187e-01
1.293880590392564311e+00 9.814388048779930651e-01 -1.618258333099433788e+00
-1.428976877425064851e+00 -1.032785866839863731e+00 -2.030467238096669291e-01
-1.329391681362705135e+00 1.931482997490934661e+00 -1.960766196899818681e+00
-5.764370629259746304e-01 -1.296804375991868818e+00 5.826830789335577521e-01
4.819747207956785462e-01 3.064140906292433186e+00 -4.580934599070248248e-01
2.440183857954187463e+00 -1.427399828902005119e+00 -2.066712525019931065e-02
2.584220566748420822e-01 2.360737878142512791e+00 2.630954811692614026e-01
1.112391511814118994e+00 4.048635795021918171e-01 6.815819561783935665e-01
2.141614703570605127e-01 1.089849114645723871e+00 4.291983116649075169e-01
9.161081208582033675e-01 -2.742768144388694207e-01 -7.094898454404030552e-02
-9.456744671881942566e-01 -5.153268479951016445e-01 1.092330905914815409e+00
7.658827127037720617e-01 -1.007868659739992845e+00 8.286764191736101237e-01
-5.570994207423098921e-01 1.426435494142126004e+00 -2.168837914347595763e+00
1.338916554569743456e+00 2.225443237740431027e-02 8.892531514135351145e-01
7.684878595490926001e-01 -3.328404730549442414e-01 -1.667691873915378098e+00
-5.470560775039601253e-01 2.939958253104267283e-01 -6.019141371023245535e-01
2.635486691252917346e-01 1.686818162993716896e+00 1.430836359326795593e-01
1.567434159219801282e-01 1.479837039176477465e+00 1.036685639245829571e-01
-1.484906070192213434e+00 -1.631523105339004742e-01 3.379354714550984351e+00
-1.817975904521991204e-01 -3.295487486141580880e-02 1.576596033851016543e+00
-1.524251605367567264e-01 -9.465684513023171487e-01 3.278353065781691167e-01
1.016503100804752036e+00 6.223141713464334090e-01 -7.114746061674513955e-01
-4.845636428448073518e-01 -1.688091796416515966e-01 3.076975790324911753e-01
-5.721702191072769450e-02 -1.479272762534119767e+00 -7.764682598276798631e-01
7.458501869560139053e-01 1.450808797099699010e+00 -1.335052903833895854e+00
1.010487293158625510e+00 -1.860502695590258160e+00 7.775360182969900391e-01
6.511534562668173098e-01 1.052381087598950771e+00 -5.857735122607119482e-01
-1.195163971302671158e+00 1.098566549475556986e+00 9.728107037463791240e-01
-1.266368043076458560e+00 2.265654221160680049e-01 1.796595240266095184e+00
-1.249354304937827065e+00 2.148373586069185492e-01 1.027819440776882143e+00
3.703879845498145862e-01 -1.263113470505306424e+00 -1.141751268831084687e+00
-5.270446988247076137e-01 1.512871506421719525e+00 1.056537018379196891e+00
1.793225679368183612e-02 3.020545789681332582e-01 2.930855338303454127e-01
2.388720895336948757e-02 2.957186933439671650e-01 -9.942304246602687856e-01
-5.535454724158617168e-02 -4.082356546833986188e-01 -2.356648240249119008e-01
1.410913080102563555e+00 -1.122596527253533066e-01 2.062360527712622460e+00
-1.207529030810780002e+00 -5.112597551695953202e-01 7.602331981632949320e-01
-7.846493388978658112e-01 -5.162460170919009883e-01 2.112980689292099701e+00
3.730559084074605569e-01 7.110221662146126720e-01 1.002891264247458114e+00
1.146647835176570318e+00 -1.705352885106962979e-01 6.344282393990885449e-01
-3.322620336809695152e-01 -4.715513630243413634e-01 7.465494189757216903e-01
2.925701523269761406e-01 -4.281048282118806170e-01 -1.359200297707985339e+00
5.174076305993078329e-01 -5.903858897534035588e-01 1.032066161213193611e+00
8.202089983934686135e-01 3.382469412862348923e-02 1.470827877485487045e+00
5.663234818905376056e-01 1.311656525854894006e+00 -8.770723096240433669e-01
-2.178411224166869331e-01 -1.616791927724255729e+00 1.970355520397435223e+00
9.923845803042992131e-01 4.779740146467933437e-01 -3.573953011142277925e-01
5.436902210653757339e-02 -3.780654150493634180e-01 2.089019041728257253e+00
2.914142814861569786e+00 6.361227637852877592e-01 3.619454805633320338e-01
6.481032198751941475e-01 2.608949459678582827e-01 -1.539933491777111252e+00
2.327573776364954661e+00 6.325449210225135843e-01 1.295382900804809667e+00
5.056465284447234643e-01 -1.278215871020005334e-01 -9.976915340033801760e-01
-9.329950806463773727e-01 5.670780360695115707e-02 9.707639126284074438e-01
-1.106658247571968623e+00 1.760461611931685377e+00 1.836422659468129215e+00
-6.493442135267952775e-01 6.199404657510095840e-01 -2.393094996311926348e+00
-4.084505397979276697e-01 -2.975455909066443416e-01 -5.412200454813173023e-01
7.490970929147294788e-02 -5.520785379739827636e-01 2.620935829660693273e-01
1.847641676831293100e+00 -2.686484273037106352e-01 8.513757874976048967e-01
2.659124796580543681e-01 1.591627012751388071e+00 3.934127213740645085e-02
1.274698486010085396e+00 -8.833592615979048990e-01 -4.776044278586240033e-01
-1.466899763846075122e-01 -1.185319012790688964e+00 -8.484492125788507533e-01
-8.795923176483825268e-01 6.267848617511322384e-01 -1.343007422069235401e+00
-3.263482491041048150e-01 -6.369586678528631474e-01 1.705536725912446538e-01
-8.128294847560711966e-01 -1.586476435921272188e+00 9.225923930305252041e-01
-6.633269567646541409e-01 7.975545592305683940e-01 -7.625413805154168667e-02
4.273159358202627822e-01 -1.423532680533144967e+00 1.068042296160312876e+00
8.830376858099213411e-02 2.922783332699787073e-01 3.020739994879803270e+00
9.162020990910824114e-01 8.805949065600493508e-01 2.576107560775677818e+00
2.988928204560209245e+00 -6.218776510193015916e-01 5.910239864375070873e-01
-2.125507857896134833e+00 -7.759347138649894671e-01 3.442887585364493575e-01
1.583146433499549310e-02 -4.374199614009458559e-01 2.153434588870521138e-01
-7.979564142709751062e-02 7.406558702509193903e-01 -1.165267073299012246e+00
1.297975611799341955e+00 -2.969410956092907727e-01 8.408115674835355824e-01
-1.143526128451990420e-01 1.519125474822408339e+00 1.758757341285223097e-01
5.280140311830971989e-01 4.078073695163927925e-01 1.466377890259421335e+00
-7.617799056472985830e-01 1.766867902781400490e+00 3.109020846657549964e+00
1.942897844774686078e+00 1.784333046692812008e-01 -1.229109796380425390e-01
2.263193465040285457e-01 1.148090918978379449e-01 -2.000190796260840342e-01
-2.143535358185824635e-01 2.214536729737204279e+00 8.455851563870921961e-01
5.570269320671668023e-01 4.050590102393258896e-02 -7.566980012046914394e-01
9.086849485290950934e-01 1.605331571969488724e+00 6.194092575551388702e-01
6.090022179234050315e-02 8.663378579832161641e-01 1.749557480722552461e+00
1.168285913551493582e+00 -1.246456625333099144e-01 1.278796552229118699e+00
-7.340050289786351767e-01 3.689884523423178075e-01 -1.042437615079747859e+00
-7.192365191198912822e-02 8.100489682276298398e-01 4.632300001325859173e-01
2.368908806397569400e+00 -1.009346762758010496e-01 -1.162330715653690838e+00
1.656334844474173895e+00 6.297830705023635955e-01 -2.264500661357723987e-01
-2.325255818457805934e-01 -6.807722526534980556e-01 1.215171681914313462e+00
-1.904730947584047929e+00 3.629512695470847206e+00 4.591500728363510087e-01
3.334562949476904681e-01 -6.843741043785981359e-01 -1.125461829201707120e+00
-5.253865207714057961e-01 1.239345228654408215e-01 1.510819720597704974e+00
5.394856121534808979e-01 -3.092665977914162978e-01 1.916316868906392801e-01
-1.018650821202268464e+00 -1.152221184819691491e+00 1.361664817844707942e+00
5.818807939016612529e-02 7.520477932123122988e-01 1.852936052706716907e+00
1.787359724267175487e+00 -1.456789187142447928e-01 -3.091307967695756664e-01
-2.500351055292747079e-02 8.865466267157476876e-01 -2.160944484801380128e+00
1.084805955931642085e+00 8.187893473689300539e-02 2.293421092696510843e+00
8.164641144841869869e-01 1.525424464988783146e+00 -1.800424213609289892e-01
5.991882985333116807e-01 -6.901402423137417697e-02 4.248232693762240553e-01
2.263358433357366195e+00 7.576025565452313426e-01 -5.525844769220890074e-01
-1.007361569210226238e+00 2.429941994235602198e+00 1.368939759376744114e-01
1.901387011527249538e+00 -1.501317227355931649e+00 1.245083000022316755e+00
-4.769254050377394472e-01 -1.694612486818051877e+00 1.136265678440883553e+00
-6.652506841474996602e-01 1.264201108774753446e-01 6.029482561363307402e-01
-5.442626752798995771e-01 8.190875457386909142e-01 -1.449577408568179182e+00
-7.691815560281385356e-01 8.128416618678496741e-01 -1.201994519961844921e+00
-5.491223411607033533e-01 -3.760199233037865296e-01 3.126337720530758535e-01
-1.322532979115247365e+00 2.197114586740571696e+00 -1.478381857095383056e+00
7.533885432411161487e-01 -1.634350695196468695e-01 -3.903583946096721990e-01
1.125602656696046200e+00 1.382326895203782380e+00 -1.867813354585839747e+00
1.781588631992283789e+00 1.400980370519414153e+00 1.356429964115505094e+00
2.611326833208016840e+00 -1.043430769225272225e+00 5.149358852883582083e-01
3.940665991099109311e-01 2.345760594860376302e-01 -1.229306431989800164e+00
4.986421729726783214e-01 1.056094915264558898e+00 1.880484106276424816e+00
1.504986994437624181e+00 1.087880814745241453e+00 2.648454322641488959e-02
1.595927127473982132e+00 -6.271225372638482565e-01 8.556378692757844462e-01
-7.279406559399020926e-01 4.184816524510702740e-01 9.199194901550924452e-01
-1.459373472540668626e+00 6.646977875616972842e-01 6.082646639357418561e-01
-3.711951116240995163e-01 6.311289573636236216e-01 -7.190990177335208067e-01
8.027348767675467345e-01 7.967739239469329160e-02 -8.251422899116845899e-01
1.346930322347787090e+00 1.751179229703756501e-01 -1.775267601422937103e-01
-2.895457233929150664e-01 -8.272889885122648446e-01 -1.104952588047983131e+00
-3.462116201391194359e-01 -1.329633947202261968e-01 -1.192490903698612686e-01
-5.284382454341415292e-01 2.004543143497599544e+00 -1.861444667446192011e-02
9.351555157662320150e-01 3.754912977801844187e-01 1.072037800813145481e+00
6.908375266776767276e-01 -1.010776609814370453e+00 1.941984175058311335e+00
1.502217385254127624e+00 5.363215768174302983e-02 -2.453112799872011696e+00
1.606872761869659882e+00 1.630176776125940252e+00 -6.698675942724201526e-01
2.100091342611097589e-01 -7.461792158433327993e-01 -8.882639470220705658e-01
4.936467604454061742e-01 -5.952029435057842877e-01 -8.215815876933041384e-01
1.331613680924113474e+00 -5.330665847425773984e-01 1.649711608202725444e+00
3.469428514480116799e-01 1.715582933030669333e+00 1.176795348653074669e+00
-7.433818144501948000e-01 5.318353468710060872e-01 -4.316151612322918218e-01
5.563926459119928891e-01 1.550347383804950852e+00 1.307279513798776271e+00
-9.520736349766123485e-01 -1.270069765272288098e-01 7.348515252955467592e-02
9.895220147659213872e-01 1.353670542611299377e+00 3.049828290588657342e+00
4.261623150419719397e-01 1.251310056398232007e+00 -1.668907453871514290e-01
1.987062081173013084e+00 -5.466425696241302701e-01 5.058015963720114971e-01
-8.513804553771158190e-01 1.200305339426280149e+00 3.425035997611398653e-01
1.948940264807233813e+00 4.505500689009910298e-01 3.814537124910702404e-01
-5.200153179632842626e-01 3.251489982550128666e-01 -1.732455165785805828e+00
-4.406048887083784393e-01 -1.402550491608821337e-01 -4.305536680521877546e-01
8.106537765971917331e-01 -8.399704563452774497e-01 1.026531371655290181e+00
1.641796608145573488e+00 2.214128937755340587e+00 -9.452307611371343343e-01
1.316466852354923667e+00 -5.945813748035322366e-01 1.853737877954351743e-01
1.379582876592988061e+00 7.291644471069541611e-01 4.637851975493142986e-01
-1.486705657163536642e+00 7.186783996837236010e-01 1.214980962925477082e+00
-2.837727656395425124e-01 -1.708108308363831540e-02 3.166531231824609716e-01
-1.987807299545144013e-01 4.469759978877161366e-01 1.623298451760598615e-01
-6.294610202213055672e-01 1.476704958961193803e+00 -1.164605113751588039e+00
-4.511893084613958216e-01 7.051358535600502631e-01 2.123291732580309343e+00
1.225886626841560245e+00 -1.031965186712773930e+00 2.785896861636408955e-02
7.512515514339407341e-01 -5.245830119020137294e-01 3.628506831354456619e-01
1.909038907033681731e+00 1.009565473656097501e+00 1.722514862214297726e-01
-9.736126305893725297e-01 8.254204722864201260e-01 -3.735847759189700468e-01
-5.167227827961000663e-01 4.214053868319527774e-01 -3.731636911568907422e-01
-4.139343030991277095e-01 1.169268575009796640e+00 1.124559764931392536e+00
1.155010663097039703e-01 -7.674183318671874421e-01 1.139046674091753308e+00
6.009328215996601052e-01 1.287634218934612607e+00 1.758405629455183361e-01
-4.456611341788802583e-01 2.306701993690849051e+00 -5.217755131703767646e-02
-9.130920899380605693e-01 1.070523372340639989e+00 3.518716467270904813e-01
8.427957985137138897e-01 1.042860889660472745e+00 1.994267711372139096e-01
3.160859080690600620e-01 1.076862617032888325e+00 -8.261482435184420298e-03
-4.643040884711835958e-01 -1.118354987296430236e+00 3.312719852559868006e+00
-1.321348008125458051e+00 3.834547582336469418e-01 -1.201597917218390904e-01
1.422700181867952773e+00 -4.440751675076985427e-01 -9.253346531460000524e-01
1.827106653688399529e+00 -4.979554108109044419e-01 1.107988440961184651e+00
6.588072520061695192e-01 3.438902871162896613e-02 -6.562765644356297612e-01
-1.605974301235037816e+00 1.376120113192609296e+00 -1.403516556105937951e+00
8.910201345207484636e-01 1.088600767448261175e+00 1.378397758878327162e+00
-3.135751759711324915e-02 3.950037405346800701e-01 -2.996361364698740259e-01
-5.994727028080815145e-02 4.602513154898975611e-01 -1.151813863527739512e+00
-7.225413784613395896e-01 2.242395582697095158e+00 1.097875423775626080e+00
2.321109912268404685e+00 1.873799622504830342e+00 -5.691183821160796658e-02
2.533648030647385418e+00 5.119421117689614276e-01 -7.907171951721866932e-02
-5.975221461234550002e-01 1.368310388584190518e+00 -5.545321410991636002e-01
2.893795108070654543e+00 -3.046675926104873144e-01 5.509659593402006506e-01
-6.855958681211732353e-01 -1.050723975128224685e+00 1.188663026327689609e+00
8.730147458232462299e-02 -1.228335890797246144e+00 -7.178515280603067761e-02
2.384784822606843768e+00 -5.941767445783112667e-01 4.640241314340032286e-01
5.615776140080539491e-01 3.688294951581842784e-02 7.746707701893231768e-01
-4.596626363859794839e-01 3.204212959007095018e-01 1.333893027083242755e-01
-7.960374632752439950e-02 2.521683097128630813e+00 2.136004997766788593e-01
7.705835785497398838e-02 3.773221665040058515e-01 1.894112398255433719e-02
-1.663700229121829022e+00 -4.013866951605140065e-01 1.560209443882558666e+00
-1.731077437993714829e+00 4.711515307962987342e-01 5.854140796662485879e-01
5.536592783883097502e-01 -1.475383734338219233e+00 2.281530458283580032e+00
-4.317597698376159920e-01 1.027386012574404539e+00 1.457537665529312909e-01
4.658904331084954831e-01 -2.172180381571200858e+00 2.982816118568289987e-01
5.088671172480487837e-01 1.598086454948456137e+00 1.120059418520872097e+00
-4.496382900505201952e-01 3.138869149054430707e-01 -4.846332945190170126e-03
-6.846069307323081610e-01 3.078080304947887202e-01 1.295865962922985393e+00
1.983160237288817740e+00 -1.231769360269568125e-01 -3.266220642571345256e-01
1.075633002674293959e+00 2.250403398996057902e+00 -8.716075204778398478e-01
-1.378854552038179193e+00 2.151438041273673996e+00 -7.754017590035456875e-01
2.306848422248271469e+00 -7.824569051413049481e-02 -5.612910419764338688e-01
-1.425303774247441257e+00 9.626802704560876167e-01 9.660891334671295461e-02
6.554167966029480485e-01 1.260111664391974640e-01 -1.174532201376828677e+00
