2.516449899473506946e+00 -5.052200816424294860e-01 7.920571059253163071e-01
6.785512005495664134e-01 7.103937201604797469e-01 -4.780004790853267793e-01
8.849571998137576445e-01 -2.647298391779377424e-01 2.063956188858298901e+00
-5.239790031077772303e-01 8.306702076755557995e-02 -3.650891891458531990e-01
-5.356423829922567215e-02 -6.439315110129349984e-01 -7.680250901608531855e-02
-3.674424810913440864e-01 -7.886772399992996174e-01 3.081831554313699817e-01
2.117271577726965504e+00 1.092290342966501848e+00 -2.174751757167711741e+00
-2.718416069406414115e-01 -1.463521447575956369e+00 3.062780281969435858e+00
-3.612915404891699489e-01 1.177251295829066180e+00 1.700512290259700743e+00
1.018509361049936279e+00 2.653511505937859449e-01 -3.037719061443917568e-01
2.421379017496717800e+00 -1.511025670828846680e-02 5.246273690335924167e-01
6.043411250609114216e-01 7.504272755460994482e-01 -1.550998551380039725e+00
5.477073372183181021e-01 4.362381848780291227e-01 -1.853826247483095990e+00
1.516399471154380452e+00 -2.648753586503791446e+00 4.867317332907574179e-01
-6.910365591749653147e-01 2.452119369827244100e+00 1.116017138191456093e+00
-1.199221933319078337e+00 2.372128781338684433e+00 -1.337556115915522259e+00
4.706637331329927565e-01 9.116789326383454295e-01 8.282089077212452244e-01
3.309178642785493563e-01 2.318097676225476800e-01 4.001933202096594200e-01
6.138478009162949833e-01 -2.935542922116486930e-01 3.892854772708295163e-01
1.493424720113575965e+00 5.981201322722342617e-01 -5.461693575154076274e-01
4.079430311107307694e-01 -2.383478627649278092e-01 1.115913952888970329e+00
3.598381677568117887e+00 -9.171255032556688280e-02 1.462747743260171873e+00
1.656744607848788409e+00 -7.602611511351989870e-01 -2.597263981173963399e-01
1.124953331051200101e+00 -1.233388414065290928e-01 -6.385860824688808224e-01
1.149740062225330428e+00 1.674928957230219506e+00 1.851377975495856587e+00
-3.070578444960216924e-01 9.629066081322399384e-01 -6.312294879846407358e-01
1.043478103511684019e+00 1.466556637604998103e+00 -3.114948970232834791e-01
2.145808472092519015e+00 2.084738860828627416e-01 8.061948421976832257e-01
-9.557853303728826022e-01 9.969845348596375612e-01 8.878896204857414931e-01
2.237664787811266542e+00 7.107220884920368853e-01 1.422704642023836952e+00
