-6.257303458696306109e-02 1.936241673862856283e-01 1.159663912895221305e-01
6.930436070021835926e-01 7.513814329510177803e-01 -8.285228393911505673e-01
1.387008494661260638e+00 -9.331185829704504719e-01 6.945287610326311700e-01
-8.711315725229454854e-01 8.312672675162446900e-02 2.219644468564105466e+00
9.226038562903570162e-01 2.517142040942397241e+00 -2.478100559760647581e+00
-1.826812978332179593e-01 -7.711039580676503080e-01 -9.721132859739830545e-01
1.062828350177406289e+00 4.140266637682485928e-01 -1.711252443448633587e+00
8.541584487463087516e-01 3.931834436134292732e-01 1.656472299466446252e+00
-9.568352504946262549e-01 1.298955221488308498e-01 7.673389248981561384e-01
1.100841514372620900e+00 -2.278177123413531735e+00 3.394609945204748458e-01
-8.418028019953903707e-01 2.315906947355445000e-01 3.134805588118906861e-01
1.796311314262573344e-01 -3.924172498550078103e-01 3.492656468109535117e-01
9.583962658211409025e-01 2.937957742014603024e-01 -1.112607243661738465e+00
-1.022419126863447492e-01 1.133250782832639025e+00 2.943602512950090899e-01
-6.955595126734557265e-01 9.502760104368489502e-01 5.257502049464369831e-01
-1.003269894199483536e+00 -2.030700003726752634e+00 2.376138164247243445e+00
9.866649675833962796e-01 -1.489062481564382256e+00 1.417283072876397432e+00
2.092047469941476834e+00 -9.808171376305774292e-01 -2.911867011100858771e-01
2.706458492402210592e-01 1.963795301357205592e+00 -1.274812471621314058e+00
7.277899632781961170e-01 -8.358224102773993414e-01 -5.205052986895291472e-02
-3.451779210659995378e-01 7.341571195083309576e-01 -5.031747535130782767e-01
9.597934696011520828e-01 3.499887302903252895e-01 -2.891830770441717810e-02
1.040596457579487488e+00 -7.479111979537553800e-01 8.111622565856804190e-01
-6.443341086695497655e-01 2.336966452423307583e+00 -9.059609100073957519e-03
1.429920608072807742e+00 1.788163585471231665e+00 -3.003010044876066806e-03
-7.911553611630350868e-01 6.901794477106675263e-01 1.922898572917568494e+00
1.376067136749572040e+00 -5.900947566749040751e-01 -8.931987652045736414e-01
1.441245798282581481e+00 -1.843386134503795404e+00 1.854254524490525746e+00
1.464482621627823722e+00 -1.034903886970770737e+00 2.129741570183248278e+00
1.441695103934522937e+00 2.362433301175067557e-01 -4.520132766445755235e-01
