-1.168669374439656572e+00 -8.504075318380432957e-01 2.157074505993417102e-02
2.482406553351225176e-01 9.258260186760800536e-01 -2.386230355853134200e-01
-3.909654375206832455e-01 1.385159624481614671e+00 2.214425649203142221e-01
5.200548521199294116e-01 2.175519955897556590e-01 1.842232222666687069e-02
1.196614791299681180e+00 -5.684051372670834157e-01 1.399783495341089257e+00
-1.420655313905812012e+00 4.695323176973010271e-01 -7.224685823544970686e-01
-5.117851781413216283e-01 1.534171228732934544e+00 4.349169802627803616e-01
1.023004944824001505e+00 -8.031936632691415168e-02 -4.692992587361772827e-01
5.972396659337353420e-01 2.032331451390172461e+00 1.968646546826520183e-01
1.299634805485463396e+00 9.701737279444156981e-01 -1.540723421533223503e+00
6.767835851974296490e-01 -2.322551654553030864e-01 7.319437908839033780e-01
6.776352743415665625e-01 1.040416435037010423e+00 1.592015761486755387e+00
-7.609653704599137480e-01 -7.957847698708162554e-01 6.307464244249054719e-01
7.467382353392392202e-01 -3.926622852910749417e-02 -2.001579345205715121e-01
1.521795303351650031e+00 1.670550375332367166e+00 5.637815438877445962e-01
3.919361525681327452e-01 2.924811275680486711e-01 -3.777242841043745303e-01
3.064914490170512207e-01 1.277875970766261249e+00 4.194797996737013035e-01
-7.018521541174335687e-02 4.403937218044331914e+00 4.464776153154922933e-02
-1.042696359595461919e+00 1.097783146951083033e+00 4.707062895808412084e-01
1.404558722339958321e-01 2.210946385713714601e+00 1.253769942786318037e+00
1.596134557791136110e+00 6.718102960855552030e-01 -1.618115521814604829e-01
6.036966858365575561e-01 1.588762870739991895e+00 -3.540027874139824338e+00
-4.995935479064226303e-01 4.275745099685102080e-01 8.023308643932565154e-01
-1.681409314315311931e+00 1.726195841366562345e-01 -9.882441003919528733e-02
2.565971112897213469e-01 -3.483400193116292787e-01 8.223974951950937529e-01
-1.324419900936295580e-01 2.074288018637439723e+00 2.410022498905091959e-01
-1.610093365129458665e+00 1.726689298366191005e+00 1.699202654808673607e+00
-4.378076284091242387e-01 2.879669585029978052e+00 2.949883457719073079e-02
-1.374427357218332757e+00 -6.822780404011408173e-01 2.536574674662410267e+00
-8.236404160138269814e-01 2.174961633892164015e-01 1.469011771459050930e+00
6.025971235287806982e-01 1.553540412234599044e+00 9.141577643983971324e-01
9.493266850984776184e-01 -1.002043214571213037e+00 1.210814397298457745e+00
-1.980227170044100704e-01 1.044570211135088966e+00 -1.288169825428985282e+00
-1.408781371061458287e+00 2.048379476385219000e+00 -5.882625625065514008e-01
1.132504250259954715e+00 -1.087083178728165400e+00 -9.071380046978092526e-01
-1.639762224663657397e+00 8.791195953550983155e-01 -7.131312820421895626e-01
-5.009044685206907044e-01 -1.166564077344114381e-01 -9.952325953027751915e-01
-2.562188858534168112e+00 -2.597054621323837686e-01 1.150250845137682498e+00
-1.578304392472041462e+00 5.510452157313391330e-01 9.176970640755132136e-01
3.141016612142101261e-01 2.366311852913042024e+00 -1.178530154525335494e+00
2.281333513368110077e-01 1.304602642534118617e+00 1.341383135421446160e-01
3.380595652432363263e-01 -6.555860764396159723e-01 -8.268542263052548746e-02
1.295457129334040447e+00 1.502328954852808041e+00 -2.556130617078520850e-01
4.377096629023345953e-01 -2.687137226931011758e-01 5.210266579162306511e-02
7.303121758766127902e-01 1.659308144687470898e+00 1.865807021102659613e+00
1.268512283226797432e+00 -6.590686207599532054e-01 -1.184989787524425964e+00
-8.663166295203372780e-01 -1.861286058986408642e+00 -3.892813955266305470e-03
9.435599035696252967e-02 -1.528056092325970727e+00 5.139903833626784380e-01
-1.153293385994621778e-01 1.325894139223190216e+00 3.348572797166529114e-01
-2.899609982269048536e-01 1.407521780336336015e+00 6.001856725661605108e-01
8.041243491566985035e-03 1.460376962116846533e+00 -6.015835812520101827e-02
-6.499788979307699055e-01 1.243044938679069622e+00 1.015896182674619563e+00
2.711781066673624174e-02 1.427712481514976373e-01 1.948027260158452290e+00
9.630723563827199296e-01 1.216903256613958373e+00 1.748380095382500832e+00
-4.549213423478128959e-01 -1.358334585260078997e+00 5.297093952059467314e-01
-6.007750913857233810e-01 1.233493220884421815e+00 -1.240071769485063147e+00
6.678442885414495045e-01 8.451212212753897446e-02 1.355583712239606164e+00
2.329154902257279058e+00 6.832710384543616566e-02 2.603834325593679111e-01
-1.487190810086289616e-01 -8.608531981741371908e-01 -1.374323002674108896e+00
-6.141081027332655484e-01 1.810014301676841963e+00 -5.855060605004955843e-01
2.256411986350006060e+00 -1.410274276992893872e-01 -1.780703696689274862e+00
-1.003485114019548430e+00 -1.291547349060897298e+00 1.936272277344183390e+00
7.166320252568356697e-01 -2.844303122323475416e-02 1.648094174907992038e+00
6.025489987966787808e-01 8.764445586389052467e-01 4.055973964964805778e-01
-9.104431283183368473e-01 1.314406511087514939e+00 1.535324863282251151e+00
1.790281404541931076e+00 2.707954097341098265e+00 9.750525626441011173e-01
1.186585007722576579e+00 1.493287864120871111e+00 1.460552490536760395e+00
3.704749386851666770e-01 -1.149553877867538709e+00 1.650189635135855593e+00
1.781190093907995653e+00 7.943282897272107013e-01 -4.018354745286719654e-01
-5.997707377538230578e-01 1.380258597445840119e+00 1.774708632528469165e-01
-1.499098165162374707e-01 1.400126056457444257e+00 1.922942752172380199e-01
-4.074581775609910639e-01 2.206325546225555101e+00 -1.687935041744306419e+00
5.133766753394479743e-01 3.227812412699235800e-01 8.176403792435563700e-01
-5.018505887050881409e-01 1.275741976334692218e+00 -3.188511388151284986e-01
-6.260225608387917084e-01 6.894033399531472872e-01 1.473010827344546803e+00
1.141106198212723299e+00 -1.097695422433566215e+00 8.302153548580917253e-01
-1.178184761628934485e+00 1.475994366331120133e+00 1.103494765929734944e+00
5.016347446107338737e-02 1.519320257498582905e+00 -5.380000410002686029e-02
2.361622268558908999e+00 -2.017807548933976958e-01 -5.057102675826736782e-01
5.592671223479451781e-01 -1.542129098979642787e+00 -3.897708241963664388e-01
1.150495176197183111e+00 8.734329411766835749e-01 -1.244451154651511071e-01
5.144967901706289926e-01 -8.888469894078270261e-01 -1.344943423377993330e-01
1.920978926631416117e+00 -8.034635713931281842e-02 2.718953541116720385e-01
-2.409372799621590233e-01 8.338905473295529225e-01 4.170123801253353690e-01
-1.071552260012604840e+00 -3.202542251441306553e-01 -4.697798359919258537e-01
5.390895760576238649e-01 -2.219719203476785696e-01 1.171846514488543267e+00
5.640795090019014996e-02 1.712731753120031453e+00 1.464094028679120522e-02
-3.724485479571967156e-02 -3.056557527978586153e-01 1.183729569427196315e+00
2.052063062733310517e+00 1.467474218555830712e+00 -1.242412369061148131e-01
1.926791986584232841e-01 -3.634925505943902291e-01 -2.345942526176625353e+00
3.456521190872652860e-01 4.651273146551901938e-01 3.834015462018779408e-01
2.368039210014953433e+00 4.400914810843833264e-02 2.286154499566826814e+00
-3.172993572694719489e-01 -1.847200013544617825e+00 2.949158994496338115e-01
2.094439770188309957e+00 3.738140987597572962e-01 6.257666323451439583e-01
-3.604891298152395063e-01 1.283788084365425464e+00 -9.422324261423624669e-01
2.285067004145413971e+00 1.588109481028522563e+00 1.436687892127691372e-02
-1.437408034692359893e+00 6.776537651817641228e-01 1.664416523816483640e+00
-3.367271724722931681e-01 7.035584242868501148e-01 -6.533349376775223760e-01
-2.538159705864388549e+00 -1.012723844549602736e+00 -6.626208841901192192e-01
1.054048680430033080e+00 -4.283301664658600294e-01 1.135108635927957632e+00
