3.950199408024699377e-01 -7.150346506144233949e-01 1.566970065068242546e+00
-7.783681214188385988e-01 -3.460332618667494309e-02 1.931650129679025147e-03
7.070666616442892183e-01 1.526136296210448107e+00 3.777074152798730045e-01
1.027475615399392694e+00 -5.258809901783262353e-01 8.210372077951105796e-01
-8.022321982615256974e-01 -1.060668654288478896e+00 4.607046237599559113e-01
-1.793014253853615125e+00 1.025776300180877731e+00 -1.723239599935600053e+00
-2.350316542942366971e-01 6.096628370229816712e-02 1.600617798469479158e-01
5.472463821949699048e-01 -1.182265509213948684e+00 -6.878361073494976274e-01
5.371197160794083381e-01 1.744404819265605422e+00 8.664443412302912373e-01
-1.015085060182072896e+00 4.096766747108380180e-01 -2.624628349958670892e-01
-1.557798721629179317e+00 1.557656057982142572e+00 -6.923089251932169619e-01
-4.258807949778680157e-01 5.419950589865399904e-01 1.321194561215207619e+00
-1.078006130175323873e+00 7.285718458372602013e-01 8.257951809783514729e-02
2.480880322580188313e+00 -8.880536941883739877e-01 2.383463611612995359e-01
-5.197090677397104841e-01 -1.031699638291786236e+00 -5.675850780670200768e-01
1.234411387669450022e+00 -1.473582768882647054e+00 6.831255013344132709e-02
1.202068770813882193e+00 -1.145832516194141171e+00 1.434890860401236257e+00
-1.008111499142915202e+00 5.187827434768532697e-03 -7.185135098728444580e-01
1.777581765921828483e+00 2.393974010719136514e-01 -8.285486697799782085e-01
-3.682457691563245650e-01 -6.747793558269937764e-01 -1.710028387031546637e-01
-1.953259083681501557e-02 -1.013963897552933258e+00 2.677543029994568169e+00
1.171300419807507431e+00 -1.019271322222242704e+00 1.092660837085997150e+00
-1.070971873384414685e+00 -9.775316049002910068e-01 4.130845971391217120e-01
1.778657628547990477e-01 -6.958577591593901879e-01 1.556167269442991552e+00
-1.242956144161553755e+00 1.987965582542382814e-01 6.263585829334306077e-01
1.667373925006675695e+00 1.120781151989677094e-01 -1.348640571097103225e+00
9.165126658210361044e-02 2.103532086795218081e+00 3.602261353203919381e-01
-3.155681155138141958e-01 3.723900351737001735e-01 1.960820637927401799e+00
1.948255654560716588e-01 4.033013573324683021e-01 1.383774549276315380e+00
1.326906766400825388e+00 1.394371805433092026e+00 1.003939386451862426e+00
2.378737695618379500e-01 -2.413575543258191125e+00 9.887534980020491471e-01
-6.021503472599308848e-01 -1.085535820457660616e+00 1.049844379593665167e-01
2.331429367646773443e+00 3.220982723859860397e-01 5.475051658075658079e-01
1.626113552606314183e-01 3.558567407355719414e-01 -9.961720553002623157e-02
7.356789765961295746e-01 -4.522871907300318739e-02 1.221013482836822206e+00
-1.786978300580064627e-01 -2.378833455466772051e+00 -4.394055055379604280e-01
-3.289464891135598368e-01 1.439392969202569095e+00 -5.408332943495456346e-01
-5.733641685021827472e-01 1.076778504086157273e+00 -1.306856661670487529e+00
2.228660001839068538e+00 -2.419534604947499723e+00 1.754378941635698352e-01
4.769190360230820547e-01 -1.620144726720343042e+00 -4.732448268154577087e-01
2.873963730381082549e+00 -5.853018961251017505e-01 2.331910024629711975e-01
-2.524075921475706918e-01 5.519497951229463961e-01 1.515479383138562230e+00
1.803473323271621354e+00 1.169799961915981568e+00 -2.014262691338745415e-01
-1.902103041046752097e-01 6.647026388055520263e-01 -9.163124421990950230e-01
-2.641573425222270566e-01 6.472049861472330967e-01 -1.449321797588096539e+00
-8.977264361021687344e-01 -3.038813395188724176e-01 -3.626345712715527969e-01
8.087686005749873397e-01 -9.844926524445781757e-01 2.071823462534410076e+00
1.196373170980280509e-02 -8.646727276188403977e-01 -8.229872553840940075e-01
-1.033186691880434438e-01 -1.020389849018498607e+00 4.811165558545462129e-01
-1.508105094743208641e+00 -3.964745287591719958e-01 1.939729207163088720e+00
-9.969590230570603007e-01 2.292817330581302659e+00 1.313112968657929702e+00
1.403275497841846242e+00 1.335884348379886788e+00 4.273225121330915810e-01
1.926073509242447912e+00 1.539403021332011179e-01 3.206648425901825195e-01
-8.373662035186478780e-01 -1.194713382272394320e-02 -1.308887890967701945e-02
9.796800172275884622e-01 1.293641394017192470e+00 -9.822603754500812689e-01
-9.227576330378482738e-02 -9.072763636967988710e-01 -7.310239809602343541e-01
1.215679860710624505e+00 1.049073764327468350e+00 -1.010098577994010594e+00
-2.267281372063336242e+00 -4.047875236693874168e-01 -1.221171038361565930e+00
-6.359707430830896513e-01 1.399402626305633612e+00 1.706525949310762957e+00
9.341309690241005326e-01 -4.305944795844579565e-01 5.900149279060438179e-01
-9.325352427081901041e-02 2.432516226650831281e-01 2.518580230648900242e-01
9.414368650538300631e-01 -2.598021430547593491e-01 1.011191550583270260e+00
-5.330288875886159961e-01 -2.163065016523699202e-01 4.644921396673311609e-01
8.556445061004425146e-01 -6.542856584832378308e-01 2.574866012613369337e-01
1.231126497900318084e-01 1.672848228642457524e+00 -6.350118872281624860e-01
1.037438204972134237e+00 1.306329560631806164e+00 -5.766138417601648913e-02
5.170229872280381889e-01 -1.585141338582580772e-01 1.754744644132504861e-01
8.411592188635642620e-01 -6.818039112998736107e-01 4.377211305658950669e-01
-2.435653260516734697e-01 2.542654402795968771e+00 -4.717722928234062141e-01
-7.739546498031334432e-01 1.493530110991950099e+00 -1.994925681816336338e+00
-1.518464281418010930e+00 6.002345979770218332e-01 -1.710450602473630177e-01
-1.844034396816982557e-01 1.015685728682530931e+00 4.392340200349532098e-01
5.346791867395120912e-01 7.920995944258821808e-01 7.077139493521827918e-01
1.452723875729620140e+00 1.015171794923293458e+00 -8.787893584549326675e-01
2.154179269052525214e-02 2.254738019615937505e-01 6.131200089923470875e-01
7.104370707874341218e-01 -2.288182015107855793e+00 -4.195600316232450666e-03
3.555832822012751304e+00 8.604071610839344464e-01 1.179740283023464453e+00
-1.435396914599289531e-01 7.157022698061957788e-01 -1.110646883962283393e+00
-1.278290630581351506e+00 -1.360874433916151593e+00 1.433501791981739215e+00
7.737742320465159640e-01 -2.199515241017373501e-01 5.723962719571551450e-01
-4.257604710584050184e-02 1.579998277423707798e+00 8.773933076480739945e-01
-2.359311592687875492e-01 -5.428583808579467984e-01 6.643918088988175485e-01
-9.455841697741501628e-01 -1.370918704287254819e+00 5.313186433839446332e-01
-6.057605294355823400e-01 1.025674873841704082e+00 -2.895830040720966947e-01
-3.820122287687397616e-02 1.200521535812970164e+00 2.953930658578839824e-02
-9.882442045988047985e-01 9.264855962136827605e-01 9.874387212001312086e-01
3.935114031335702756e-02 -3.975065432385526676e-01 -9.164096575032498748e-01
5.130189489226721911e-03 2.550994900820193201e-01 -7.128237991805191909e-02
3.746355113614137644e-01 -6.466720246859964938e-01 -1.951631845047114844e+00
-5.635217132481695756e-01 -8.146572224445523813e-02 -4.793696131949458650e-01
-2.223481226926315557e+00 2.360501118863840564e-01 2.279232925668063015e+00
-3.907484613872975188e-01 2.948398952440563381e+00 1.363839272368529087e+00
-3.188298846918045104e-01 1.533847874720460080e-01 5.060200047160106074e-01
3.127811289238559000e-01 8.031339766787175538e-01 5.249408276263773931e-01
1.579938250848052839e+00 7.432353677139404979e-01 2.815704556183415974e-01
-2.662786674115747987e-01 1.074213029202406799e+00 2.963491371163762267e-02
8.342914617745802452e-01 1.894208258521364874e-01 1.595543925640298566e+00
3.962846319527657535e-01 -2.476759667043897661e-01 1.264485199991870257e+00
-4.757671280140988168e-01 9.262006571646426156e-01 2.065789008423108974e+00
2.237307228097686895e-01 1.879661922980034316e-01 1.268573055538368410e-01
-1.178863981353100554e+00 -5.103334667921256562e-01 -2.695534718802794494e-02
8.844821039945885977e-01 2.424733308953355149e+00 -1.768042958769546757e-01
-5.942400223266146586e-01 1.295905636484956602e+00 1.347642636269555938e+00
4.398526781876844760e-01 1.315036168087845958e+00 -4.991795154283369396e-01
-6.662328159491713586e-02 1.626415199041685078e+00 -3.937312721808167854e-02
7.869207160260061062e-02 8.593148752688023473e-01 9.578467476910295098e-01
-5.181529854184311334e-01 -2.012270623476183906e-02 -8.991124017656184630e-01
5.405309499862687161e-01 -1.597470771723394467e+00 -7.407299688812861715e-01
9.509894580271500697e-01 1.305853629616680500e+00 -2.670175889273377901e-01
4.768573627308523855e-01 3.502828632137304776e-01 -2.282964285530916446e-02
4.234541245848771895e-02 9.732236395394147088e-01 -1.440541349325209941e+00
-4.105638115839833069e-01 3.165314992639574609e-01 1.848035202127779275e+00
3.378291053271156308e-01 4.981285068792593584e-01 1.520689771322488948e+00
1.153711076314774875e+00 9.868190701198505943e-01 6.435814733506491914e-01
-4.618338308334241638e-01 3.221087532732769820e-01 7.440248823252406662e-01
1.058261253211546071e+00 -3.709974037415742498e-01 6.971235099988192241e-01
9.533937289929061976e-02 2.577931250071491931e+00 5.970206947686143018e-01
1.575830396935002042e+00 1.679215690761235891e+00 2.683719060047672356e-01
6.579296709055750814e-01 -4.509552017692288750e-01 1.853270874602844565e+00
-5.867996680837645612e-02 -8.503923287898422778e-01 3.106596186100872181e+00
-2.330878348818346879e+00 5.163464082709265934e-01 7.134414173235603673e-01
-9.448231713213921523e-01 5.027427578689791510e-01 1.208015530229529677e+00
1.434454219924300222e+00 1.075304426129594537e+00 2.062907640796551034e-01
-1.599630338168639421e-01 1.190117666559491472e+00 1.751684281616565642e+00
5.067066577971145458e-01 3.355519478323301663e-01 1.305946249909829326e+00
-2.368178594228949052e+00 6.851884101088349110e-01 -5.105090471208112435e-01
-3.412964972294267874e-01 2.088158345137582916e-01 1.931060562052720586e+00
-1.943698211562213118e-01 -4.430070988434318124e-01 1.121169535043348153e-01
4.081373192962199914e-01 5.895462871637409570e-03 2.434612840762941932e-01
5.114166605489394168e-01 -3.274043540570800714e-01 1.781125296114859813e+00
-9.591298991900756299e-01 -3.460275137185072625e-01 1.446711911367002945e-01
-5.852957054791293467e-01 9.682410700932165826e-01 1.205801730766104640e+00
3.687543273412137168e-01 -9.737172385408444653e-01 6.693714746412607886e-01
2.382799648334425591e+00 1.602481908695785773e+00 -5.171971048859309583e-01
-1.830892976442177522e+00 1.168600157881786172e+00 1.840581264887703794e+00
-8.067541454115106925e-01 2.659154074071137241e-01 3.039300232291372028e-01
1.013138018529563311e+00 -9.448482499131474199e-01 -1.921860896518021278e+00
1.279628411823504841e+00 1.978293311002626842e+00 1.166805607863054428e+00
9.676927872246217088e-01 9.407901735815226152e-01 1.149912256320449355e+00
-1.625955878742223693e+00 2.511015045183671024e+00 3.652483268763183633e-01
1.158981214911241731e+00 -1.775671225643113305e+00 -2.607450820783679957e-01
1.090934837757101317e+00 1.575380151164920584e+00 -1.376392398961172603e+00
6.627374675927499847e-01 1.186630646318047599e+00 8.661358084488294251e-01
7.352128714989529801e-01 -8.979933671910007575e-01 -6.350171777353402942e-03
-1.386144079540288843e+00 9.656204415735580859e-02 1.568881163191873762e+00
-2.547612783849174112e-01 5.353475073365936421e-01 -1.003971276634175513e+00
-7.004241755025077953e-01 1.827548905678108015e-01 -2.360134410846481234e+00
2.137422241901735465e+00 -1.719419116875422038e+00 1.038821068085951760e+00
-2.208190792948572234e+00 1.017598988894003353e+00 4.364344654853933858e-01
7.510214080838987227e-01 -1.129819765130985809e+00 -7.659840066942535941e-01
-1.170415202149053480e+00 -5.898580447985215386e-02 1.294410602457169102e+00
3.314699340910613579e+00 -1.053240304558620694e-01 7.754455753102970084e-01
1.523784089236983608e+00 1.728515245563380098e+00 -1.163215872985875893e-01
9.096630482118718275e-01 1.303823621155019596e+00 1.934782436347774581e+00
-8.689349995305648555e-01 1.378720696995550554e+00 -1.899284056034727108e-01
-1.978767231064700594e-01 -2.897135715903922382e-01 6.094733783382485504e-01
2.744081921959728554e+00 -7.652990859237382981e-01 -2.033485904357167584e+00
-8.734352097944783067e-01 7.443017903138525737e-01 9.880697627803693983e-01
6.718699909595915454e-01 2.877373645878594233e-01 1.370742998602497931e+00
3.938789046597742649e-01 -1.263192676513130719e+00 1.993620088776068666e+00
-3.404014792619413310e+00 1.704637443060694757e+00 9.755232023237536687e-01
-2.434644074780165646e+00 -1.700019488936613588e+00 -2.233558044120326436e+00
-2.978285014867119718e-01 1.540498628860051511e+00 -5.971647500330202751e-01
6.608425560357991113e-01 -1.641197277030427726e+00 8.037193450477314594e-01
6.636155286739644499e-01 8.370823297471503555e-01 1.041850341529901414e+00
8.170062459447064995e-01 -1.428708377193184109e-01 6.233287593789565983e-01
1.822410583518539351e+00 -6.434392876405472528e-01 -1.086431613228161286e+00
1.518456987858001428e+00 2.479541699516490949e-01 1.390437116666362050e-01
1.213758652691309115e-01 1.543622403528839948e+00 1.140599408565392103e+00
4.711808225365099467e-01 6.615621865070352436e-01 7.086847850720636721e-01
-5.394683233583796866e-01 1.163492348009605770e+00 -4.672499794767224213e-01
-6.841963095757581936e-02 -1.230977035558435739e+00 1.687483886952519718e+00
6.056516004532799258e-01 5.255910375404839741e-01 -1.276361506595017126e+00
-1.469816795956214728e+00 4.046786072409896406e-01 4.287280521114835707e-01
1.068934994411596229e+00 1.590303414836329587e-01 1.034963545469277657e-01
8.476369305172110069e-01 -1.551567795507806879e+00 2.104937560729542578e-01
4.852647159018326772e-01 3.267398860426904972e-01 7.964815679922409020e-01
-5.761958059322633829e-01 1.883634621827731337e+00 3.481973630699365385e-01
-2.715463630798188865e-01 1.141898447837327524e+00 -7.540052164147886815e-01
7.338025503848425446e-01 1.962815159924315989e+00 7.591477825497787713e-01
-4.025981727888673922e-01 1.838046736457661590e+00 4.247658004510649343e-01
-1.365790409381672177e+00 2.161334338136384758e+00 1.156249108135092740e+00
1.146534054379267475e+00 7.798944900062507735e-01 1.912616569112284282e+00
1.510889822629059687e+00 2.836748370121746632e-01 -1.279755831194792914e-01
2.272387063738790403e+00 -7.724846521692535495e-01 1.722240260211850060e+00
1.734085598816162754e+00 -2.125441284970064626e-01 1.508639673887778754e+00
-7.787392870638518150e-02 1.329993208625243950e+00 -3.311473356622302217e-04
1.551963239441065623e+00 3.464680606916630268e-01 1.243577973515298307e+00
-9.935375529971357533e-01 1.122873949108404545e+00 -1.123532815740920787e-01
-1.042859527821996979e+00 2.004079446849464041e+00 9.391817232731720644e-01
1.489482397199770380e+00 9.480680270112498143e-01 -6.618312767221661286e-01
-4.032589435851635651e-01 2.190525286933877602e+00 4.964327969449905398e-01
2.287463409551905080e+00 5.997029060206354734e-01 1.395895645309081168e+00
7.682132557494035785e-01 -1.227786064010256251e+00 9.061920980488235022e-01
4.351966889670920713e-01 -1.121307026016877151e+00 5.643064001410158514e-02
-1.193385467412765744e+00 1.120229855272752317e+00 -5.747779911119106355e-01
1.067066527906056939e+00 -2.176188996753215532e-01 5.758578734384431908e-01
8.562543127977212398e-01 -2.462559478374123922e-01 1.318846668174462833e+00
-2.643288281221998215e+00 1.620758524686454871e+00 -5.905935372972487274e-01
-5.372991624525371712e-01 -6.428758869132011888e-01 1.557920165145571190e+00
-1.166926853665755798e-01 -4.044759990162875019e-01 1.139862899420822639e+00
-1.010301266395194020e+00 -7.856191207012332978e-01 -5.923309441042284157e-02
-1.309798987913905755e-01 2.153928915205154393e+00 1.815746640653860489e+00
6.670008920236563110e-01 4.975433842356470349e-01 -1.999538254984177810e+00
-7.157388434261381382e-01 1.051526709082978989e-01 1.522336420795948886e+00
-1.313318122530189869e-01 6.796876132239043633e-01 2.202991588755209840e+00
1.188200667296047452e+00 -1.362785923522834564e-01 -7.081745877229158638e-03
5.886732210056938586e-01 2.813945384823144380e+00 -1.030051179546736639e+00
1.092267933598297436e+00 -8.589428162244461262e-02 -1.795328374285847239e-01
2.382256509711362380e+00 -1.894064249978342662e+00 -1.053571459314339709e+00
1.129248753937688088e+00 8.686546830350788673e-01 -1.474079526491024916e+00
-3.578292049568171929e-01 6.815862357175065389e-01 5.137439763974582796e-01
-1.343352653214531234e-01 9.105342816532673300e-01 7.265506446759545378e-01
1.847437896140998070e+00 -8.537983276092139251e-01 4.761452964171983271e-01
-3.343808810245637586e-01 3.836857393744035338e-01 2.671575955749223574e+00
6.136609183172696547e-01 1.119882986640816203e+00 1.844850175239506562e+00
-1.859107896358688450e+00 -8.140693493480055665e-02 1.436565737606567694e-01
-1.022843695201147485e+00 1.371310983008226791e-01 2.920969157379171843e-01
-9.935515261992147185e-01 -1.812478718388354171e+00 1.111366976027230447e+00
1.472438791649085532e+00 -1.122550451897910834e-01 -6.707868041262906589e-01
8.829640157674820689e-01 -2.067745996665233954e-01 8.864361005933507620e-02
8.032109184304151439e-01 -1.945344213079347462e+00 8.769259692476260026e-01
9.358878621903384820e-01 -5.831764200595745962e-01 9.078882666087076947e-01
4.303514036464464176e-01 -4.255184254040870750e-01 8.046716756421993244e-01
-1.914967947777673984e+00 1.937117889267546689e+00 2.711719167931305741e-01
1.487872566016648967e+00 -6.414018631025630857e-01 -1.875828090405640580e+00
1.026447286002286186e+00 1.943656521475157994e+00 5.618307554498017803e-02
-1.056801129744437739e+00 1.383579122667584427e+00 -4.091452406745458292e-01
6.668372602163826768e-01 -6.937040936168503702e-01 -3.671884586803115802e-01
2.957613986265384409e-01 3.247809214800145838e-02 -7.185138714025794959e-01
1.617047169999533018e+00 -5.518069740902953324e-01 -1.078391295736727651e+00
-1.847058724938880347e+00 1.831024360352037750e+00 1.208288963530607107e+00
-2.359005374611502504e-01 8.522773609805778250e-01 -4.101582548724486688e-01
-4.752987989155723625e-01 5.675809050888114271e-01 1.013873478422774754e+00
-2.200654856412874949e+00 -2.787638409444586143e-02 2.410781747914860773e-01
2.004898787645235103e+00 8.534537169253857414e-01 4.659988944918211917e-01
-2.430794576037969557e-01 5.526116282248150213e-01 9.496053360002898458e-01
3.080101220223433245e+00 9.644931223608933513e-01 4.768517805828740852e-01
1.448125194815946815e-01 -2.003196960542718338e-03 5.915701846024984389e-01
-1.770563276016551502e+00 5.782771371063211152e-02 5.795826712351263010e-01
-4.986746227869092718e-01 1.037646212440932691e+00 -1.232264367957907947e+00
9.487371370235277990e-01 9.128098124325990936e-02 -1.381895750967742920e-01
3.446156654225983051e-01 9.983179647074563734e-01 7.179805146011273287e-01
1.820738817863102765e+00 1.132967703218240807e+00 -1.549590293717343359e+00
6.725926622788036546e-02 1.831136499133791951e-01 -3.357526573565394190e-01
-2.038427752746558852e+00 -6.143704460213346152e-01 3.711255685804620841e-01
8.833668691151593810e-01 -7.953846331565230798e-01 4.628603830700295796e-01
4.127473003456752498e-01 1.110143075785816613e-01 -6.655745876426925056e-01
-2.226588757852605571e-01 -3.130551595002963317e-01 -9.096244953170184999e-01
1.398472464029995255e+00 2.073487095190762020e+00 3.894441404493381720e-01
-1.984810265626003156e+00 7.234814272792368106e-01 1.841042003022564488e+00
-2.138142947462215560e+00 1.247436882038974959e+00 -1.884852886267177063e-01
8.914151308671141027e-01 5.407340126154769333e-01 2.251913423794828617e+00
5.716618966860360640e-01 6.474050911579172507e-02 -5.500173812928095263e-01
6.647925303109732953e-01 2.602187730218340711e+00 1.471768692708134374e+00
1.775060975489906323e-01 2.122715190011304820e+00 -3.170667223440351568e-01
9.710720778581306556e-01 -2.074736448062508121e+00 -1.631255884820737245e+00
1.216117362998105911e-01 4.416942895544793135e-01 -6.404394322443385246e-01
5.265792385052747715e-01 -1.056157894364105232e+00 9.959803555716841839e-01
9.786470195186131038e-01 1.542286321825538931e+00 -2.580848155520157686e-02
4.846513842118838622e-01 2.261390946558709647e+00 -4.672455600439667789e-01
8.419842243635236034e-01 1.813509740872296105e-01 8.465445029790027442e-01
-1.815304980757231679e+00 -1.377081443449482245e+00 1.451991991902104928e+00
-8.229305809029747731e-01 9.646039500047322024e-01 -1.837098509569804916e+00
1.565785041238563435e+00 -5.738131018386743998e-01 1.576362013703439313e+00
-1.909779943065604280e-01 1.429973790048660875e+00 -1.711062010490790541e+00
2.247797647445895830e+00 -4.386677577376507133e-03 7.474119899387561272e-01
7.456966526416064500e-01 7.517315299744420365e-01 7.518138668700835581e-01
1.825694161637542834e+00 2.160957616703317097e+00 -1.364172044986158960e+00
1.879762698567691570e-01 1.661156684122229166e+00 -8.977502056212561810e-01
-4.947261224646970490e-01 1.239138313572810457e+00 8.897470537518179512e-01
6.415141170151512640e-01 1.431755993391337967e+00 2.223249840453923376e+00
5.149878773165202928e-01 -1.406437828489295550e+00 -1.059256875791436681e+00
-7.202675055550443461e-02 1.049144587605549628e+00 5.820345310664514216e-01
-1.173553916600648339e+00 9.071737839803607484e-01 -1.435999321824889541e-01
1.033521349596997929e+00 -4.650414344328918093e-01 1.551580912932882583e+00
1.055287757019607975e+00 1.175582441076238105e+00 5.384137660766593614e-01
-3.475497685804175840e-01 1.093015939979614659e+00 -4.774014010782504092e-01
8.199952884800681963e-01 7.148896476015760282e-01 -6.928645184695867432e-01
-1.649378362673276088e+00 2.647244055191266376e+00 1.167643741180497852e+00
-2.872445793672188663e-01 4.660940484231409497e-01 3.699072223574347840e-01
3.560474429783094252e-01 6.474561013443195234e-01 -2.192182892201526290e-01
2.079434659022162679e-01 1.112980956112884279e+00 -5.806451672239924811e-02
7.153032222207287294e-01 3.219919016874013551e-02 -9.397126964433850649e-01
1.597925823730784956e+00 1.470385378060097947e+00 1.250041141465589589e-01
5.299980348317917533e-01 -7.388024627961765622e-01 9.743618371790494503e-01
7.159047309211725718e-01 -1.447990492481481817e-01 1.441602988435787269e+00
1.280250252713171166e+00 1.073309685922174905e+00 -7.497039000320685487e-01
-5.142260685931949737e-01 1.216277449396912180e+00 2.595577194455667147e-01
6.498425619015955890e-02 8.000904893417200014e-01 -9.529505695647944030e-01
-4.541661272306495856e-01 1.027322638558374024e+00 -2.031232203518624491e-01
-2.633742714396787310e-01 7.596054488162286011e-01 4.425996245177992172e-01
-1.619382262257687000e+00 3.041967712057787043e-01 -8.446531838904804967e-01
-1.490443358082160552e+00 4.720372452775020156e-01 7.618827225459021690e-01
2.024231586856903020e-01 -9.580172739416839001e-01 1.972802835707815561e+00
6.816501040848125248e-01 -3.696537596657107905e-01 1.041136591854612714e+00
-1.911750264159600476e+00 -2.003350586504726305e-01 -2.334949576037352315e-01
4.668476100067002754e-01 3.699198561850951250e-02 7.303080283659832417e-02
-1.351770381255587017e+00 8.964234412855157652e-01 1.050596276340774349e+00
2.757421318960439294e+00 3.132282418943932445e-01 -1.801410924079996367e-01
-3.101568036982314536e-01 1.470654529102764618e+00 1.086098971096440380e+00
-3.509973432085518041e-01 2.055491485377306304e+00 -3.271510216485120082e-01
1.297548824022903613e+00 4.426830491007340274e-01 -7.889271322334039382e-01
1.106439490713733820e+00 1.548683018232250186e+00 5.054568183008290028e-01
1.137315944291416248e+00 2.809258853768145325e+00 -1.201149322284293663e-01
6.530209965862978638e-01 5.278834122395555939e-01 2.691750404329599777e-01
-4.914186593193421437e-01 -3.411093495895169414e-01 2.253653884962906417e+00
1.349950345730610568e+00 2.177885233693952205e-01 6.479596648429601924e-01
-6.112988080838049898e-01 2.695899871921343838e+00 -1.962550752321430503e+00
6.989138482221264326e-01 1.418328676755280737e+00 9.951537031538040257e-01
1.074670728814500098e+00 -1.796119395583920308e+00 -8.878243673221555277e-01
1.668040140312651853e-01 -3.430952053022321424e-01 7.059196196528316758e-01
2.134681732448752811e+00 1.539943720465696719e+00 -1.951359903180183153e-03
2.131666735921591282e+00 -1.183100844456776102e+00 7.079179855362522922e-01
1.706943336380225273e-01 6.908333090682836630e-01 4.030369918152810760e-01
1.128193665259806577e+00 1.386072680504117915e+00 3.110595500517084333e-01
-1.074220272798845466e+00 2.265248594916299929e+00 -2.511373267394653164e-01
-8.420328111136271554e-01 -3.875950120591238335e-01 6.935395491825692149e-01
2.557619079789010819e+00 4.899451476269216510e-01 2.081558634163851895e+00
2.060451517726198833e+00 -6.535513632547578222e-01 -8.681262589704689114e-01
2.211536883211323357e+00 1.012710220701296793e+00 -1.257362724609177307e-01
1.616186282016702017e-02 1.303624027431252497e+00 -1.204790430135442847e-01
-5.388967072184782658e-01 2.145694278813196298e+00 1.562608913953643375e-01
9.308875145662285355e-01 5.076842253160568363e-02 -3.042176200042659429e-01
-1.760474955802723285e+00 1.823070107648507632e+00 -6.442765214161353393e-01
6.608794220584305323e-01 -9.457667483409699649e-01 3.155672508083728012e+00
3.544008900287788366e-01 5.782181548348960254e-01 2.331974828291221158e+00
7.378395634834444827e-02 1.976781206449803374e+00 1.442739923971687155e+00
-5.018904016094956066e-01 -6.113292837266759427e-01 -2.392156134173547000e-01
-1.056076377640730257e+00 -5.218088133390881289e-01 -5.874516376365787051e-01
1.106295673692577086e+00 1.456459070895733454e+00 1.476206534867788855e+00
9.208199179050591265e-01 1.029440970395091526e+00 2.620623863407866239e+00
3.741505071307592578e-01 1.785553769601643026e+00 7.074890924440780937e-01
1.069070080689044744e+00 -4.743391400528389479e-01 -1.863163320528739009e+00
-2.868862631172516942e+00 4.845170846225499428e-01 -1.522867075397490000e+00
-4.993969637974655096e-01 9.538071427553360682e-01 -1.007387967791187749e-01
2.601968126823863137e-01 3.222678016716754579e-01 6.415311683507840534e-02
7.785227280996810384e-01 8.588698623713331148e-01 1.895060973431573093e+00
2.237813649150983242e+00 -9.708178255955465241e-01 -3.719666782070974592e-02
1.269706597823131222e+00 4.837543098907749473e-01 -7.154118162106829493e-01
2.115175003511787777e-01 5.232249329574883978e-01 1.542829623675661566e+00
-7.963796142388073970e-03 8.327098798473848706e-01 2.417347180402656115e-01
4.987863450506981877e-01 -7.377637803887489021e-01 -1.137188191449667318e+00
-6.595725225331066088e-01 4.487552610064031722e-01 1.346660351006419010e+00
1.955212091527086082e+00 1.816281060697988725e-01 3.494503925663580146e-01
1.219635700858822558e+00 7.768966789443950693e-01 -2.849896622065186680e-01
1.827565584476403826e+00 -9.779517703404467799e-01 -2.497172540013510300e-01
2.350642437017052444e+00 5.817220040467103725e-01 -3.902411773923421534e-01
-6.796531817017192889e-01 2.889325480011390446e-01 -1.547817506050446212e-01
3.896511965870019800e-01 2.018119076857236571e+00 -4.859744461187753273e-01
-5.125888319106297608e-01 5.089730096126418024e-01 -1.912277589393358568e+00
-1.193032348747463445e+00 1.838249074981297693e-02 9.473895480677339831e-02
1.504878918565407453e+00 -1.307785564883822804e+00 2.155071371949088821e+00
3.045937932946329307e-01 1.887627196652633677e+00 -1.987538256317139540e+00
-5.028664325693649184e-01 7.816456990299069929e-01 7.048053165529400976e-01
1.725802436659318984e+00 -4.675472958794724826e-02 7.357450451735068064e-01
1.912003267605513757e-01 2.021998356465951829e+00 -3.185739772425401073e-01
7.112455494622591523e-01 -2.867752590406032476e-01 2.756356688144954385e-03
-3.812698226527563294e-01 -1.298209810197908931e-01 6.533726148547360779e-01
-5.152782786302744222e-01 9.799797728428460974e-01 -2.101016566989241663e-01
-1.183545334659714232e+00 2.080107122260748120e+00 8.571506153050854060e-01
2.983938775582461567e+00 -3.616697662423274950e-01 3.785333777907014530e-01
4.381547077413668889e-01 4.989538095357851644e-01 5.493703925260051690e-04
-9.761818218464831665e-01 1.365875835516622949e+00 1.173439738565917878e-02
-2.647481718040510801e-01 2.776992078143325937e+00 -2.446047641918620563e+00
1.276971508053236004e+00 -2.204027763105963489e-01 -1.328120905009662067e+00
-9.889002550268597425e-01 -2.284880780131661737e-01 -7.185689840216130664e-01
-4.187746645971448523e-01 -1.794138599455100125e-01 2.610395250355467822e-01
1.758382109268133764e+00 1.201837291460481766e-01 7.734674967410422042e-01
-2.688759174741860436e-01 1.961167759404376376e-01 3.298463714328484508e-01
-6.096792888715957259e-02 -1.046285482364526009e+00 1.979170025781746833e-01
-5.594834131095184349e-01 -1.282733168132640600e+00 2.062237772131210178e+00
1.192859580993584689e+00 -1.572773105959457851e+00 -6.352398182289489270e-01
-7.866209749911297067e-01 -4.429503912194998616e-01 9.198781024637709969e-01
-8.812018801448787686e-01 2.079018019933208450e+00 3.203112567007445066e-01
1.064457182458600659e+00 -1.194660171243696167e+00 1.521405184090018348e-01
1.451621427598180469e+00 2.009885021363560231e-01 -1.257842635446058122e-01
1.886688926250033038e+00 2.846898528148178453e-01 -8.305182994858768541e-01
6.596202854052366504e-01 7.858584417179236004e-02 -5.086893879614549085e-01
-1.000107539893836828e+00 -6.266197445621634055e-01 7.515387072479084996e-01
1.439920262284035468e+00 -8.860109862231747568e-01 -8.469957399790402075e-01
-1.017719168392446027e+00 7.383546287906337380e-01 1.751135392650140066e+00
-1.381405769136115624e-01 1.856435389057361052e+00 -2.399422986573893357e-01
6.863524450658704534e-01 9.828156197862344401e-01 -1.905760140569886796e-01
2.916395065131766273e+00 -1.949223525378561694e+00 1.179853697314019678e+00
-1.109511744636700915e-02 -9.294144559573596087e-01 1.880006829965882975e+00
3.639241901892652509e-01 -1.189786344460960876e+00 -3.451967842207819270e-01
1.390984411032335055e+00 -2.057978811728668478e-01 5.349232900823496645e-02
-9.480450290104673883e-01 1.282383992967577546e+00 -1.747370312581313589e+00
1.542113560139948714e+00 4.983930388535272593e-01 -2.611825029540357779e-01
-2.003344735363000506e+00 8.964157153082158436e-01 -1.512164640802925009e+00
1.518319905302663919e+00 2.492610146915406943e+00 6.885177237403409256e-01
1.878488959332978769e+00 -9.890706823724347840e-01 -9.806164275726447777e-01
1.205466532732224039e+00 1.881410322665057144e+00 6.412738843764312913e-01
-2.281180254187390732e-01 -5.864427357447788980e-01 3.997788769273465936e-01
5.675230534983077835e-01 7.474565245627310395e-01 1.695276427219391424e+00
3.686686370486027542e-01 -3.078520427830790940e-01 4.686135507744548234e-01
3.503221614761024144e-02 1.211557792148271417e+00 1.084428288458853862e+00
1.143394307676828703e+00 -1.083304537531987410e+00 -4.129449385439303288e-01
2.769503744011521107e-01 -5.067502592635685366e-01 -2.784311662019621769e-01
1.881054078947226316e+00 -6.984488461899371892e-01 1.224497256893546160e+00
1.377249935216033450e+00 -1.604304342193491495e+00 1.099228627492179866e+00
8.520066392288982993e-01 2.517544130626120369e-01 -2.373830809345954251e-01
-9.247657258726790230e-01 -3.156738389805541223e-02 3.796997628582535755e-01
-5.210942329352237223e-01 1.421693022731720601e+00 5.491930495246400978e-01
-8.550115850454851341e-01 4.191216635066590257e-01 -9.275322738239802911e-01
-8.118396524550952620e-01 -3.847685044371161323e-01 5.821356694431863987e-01
-1.530465530431306120e-01 5.085067020298355001e-01 1.729449292867295096e+00
9.405470766924020065e-01 8.290804133025465872e-02 7.418288754114752415e-01
5.517561213026908051e-01 1.220934516229410738e+00 -1.913660786901865363e+00
-6.860384634888642141e-01 6.893779162520551340e-01 2.729065157707665223e-01
-8.982569169366368955e-01 -2.573847609617576637e-01 1.132186801442932600e+00
-3.170688515063870838e-01 1.326752269905952068e-02 4.305287679064359052e-01
-5.474082711697749737e-01 -2.268796374278152506e-01 1.282747070097092656e+00
9.307095367939320907e-01 -1.362499913316208788e+00 3.984397546475358931e-01
6.565883110639760822e-01 1.305313676976748827e+00 2.725306781009800283e-01
1.121406913537374983e+00 -8.138726517940154670e-01 1.765576290226744227e+00
8.801321335814731306e-01 1.237026506594893105e+00 1.207967847078981194e+00
6.391493007040398577e-01 2.776259444772655738e-01 9.491779611239625769e-01
1.663602188094899237e+00 3.938498076532423453e-01 1.096193270895753358e+00
4.629326127246666256e-01 1.216524387728019185e+00 9.597694548134406700e-01
1.304475011652356242e+00 1.037314797650679354e+00 -1.027632751633505287e-02
2.175930340064162749e+00 4.667361883844534792e-02 2.270311428483043348e-01
8.010224996719623736e-01 1.186312401384154391e+00 -1.891351713057347339e-01
1.589525628318015249e+00 -4.016851776476614844e-01 4.579735679152821537e-01
-1.917160159224188531e-01 3.540767262537866111e-01 -8.948794052868817017e-01
5.701732651687750897e-01 -1.383872006673401156e-01 1.692547856804932360e+00
-2.001236756414059847e+00 6.798885296809986656e-01 -1.409829594428069210e-01
-1.603381317977729467e-02 1.845290064362757221e+00 -7.230520363848264020e-01
-2.115892330538414190e-01 1.628667840126684752e+00 -4.850725611744255428e-01
4.965525121741800052e-01 -1.476326156277613544e+00 -3.899970208685050732e-01
4.601579933568508141e-01 -1.551262136367909328e+00 -5.884922813908022299e-01
-3.862476360416305377e-01 1.728885224955562405e+00 -2.850501644486282959e-01
-5.696578338308108114e-01 -1.765330971316094510e+00 5.153589789647516906e-02
-1.709358050367840720e+00 6.683374007178571885e-02 1.229310721463960698e+00
1.927906637713242555e-01 1.465869357150082486e+00 2.346027877539354767e-01
9.532808029871020494e-02 -1.504275756826441990e+00 -5.585136188346849773e-01
3.743999444652112984e-01 -6.656237043598718373e-01 5.219700745896032057e-01
1.117895377881772401e+00 -1.066160637100396436e+00 1.855896359133714313e+00
-1.646736799940499374e+00 -1.564824811202486954e+00 1.552860067112239228e+00
7.947187980950872754e-01 2.618285307530752171e-01 2.881317232305642961e-01
-1.229767267523844909e+00 1.169516522012842730e+00 6.639461433276613311e-01
-2.171956621935293708e-01 -1.496442129996685022e+00 3.149341062793746260e-01
1.536216096781605200e+00 7.172553693366179317e-01 1.024123670951597509e+00
5.722967215435551536e-01 1.695384085502108507e+00 -7.756986414792453426e-03
-4.603469340494528717e-01 -6.609744951712240302e-02 2.117349826636889976e+00
2.063464900775763056e+00 7.848132764047448529e-01 5.072659968896007232e-01
1.461643044689342030e+00 4.238045421951328051e-01 -1.134032308812741530e+00
1.061935627291901607e+00 5.309806316852792030e-01 1.219883575042207680e-01
3.065117607602432237e-01 8.690726692066805814e-01 -9.823041457288257394e-01
-6.958129626334975670e-01 -7.482079495461775309e-01 1.102628882554304246e+00
1.710227513190799131e+00 8.219726074935166382e-01 1.922055704462223291e-01
2.113567520226207475e-01 4.796333980501283345e-01 3.814693257188015441e-01
1.169075512871982525e+00 4.737400574314962198e-02 1.694779665223784759e+00
2.517179594375667406e+00 1.523425691236497181e+00 9.381195757296506565e-01
4.907004724070130885e-01 -1.552361089433230978e-01 4.114017251850742296e-01
-5.845275685861550663e-01 -1.471397448690710208e+00 9.293649944735693502e-01
9.388859105369240510e-01 1.653174903408307361e-01 -4.477065354965942823e-01
5.187343624293471178e-01 2.788975263219250600e+00 -5.540178352527933697e-02
-5.397059971268981515e-01 2.266768119930997916e+00 2.703327861157349687e+00
-1.166897160877540696e+00 1.330258257647151776e+00 -4.993646451201724790e-01
-6.530824340462749733e-01 -7.848282080921262782e-01 2.814505482580763385e+00
-2.644008857473818530e+00 6.132861847797224097e-01 5.760696302893527632e-01
-4.783646397247253157e-01 -9.557437493117872940e-01 1.487000271974651788e+00
-2.005062025501958001e-01 1.796111533616777112e-01 5.691448482371725959e-01
6.206860953300440409e-01 -1.791852348176583842e-01 -2.431829506699201837e-01
-1.283576825567593005e+00 -5.689508861771032100e-01 -4.558467555392522463e-01
1.160062979212843626e+00 1.022775705216371955e+00 -7.327863064724330355e-01
7.376371639863797958e-01 -4.443286551295360653e-01 2.123353709455270133e-01
9.593403189262339481e-02 6.200073367097421739e-01 1.899776155698669755e-01
-4.463406043669921885e-01 -2.070964951312221081e-01 1.534736345499477350e+00
1.666887962435529946e+00 -3.774874925414803406e-01 -1.011160810247504926e+00
-1.622030322468853036e+00 1.455862723982448870e+00 -7.374203326784024570e-01
-2.695534549339528851e+00 2.993904278912177808e-01 1.597073846739346603e+00
4.028926534186192399e-01 -4.275660926049677096e-02 -3.077676768857621203e-01
2.247136018560521364e+00 -5.251328406784851188e-02 1.883742856713118030e+00
1.909243804217665985e-01 -6.795480958372502878e-01 2.132321562538757043e+00
-1.091932364702028257e+00 1.222692127005007956e+00 1.064950794794753186e+00
-1.694189647669015197e-01 1.266493085479860337e-01 1.876023482816627563e+00
1.205091622196951429e+00 -8.062519589502049611e-01 -1.843931935939236766e+00
6.858747221073486777e-01 -6.416187436335093475e-01 2.457155902836226646e-01
2.020832670363380323e+00 5.240483027622705459e-02 -7.718380014719402604e-01
-4.066456686157016165e-03 -9.711466124063143912e-01 5.882037677181252144e-01
1.306805405283284205e-01 1.855539822435312347e+00 6.920815964134120479e-01
1.472265918224328729e+00 -8.629623393616849825e-01 6.271478066091578096e-01
-3.148358526797536139e-01 1.237374306769618432e-01 -1.304327986639115533e-01
3.279426596799373539e-01 1.054986509129552052e+00 6.141629878006379384e-01
-1.455313720772335673e+00 2.396677667026289593e-02 1.216456274572981888e+00
-8.886809771810779690e-01 1.808106881381294162e+00 1.246928876524946661e+00
-2.245801318939956159e-01 -2.899289663451403154e-01 1.053378712767027547e+00
-7.830291585000758170e-01 9.066393553017102480e-01 2.410569124180667266e+00
-9.798048862962679406e-01 -2.928423363350264250e-02 -4.363658678070514441e-01
1.108211766204921123e+00 4.477962155165450819e-01 1.529290127805945920e-01
-7.752980380951710604e-01 -1.589336740143392657e+00 -2.668422976340727448e-01
-5.594329477564026210e-01 5.043361349232101665e-01 -7.901598509433047646e-01
1.820698096622124673e+00 -1.314238420315919864e+00 4.736872025854231283e-01
-2.874341854528681406e-01 3.976124998681381806e-01 1.384343593398209560e+00
2.627790138859075197e-01 1.285399108610610908e+00 1.444577208147228564e+00
-4.733914009425873454e-02 1.487717703263137903e+00 -1.137262901926762826e+00
2.037402751297598957e+00 2.274983246565151607e+00 1.712500384577980150e-01
1.464010237005840320e+00 -4.843284589942375429e-01 -1.086182776260857352e+00
1.598491886927885797e-01 1.642957926078750130e+00 -1.047706947808591860e+00
7.723735719928881416e-01 -2.262525853021851052e+00 1.946188682006947113e-01
2.102429904509954373e+00 1.007597214070933722e+00 6.340491376256490730e-02
1.126529393362912579e+00 -3.779220289029864288e-01 5.804506693468013401e-01
-4.730147316199109775e-01 -1.689441877273760939e+00 9.091805302707094416e-01
-6.766158558720769545e-01 1.232595205443766107e-01 -1.737227837569199629e+00
-1.198215958821136740e+00 -1.497374601676146444e+00 -4.915800551433591181e-02
1.464260456230664698e+00 -5.954164146280250813e-01 -1.080036333208772570e+00
-1.422443880706692199e-01 -5.798413867440248559e-01 1.654239751585214524e+00
-3.959120387762077864e-01 4.403874183321026536e-01 2.239293661025435700e+00
5.847270153517248881e-01 -5.409277092936504161e-01 -9.314627306312965871e-01
2.730056593305673629e-01 1.074100022353425610e+00 -2.169493650824145803e+00
1.524737515698527890e+00 2.250265301731081635e+00 -5.364364215382660950e-01
-1.976016751148251122e-02 -7.340411020405581688e-01 -5.464583500064316146e-01
-1.776509648394739793e+00 1.360812790726531940e+00 4.258706083774015938e-01
-9.408064402673171900e-02 -8.489503868376329088e-01 2.939023992376541550e-01
-2.085014835894247742e+00 2.745744122863539971e+00 9.912616828317114548e-01
-1.398657473639199345e-01 -1.701465639263639806e+00 2.884328150130334834e+00
-3.825924196878811856e-02 5.918360365501494913e-01 4.008454396862102254e-01
-5.323768270160429417e-01 7.424346693795219609e-01 -5.050235329712007282e-01
7.625475263211353161e-01 1.428498876237467963e+00 1.056832129220767413e+00
2.119716942778180346e-01 6.106550811584648963e-01 -3.123427803782861251e-02
1.169351114894879418e+00 -2.120817441915011925e-01 1.654200786843419202e+00
6.596071711808559890e-01 3.115375666046556469e-01 -2.170053117041079171e-02
3.258073858610480711e-01 -2.422655567309790037e+00 2.079155432101034151e-01
1.395066459540585946e-01 -5.707319081879093092e-01 4.580656483519671696e-01
3.336173506494593433e+00 -1.384415767640083672e+00 -5.862878656574068703e-01
-1.366249233742814928e+00 -7.902782011334708034e-01 1.734691652757172520e+00
2.754500012648420371e-01 8.220930142222112602e-01 -5.102184344572422425e-01
1.436124378681695068e+00 3.910288681501426500e-01 -9.797267801441712498e-01
1.350631897043576668e+00 6.718536519687887676e-01 5.303427754061362798e-01
-1.261187784319583782e+00 -2.445590579025338773e-01 -1.235423899876600284e+00
-6.899206147964735969e-01 -3.445606464118297074e-01 8.831555500388235114e-01
1.529167080005186419e+00 -2.493223774995826592e+00 1.193949124987020216e+00
-1.484063587835923403e+00 1.328897617695816935e+00 -1.046168145842813813e+00
1.584213390382964048e+00 1.261428452637196385e+00 1.302108816278105152e+00
5.089969003461869423e-01 5.588060847596956204e-01 -3.714144074063373546e-01
-1.707957431886504285e-01 -1.433292928108390818e+00 -2.356525585195198835e-02
-3.142822392097848749e-01 1.938627012130927696e+00 -1.875312777857416346e+00
-1.707132725263781070e-01 2.212897262248267882e+00 1.098039407697378511e+00
3.637155018299261799e-01 1.393909906256540765e+00 -1.224902451796480995e-01
9.792006365803990198e-01 -9.163949192981590830e-01 1.399192449227880886e+00
2.290978201196134378e-01 7.421961725826410339e-01 -2.371251123328170340e+00
1.806521931516982260e+00 1.038288785040999418e+00 3.269272562303445762e-01
1.562976568697203472e+00 2.476068165731218906e-01 -9.758339538319346085e-01
-2.492416480788142152e-01 8.753652103710374277e-02 -1.662801763626349905e+00
1.937708204460369510e+00 -7.952803778735124673e-01 1.197339591502872391e+00
-5.904516147836033069e-01 1.615357117450342272e+00 2.627843100074757632e-01
-3.293491518580784483e-01 2.158253066477034299e+00 1.284193167692546877e+00
6.248476137698372179e-01 6.768452491712343422e-01 7.804120891297167129e-01
1.846470881429649102e+00 -1.287090972591301286e-01 1.629856280728321671e+00
-2.460356545895378222e+00 7.041975162693812074e-01 2.297104106181866445e-01
1.308099912017724131e+00 1.850348274119295311e-01 -9.816920607727185333e-01
-4.868532587205910978e-01 -1.129606667279062560e+00 2.228640755131345408e+00
1.877492013998858456e+00 -1.708943939339444551e-01 3.187777011101291524e-01
6.714320079129920682e-02 -6.189599245121985005e-01 -6.492301908194797466e-01
5.212684597585712787e-01 6.158099763376023716e-02 -2.314321279714569302e-02
1.041671708338027136e+00 -2.108527441644895417e-01 2.132630475526463842e-01
-3.160334648352136067e-01 -1.003146430194524541e+00 3.214773816445904764e+00
3.520739703585012981e-01 5.546883478215605123e-01 1.021700826378123761e+00
1.835048618053479075e+00 -9.740349467898178348e-01 1.583918958744293004e+00
1.845327459991992880e+00 6.613955733240368950e-02 -1.628322048337314254e-01
-1.160676424273500373e+00 3.683003600770943242e-01 -5.044195940095208552e-01
6.204068435212689581e-01 8.850703768735651567e-01 1.799204510636694287e+00
1.112780472158593659e+00 -1.122491589540845824e+00 -1.006778764402290527e+00
1.405693343707433485e+00 2.220542796719379375e+00 -1.245853884596857114e-01
1.607933069418907124e+00 -1.347423965013918146e+00 -2.083431846194145481e-02
2.366311512650662863e+00 -2.728130073831256386e+00 6.703196239589472860e-01
-2.795580772072979170e-01 2.281535749676784519e+00 7.808417568750404270e-01
-1.456017861512317602e+00 -1.137919913510712311e+00 -8.939257341350033137e-01
1.094441845888874054e+00 2.549586671418888617e+00 9.494245250681070392e-01
2.082951675201621722e+00 1.594730740657358092e+00 3.668140188122884782e-01
-1.774752814290357084e-01 2.463243207462135764e+00 1.390268223727843866e+00
1.851344699665932403e+00 -4.123590918549220330e-01 3.738688014048682784e-01
2.649424165886345328e+00 4.671677766550857425e-01 5.484977199339741150e-01
5.714744263797877366e-01 -2.520358748591313702e-01 5.849141697714123067e-01
1.010614164325069453e+00 1.273788068165649046e+00 3.630509563604406575e-01
2.131230947535878162e-01 3.114019413088166655e+00 1.075235008167955586e+00
4.256459564208989882e-02 4.643541096776510058e-01 3.021826130676574795e-01
-1.293726651791281546e-01 -9.109042592902498736e-01 2.747857616509844281e+00
-7.061487189627657646e-02 2.012827372659359959e+00 -5.975262400887660919e-01
1.879808373676541411e-01 1.216768714736798929e+00 -7.757102144755749773e-01
8.684670179117561783e-01 5.322498462613097781e-01 -3.418431543865108058e-01
3.606995104377228034e-01 7.618642363928356254e-01 -4.670303811581139053e-01
-1.277186619238683540e-01 -6.450935008418404726e-01 -8.796846008880823131e-01
-1.339496612077523130e+00 2.775033044969121843e+00 4.006270855535389308e-01
2.040888422625463106e-01 -6.150557627429493746e-01 2.849535247247744207e-01
1.749839898441132302e-01 -1.615149338307819260e+00 1.183811042423966509e+00
1.247105782511372940e+00 7.726757496352235632e-01 4.916978988245672144e-01
-7.828562232808343735e-01 1.388753519624191801e-01 -1.140891345544044810e+00
7.208372417317739089e-02 1.256800231757476460e+00 -1.134353208302056881e+00
-9.424598652928246612e-01 -5.064293002109615527e-01 1.463516843839013593e+00
2.008581525813772917e+00 7.686338046096291565e-01 9.360046535042072513e-01
1.176788737834913778e+00 5.036692233681074882e-01 2.697120098654281595e+00
5.563676496614283068e-02 5.979199589630111999e-01 -9.526196749946613807e-01
2.226982563985431540e-01 2.452841520705751621e-01 -6.976547259650158761e-01
-1.369280491948865197e-01 -5.327446919976476236e-01 -2.253210536322862723e-01
1.047454538126208590e+00 1.232282015181663942e-01 -2.513543999649289207e-01
-4.380114948464240987e-01 9.796161141867024691e-01 -1.401345945808383009e+00
-3.324084129038752389e-01 -5.100871217383895484e-01 -9.294119750799145763e-01
5.161714259082456069e-01 -1.600150701253086061e-01 1.950280279630902225e+00
1.784108702569551508e-01 2.016149686276529795e+00 1.790048150962028961e+00
-3.879126733905525759e-01 9.245507296131839636e-01 5.372921188706007989e-01
3.986776008455395481e-01 9.657621793866808524e-01 -1.050086791508604511e+00
-9.885799158327547576e-02 8.317607812128943734e-02 9.253840719969870232e-01
2.570426708965532825e+00 -7.098774588967996513e-01 -4.010788033436811229e-01
9.220077908415903467e-01 1.011985930226749986e+00 9.119359573261133223e-01
-1.921572861594007087e+00 1.305188773641619893e+00 -1.940698630974853067e+00
2.463816606141344678e+00 9.709736126243190268e-01 4.378821345612119442e-01
2.057223448582127467e+00 2.238264915596476001e+00 -6.581177971164628437e-02
-1.535066217184946513e+00 3.685472208305347053e-01 1.307508273349559991e+00
3.942918772845800945e-01 1.312400919054494963e+00 7.158731707355662222e-01
1.376367248797844001e-01 4.784737915738548897e-01 2.814360257972397861e+00
-5.223696868242779789e-01 5.546389192455136036e-02 -6.230970930320967049e-02
-3.900859372704513217e-01 5.073758694042402873e-01 1.364669852503937797e+00
1.615997335775260391e+00 5.378264211878454049e-01 -1.170051265583836431e+00
1.667016174643860094e+00 1.249416950266597937e+00 -1.345853428540870311e+00
-5.487734877407165479e-01 6.928230322097057581e-01 -1.803130543743605013e-02
-1.529738256598710266e-01 2.032843496553206897e-01 6.975006397690751703e-01
6.808506475487073883e-01 -1.766368235108503715e+00 1.449775321160128749e+00
-2.254833923501187165e+00 1.546968508800635522e+00 -8.111017877927786390e-01
-3.737306535519976380e-01 2.224929021777510840e+00 -3.970846351725032530e-01
2.286327963472117197e+00 -3.717605331949056513e-01 -1.692839695058786731e+00
-8.131192929976562844e-01 1.750843515559673325e+00 1.531442574078791807e+00
-1.451471511358790822e+00 -6.746959682624419363e-01 1.807516306095846348e+00
3.551599777478806619e-01 -2.841701646069603737e-01 1.510879027125543672e+00
-2.585305214665295157e-02 -1.900195614150224088e+00 -1.678021260248496738e-02
8.825917890117873643e-02 4.338162509151683444e-01 -1.378517028793514232e+00
7.535207259309204542e-01 2.401577697429311264e+00 1.853080558931010424e+00
5.590714217304001421e-01 -1.282419053485339244e+00 8.783890185292436703e-01
-1.083157761926223372e+00 1.269585688501206899e-02 -6.235776712948819522e-01
2.709395449905160902e-01 4.793504533747209306e-01 7.195140812811123832e-01
-1.213455709888495493e+00 1.929553239969340472e-01 -9.313464853152081391e-02
1.015336674873690281e+00 2.980791418411822269e-01 1.978556510040399896e+00
2.940416440904430329e-01 3.187600513086386922e+00 3.618621407517787492e-01
-1.280278930512086626e-02 -1.503664336119183709e-01 1.712016728692522527e-02
-1.404272461495926994e+00 1.137507972572457948e+00 4.972677836140051988e-02
2.730125710896097235e+00 1.074996483776511358e+00 1.157924269191313721e-01
2.150297450002237376e+00 1.629967311608897074e+00 2.773721023194081203e-01
-7.279905821870922278e-01 -1.571031602903398827e+00 1.563492406807762691e+00
6.962530732803656752e-01 4.315330751275922028e-01 -8.441442959985695493e-01
4.672154787368435619e-02 2.545344298149358586e+00 -1.235162000416685224e+00
2.284098477679287476e-01 1.285715074363693811e+00 1.208050580063421586e+00
2.133837945967874461e+00 -1.898235078109996810e+00 3.559108662285835334e-01
-2.927643461470563757e-01 9.310038023291207221e-01 -1.380166692252746907e+00
1.103619121640135425e+00 -1.396845598306801106e+00 8.329060312986240611e-01
-8.148675984483537693e-01 6.992399336763437390e-01 2.010762614610702492e+00
-7.494719460626897423e-02 -1.206885576458367249e+00 -1.651320672061058481e-01
2.153083241555303340e-01 1.043035734840382922e+00 2.997429512255316286e-01
1.510937642512187207e+00 8.062209941211129216e-01 -8.074353793612224495e-01
6.500311953331260328e-01 1.764964513385359757e+00 -6.682652482280673212e-01
9.519259095413816762e-01 1.262881892806299922e+00 -6.865025187602460388e-01
1.153492098050761694e+00 -1.052658775491187582e+00 -6.993713766334667958e-02
2.239301938516888857e-01 1.434631451888658482e+00 -2.405037162551394159e-01
-1.771592831624444919e+00 1.038382115770350778e+00 4.937379835332066369e-01
3.727971267595258653e-01 1.729517717628104023e+00 6.879828413731715608e-01
-2.979686293257033380e+00 3.217904364516415594e+00 -1.688524876566355748e-01
-1.230796974531690874e-01 3.570684212312630335e-01 -3.361373558183726740e-01
1.058886165644977062e+00 2.503289020383743166e-02 4.691869861626367100e-01
-4.030546198834582539e-01 1.816934085278309796e+00 2.332851257471545647e+00
-1.970735251578783043e+00 -1.501621528839491404e+00 8.158126184427416661e-01
1.047238846350422969e+00 -1.568641740631469661e+00 7.914827163062942983e-01
1.082281570194332465e+00 2.379301152725543309e-02 1.258073594907666681e+00
-3.957829832322817265e-01 -7.304170589200136288e-01 6.826274490424192321e-01
-2.479543613902022992e-01 -4.510888520522466916e-01 5.154254231563664135e-01
1.363769390170665341e+00 -7.867185509355777429e-01 2.144606949267279461e+00
-3.525209752556247023e-01 5.964726655321557214e-01 1.676096031814207077e+00
6.457924451475816063e-01 -1.630627121789179013e+00 1.295941527088319445e+00
-1.422322750588997264e+00 1.014239962004792162e+00 7.749808179128346852e-01
6.914255005796198228e-01 6.423825856687698233e-01 -1.886276939097790262e+00
6.666402250576952682e-01 -2.232701461200498338e-01 2.632167164670264015e+00
3.918906890648885533e-01 1.579779270931875867e+00 1.925054210905368768e+00
-1.712226654378168900e-01 -1.108318018828279294e+00 1.493392878053919848e+00
2.824089339230980156e-01 -5.633886053895604817e-01 -5.498554895236084095e-01
-8.219577957744804708e-01 1.325199005972834687e+00 7.930900061378877153e-01
1.233448263122468358e+00 -8.068737712849957111e-01 -1.373943473084908717e+00
5.975563703657216230e-01 -9.049797923322087101e-01 9.507256876233513010e-01
3.289970282569721904e-01 7.158277931436277663e-01 1.302351404744331864e+00
2.914340275033993954e+00 3.969893031286155782e-01 4.359704471521668734e-01
2.042056660283155800e+00 -8.454631290574728952e-01 1.686547042984468892e+00
-2.896902746959558961e+00 -1.360144140254346268e-01 1.293149974004851765e+00
-7.856723319079604861e-01 1.303881912866813986e+00 5.785179832439085734e-01
3.313492353449466465e-01 -4.996436284869742311e-03 1.477285024283458981e-01
-3.002064279473595221e-01 -1.874729861172202972e+00 1.047055362953161151e+00
3.106315666775896212e-01 -2.118265428768517367e-01 4.420364157889358769e-01
-2.370129667637503879e-01 -8.365541427505399641e-01 1.476524981023563665e-01
4.454708103230844429e-01 -6.301428370357789466e-02 1.745356348422548998e-01
4.069982934938360941e-01 5.512707929759239622e-01 -2.697533707537611014e-01
-4.807449635186151760e-01 -4.838367415405417926e-01 1.387782194581112627e+00
2.883439709863725442e-01 1.072374093932426109e-01 2.315356539207099815e-02
-7.256477327831849511e-01 1.575082260139855306e+00 -4.836698613159307603e-01
1.395583998859374786e+00 -6.804743765414030809e-01 -1.233619751616773508e+00
1.941879129767849266e+00 -7.303424157186085841e-01 6.227269490501696758e-01
-5.448514108037558756e-01 1.546090595931891798e+00 2.274195828352453930e+00
-1.688735259110951681e+00 8.112062945411837589e-01 1.262088463175786268e+00
1.828164514893543702e+00 -1.503261408902931695e-01 -1.872639912355703318e-01
7.765368777413733659e-01 1.693547507147205256e+00 -3.656291713147977518e+00
-1.044786922018695829e+00 1.126494729757523267e-02 3.248315890337027056e+00
1.608956809160411838e+00 -6.448763369001743462e-02 1.147746457020045741e+00
2.438124329766107046e+00 -1.032241564517269117e+00 -3.864054658447957369e-01
-7.706182375684753616e-01 1.868841196987043873e-01 3.808993969385765510e-02
1.622587677199545109e+00 -5.748789977725377032e-01 -1.136736455098340780e-02
4.218225248737546007e-01 -1.116762955701314924e-01 -9.895715953269368370e-01
-7.018311741717500052e-01 9.896797178006198070e-01 -1.637759114313204423e+00
-1.371848767613519593e+00 1.640415509256518023e+00 -4.954651264487971996e-01
-6.366536403167518676e-01 -1.604355523274939799e+00 -3.375046813445070626e-02
8.298237852995899999e-01 -6.085372713129838518e-01 2.249603178023318328e+00
-4.517089870047263922e-01 9.547253608010268788e-01 4.854016678822917902e-02
4.829882395191134048e-01 -2.751027743259061853e-01 4.134222733063841471e-02
-9.273211329263197911e-02 -1.203286509081160638e+00 -9.119460687357489048e-01
1.803722032067849756e+00 -3.617052928356020991e-01 -5.838153655911861861e-01
-1.102832189505739358e+00 -5.850299434398611442e-01 6.782227252061140410e-02
-4.959802223305742608e-02 -1.851379096854021800e+00 -5.608831697063427768e-01
1.302855379715640138e+00 -5.723562802925498127e-01 -1.162070546492265599e+00
3.726808233341131760e-01 -2.142594358147216216e+00 8.616452248118847690e-01
6.530757208783799506e-01 -1.824622583250600449e+00 1.900493876297719709e-01
5.089039234687957602e-01 1.225612447139407424e+00 -1.452279801864274411e+00
2.208352295506957053e-01 1.509292760171004444e+00 4.758718305340078336e-01
9.015782173148182421e-01 1.572066119192023770e+00 -1.686343878152079201e+00
-1.605085542903399443e-01 -7.725975196350629015e-02 2.471674352188102386e+00
5.553226878289813095e-01 -1.708314667090644612e-01 -6.445777591292661812e-02
1.097886828872893350e+00 2.273706259942076091e+00 1.266675483354060550e-01
-5.103323368474491639e-01 -8.522241943663423358e-01 1.618224461640498602e+00
-1.461775764250045073e+00 -1.015273871397471384e+00 2.060935352524462694e+00
1.712373638178930513e+00 5.918209498950769420e-01 3.260065262226758409e-01
1.336279342072373977e+00 6.140384392545373826e-01 -1.385036081688080678e+00
1.437409101044024862e+00 5.877831742721832953e-01 5.287379358274199026e-01
1.464450834422299508e+00 -2.084092133208285957e-01 -7.035687421688611165e-01
-2.421404720033236146e-01 1.151143033864792331e+00 1.279767431098878694e+00
1.827722318040072569e+00 -8.366776806197161465e-01 -6.229722444029618389e-01
-2.811270909771885207e-01 1.298999018200078570e+00 8.505279958098239668e-01
9.172578491834930681e-01 3.842737434424284837e-01 4.783223464181516338e-01
-1.614756048147992562e+00 2.366862091843220828e+00 1.899352310710098690e+00
-6.712678641692531034e-01 1.244052520448408528e+00 -1.445658865601899157e+00
3.324620059604252442e-01 6.385844194150825937e-01 4.117345539447575531e-01
-1.166180566875915536e+00 1.557956186445863533e+00 -1.476281315024425278e-01
2.020509718351354067e+00 5.000021604360516125e-01 6.930231366795668313e-01
5.252257712716413840e-01 1.064054871224716647e+00 3.326169300788360261e-01
2.510064101509229317e+00 -2.557016524734647689e-01 6.983747419337605900e-01
2.005904472322257992e-01 -8.519098965577327487e-01 6.605512694286096442e-01
7.078708579288706115e-01 8.375138348642223729e-01 -7.553323855943195886e-01
1.992699631109544844e+00 -8.525534864358113030e-01 1.754396809970774740e+00
-9.979335323543536695e-02 9.400981049158744218e-01 5.316969272452420903e-01
-9.344944884093868698e-01 -1.055735415639507957e-01 2.214097932926897272e+00
2.992414519818499263e-01 -2.986533633207362204e-01 -3.791177321254252108e-01
9.965625919217566686e-01 1.634492670054139563e+00 6.994729918115845102e-01
-2.921351439157013341e-01 1.649309838875774314e+00 -6.179827722135604606e-01
1.334725171628327711e+00 2.359634047841711268e+00 -2.746805640619263134e-01
-2.828397290930254604e-01 -1.009192943254098029e-01 2.212576487565632855e-01
4.298216524113281922e-01 -6.032783825439413938e-01 3.200546161795573274e-01
-1.193267695343590784e+00 1.877070268892570226e+00 1.520824071671043054e-01
2.472842819816304605e+00 -1.876554203239065230e-02 -7.574485973652727022e-01
2.685820466293439068e+00 -4.777043351530598225e-01 -4.934397320188840252e-01
6.264601748772061773e-01 1.301625401234513868e+00 5.449028703080169844e-01
-1.114694617530735954e-01 7.579877445815739190e-01 4.221356210549960242e-01
7.622211451274498728e-01 1.882729668856056193e+00 1.862709219592359189e-01
-1.951778427865768606e+00 -3.684008871497700399e-01 2.236565337713365853e+00
-4.956877335877009072e-01 1.253022673700094236e+00 -1.405618070454979218e+00
6.160795443293877183e-01 2.159447945871409313e+00 -9.902506128160212251e-01
-8.507474605282573377e-01 7.190661302362162388e-01 -2.963578154940416653e-01
9.498893714994297577e-01 1.284803932649786207e+00 5.703438539069273228e-01
1.350138504421107388e+00 -5.694460391617664485e-02 -5.343338095353614703e-01
7.376775490930301826e-01 -3.725798006258118633e-02 -5.843636986753155682e-01
1.570632239682060893e+00 -7.035808466997274246e-01 -7.938322380208594486e-01
3.144348911361373178e-01 2.214059980071658718e+00 -6.109018686661386033e-01
1.657298538875237481e+00 1.164122451111254009e+00 1.446086749374861702e+00
2.803938337520337498e+00 9.264335333966624564e-01 -1.528019022203699562e+00
-1.296458880145048842e-01 7.968330063554266429e-01 -1.516038138576587535e-01
1.431287434863790509e+00 2.795945597217996070e+00 -9.484215331443700270e-02
-1.399546712579957219e+00 1.630737751522468137e+00 -5.016201575380501354e-04
4.444294360001705968e-01 8.641575832533289203e-01 2.359373588308887326e-01
1.090955376267177979e+00 -1.332336150618216974e+00 -8.421341560752139133e-01
-9.546198623231679781e-01 7.689109556495005160e-01 1.328954383977402287e+00
-1.208982869283246719e+00 -2.286966779388682536e+00 4.543046188052346501e-01
-1.650181086103414962e+00 2.199349824403327158e-01 -1.398979553335487069e-01
1.557226666055751441e+00 7.402627519303041081e-01 -1.608396938594678638e-01
9.409378994833050847e-02 -1.113043830324599304e+00 3.681420787063959810e-01
-8.645123647830457170e-01 -5.160174775988353169e-01 5.710812081186747990e-01
1.204034264869653370e-01 -2.409513069983316991e-01 3.363418647118895155e+00
1.486458398736675512e+00 6.515231145205977459e-01 -1.070272835661886801e-01
7.825859030081886436e-01 1.473619186248901203e-01 1.271571058539015420e+00
1.262558241650630464e+00 2.702434362076523433e-01 2.254810999568713781e-01
9.495727780619980796e-02 2.733688708785717569e-01 -2.112145630850248867e+00
5.103057087723772423e-01 -2.073100478801753466e-01 2.435310409678636212e+00
9.085349033354812864e-02 1.155071925549289447e-01 8.936376711792006766e-01
8.033487971601019906e-01 6.707527052937024559e-01 -1.223469489728045145e+00
2.709154978142230830e-01 1.205072566652917315e-01 -1.012349211004469396e+00
-3.773438685081141886e-01 1.261715815116180917e+00 1.259718484053119258e+00
9.274293723374823495e-01 1.107695054053218220e+00 -1.940312779386995368e-01
-2.596695367878379956e-01 -9.291676662118347751e-01 8.558492269416240195e-01
-1.049106927552762913e+00 1.798555742532469193e+00 7.767329905200191786e-02
-8.796916353292181245e-01 1.177766071060702746e+00 2.678953784194071375e-01
-4.047022599075377758e-01 1.675659747304694358e+00 8.553710657833547559e-01
1.779334910990485685e+00 2.161006615717198542e+00 2.053197469556364285e-01
4.625337796834642218e-02 9.097996462091031411e-01 -4.753310680255497522e-01
1.984585777055171807e+00 1.917230359528679373e-01 3.355449253464558024e-01
9.523092267513914022e-01 -1.077254281068887432e+00 -1.043997938398785630e+00
-1.098150194946680980e+00 5.001486434127579983e-01 -8.614245175875252514e-01
1.039873505294259592e+00 1.815497840946036057e+00 -9.475620704337506250e-01
6.525834754894898060e-01 9.832853842964429936e-02 1.271204434860959465e+00
2.074611884145681984e+00 -1.334378754343149120e+00 -1.570256190062501167e+00
2.456544275708242964e+00 1.728215188983496020e+00 -5.544002617634570251e-01
-7.890572682661305404e-01 1.524943057763018750e+00 9.258989276921426592e-01
3.002422639859727571e-01 1.285468145880001689e+00 1.357321820405573032e+00
6.347867264172315505e-01 -3.198870619610966193e-01 2.487473754562176786e+00
3.982516719004586814e-01 3.084311751171997962e+00 1.690590117972233575e+00
-1.447840183491597266e+00 6.070634494957596328e-01 8.539291745086151630e-01
2.006433356139263324e+00 1.584291991867628591e+00 -4.759786330184050396e-01
1.328581168063295515e+00 8.010066666247372957e-01 6.497063310300695838e-01
-1.104808572211958495e+00 3.014897111960358700e+00 -7.351248374317273515e-02
-5.277423187286960360e-01 2.255240248507452083e+00 -4.554266371066014729e-01
-6.416968502712802058e-01 9.177047892039016386e-01 7.039888825628302094e-01
1.946994794693401420e+00 8.357947719065655923e-01 -1.368228252040155635e+00
4.197337469264125764e-01 3.499163524072792519e+00 -4.605392350185124606e-01
1.861767426029142136e+00 -1.721673984295655879e+00 -1.187955031215446100e+00
-1.015604957347882475e+00 9.287007702173966095e-01 9.387447553688573754e-01
6.001221069188302781e-01 8.605494774000438385e-01 8.260548977660892023e-01
2.492790005623487737e+00 3.471304498339145006e-01 -6.371122086978564525e-02
1.160561965046667643e+00 9.745399477059235593e-01 1.003194741062866102e-01
1.479778709039692997e+00 1.325140830201232189e+00 -7.344336795314976296e-01
-1.475123271175868833e-01 -3.281479594538377897e-01 -6.549142497244446748e-01
1.686795750776740821e+00 -1.499733531988714175e+00 -1.002035766061715849e+00
2.096415440882023251e+00 6.811271181910136807e-01 -6.296291929428927681e-01
1.506359424251902572e-03 2.370983052164286065e+00 -5.273396478145118138e-01
-4.546086348964218371e-01 -5.159243766885968085e-02 3.829340793477148952e-01
8.799345360447199949e-02 2.062105036974400729e+00 -8.343710338702082785e-01
-8.713817381713968580e-01 -4.087809032607674919e-01 6.368573114908103738e-01
1.244668782332474910e+00 -3.895099436346618482e-01 1.008660318731953609e+00
2.383378701203986982e-01 -5.968557717708012911e-01 1.379263162258361763e+00
1.733399300068359850e+00 2.145785802520602470e+00 7.192736377697163119e-01
-7.311246335048585121e-02 -1.460200766228388014e+00 2.515177273732073004e+00
6.228911209902572299e-01 2.353628356407453381e-01 -4.928226900659802290e-01
-4.022161303122109843e-01 1.387461451162421699e-01 9.749110979955988299e-01
-3.135121658175842319e-01 -5.751250042455556821e-01 6.305004611924466262e-01
-4.970276867250773556e-01 -3.844435222144899078e-01 1.088498266307584617e+00
1.256425105335448773e-02 3.936235669518124425e-01 -2.036726224825256892e+00
1.709561224370065524e+00 -1.946169276170780227e-01 -3.731094144744862007e-01
-3.313382132544104297e-01 1.034116159047619554e+00 2.232362028382440577e+00
1.270890332700010061e+00 1.825522641197252494e+00 1.853281053628693220e+00
-4.664857329100224881e-01 6.844905040505595561e-01 -1.059995808619187851e+00
-1.606161188846607635e+00 -5.131368785479769601e-01 1.964909080073441006e+00
-1.150503851144455636e+00 -6.236299476649371787e-01 9.734538114983701806e-01
-6.928990946803944562e-01 1.592063821283275837e+00 -9.927647144880395735e-02
6.203426470828340422e-01 -8.928248277016100909e-01 -4.133303038173571919e-01
5.200473483035830125e-01 5.283729364494660352e-02 1.756302783388473954e-01
-4.413578774253597570e-01 4.329680844913974536e-02 -8.082625457984646267e-03
1.073660626038265731e+00 -9.927453066852944819e-01 -2.262972365103252947e+00
-4.918998084075671962e-01 1.520595509711154092e+00 -1.085891557869131940e+00
7.625559600993208065e-01 1.460366560948384684e+00 1.095394827162628593e+00
1.986587205936488076e-01 -3.239761207931628473e-01 3.239818519096943628e-01
2.069465514164201103e+00 9.700343070283427849e-02 7.838147927843459595e-01
-2.270992322640836766e-02 2.795054212386165471e+00 -6.059942951603145000e-02
3.632075711320060796e-01 5.621797159344642525e-01 -9.549101968323157885e-02
2.392204335735669041e+00 -1.077863792701080348e-01 3.992832462131216120e-01
2.240014549972941360e+00 -5.550252444131298368e-01 5.095765928389677235e-01
5.292229186718373501e-01 1.643869828722771820e-01 -5.404423710713812667e-03
6.110133163840321124e-01 2.458339608515124564e+00 -1.423349534929533103e-02
5.535953369197047502e-01 1.811131195359625412e+00 -1.077490143158154723e+00
-1.491007874914932918e+00 1.610103567579577843e+00 1.049551162909406754e-01
-1.099081927080138632e+00 -3.508103245091467176e-02 -5.997858874869437251e-01
6.736696027575871382e-01 4.221308195919661332e-01 -1.756373190564950448e-01
-4.112717119229780671e-02 -1.274261799011564333e+00 -5.182148812415520167e-01
1.707319787683149181e+00 -8.335875881971895884e-01 2.454755948908522889e+00
-6.017479545544426323e-01 1.893718920942072836e+00 1.748295896281713002e+00
-6.886202608629987676e-01 -1.813092518804922504e+00 7.464529332198821532e-01
2.302462924119607734e+00 1.323328670207368774e-01 -2.323302256911999208e+00
1.046465755590084479e+00 8.232513484667774994e-01 2.034145896481821467e-02
-9.669213241132725845e-01 -9.464937666954161832e-01 1.506184392594378085e+00
-1.015058119960280253e-01 -8.529262884416981549e-01 1.464494898797051636e+00
1.336530568923344875e+00 1.050938307971580166e+00 6.509787743702927232e-02
-7.778722786154291906e-03 1.754581654245685129e+00 -3.608567677945937607e-02
1.776340646591336281e+00 -1.800686691508129045e-01 2.490345922619317809e-01
4.683603184340322939e-02 2.291719876966109126e+00 2.712935640032840823e-01
-7.681409447343141572e-01 -9.941365116788167811e-01 -9.187506269478675769e-01
7.103468416914697769e-01 -8.157969647094173160e-01 -1.339201342915501858e+00
1.506077568408416223e+00 -1.561398020816059606e+00 1.409129210171379931e+00
4.967823261780752730e-01 1.224141250104741729e+00 -5.945514190887229988e-01
2.803117126753041921e-01 -1.309365985511270924e+00 -6.599863199037199202e-01
-7.097666626589710370e-01 1.637435779092386356e+00 5.432293328444701697e-01
4.709529575944322310e-01 -4.280129690094578998e-01 2.869119621721390345e+00
-8.018704878311606887e-02 3.903544274222307542e-01 1.219638220833939357e+00
-2.768313642653733808e+00 -2.478166041051241830e-01 -1.548866386997284073e+00
-2.218478288077111171e-01 5.821890729558343303e-02 -4.910182069262217230e-01
4.338465841240026766e-01 1.631885425452518579e+00 -4.603531837591431919e-01
1.059053882985948603e+00 -1.977433316648901929e-01 5.182331419185048915e-02
-5.457254271092391029e-01 2.152995578158225065e+00 -7.800568742865960914e-01
-4.779502155531563656e-01 5.835839086698308975e-01 -6.763678517036735283e-01
-1.568480555601344806e-01 -1.617868000285601349e-01 1.568808541051917249e+00
-1.722436071737544205e-01 -1.999287661804585836e+00 2.585089560067775238e+00
3.449366615365300759e-01 1.187542338718898360e+00 -1.523976737531645309e+00
-2.112573287069148709e+00 8.308533286159491826e-01 1.092398764979121362e+00
-1.188610118042915831e+00 4.595981854313103687e-01 -6.960059995068113015e-01
3.625286411794195196e-01 5.072889633716191060e-01 -6.819864326114059017e-01
-1.237626271095227715e+00 9.214975189385228305e-01 1.045439700858952436e+00
1.196582020916648004e+00 4.789042745837788218e-01 1.519412656487007407e+00
-1.375384691986749175e+00 1.125777402661735094e-01 -4.317135299791616809e-01
1.586694069515804717e+00 8.017362866070839589e-01 5.863156828748393723e-01
-1.332657993247706063e+00 1.039508283412396983e+00 -3.188526898678697430e-01
7.761801416620716099e-01 4.037945484827153431e-01 -6.177519355211856800e-01
-4.546573952100801397e-01 1.421866308196798045e-01 -9.037368537695646964e-01
-1.529158722450095764e+00 -6.196950272503998214e-01 9.798509039533768172e-01
4.474874399548028903e-01 -6.730880461886485921e-01 5.637008043582272254e-01
-6.449889199640058690e-01 1.745889083436935163e+00 9.806149274651652092e-01
-1.888560761421612111e-01 1.860284955408851415e+00 1.647016694943282289e+00
9.649876434297933736e-01 1.387880439948215416e+00 1.277392639228386084e+00
1.528090804536607727e+00 7.607657090497610408e-01 -5.518454335569719094e-01
-6.413089133345278858e-01 1.413053062272980664e+00 1.795263532833627274e+00
-1.537140555119514307e+00 5.185290312733819018e-01 -1.154328044046784907e+00
2.670252248625105462e+00 -7.614656956829549683e-01 -1.628137305000523782e-01
-3.465322084730741437e-01 7.472975116361613157e-01 2.391016994551342645e-01
1.106758607256728144e+00 4.812616872189677264e-01 1.345644357880248831e+00
-1.646173601889788507e-01 6.090735147261401305e-01 -4.509662080797871009e-01
5.680037383740001999e-01 6.265794823491926957e-01 -7.195931307269045618e-01
2.754339580876034699e+00 8.347401258437623373e-01 -1.183079274590373320e+00
-2.229758896832263915e+00 -3.973718700215687072e-01 3.350634219295528515e-01
6.892627355466066641e-01 1.094246360561697440e+00 3.261203584436797587e-02
-1.536818550973021891e+00 -5.365445752555100256e-01 9.386739808004620489e-01
3.123059161256028227e-01 4.079968277515343966e-01 1.464656770936511920e+00
2.735758106932892342e-01 -1.525918038743986127e+00 1.419216028701839605e-01
5.794609792588688579e-01 1.069982338615993456e-01 -1.261675593861266265e+00
-1.161278313972207710e-01 1.097830455216425083e+00 7.807074421810775711e-01
9.495755276797583910e-01 2.093029816749968131e+00 5.831680987549570094e-01
-2.064782187904622646e+00 -8.175340439077318777e-01 5.370149604488974049e-01
2.062656036582488639e-02 -4.721620540942113586e-01 5.276596719984580908e-01
1.149767770883026508e+00 1.805117894412802959e-01 5.653386728719000942e-01
4.288895011557907200e-01 2.520693103268067947e-01 4.465715458723984455e-01
-1.826383298587628934e+00 -1.447006873189679688e+00 -2.668275320828199515e-01
-9.185955843204034188e-02 9.168386179601077934e-01 -7.568314576446645292e-01
-4.757679250955655359e-01 -3.686220974021316432e-01 4.900761783982243713e-02
1.159498269071639998e+00 4.713791490211457491e-01 2.636623152448466234e-01
-4.823053349943114410e-01 5.868966932911952039e-01 -2.661588658957881326e-01
-1.820691493975199471e-01 -1.005067261105839327e+00 -8.738668201074325514e-01
-6.036320763519821275e-01 1.905230031348061459e+00 -7.952788327024810089e-01
-1.368249191177587643e-01 1.541415195847237740e+00 1.411112971776679048e-01
4.860909865399986596e-01 -8.362869644973318639e-01 -1.034771782581527244e-01
3.701651316071791764e-01 7.386207331798208542e-02 9.336300933161720828e-01
-1.366690487067132587e+00 1.204806709581449198e+00 9.133556099686923613e-01
2.545912612585990442e-02 2.624637013627157067e+00 1.057832831754402569e+00
2.475456358143355018e-01 2.855582474968026307e+00 1.262835471042298430e-01
8.472134347313993175e-01 7.876595549506301142e-01 8.263480635709194999e-01
6.131283218698688753e-01 5.594830182358858650e-01 1.526750072634052824e+00
2.066682784262073191e+00 -7.654547188064225738e-01 6.064591169085288280e-01
9.280510695918844921e-02 -1.244847434908127770e+00 -1.706361867293992862e+00
-1.852851614055916196e-01 -3.123204148335024244e-01 1.067533150996465396e+00
-6.853743238942374694e-01 3.000362210760952220e+00 4.223511406332556839e-01
1.648796194500982804e+00 2.929633771736113723e-01 7.795379056344697855e-01
1.461218291886285048e+00 3.069390570313351940e+00 -1.298478426270565089e-01
-3.207963090124809069e-01 -8.801370192390890468e-01 1.434989500672153362e+00
-1.049863966201139531e+00 1.738198060222542196e+00 2.084684854372565455e-01
-3.741736741422572177e-01 1.729249260256882526e+00 -3.176886120607742003e-01
4.161820342866719424e-01 1.014735983330870228e+00 1.104758061793574164e+00
-8.792488348005557119e-01 -3.796211687408337920e-01 3.325977519557721251e-01
1.302062996834297159e+00 3.620189716856743178e-01 -1.295668312551530921e+00
1.363015658207630487e+00 -5.768425865882107623e-02 -3.504191161329626159e-01
2.189987206404147457e+00 1.111401116190174454e+00 1.458475717502046187e+00
-1.801676701064673036e+00 1.718700058416168464e+00 1.034732374333680482e+00
7.527036872413459534e-01 -6.143799010488560919e-01 1.545771954255842351e+00
-1.759947182435026791e+00 9.851509822295264479e-03 -3.834735020083630541e-01
1.432087392226292000e+00 -7.979328450762511737e-01 -5.844499327648364773e-01
-5.031080607340366884e-01 1.147518415020038374e+00 2.170557420538070215e+00
2.651154269580524581e-01 -7.342623974541084841e-01 8.528341752521155783e-01
6.331412451446161160e-01 -4.844321397549276598e-01 1.257051623113688121e+00
-9.772113641741266843e-01 -1.473012917207148498e-01 1.653529154024873993e+00
6.925897796461967515e-02 1.145018987872339578e+00 6.061750006332971008e-01
5.802072306363079690e-01 4.296747349414244965e-01 2.045983305320818110e-02
2.409171091656077124e+00 6.617240986305725770e-01 -4.692826842250115149e-01
8.651180735508307018e-01 2.439508628168449711e-01 -1.367949381985561208e-01
1.796311773736284589e+00 2.425975101615950730e-02 -2.094724997196484029e-01
1.415199345632516703e+00 1.472453814511728298e-01 1.706333603851456937e+00
-4.537490927621793541e-03 -1.546369432375203912e-01 6.306519323382112630e-01
4.143186825930507688e-01 7.562537753461420209e-01 7.152026263522021088e-01
9.629866647073981323e-01 -1.412716886969067165e+00 4.984136946947548275e-01
1.726943887643813902e+00 2.274115973806791313e+00 1.801804760075597311e+00
-1.239904249086639876e+00 -5.926816387696631772e-01 2.996753598414683695e-02
2.115547999565645654e+00 -5.412264838667195654e-01 -2.621980052933536864e-01
6.989899933176739744e-01 -9.961012580877363076e-01 -3.225533383888396378e-03
2.332069087435006516e+00 1.040378182242905680e+00 -2.853245517045689406e-01
3.300619409132242721e-01 -1.105480801434671534e+00 8.998687833030778460e-01
-1.743858034689517611e+00 1.222841929516917947e+00 9.270613600288390987e-01
-1.463378925338035819e+00 1.974170416893998636e+00 -1.546129080205611128e+00
-1.271286513090881920e+00 -2.812917913557162475e+00 1.327067944611290295e+00
-3.795286975141178853e-01 -6.783131803914169700e-01 1.284886028755065412e+00
-1.446098047645860696e+00 5.362364518029238969e-01 -3.999117401395187454e-01
-6.521347442912460435e-02 9.537416328345049710e-02 8.925093405406565594e-01
1.118011176783780813e+00 8.938865162635521999e-01 -1.392843823818352478e+00
-4.368452075676406698e-01 1.901299277808193633e+00 1.285669795593661124e+00
2.823042286924783095e+00 -2.202651238633368980e+00 -1.385821063508892559e+00
4.302543906229534532e-01 -1.582389136527043938e+00 -3.732030326446056367e-01
1.583722756783112695e+00 -1.264767992353073689e+00 -2.083847143272203328e-01
-5.862252929697380210e-01 9.046344199087597016e-01 2.205562939242549647e-01
-1.137674168031622468e+00 1.629055677983011652e+00 -9.068816380360958940e-01
8.480166752867561719e-01 9.871546184699769855e-02 2.480535656206062534e+00
3.381858148968522881e-01 1.098140406753511877e+00 3.984015706229553366e-01
-2.841219597921254003e-01 9.741531962597416161e-02 1.074889778293058651e+00
-1.020136881472122115e+00 1.341279664572311958e+00 -1.019060356259537947e+00
1.808645902754928869e+00 1.041618580228269829e-02 5.975969722778387005e-01
9.296108480565422605e-01 -1.974559709272776908e+00 1.383568929562046801e+00
-3.282565540918102043e-01 -5.164759396410107950e-01 -4.919833227888903426e-01
-6.046418105208919425e-01 1.229934868767569744e+00 2.463392447544954234e-02
