9.360811114311218262e-01 8.019262552261352539e-01 1.183263778686523438e+00
-3.254779875278472900e-01 1.969990134239196777e-01 2.889034748077392578e+00
1.394779682159423828e+00 9.354383945465087891e-01 3.498426377773284912e-01
6.979012489318847656e-01 5.195037126541137695e-01 9.706355929374694824e-01
7.866646051406860352e-01 -1.330763339996337891e+00 1.272299289703369141e+00
-8.807172775268554688e-01 -7.776385545730590820e-01 -9.800025224685668945e-01
-1.185123398900032043e-01 1.749662607908248901e-01 1.092825055122375488e+00
1.150487899780273438e+00 6.142782568931579590e-01 -5.279482603073120117e-01
-1.968207836151123047e+00 -3.370188176631927490e-01 -1.815070748329162598e+00
-4.158228635787963867e-01 -1.921083033084869385e-02 -2.247395813465118408e-01
8.655635714530944824e-01 1.124993205070495605e+00 1.889235615730285645e+00
2.267397165298461914e+00 6.977364420890808105e-01 -5.455615520477294922e-01
-9.985963106155395508e-01 9.710258990526199341e-02 9.674319624900817871e-01
-1.243990883231163025e-01 -6.582794189453125000e-01 -1.027763843536376953e+00
1.021058797836303711e+00 -2.179028034210205078e+00 -2.036306560039520264e-01
-1.119831919670104980e+00 -1.149093866348266602e+00 -5.298055410385131836e-01
-1.209643125534057617e+00 1.672779679298400879e+00 -7.667593359947204590e-01
-6.168860942125320435e-02 1.127774238586425781e+00 7.123304605484008789e-01
1.182943701744079590e+00 -1.241463541984558105e+00 1.133096218109130859e+00
-8.693820238113403320e-01 8.425147533416748047e-01 -5.582805871963500977e-01
-1.782819986343383789e+00 8.013563156127929688e-01 2.659524440765380859e+00
1.035143256187438965e+00 -5.864536762237548828e-01 -9.687116146087646484e-01
-1.903212070465087891e-02 -6.734941601753234863e-01 1.209445297718048096e-01
-6.673581898212432861e-02 5.363296866416931152e-01 -1.403774023056030273e+00
-1.153001710772514343e-01 -3.008840978145599365e-01 -3.527722656726837158e-01
2.665053904056549072e-01 -8.627954125404357910e-02 -5.922504067420959473e-01
3.144359886646270752e-01 -1.004250049591064453e+00 1.606348872184753418e+00
-1.098427414894104004e+00 -1.568037152290344238e+00 2.274269759654998779e-01
7.138919830322265625e-01 -5.430907011032104492e-01 7.871782183647155762e-01
6.389702856540679932e-02 -6.740117073059082031e-01 -2.580423355102539062e-01
-2.850564420223236084e-01 1.012232422828674316e+00 -2.285914421081542969e+00
-1.006119847297668457e+00 4.149102568626403809e-01 2.981049060821533203e+00
-4.660539031028747559e-01 -1.599647521972656250e+00 5.310220122337341309e-01
3.382111489772796631e-01 -2.789975404739379883e+00 4.043055474758148193e-01
-8.525013327598571777e-01 -3.723058700561523438e-01 -5.488100647926330566e-01
1.960270404815673828e+00 1.857249259948730469e+00 9.556278586387634277e-02
1.028183177113533020e-01 5.593954324722290039e-01 -1.228015124797821045e-01
-4.412167519330978394e-02 5.360428690910339355e-01 1.411184668540954590e+00
-8.797131180763244629e-01 1.693468451499938965e+00 -2.674659490585327148e+00
9.987158775329589844e-01 -1.012162089347839355e+00 -1.285151243209838867e-01
3.442573547363281250e-01 1.009431600570678711e+00 1.414697885513305664e+00
-4.935027062892913818e-01 1.084339976310729980e+00 1.045446753501892090e+00
4.573554992675781250e-01 1.130527019500732422e+00 -6.561543941497802734e-01
-1.838180303573608398e+00 -1.434498280286788940e-01 -3.135364949703216553e-01
-9.598440676927566528e-02 1.564728260040283203e+00 3.747631907463073730e-01
9.398722648620605469e-01 -1.230344295501708984e+00 1.361924111843109131e-01
3.327934741973876953e-01 3.455832004547119141e-01 7.713631987571716309e-01
-3.009403049945831299e-01 -3.523714840412139893e-01 5.389346480369567871e-01
-9.772517681121826172e-01 1.038871705532073975e-02 5.616362094879150391e-01
-1.036242842674255371e+00 -5.613394975662231445e-01 4.942063391208648682e-01
