-1.580778859150786309e+00 -2.579203251561802190e+00 1.844387841223128266e+00
5.413048800858973886e-01 1.473576464052541279e+00 5.473377201452933605e-01
-6.636664168677999243e-01 5.554550514069206413e-01 1.084263824162895906e+00
5.506340671175085077e-01 1.916612754876553470e+00 -1.790956358707199714e+00
1.191546502640998817e+00 -1.230602199468794788e+00 -4.496517497654210493e-01
-4.584848436831782115e-01 -1.391058674379117122e+00 1.395054699208796878e+00
-1.472662053779297597e+00 3.729626986348433260e-01 -2.411112818636478305e-01
3.710542579365712967e+00 -1.794445173788332015e+00 6.083771989179067585e-01
-4.837054931604253261e-01 1.577301590435596701e+00 5.232822524072436865e-01
1.161553349389921497e+00 5.786715633470617126e-01 -5.762015365594040928e-01
2.501371027614167630e-01 5.601528326088576204e-01 8.730117447935344943e-01
2.963558079426646952e-01 4.259234793160787680e-01 8.827377074367716014e-01
2.435506367512161763e+00 -3.150074759159192106e-01 -6.207179997258005510e-01
-2.604278816829382892e-01 6.934088517068998092e-01 2.637910824095154982e+00
-5.211634419737122270e-01 -1.483817031001054776e+00 -6.349864511382093957e-01
4.224867050342400732e-01 -3.493148762489060033e-01 -9.308339381810587509e-01
-2.172998014097229813e+00 9.029799477496911475e-01 -5.167946600342492314e-01
-7.359294558387593499e-01 -7.210069895003601292e-01 3.088563312547439876e-01
-1.404316450683816830e+00 4.919401714884594767e-01 1.288252859716018994e+00
1.055865004604829904e+00 1.579526278524733929e+00 -9.345675833504180074e-01
-1.460269154695573057e+00 1.747607817885063808e+00 1.020249403594267079e+00
7.953107135180572662e-01 -4.284454961574516441e-01 -9.828430532345630022e-01
-1.696111436792608895e+00 2.013549758571293147e+00 9.170202699652121314e-01
3.493080875138079300e+00 3.444341750040369465e-01 1.002791485942758687e+00
9.682579103093166273e-01 1.258172676854244942e+00 -9.914734920739256552e-01
5.681185806923392256e-01 4.577906166594117865e-01 2.519324696543341902e-01
7.230075168060525748e-01 1.887278270872052577e-01 4.306381677093655824e-01
1.616026524957300481e+00 -5.554944421925027409e-02 2.842598254470231067e-01
-9.880853138528750135e-01 1.649282993824701185e-02 1.555611665257245146e+00
4.014914650255562711e-01 3.681175747677591925e-01 1.134220923890216781e+00
2.387271097315243340e-01 5.045905500342751093e-01 -5.562541426687012125e-01
-9.116018400400399679e-01 4.713717140457078791e-01 1.378274294095023667e+00
4.813967402760421788e-01 1.052881777852034739e+00 1.726569047148693858e+00
6.092618968056925377e-01 -2.263852786923048477e-02 -7.366847320278984146e-01
-4.105780447418705403e-01 -4.144101450520232266e-01 6.301742815376054629e-01
-3.780109139458960321e-01 8.883562712485213453e-01 1.946347710629119376e-01
-1.765556038271684169e+00 -8.229966127237122731e-01 2.374819593367504034e+00
-4.520378120214054718e-01 -1.641978246278514852e-01 7.960931862849528473e-01
1.461190118081931333e+00 6.656317217476712123e-02 1.364457372485186282e+00
6.060086923289064176e-01 -5.612541646170767784e-01 2.080860110922877926e+00
2.660877271097851771e-01 1.570954562067577998e-01 1.161665141233174880e+00
9.920378158923262024e-01 -1.544840182554977626e-01 -9.076314239339415835e-01
1.147332858668320910e+00 -2.458866360812388685e-01 -1.702116291820410521e-01
-7.557685656451925693e-01 -1.146230080335527646e+00 1.911664827260985966e-01
-1.030035665667610179e+00 -1.272899472579411162e+00 1.307239781397286693e+00
7.512934297674103146e-01 8.873729757042071453e-01 9.273562657493400474e-01
-1.053009446324668363e-01 1.725301555705166301e+00 5.206298891587854971e-01
-1.337123112397805791e+00 1.828562621026732227e-01 -9.164637059115721129e-01
4.125782188798123862e-01 -2.722363303487117595e-02 1.205624908313916777e+00
-1.902691591341981736e-01 -1.287812431931255830e+00 -1.693998891276555341e+00
1.971805364296445928e+00 -1.419030069330451838e+00 6.106824546701614675e-01
9.414027711295926970e-01 -8.127022593443276044e-01 5.613269186561959945e-01
-1.273326826069943962e+00 1.039468076614036507e+00 2.660051100497561993e+00
-3.930577501171222399e-01 3.405247157575382877e-01 1.597454728232134968e-01
-9.518059684321902858e-02 2.670617709845169330e+00 2.047538511540667461e-01
-9.635539015448493227e-01 8.313884201757093528e-01 1.373154646384125099e+00
1.646295808327849219e-01 -1.399062092195044515e+00 2.181415912908089449e+00
2.946679511590784006e-01 1.841570293678754799e-01 -8.123958220056937130e-01
-1.360248010064184943e+00 1.568128470781455341e+00 -2.027593008277599751e-01
1.300278202198023481e+00 -1.442801914937817731e+00 2.807981905064351746e-01
-6.419184455040956028e-01 1.834201577938632033e+00 -4.922960026064211458e-01
6.885238224160196152e-01 1.323859761811330582e+00 1.169309600590418663e+00
9.004558561543534179e-01 1.119554894584399607e+00 -1.860164213678004330e+00
-9.154256735102938025e-01 1.841257827296017169e+00 -9.174102609818323151e-01
3.758053926076189155e-01 -3.377582888130503669e-01 1.066018366692275121e+00
2.193893361709673417e+00 -2.811859722799465305e-02 7.481938879851857127e-01
5.439138514589203499e-02 5.530925531760385594e-01 -8.209628606298259301e-01
-8.146394854629369908e-02 5.458865942145987304e-01 1.407456790474465258e+00
9.929979623134095323e-01 -8.331651355121042490e-01 -9.018786605173002568e-01
4.661097724092859718e-01 -1.135798968354809979e+00 -4.405095299235706023e-03
1.163793937676050327e-01 7.187032505518726744e-01 -1.315736783014348932e+00
-1.906225863338133208e-01 2.174905144510189681e-01 -6.222340339212171223e-01
-8.677412081400347477e-01 4.611502854363110915e-01 4.268694505152941243e-01
-4.249784972832700292e-01 4.878519742879544596e-01 1.948477197069317102e-01
1.518730913723414400e+00 1.296261124244534546e+00 -1.431477321411804837e-01
1.016446167287031743e-01 -7.838482608649898209e-01 3.315378527216678028e-01
8.225148228459281396e-01 1.171610731062171951e+00 -5.841368064511869018e-02
-6.320725559253586034e-01 -2.083375778904105857e+00 2.505354470310151793e+00
-1.240665178694910331e+00 2.404348366652776514e-01 -1.131116964463239338e-01
9.204973312778461647e-01 -1.418442047551181640e+00 5.897695395638682392e-01
1.395508595253733164e+00 3.298275063572143617e-01 -7.362605685148349011e-04
8.877692379947295098e-01 6.881996313668852228e-01 1.771103934057303597e+00
-3.721865399683160214e-01 5.321511188768613954e-01 2.516585304609545437e-01
7.783973793437376498e-01 2.076734118835003307e-01 3.361774297982080273e-01
-6.950764284261597981e-01 -4.782677289184882885e-01 1.680468812485521379e+00
2.996645600228370898e-01 2.261165032395645369e+00 -5.644363262473448550e-01
-1.348541176841606126e-01 -1.259479359906537921e-01 1.723191163183148689e+00
2.509656592488980764e-01 1.711069094125395207e+00 -7.302073799293814504e-01
1.663699210237337134e+00 -9.575913156367749091e-01 1.867205603623975085e-01
1.034743909072961517e-03 1.168788922277403719e+00 -7.060398587539117310e-01
-2.259774480928315565e+00 7.351607503508326147e-01 -1.461161993652020374e+00
-6.009299811708652683e-01 8.299217718719843484e-01 2.105113332552114080e+00
1.294644353421279259e+00 1.146740589597975868e+00 1.904778892792576617e+00
1.053185424145244520e+00 1.494324886735529656e+00 5.878614374479662619e-01
1.973792193663189920e+00 9.880812799965562609e-01 3.651549513145304071e-01
-6.771187780281101576e-01 1.294890474974482064e+00 -1.123817126095048913e+00
-4.476371150008002786e-01 -6.637354526881400485e-01 -1.468022321228893867e+00
1.559506837753118935e+00 7.310647542788639708e-01 2.577360442277412123e-01
7.094872345400576874e-01 2.373288300936064743e-01 -1.887033909308200919e+00
8.092702323060239067e-01 1.894177525933846695e-01 1.213140235542196299e+00
4.948028402225437272e-01 3.724930873237994322e-01 3.384023949028089895e-01
1.266268960307836311e+00 7.320403139284545890e-01 5.593420149831652699e-01
-4.210773861250682870e-01 6.268683498704065160e-01 -1.943990923936323556e+00
1.296246394261479695e+00 9.034691483545461699e-01 -4.466739699329792534e-01
1.875426042923140635e-01 7.575600566447089797e-03 -1.263647496579915375e+00
7.684491891777689432e-01 1.946892381670911054e-01 1.605582038165067837e+00
4.657954792954038803e-01 8.610658076532802241e-01 1.621245109570516263e+00
-1.005308978145322829e+00 2.467297484472351643e-01 1.198555124447198139e+00
2.038951375211493833e+00 -1.204674996333293224e+00 1.877133517647700811e-01
6.910244258199621514e-01 1.489639560061736923e+00 -1.637391986533649035e+00
1.628237914195962199e+00 1.559445269583993987e+00 -1.141819588048400336e+00
2.132442727091541812e+00 -9.503295158005835574e-01 -2.925343351306139983e-01
-5.073387196047137726e-01 -1.652567631793276703e+00 -9.509511215575505716e-01
-3.647815016929559229e-02 5.689268992516056667e-01 7.866914609098092370e-01
2.951622543770589524e-01 2.327186697497517720e+00 5.202358601599165189e-01
-1.168738831146449719e+00 -1.182208709837114569e+00 -5.801602929552529542e-01
2.716273847237008487e-01 -1.751186028038376197e-01 -3.545719849417362513e-01
-3.216797440974073496e-01 -2.273585302829300936e+00 1.989460647363807677e-01
-4.811229958818453167e-01 -6.999387300191011185e-01 -4.663657200814605996e-01
3.805161404283835536e-01 -7.666447515186479711e-01 -1.163072631186566452e+00
1.845898352896354400e+00 4.303014315462854178e-01 -1.080952599369150446e+00
3.324700757236838111e-01 -3.297372035505845012e-01 -9.893907321173996960e-01
-1.306299496807098226e+00 5.196593378467374569e-01 -1.473697247474311300e+00
2.139140446943087193e-01 2.962141958152010979e+00 -1.683520037283144477e+00
1.476773216319115845e+00 1.658936321376444645e-01 1.953026586452418778e+00
-7.957046917946938858e-02 1.099088492160567920e+00 -1.353065488056915289e+00
8.813022877542580069e-01 2.171369208232896142e+00 5.795750545580901081e-01
1.774044953201964203e+00 5.730656264896737406e-01 1.197365937295502114e+00
5.712035653537068658e-01 1.636694687714195018e+00 -6.013515673817145801e-01
-5.439921439223524002e-01 -2.847916627295608016e-01 1.195540946413572669e+00
-3.363274723640438234e-03 -3.069236758253665043e-01 1.007878522825815581e+00
5.556568347844081934e-01 -3.139609608669971519e-01 8.010848568953355953e-01
1.316946892798384505e+00 -1.225774835306494559e+00 6.929778605497903810e-01
-5.684314135170218663e-01 6.884373325950052247e-02 -1.319908208360913715e+00
1.434078235815971381e+00 -7.028519907854114956e-01 1.303407292942714291e+00
1.794006148783259036e+00 1.919006664907028092e+00 6.791057542525977819e-01
-1.793241216799134730e+00 6.393988488431641137e-01 1.023151270959214321e+00
1.229944991625363304e+00 2.743984191787645521e+00 -6.493564643358648025e-01
5.765683717893639315e-01 5.303593280870330107e-01 2.680008792243612437e+00
-1.067304504564802192e+00 -8.324896979601570379e-01 1.209075803266159710e+00
6.141299990964268485e-01 -6.053247436651553182e-01 2.876237296388409193e-01
2.468023767692903714e-01 -2.481710960578797920e-01 2.262584458037741886e-02
-5.625683548910973553e-01 -2.383296631478045047e+00 1.487000538946245919e-02
-9.747099077454284277e-01 2.689748504226575410e+00 -7.761121650312701181e-01
-4.206894691115153351e-01 1.259079131921452266e+00 1.875669050812826866e+00
1.474623346048644201e+00 7.412839719546967521e-01 -2.511420726875120413e-01
9.535044195731553485e-01 1.166921146415457855e+00 -1.601851302208638916e+00
1.265527614235796738e+00 1.642794335933999150e+00 2.075001825581016313e+00
6.126703286053903907e-01 -8.233948864206872553e-01 -1.768455255081406163e-01
6.374888474147747397e-01 1.131495189583975325e+00 -3.096183540761899833e-01
-7.163124812176737688e-01 -9.335067461823359780e-02 2.238029443360185056e+00
7.715940028669912923e-03 1.355601686511604065e+00 7.542013705998750206e-01
-6.464718951055212770e-01 -3.497713779226522823e-01 1.580391141039577674e-01
1.574686874463161468e+00 2.617024859904443002e+00 7.271567931337113988e-01
1.240979170129736797e+00 1.948010967660579684e+00 8.963310950539974398e-01
1.735827016774035503e+00 2.673844104065355998e-01 -9.436231675264866725e-02
-1.747130705437840437e-01 6.993824899567463449e-01 -5.049084875696947528e-01
5.229967975972915628e-02 7.105535482468338104e-01 -2.281514620083874845e-01
-4.544594448979851209e-01 -1.191829039955111247e+00 8.008334358633668604e-01
1.549788274487126527e+00 -3.090841908655847514e-01 2.717501933678661885e+00
-1.385408004684216099e+00 1.583854364180171448e+00 -3.556841010176651774e-01
1.808376507297633662e+00 -8.374549939362008200e-01 -1.701971213019364937e+00
-1.233947927974541614e-01 -1.158058536446834458e-01 2.265335711007140373e-01
6.687295188111630484e-02 -5.106919202784853118e-01 5.665132536683752384e-01
2.512787016109365168e-01 -1.827884521152473685e+00 -6.100573052924092021e-01
1.572362432376235963e+00 4.569357894494434635e-01 -1.313783550169749459e+00
4.753465724308680862e-01 8.238982251816130420e-01 1.066519461643903099e+00
1.975860749115530002e+00 -4.894331528019469912e-01 7.555746915006701370e-01
6.706033016319459250e-01 1.348629576990978129e-01 -9.230500056703251355e-01
3.642127286208331483e-01 -6.181239535761722248e-01 8.136597243887606634e-01
-5.130312463294981473e-01 -3.226509958423683377e-01 1.781601143934380183e+00
2.685221399538645914e-01 2.745948450977414801e+00 -3.337186606880286344e-01
1.196054337091516429e+00 -6.203148774861209080e-01 -1.881145537616531804e+00
4.261189462899837022e-01 2.544379033475947960e+00 8.188010035421919852e-01
9.124629687791120380e-01 1.113156586411144122e+00 2.631012053744516521e+00
1.274844618114279182e-01 1.894146886081467807e-01 1.504862926220394970e-01
1.177679159592847080e+00 -3.432875108928226116e-01 1.628826364813520389e-01
1.403487518448318649e+00 1.269647340456681262e+00 8.092026455008510810e-01
3.641420961830754699e-01 1.315982450592643627e+00 2.266669097112735898e+00
3.119818478949589746e-01 -9.999592472092007078e-01 1.017895370690612200e+00
1.133886187710991145e+00 2.474368095155203395e+00 1.223992476151303910e+00
-7.133426280057755253e-01 7.402377779689292003e-01 -1.347676603857820288e+00
4.269623979241815581e-01 2.047594268816899987e+00 -3.858091644856765923e-01
1.084148546667929258e+00 -3.617704855377312789e-02 -2.040383303021172517e-02
-2.525204250210787205e+00 4.629204384007826745e-01 -3.186788671342038470e-01
2.145908777942353018e-01 9.223604680044260595e-01 2.377866686643003380e+00
6.376000422403154122e-01 1.775467958054132711e-01 -7.178675975149697575e-01
1.256836683680704336e+00 7.130240806720564706e-01 1.869972182205349664e+00
1.716534059939009094e+00 1.506625769321693120e+00 4.299731880447645038e-02
-3.263319466981853822e-01 -4.465495705051852893e-01 5.616788884041268304e-01
-5.242582411396682317e-03 -9.097693627045734255e-01 -2.278584499815206055e-01
7.838110240742683921e-01 8.539580568242244318e-01 -1.547930428226540200e-01
5.063485352577430376e-01 -1.082523326988145129e-01 7.251684940280692659e-01
-4.916759221614506181e-01 -2.566160638641615255e-01 -7.857144090180809837e-01
1.520571465597033045e+00 5.858816025013100504e-01 -2.551500003367892955e+00
-1.238014313568863933e+00 -1.102057109536018764e-01 5.637216635762060113e-01
8.901932503912394212e-01 1.653378482956397777e+00 6.983521203474575278e-01
7.237989378306620702e-01 1.813976750052620268e+00 1.011924549896130676e+00
1.045679017328289273e+00 4.717635413999504146e-01 9.808789842642205992e-01
-1.379456659052827439e+00 1.005251656816718686e+00 1.501264043974493756e+00
-6.815760254465752510e-02 -3.061198824004571217e-01 1.220675744620181025e+00
1.046017518722335726e+00 -8.081549294472232248e-01 -7.609671291608147703e-01
-3.159199110445459202e-01 -7.478588291877901195e-01 3.542470731696660824e+00
-7.528409899481802725e-01 2.054757858216265554e+00 -1.392289453472824068e+00
8.244731274818799527e-01 -7.346189087756221925e-01 2.080150049559262193e+00
1.739895660726119564e-01 8.053936362373181890e-01 2.850633523078944798e+00
1.433088572906700220e+00 -9.326499937737474655e-01 -1.286824014977865360e-01
-6.584894736023660933e-02 8.931185832624598531e-01 1.492654924339347655e+00
4.300135573413124135e-01 1.762599302996347816e+00 -6.328258111455933310e-01
2.221325006540329827e+00 1.807503565136424406e+00 5.678325053393606936e-01
3.533037462478352819e-01 5.843618641046440798e-01 -6.176995146208610343e-01
1.154353305745425551e-01 -7.648566923230004644e-01 1.693020441044188473e+00
-2.411193990855282909e-01 -1.093754298159064664e+00 -4.491420387484290622e-01
-6.897649709688391528e-01 5.026951256733390716e-01 1.206756851916472167e-01
-1.331585307561565568e+00 1.360321068126068567e-01 8.626589327989940825e-01
1.081391975092701241e+00 -3.513591481119571203e-01 -1.801602541684800204e-02
-1.108548204347586247e-02 -1.574523877380734849e+00 -7.758308710104876438e-01
-1.116360589980108786e-02 3.467455705737811367e-01 3.209743793340772422e-01
4.926836752190872915e-01 2.447471626720831850e-01 2.491017277679802300e-01
3.475013482994044889e-01 8.914225744285263486e-01 7.754044811219770184e-01
1.381560862215224894e+00 2.704628278910656380e+00 7.310301937628072358e-03
-1.019098257309795530e+00 -1.787465865174954649e+00 8.261091394312105596e-01
-8.233570692814492498e-01 3.997749122133039679e-01 -8.392002977227887017e-01
1.755325534752051109e+00 1.675696345469381177e+00 -3.852570544628692306e-01
1.657256509373870701e+00 2.135512660027671039e+00 -6.821473775322119959e-01
1.174719549707282873e+00 9.638363236501253928e-01 -2.514706148826312937e+00
2.825962854764064947e+00 4.816446913305396649e-01 7.360605457201471191e-01
1.807123178340356073e+00 -6.648693149547605374e-01 -1.891580852510305499e+00
-4.853344864203390507e-01 1.381737056025836852e+00 8.795306842334960074e-02
1.307554491668193042e-01 1.678242203797965404e+00 -1.412033435250933167e+00
-2.486143048985279158e+00 8.584808681790015994e-01 -2.393225617807122951e+00
4.177250786248336567e-01 -7.343825342318859306e-01 2.522545042061162146e+00
-1.646647570645430436e+00 2.084292713521986418e+00 -8.380430475679254143e-02
1.540120401804529138e+00 2.113740318059083856e-01 5.294699582335461452e-01
1.388022269762265504e+00 1.156315530043681372e+00 -6.934258361888570033e-01
6.597155968578546359e-01 5.254441411406366447e-01 2.217718865700945230e+00
6.122245937769026369e-01 6.251437878685492944e-01 -1.033437235120706309e-02
2.439249917863098638e+00 -5.299948071125859528e-01 6.391149316185430473e-01
-1.992267145905043835e+00 -1.601090618230291696e-01 2.794286181763073529e+00
-1.383343004614163485e+00 -6.210252372142458510e-01 9.730450757793100980e-01
1.108341285832548762e+00 7.993862774977237295e-01 -9.418846234170528131e-01
3.192717776132075969e+00 -4.561847191389261091e-01 -2.029683774776448679e+00
3.947655895650579172e-01 -4.355530513079011734e-01 1.638961101503470852e+00
1.457432003381333718e+00 2.236099366811147959e+00 -1.267050204834622384e+00
6.041253332538653043e-01 1.099095428690047838e+00 -2.414050232115108052e+00
6.668673945785403845e-01 -6.294075990989066449e-01 -2.981866396524806562e-01
1.934864064358448321e-01 1.315487532311224450e-01 9.888782498287618239e-01
1.285169906552925401e-01 7.860369737474194318e-01 8.420466687402723416e-01
1.112126485406867316e+00 1.769870327232762719e+00 3.738820651338992801e-02
7.706405044712649755e-03 -1.330767025264447401e-01 -1.153084906264758569e+00
-1.443812814566094227e+00 -8.158787948930441569e-01 2.682538522761770405e-01
4.460019558792308048e-01 1.528781355313124868e+00 1.489879395526384265e+00
-4.848320087449433657e-01 5.387593309667707553e-01 5.352964996981339763e-01
1.454296649039194866e+00 1.951814575942828256e+00 1.118220674039386964e+00
7.795032191505386621e-01 1.762851952295380276e+00 -1.497421248132043248e+00
1.367022602980439983e+00 -7.986373838184450402e-02 5.434540067383446249e-02
2.626956051111990931e+00 5.186863980163184396e-01 3.039955556442267559e-01
-4.110003236459665032e-01 1.981932185489019282e-01 1.932686952687174387e+00
2.699802469000343486e+00 1.061888099261954821e+00 -1.311645078558433264e-01
9.248769638129513693e-01 -1.332756860957075989e-02 1.278635157398148481e+00
6.442869816776644054e-01 -3.162524455212034069e-01 5.702847356962651437e-01
-5.132469496225408045e-01 2.579325489874337851e+00 7.928421069831496082e-01
1.444442989631394281e-01 2.003540252722669113e+00 -8.471022531492214958e-01
2.503287429068561387e+00 -7.668891588494014533e-02 2.554440769722648441e-01
-7.198991716356050174e-01 2.639165805568791434e+00 3.888236856021978771e-01
-2.898137027353659967e-01 1.899029134737161006e-01 4.151273521334315764e-02
-9.414374124673222655e-01 -2.642704979047707514e-01 -5.380714263991160928e-01
8.920359982512147123e-01 1.212489562395365983e+00 -6.514923321800164535e-01
-1.373891796415434241e+00 1.178315469947272653e+00 1.474275728457683954e+00
-1.120598577693906472e+00 5.211166218066558553e-01 5.296286249503621146e-01
1.131404294282940981e+00 1.142168381496006635e+00 -1.694272885089901814e+00
-9.804144515322772424e-01 7.758833545935728271e-02 -1.099543407999832079e+00
1.210676764169482000e+00 8.456998521863121621e-01 -7.282178001694139535e-01
1.054728648198227647e+00 2.129164428746820992e+00 -7.378261165215914685e-01
1.877767038359247298e+00 1.102874170916001928e+00 -1.251714714289062558e+00
1.186160774769241116e-01 5.474509212306296613e-01 4.779000066328945029e-01
2.351124778634168244e-01 4.800748408653708332e-01 1.916970664872866603e+00
2.467988557198681043e+00 -1.086666997936341694e+00 7.092362279832627181e-02
1.432181179405315641e+00 -1.106295267990180381e-01 7.340109026229124645e-01
-2.049248008253598208e+00 1.206426375950816032e+00 1.126434915372839241e-01
6.748100167807533634e-01 1.481218997527553906e-02 1.622339848605896417e+00
-4.635903482416401933e-01 7.343173093042030253e-01 6.430740514870165736e-01
1.261100788042591292e+00 -3.512842763760221088e-01 6.966760507566107652e-01
-5.044614649150014341e-01 1.120038684734091738e+00 -1.623619853245076294e+00
1.852754299516396475e-01 1.028344649926179688e+00 1.832406553363983059e+00
-1.353284924559770008e-01 7.928186621773622988e-01 1.287282205088611242e+00
-2.203438609419937910e-01 9.715790587776438336e-01 -5.746318404834197535e-01
-3.052129032221597149e-01 -1.306982145017310248e-01 5.174246483748701220e-01
2.539219560144014842e+00 -5.583108658212975195e-01 8.118914724141476080e-01
2.130925279017878093e+00 1.242069670201624509e+00 6.609956926472470018e-01
2.936898363813610358e-01 1.006350164769096445e+00 4.518911572181470993e-01
2.189119674687439954e+00 -1.091000119835159321e-01 1.799061925207382506e-01
7.807949775331703979e-01 -2.663508356965246904e+00 1.842669844370032450e+00
-7.823455258593562389e-01 -8.673134525615137091e-01 2.679642112508066276e+00
1.270110986642530582e-01 1.394839313733025277e+00 2.391389056982743191e-02
2.134585479665874086e+00 -1.901697923804288815e+00 1.478950541311441436e+00
8.418431060049514914e-01 1.653460537084797455e+00 6.497019480578937189e-01
3.960049024237019544e-01 1.682636279483350927e+00 9.406467858298340756e-01
-4.522251213985762908e-01 7.605787961432661781e-01 6.637034705531420498e-01
1.132067561800645938e-01 4.694665193849871243e-01 -1.501995372194939726e+00
-6.721835786928953560e-01 -1.979503421912407912e+00 1.543682581837169110e-02
-3.909997060028427285e-01 8.791290444322993336e-01 1.061045412526884224e+00
5.816833994829038179e-01 -1.522288361700740555e+00 -5.984977806874954842e-01
-9.024623348426153990e-01 1.673664814141053725e+00 6.201236408241439513e-01
-1.539336251766943775e+00 -4.425155283397768646e-01 5.771420915649708716e-01
6.757520226191643387e-01 1.508296129076604375e+00 -1.444144141037512874e+00
1.324281794268444390e+00 1.572658631911723059e+00 -9.789477619201050196e-01
2.685444281909169284e+00 -4.837761130447369440e-01 -3.750204103085146290e-01
-7.869341069633436492e-01 1.411118508874078747e+00 1.252765150223422941e+00
1.970284715424458044e+00 -7.315765919669153794e-01 1.158840095725806485e+00
-1.911847243867208224e-02 2.012197272316852192e+00 -1.591469734171452988e+00
1.340372393172556409e+00 1.106454858565379507e+00 -1.900852956359166956e+00
1.099864637746187368e+00 -6.542763975224812345e-01 1.669566191300085212e+00
-7.589726770607287953e-01 2.375942888003548692e+00 1.342779603992533488e+00
-1.799714757705668522e-01 2.462881025776963106e+00 5.336461082490147056e-01
2.723889828907576360e-01 3.637359039476223410e-01 6.584502909421172667e-01
1.525411132427182848e+00 9.680888688172106793e-01 1.200015732561487747e+00
8.803067649123700322e-01 1.975752745220456408e+00 5.557653589799009808e-01
-4.209530441948320933e-01 5.842368926790782180e-02 1.620566380503376536e+00
1.824100343611757769e+00 -1.426674015821759900e+00 2.512465656301556827e+00
5.187978215484624345e-01 3.803173884917196435e-01 2.218867439612834058e+00
-1.011296731786786252e+00 1.464275489985783718e+00 1.375734876399691053e+00
-1.527318506258171560e+00 -6.089695629713187675e-01 -3.018251331968142548e+00
-7.043580040671736375e-01 1.402488817072891969e+00 4.397684575774049032e-01
2.766018592818625943e-01 2.047245396252953265e-01 1.540279923575857524e+00
1.064466174883717198e+00 -1.699238031867644771e-02 7.879369123030247613e-01
9.626656998031229984e-01 2.525456916603111557e-01 -9.458829413394069796e-01
-4.732052979015655692e-01 2.672640869894512328e+00 -7.660068993709931995e-01
5.922509056900389091e-01 -3.615782258688671202e-01 6.335346401950009421e-01
-9.714399167324830886e-01 -1.385276954073529465e+00 2.253397919698165275e+00
-1.559684849597013701e+00 1.084938530932099798e+00 5.211568071549139980e-02
-8.299518212864741562e-01 -1.233642228206675462e+00 5.832038832073711127e-02
-5.571348774579063523e-01 -1.982998867152627742e-01 1.565927609119295072e+00
5.168421759429095985e-01 1.292453749461879298e+00 -7.292412404577270912e-01
1.022804753085471141e+00 2.030756393830618067e-01 8.502260464320898770e-01
-2.042489419010254104e-01 -7.333715620893500597e-01 1.264098675848774889e+00
-2.252419621896378121e+00 -6.394442217854723332e-02 8.168347910337712126e-01
5.502150869537294486e-01 1.247492502890030774e-01 -1.418542556780337360e+00
9.455042555716636210e-01 8.748197163020789979e-01 -2.040169286863882547e+00
1.150240719539284306e+00 2.520978891476489459e+00 9.518759418537006134e-01
3.169117050794386103e-01 1.670507976391785832e+00 1.019695066923847149e+00
7.418478255476104177e-01 1.485514662990341739e+00 -4.120187109359779720e-01
-1.007529274407509945e+00 1.845981325375670723e-01 1.014701278876064094e+00
1.376439509963590657e+00 5.767699544976238046e-01 1.971282478971507490e-01
1.081227398580534516e+00 -1.349467794598840698e+00 -5.520938921864576576e-01
1.293904583713579193e+00 -1.688208553059428629e+00 -1.117786226009384931e+00
8.158047552246117107e-01 7.052496786815219965e-01 1.390348145865141438e+00
-5.157311811210619767e-01 1.669570423216556687e+00 1.280509672364301132e-01
-4.291116779045796581e-01 1.625843876593066728e+00 -1.177178417492528384e+00
7.097074690354342463e-01 2.057733016973718243e+00 1.696872279054232768e+00
6.449565129236123351e-01 2.176499205316179963e-01 -1.656730904826006601e+00
-9.466759365956189942e-01 -1.403200128079584719e+00 -7.692788861840217651e-02
-1.071571889216649254e-02 2.611665389608633370e-01 6.470616587440944922e-01
6.417295293996175820e-01 -4.697392430518689682e-02 -1.519506491197040177e+00
7.127374202254124214e-01 1.636714646940025553e+00 -5.652675085470622030e-01
2.770494123918646245e+00 2.028441140954983374e-02 -3.513194742999351528e-01
4.224556857354919703e-01 -1.004980712933931208e+00 1.585930375713064722e+00
-5.019408721928513284e-01 -8.514217025125946359e-01 1.801162433931825291e+00
-4.214091693278378958e-01 -4.454168686338708105e-01 -3.383465655642095005e-01
2.974197741621718571e-01 8.128048901015333394e-02 1.310731747555546889e-01
-1.616492883252201418e+00 -5.303655770210045084e-01 -1.168464722793763899e+00
-9.286107100500571310e-01 1.714918352717025751e+00 -4.029551983652751579e-01
-1.826531334209126722e+00 1.935816595512064309e+00 9.735636254828471392e-01
-7.212873184736259269e-01 -9.369996978288781531e-01 -7.422687431870600427e-01
-6.148763932841324609e-01 2.763505915229189647e-01 7.410776887549016534e-01
1.141640423213981403e+00 1.466086565012620024e+00 1.563515284617042145e+00
1.162082865410706045e+00 1.210432479204747169e+00 -5.945026399237942627e-01
6.264801586268553546e-02 1.467962662119300377e-01 1.211611633828577173e+00
1.977169716867929861e+00 1.298604588021897488e+00 1.518900408848197436e+00
-8.424156224305587859e-01 9.183660190507281218e-01 5.294066754752907444e-01
1.318574149598885081e-01 5.798973879689437450e-01 -1.000524762770529819e+00
5.637850449530650287e-01 9.712632754614552999e-01 -4.736847082752719817e-01
9.733540681204357892e-01 6.951463416085135183e-02 -3.932085092198103204e-01
4.325812285504228305e-02 2.984374928557641304e+00 8.627300799199379977e-01
3.984239312289717394e-01 -9.703859011153888048e-01 -4.800038851965587328e-01
-4.792597955476758376e-01 -1.302533352652709198e+00 4.000418464209802849e-01
2.355167983050738822e-01 3.020494248239540269e-01 1.941276205878543215e-01
-1.008058615960097798e-01 1.893862227807432616e-02 -8.111605131361856458e-01
4.941806351445195422e-01 -6.797080789800067357e-01 3.168769233721228318e+00
-1.828878555092390057e+00 2.959885561979432644e+00 -5.607616356057469886e-01
-2.517062523752875425e-01 9.779405907748788263e-01 -2.971714336200392270e-01
8.873233988483253398e-01 -7.337693850662995176e-01 -6.636347179809392038e-01
-8.794918189618639026e-03 3.812369932569650288e-01 1.069198987456541738e+00
7.731113860315134145e-01 6.231265669593568646e-01 1.411329073050213267e+00
-5.936526134059765258e-01 5.656817662325409612e-01 8.657642414402784425e-02
-1.935932741193107098e-01 -3.712034364981928736e-01 -2.526311534024356376e-01
-5.895676810155374425e-02 -1.347643013095265463e+00 -7.175601790067942520e-01
9.969192499977911348e-01 -1.848572839283391556e+00 -1.199432207646430770e+00
1.948971897293007904e+00 3.921243729893111873e-01 -5.736902738049132200e-01
7.148332488763073922e-01 8.693699134806300854e-01 1.460172139570793615e+00
1.685096572533623382e-01 5.941050924060256033e-01 1.438068180842617672e+00
1.219799642277591856e+00 4.483590922305060733e-01 -8.870103089960057474e-02
-1.145008450663580701e+00 -9.251454266064983167e-02 1.673129172524973285e+00
-1.271657702642509324e+00 -1.913294656109947589e-01 1.491888834304267109e+00
1.066286582815750006e-01 6.779605568703377383e-01 6.519746348191381990e-01
1.478029376371847725e+00 -1.884200937511329721e-01 -1.057048230619061169e+00
-9.972115955543932042e-01 -3.787723498799577260e-01 7.047692519949522172e-01
1.352232318536133349e+00 1.376246340236633170e+00 -8.660682813096215460e-01
-2.058332526306053012e+00 1.898618109157318434e-01 2.302023358613593806e-01
1.398066761640316180e+00 7.085174467124346620e-01 9.435963142846628404e-01
1.882165290433639004e+00 -3.295355102896788679e-01 -5.066446904010522834e-02
1.368008801542472286e+00 -3.846912757216732759e-01 1.444100258408842041e+00
1.522617266746988163e+00 -8.619855897305904735e-01 1.002776981920318944e+00
7.421185764636918369e-01 2.816130555816688252e-01 1.335790259129436608e+00
2.830233817078335878e-01 -1.922001524991992838e+00 -2.214296138100366740e+00
-9.775636659751141266e-02 -3.326135479741057499e-01 1.356545158698593045e+00
-9.163447233946152570e-01 3.824563580925261497e-01 9.495739006481289657e-01
-5.369220842453329423e-01 1.897898987633725776e+00 5.068277976430918264e-01
-1.100358060602424359e+00 2.603094886925025886e-01 2.090992717596380085e-02
1.010566090979119869e+00 -7.242859328830439924e-01 2.297665820991817487e+00
7.493426107405458669e-01 1.471394839508314067e+00 1.515321182264668165e+00
2.540439612464813202e-01 1.915482161879880518e+00 -1.910453870324295922e+00
-8.467077750005462811e-01 -2.655365253633384381e-01 1.361677633279749333e+00
2.313039193347943279e-01 9.005641299211333273e-01 2.041333474059180197e+00
-1.397011998710511738e-01 -5.712146450399792075e-01 2.013096993068986151e+00
-2.599495935012433812e+00 3.986272576444076510e-01 1.675094406336352648e-01
-9.612789930539075711e-02 1.922397822891976027e+00 -1.897766672679901748e-02
-9.934525868170716034e-01 -2.286442522291286306e+00 1.327150797838294038e-01
1.824855330508368567e+00 -1.414671989413883724e+00 -8.109637621822314568e-02
-2.675981535360736352e-01 2.807742374365349569e-01 3.096409893067819108e-01
4.122697274765725339e-01 -5.264967583814258445e-01 -1.194649827332252112e+00
-7.706866550411315409e-01 -1.296958546710229136e-02 1.222698284676651204e+00
3.157809282082249622e-03 1.974364115360318195e+00 2.422135293640761411e+00
2.107015563666577940e+00 9.166145707668293952e-02 -6.934519679108710338e-03
5.047095759719474328e-01 2.244745079554276046e+00 7.376326759056219817e-01
-3.496800980464777608e-01 4.486141415902139551e-01 9.227950320070514856e-01
1.243043875708611301e+00 2.159226418732342057e-01 6.008601521497788922e-02
2.654878477469559961e+00 1.141238107604670260e+00 -1.419074372627292968e+00
1.027400264503331329e+00 2.031859199435082974e+00 -8.536973432315625443e-01
8.046876507844619164e-01 6.100758894348223826e-01 7.615000472006858701e-01
2.622374791872399413e+00 -1.159040199540235516e+00 -6.874614762861018802e-01
1.368137782592648843e+00 3.018281703607419431e-01 1.792157638446712831e+00
1.758060600163205756e+00 -1.411455626536859409e-01 6.827634745278248207e-01
9.468164088606494389e-01 8.599303394755707375e-01 1.291220612431736248e+00
1.351556587523911057e+00 6.549991670484311967e-01 -6.528605839529391108e-01
1.241271778811728899e-01 5.911066903764220504e-01 -5.515146810711618608e-01
-2.024953792562500521e-01 1.685893822471191461e+00 -2.067347701300344676e-01
2.287170526422882544e-01 -1.487507752695830243e-01 -8.700145598581041639e-01
3.329521517765135497e-01 1.329167608597099370e+00 1.614193087853318165e+00
-1.289175247079160425e+00 -1.135007303609520068e+00 6.410929998637623362e-01
-7.481553832385891001e-01 3.707149394458416625e-01 6.047028788907158336e-01
4.456160930396079189e-01 -2.089128769613844749e+00 -1.035600592220566885e+00
-1.643999388916699056e+00 1.090661218101054875e+00 -4.016941214370390312e-01
1.883170826084496596e+00 -7.289395967315917546e-02 6.681533439605824576e-01
1.581692003403835756e+00 -1.231531516936181125e+00 -3.914375822535580696e-01
3.472173986850248806e-01 -1.130379869642349711e+00 -4.574761043882002998e-01
6.077635667236130912e-01 1.969414782340046299e+00 2.660436818227409628e-01
2.338887381472930294e+00 6.419594162308996932e-01 -3.734590113576511938e-01
2.986476974736785861e-01 9.223875548964054483e-01 2.017215617944176920e+00
8.621408095096519952e-01 1.868543053297260004e+00 8.549390000498604536e-01
-8.000170539117530677e-02 -2.497800559072962390e+00 7.659550042965950212e-01
1.124307461063023483e+00 6.339992077772174106e-01 2.281868057639088176e-01
9.146587689645476749e-01 7.312472741027455925e-01 8.709535858336643344e-01
-3.054712241530221917e-01 -1.292941785183290559e-01 8.994563261424559641e-01
1.048200622995550724e+00 5.889058217409661733e-01 -1.567511821129345673e-01
-1.275633279944734966e+00 5.763939290747524535e-02 4.749083816905337319e-01
1.109703212777940262e+00 6.209407738085064299e-01 -1.996597458909128431e-01
-3.814371817320890701e-01 -4.555212398235886639e-01 -1.136072656596806674e+00
-5.520724384180039079e-01 1.180174871679346982e+00 6.561030464878124802e-01
2.441639992467036890e+00 1.506047059624391338e+00 -3.115999920925198730e-01
1.908656266726866113e-01 2.455703101814871725e-01 8.058400860207994842e-01
1.615466083806091080e-01 2.177405948061286733e-01 1.788878040689453996e+00
1.242026782667426277e+00 8.294413500465966926e-01 4.010663924532015256e-01
9.328011377903226986e-01 1.973508830745325238e+00 1.661486461286796334e+00
9.280405188159065455e-01 -1.767438871489903418e+00 8.144468690464782279e-01
4.313114385496374936e-01 -5.532285023756802200e-01 1.376864080947729496e-01
1.018249296518914493e+00 -1.440312289562180048e+00 1.021762336813098582e+00
2.956576318799136960e+00 1.706982184780483358e-01 -1.111469408717088436e+00
-4.888379829473986637e-01 -1.499815853514126607e+00 1.628871126845159889e+00
-8.403926093095481775e-01 -1.911829692757188726e-01 -1.809773364506073179e-01
1.436421519680546766e+00 3.503979752430755323e-01 4.889525006303266919e-01
5.558993991104115295e-01 1.245924473551759615e+00 1.085621821149615363e+00
1.104913486584186699e-01 5.761832080436106729e-01 -3.907584120187704846e-01
1.915376775639590301e+00 6.641017710347325159e-03 3.792374593627207968e-01
-7.340087601909077719e-01 6.377642294605282425e-01 1.408281970883233924e+00
2.925067916942312163e-01 1.122200980880834864e+00 2.070935349926350533e+00
-1.311003499624419977e+00 -4.852030452621958201e-01 -1.377083594074144157e+00
-1.805842926338487864e-01 -2.111138761180896051e+00 -1.873594959071207988e+00
5.441580835853759845e-01 -8.614425290142532221e-01 -7.620331679522632795e-01
-1.489133661464723257e-01 1.545179357832918043e+00 1.376934778365320078e+00
6.536713013693938867e-01 8.117380499787041348e-01 1.898520301190275816e+00
2.324020641605541171e-01 1.383926801423497999e+00 -2.181308536386642238e+00
2.967974359845735322e+00 -5.703546234441166929e-01 -8.238847685991861070e-02
-4.898580814333943767e-01 -1.812930851028256685e+00 -1.779108266521949311e-01
6.235768043713486586e-01 9.168851485755133979e-01 4.441278440473140909e-01
-3.486020963040690201e-01 1.838529502890036971e-01 2.476836024671159819e+00
3.260644668958728176e-01 1.179615672951045191e+00 -6.393660413590512848e-01
2.469399283600214101e+00 1.261032896156856653e+00 2.167529709432308938e+00
4.902003273720991761e-01 -9.133145838745735379e-01 3.051415252447564619e-03
5.676485142643808990e-01 -3.825808033727678970e-01 1.349822553061239994e+00
-1.130865323415444247e-02 9.904131156199387220e-01 9.700359148851370739e-01
-2.823041702500599381e-01 1.501146010257699004e-01 2.503800691969235714e-01
1.059530839159149140e+00 1.249663967524475616e+00 1.244557814226652237e+00
1.358151976396128724e+00 -1.990719089562063893e+00 3.166718409696074321e-01
-1.303196288394091962e+00 -2.608033734380622512e-02 1.378315905400883778e+00
2.229163055031996077e+00 2.155170107924882839e+00 -4.307407830933949189e-01
1.726062621643282835e+00 -3.628224900748681647e-01 4.468838815909899620e-01
-2.110431468510181929e+00 1.734081113187222023e+00 9.655257770914864590e-01
1.001827959908004440e+00 2.114197084730411014e+00 2.861311420319829213e-01
1.227757580326360509e+00 -7.905203730565812936e-01 6.549991594539681383e-01
