1.449904561042785645e+00 1.181798815727233887e+00 -1.197971701622009277e+00
5.639532953500747681e-02 -1.627476066350936890e-01 -5.164222717285156250e-01
6.752266883850097656e-01 -6.881247460842132568e-02 2.138613462448120117e+00
-8.616247773170471191e-01 -1.333449184894561768e-01 -3.545662760734558105e-01
2.295438289642333984e+00 -1.048685073852539062e+00 3.327746689319610596e-01
4.112112224102020264e-01 -1.223332360386848450e-01 9.014142155647277832e-01
1.222954392433166504e+00 -1.453903675079345703e+00 2.379869371652603149e-01
-1.009709000587463379e+00 -8.273224830627441406e-01 -6.171588301658630371e-01
2.447277784347534180e+00 -8.956958353519439697e-02 2.558129072189331055e+00
1.971237361431121826e-01 9.114563465118408203e-01 1.781551688909530640e-01
-3.732164800167083740e-01 9.686112999916076660e-01 -4.541178941726684570e-01
-1.119676113128662109e+00 3.961853682994842529e-01 -1.352207064628601074e-01
-4.322116076946258545e-01 -1.606862097978591919e-01 -8.354516029357910156e-01
6.421449780464172363e-02 -4.390892684459686279e-01 -4.949345588684082031e-01
1.592241406440734863e+00 7.002150267362594604e-02 -3.921705484390258789e-01
5.427037179470062256e-02 1.681766033172607422e+00 1.773234009742736816e+00
8.544735908508300781e-01 1.108959317207336426e+00 1.839646816253662109e+00
-6.681104302406311035e-01 3.929387778043746948e-02 -5.516309738159179688e-01
-2.287120342254638672e+00 1.848394274711608887e+00 -5.897509455680847168e-01
-3.130097389221191406e-01 4.722590744495391846e-02 2.514108121395111084e-01
7.317816615104675293e-01 1.256114602088928223e+00 -1.067386984825134277e+00
9.438583254814147949e-01 -6.748098134994506836e-01 -9.690747857093811035e-01
-1.475502610206604004e+00 1.692197173833847046e-01 -9.186989665031433105e-01
-1.606075048446655273e+00 -1.565865635871887207e+00 -1.491600573062896729e-01
7.601347565650939941e-01 2.548232115805149078e-02 1.642026305198669434e+00
1.056996583938598633e+00 1.283046960830688477e+00 1.398299574851989746e+00
1.679653644561767578e+00 -5.885910987854003906e-01 -6.121566891670227051e-01
6.802080869674682617e-01 -3.658249974250793457e-01 -2.924102246761322021e-01
3.081023991107940674e-01 1.921486377716064453e+00 5.273036956787109375e-01
-1.390116453170776367e+00 -2.186056226491928101e-01 -5.794361233711242676e-01
9.702359437942504883e-01 -2.218994796276092529e-01 9.326810240745544434e-01
-3.519351482391357422e-01 5.782037973403930664e-01 -6.282864212989807129e-01
-1.712567806243896484e+00 1.226021766662597656e+00 -1.827500224113464355e+00
-1.295725107192993164e+00 -2.646335065364837646e-01 -7.833220362663269043e-01
5.496296882629394531e-01 -7.761585116386413574e-01 1.251870274543762207e+00
3.249348998069763184e-01 9.899888634681701660e-01 9.474781155586242676e-01
7.014655470848083496e-01 -2.014166355133056641e+00 1.649719178676605225e-01
9.940463900566101074e-01 -2.722291350364685059e-01 -1.330743193626403809e+00
7.934224605560302734e-01 8.665314912796020508e-01 -1.041630744934082031e+00
-2.461154758930206299e-01 -1.217515230178833008e+00 -1.094706952571868896e-01
-6.798400282859802246e-01 3.803780674934387207e-01 1.071113228797912598e+00
-1.387813806533813477e+00 6.336973905563354492e-01 3.399153947830200195e-01
-1.357184767723083496e+00 1.279490590095520020e+00 -9.899427294731140137e-01
-4.995933175086975098e-01 1.686940908432006836e+00 -1.210351109504699707e+00
-8.026450276374816895e-01 4.545494914054870605e-02 -3.031054437160491943e-01
1.073719859123229980e+00 1.639144778251647949e+00 -8.823463916778564453e-01
1.266362190246582031e+00 -5.555672049522399902e-01 -2.062330991029739380e-01
8.943716883659362793e-01 6.424205303192138672e-01 -3.457143604755401611e-01
5.657882690429687500e-01 4.283823668956756592e-01 4.183567762374877930e-01
1.385887265205383301e+00 -1.129474163055419922e+00 9.892318844795227051e-01
1.437826752662658691e+00 -2.074203453958034515e-03 -1.276795387268066406e+00
-2.739130854606628418e-01 -2.114326506853103638e-01 6.675961613655090332e-02
9.469791650772094727e-01 1.523386240005493164e+00 -6.413310170173645020e-01
3.466262221336364746e-01 -3.030605614185333252e-01 -9.125611931085586548e-02
-1.862724900245666504e+00 3.024966120719909668e-01 -1.209150925278663635e-01
-4.241355657577514648e-01 9.939738512039184570e-01 3.350368440151214600e-01
2.201779633760452271e-01 1.304862141609191895e+00 4.125821590423583984e-01
5.966981649398803711e-01 -7.460038363933563232e-02 -1.300155758857727051e+00
8.799271583557128906e-01 -1.209070682525634766e+00 -8.021251298487186432e-03
1.411143392324447632e-01 -4.609598815441131592e-01 6.945233941078186035e-01
-1.949393190443515778e-02 1.079307436943054199e+00 7.036989331245422363e-01
-4.467461109161376953e-01 -3.454420268535614014e-01 1.336822748184204102e+00
-7.300650477409362793e-01 5.323861241340637207e-01 7.429352402687072754e-01
1.252229928970336914e+00 -3.665607571601867676e-01 -2.962369918823242188e-01
-2.124259710311889648e+00 1.253106236457824707e+00 5.903558135032653809e-01
1.449737101793289185e-01 -1.490657687187194824e+00 1.226727366447448730e+00
9.987149834632873535e-01 7.345146685838699341e-02 4.757193326950073242e-01
1.266257882118225098e+00 -6.619307398796081543e-01 7.719056606292724609e-01
1.317592859268188477e-01 2.489000707864761353e-01 -3.218250870704650879e-01
-1.726644515991210938e+00 -9.883202910423278809e-01 7.627463340759277344e-01
1.105561614036560059e+00 -1.147508993744850159e-01 -2.065203934907913208e-01
-1.840758323669433594e+00 1.181501030921936035e+00 -4.473575949668884277e-02
2.137504577636718750e+00 2.072331666946411133e+00 -2.584416568279266357e-01
-1.610671877861022949e+00 1.802416443824768066e-01 -8.410179615020751953e-01
5.584150552749633789e-01 -8.008602857589721680e-01 -1.313041429966688156e-02
6.970323324203491211e-01 1.365736246109008789e+00 -2.076348103582859039e-02
2.415560558438301086e-02 1.463840365409851074e+00 -1.394375264644622803e-01
-3.088169097900390625e-01 -9.558280706405639648e-01 -8.525826334953308105e-01
-1.362299203872680664e+00 -1.359752655029296875e+00 7.909398525953292847e-02
4.668282866477966309e-01 2.517246901988983154e-01 -1.068732619285583496e+00
1.018417596817016602e+00 7.501940429210662842e-02 2.385205030441284180e+00
-6.501148939132690430e-01 -1.279140114784240723e+00 -2.172706872224807739e-01
-1.250905394554138184e+00 -1.106385886669158936e-01 -8.480047583580017090e-01
1.535635471343994141e+00 -8.796126246452331543e-01 -3.454819619655609131e-01
1.204442262649536133e+00 -1.284409761428833008e+00 8.077971339225769043e-01
-5.837886929512023926e-01 5.447195172309875488e-01 -1.167241811752319336e+00
7.397373318672180176e-01 -5.507474541664123535e-01 2.388204336166381836e-01
9.943103790283203125e-02 -3.803781270980834961e-01 1.235074400901794434e+00
-1.650970935821533203e+00 5.187160372734069824e-01 2.758114814758300781e+00
-1.448944658041000366e-01 5.367640405893325806e-02 7.445539832115173340e-01
1.375511169433593750e+00 1.736846566200256348e+00 -3.153890669345855713e-01
8.914098739624023438e-01 -6.396964192390441895e-01 1.037055134773254395e+00
-1.103900909423828125e+00 -1.260409235954284668e+00 -4.840463399887084961e-01
-1.731958687305450439e-01 6.389028429985046387e-01 6.898520588874816895e-01
3.008050918579101562e-01 -9.306105375289916992e-01 1.898459903895854950e-02
9.321250319480895996e-01 5.863741040229797363e-01 1.352692395448684692e-01
-2.771697342395782471e-01 4.691461920738220215e-01 -4.643374979496002197e-01
-6.789092421531677246e-01 -1.268542259931564331e-01 1.519459366798400879e+00
-4.646012559533119202e-03 1.165522694587707520e+00 -1.091173291206359863e+00
-2.061511762440204620e-02 -1.290964186191558838e-01 -1.509007811546325684e+00
