1.110717535018920898e+00 5.573760867118835449e-01 4.059936404228210449e-01
1.132798075675964355e+00 -2.953890860080718994e-01 4.815089106559753418e-01
1.015253782272338867e+00 5.572202801704406738e-01 -1.481661200523376465e+00
-5.657564997673034668e-01 8.578269481658935547e-01 -1.040702939033508301e+00
7.772125601768493652e-01 -2.900985181331634521e-01 5.888676047325134277e-01
6.257311105728149414e-01 -7.825802564620971680e-01 -4.426142573356628418e-01
-6.198863983154296875e-01 6.247856616973876953e-01 -1.347046732902526855e+00
7.845515012741088867e-01 8.612548112869262695e-01 -4.196182787418365479e-01
-5.330573916435241699e-01 3.572972714900970459e-01 -2.374372184276580811e-01
6.469923853874206543e-01 -5.414323210716247559e-01 1.468714624643325806e-01
-3.829042613506317139e-01 5.126213431358337402e-01 -8.654981255531311035e-01
-6.115543246269226074e-01 2.917653322219848633e-01 1.597558259963989258e+00
-1.227504253387451172e+00 -7.070500254631042480e-01 -3.647478222846984863e-01
-2.722785472869873047e-01 1.798401832580566406e+00 1.273760914802551270e+00
1.069764614105224609e+00 -4.366680681705474854e-01 2.337912559509277344e+00
-2.063681483268737793e-01 -6.969463825225830078e-01 -1.882814913988113403e-01
8.473805785179138184e-01 -6.390193104743957520e-01 -3.762691318988800049e-01
-7.192615419626235962e-02 -1.268188804388046265e-01 4.500577449798583984e-01
5.119464993476867676e-01 -1.099021077156066895e+00 1.976154923439025879e+00
-8.432652354240417480e-01 2.545924782752990723e-01 -9.628750085830688477e-01
-8.163800835609436035e-01 -2.795943021774291992e-01 -5.805955082178115845e-02
4.933978989720344543e-02 7.560708522796630859e-01 2.633053958415985107e-01
6.773765683174133301e-01 -3.362168371677398682e-02 -2.076720476150512695e+00
-8.669032454490661621e-01 -5.961174368858337402e-01 8.628329038619995117e-01
2.025943696498870850e-01 1.070122420787811279e-01 1.460094094276428223e+00
1.575070738792419434e+00 1.571561932563781738e+00 3.408071100711822510e-01
-1.380551576614379883e+00 -3.563404083251953125e-01 -1.956680059432983398e+00
-7.683871388435363770e-01 4.838349819183349609e-01 1.801234722137451172e+00
-3.016233921051025391e+00 1.128030195832252502e-02 -2.714544534683227539e+00
-1.416689634323120117e+00 4.220584630966186523e-01 -9.109853953123092651e-02
-1.434861421585083008e+00 -4.620392918586730957e-01 1.186490774154663086e+00
-1.424993038177490234e+00 -1.479339957237243652e+00 -1.420883893966674805e+00
-2.226798772811889648e+00 2.688752114772796631e-01 1.852709531784057617e+00
3.079532980918884277e-01 6.245466470718383789e-01 1.169478893280029297e+00
2.621473371982574463e-01 7.125880122184753418e-01 -7.143459916114807129e-01
5.804018974304199219e-01 -5.694270730018615723e-01 -9.819623231887817383e-01
8.063020110130310059e-01 1.979067802429199219e+00 6.771246343851089478e-02
-5.090076923370361328e-01 1.403218150138854980e+00 -1.389674782752990723e+00
-4.111551940441131592e-01 -6.061850786209106445e-01 1.825252771377563477e+00
6.170739233493804932e-02 -4.980968236923217773e-01 -5.046031475067138672e-01
-2.291828393936157227e+00 -4.549803137779235840e-01 -1.435388624668121338e-01
1.023525074124336243e-01 -9.460120648145675659e-02 -1.190006017684936523e+00
-1.577985137701034546e-01 -1.730994701385498047e+00 4.979832768440246582e-01
1.094195365905761719e+00 1.964274942874908447e-01 1.703440785408020020e+00
-5.201206356287002563e-02 1.885996907949447632e-01 7.195441126823425293e-01
-1.760532498359680176e+00 -9.653026461601257324e-01 4.099407494068145752e-01
-1.401125431060791016e+00 7.670968770980834961e-01 3.996002078056335449e-01
-1.270783841609954834e-01 -1.060018613934516907e-01 1.778197050094604492e+00
-3.676749765872955322e-01 -1.507874876260757446e-01 1.610083103179931641e+00
7.908316254615783691e-01 1.223128914833068848e+00 4.277160465717315674e-01
-1.147203743457794189e-01 9.698866605758666992e-01 1.354764580726623535e+00
-1.568093895912170410e+00 -3.023322820663452148e-01 -9.569701552391052246e-02
2.504586577415466309e-01 -1.371260881423950195e+00 7.975329160690307617e-01
-5.526325702667236328e-01 -7.346605658531188965e-01 -4.931331872940063477e-01
-9.952911734580993652e-01 -2.138869017362594604e-01 -1.902046680450439453e+00
4.869602620601654053e-01 -8.588361144065856934e-01 2.868494987487792969e-01
4.933969080448150635e-01 3.660850524902343750e-01 -1.246504306793212891e+00
1.084681034088134766e+00 -7.682248950004577637e-02 -2.785615622997283936e-01
-3.454593243077397346e-03 -6.120833158493041992e-01 -1.198381900787353516e+00
-4.760431647300720215e-01 5.112758874893188477e-01 -9.006052017211914062e-01
-9.815526604652404785e-01 3.736782073974609375e-01 -1.378908872604370117e+00
3.105957806110382080e-01 -4.079555869102478027e-01 -9.820608496665954590e-01
-3.808788359165191650e-01 -3.926070332527160645e-01 9.865328669548034668e-01
-1.854508519172668457e-01 -2.533431768417358398e+00 -9.278147816658020020e-01
-5.898633599281311035e-01 5.827107429504394531e-01 9.758457541465759277e-01
-5.945978164672851562e-01 5.745115876197814941e-01 2.596879303455352783e-01
-1.461008191108703613e-01 5.003372430801391602e-01 1.074123859405517578e+00
-9.823591113090515137e-01 1.761168599128723145e+00 1.496850490570068359e+00
-1.015931487083435059e+00 -1.977117061614990234e-01 2.428255796432495117e+00
2.397831231355667114e-01 -4.223624765872955322e-01 1.240382790565490723e+00
-1.540413260459899902e+00 -6.096491813659667969e-01 -7.097030878067016602e-01
9.049817174673080444e-02 -4.179990887641906738e-01 -9.882136583328247070e-01
1.631380319595336914e+00 -2.283914536237716675e-01 1.566524207592010498e-01
-1.736027121543884277e+00 1.966166943311691284e-01 -1.679169774055480957e+00
4.699993729591369629e-01 -6.376562118530273438e-01 4.443531632423400879e-01
7.559453845024108887e-01 -6.832796931266784668e-01 1.457635760307312012e+00
-2.703649997711181641e-01 1.180697679519653320e+00 -4.675226509571075439e-01
-5.930137634277343750e-01 -1.713369786739349365e-01 -1.440651297569274902e+00
4.981888532638549805e-01 -5.866276621818542480e-01 7.734675407409667969e-01
-1.481283783912658691e+00 2.359497547149658203e+00 -1.128639459609985352e+00
-9.028349518775939941e-01 -2.095749229192733765e-01 -6.985133886337280273e-01
3.537859916687011719e-01 2.300714731216430664e+00 -9.971417784690856934e-01
3.048151135444641113e-01 3.760890960693359375e-01 4.671420753002166748e-01
-2.616013884544372559e-01 -3.020585775375366211e-01 9.875459671020507812e-01
4.350914359092712402e-01 -8.309075832366943359e-01 9.782744050025939941e-01
6.767936348915100098e-01 -6.217875480651855469e-01 -3.663146495819091797e-01
-1.065728425979614258e+00 3.318788111209869385e-01 1.033479213714599609e+00
1.176137104630470276e-01 5.375521183013916016e-01 4.107791557908058167e-02
6.755269765853881836e-01 -1.082586288452148438e+00 -7.768783718347549438e-02
6.840633749961853027e-01 9.156901240348815918e-01 1.485599994659423828e+00
2.586365640163421631e-01 -1.021519660949707031e+00 -9.694221019744873047e-01
-8.041813373565673828e-01 -3.975723683834075928e-01 -7.321395725011825562e-02
-3.440636098384857178e-01 3.804628849029541016e-01 5.096747875213623047e-01
-1.985854804515838623e-01 2.153315544128417969e-01 1.008723616600036621e+00
5.829441547393798828e-01 -5.251756310462951660e-01 -1.086884140968322754e+00
3.956110179424285889e-01 1.207628130912780762e+00 3.609995841979980469e-01
2.169035971164703369e-01 1.889581978321075439e-01 -4.782443642616271973e-01
-1.237711787223815918e+00 4.114499688148498535e-01 7.959462702274322510e-03
7.234518975019454956e-02 -1.086311459541320801e+00 9.633042812347412109e-01
-1.848588347434997559e+00 1.498661935329437256e-01 1.168786525726318359e+00
-6.053125858306884766e-01 -7.114756703376770020e-01 5.784240961074829102e-01
-6.489009261131286621e-01 -5.137230753898620605e-01 4.502254128456115723e-01
1.118539497256278992e-01 -1.835122518241405487e-02 1.055078506469726562e+00
7.209609150886535645e-01 -5.680846571922302246e-01 -1.444083333015441895e+00
6.212497353553771973e-01 -1.466539502143859863e+00 1.701280236244201660e+00
8.665733337402343750e-01 -1.186861395835876465e-01 -3.879612386226654053e-01
8.230301141738891602e-01 5.008992552757263184e-01 6.673187613487243652e-01
6.787217855453491211e-01 7.085121273994445801e-01 3.070240840315818787e-02
7.449235916137695312e-01 8.143997788429260254e-01 -1.782609939575195312e+00
4.485287666320800781e-01 -2.902623414993286133e-01 1.320887804031372070e+00
5.970346927642822266e-01 -2.841903865337371826e-01 -8.498305082321166992e-01
-1.555651664733886719e+00 -1.618142724037170410e+00 5.889880061149597168e-01
6.230341792106628418e-01 8.647196739912033081e-02 7.246736288070678711e-01
-1.629566550254821777e+00 1.161174416542053223e+00 -1.527518033981323242e+00
2.519460916519165039e-01 -5.409045889973640442e-02 6.832512021064758301e-01
-1.157105565071105957e+00 5.975742340087890625e-01 1.592401385307312012e+00
-8.363577127456665039e-01 3.006727993488311768e-01 7.850697040557861328e-01
9.688731431961059570e-01 -5.525049567222595215e-01 6.996405124664306641e-01
1.614808738231658936e-01 1.294808983802795410e+00 -6.470824480056762695e-01
-1.701406359672546387e+00 5.807997584342956543e-01 5.998892784118652344e-01
5.528250336647033691e-01 -4.725416004657745361e-01 -2.680077217519283295e-02
-1.569206118583679199e+00 -5.171364545822143555e-01 -1.243243932723999023e+00
2.797625541687011719e+00 -3.477178812026977539e-01 4.599454998970031738e-01
1.159515738487243652e+00 -2.580406367778778076e-01 6.622182130813598633e-01
8.419679999351501465e-01 1.060750037431716919e-01 -7.147515416145324707e-01
1.434122562408447266e+00 1.686478137969970703e+00 7.577224373817443848e-01
-1.254807114601135254e+00 -2.207960784435272217e-01 1.120361566543579102e+00
-4.991047829389572144e-02 -8.387102484703063965e-01 -9.351634234189987183e-02
2.998432219028472900e-01 4.473624527454376221e-01 2.878828719258308411e-02
9.223523736000061035e-01 2.197130441665649414e+00 -9.690181612968444824e-01
-1.798940300941467285e-01 -9.011464715003967285e-01 2.191182412207126617e-02
-7.137628197669982910e-01 6.125045418739318848e-01 -5.976994037628173828e-01
-1.168220996856689453e+00 2.150351285934448242e+00 -1.388397932052612305e+00
8.047664165496826172e-01 -4.502706527709960938e-01 1.027689456939697266e+00
2.641458213329315186e-01 -5.650067925453186035e-01 5.670512318611145020e-01
4.460991322994232178e-01 1.254406809806823730e+00 1.072630405426025391e+00
4.491357207298278809e-01 -5.118893459439277649e-02 1.520346760749816895e+00
1.665597856044769287e-01 1.272062420845031738e+00 1.010452508926391602e+00
-5.957390069961547852e-01 3.599721491336822510e-01 4.202009141445159912e-01
3.981207311153411865e-01 -1.147961616516113281e+00 -1.275245666503906250e+00
1.055639684200286865e-01 4.555660784244537354e-01 -1.061167344450950623e-01
-2.298356592655181885e-01 -1.804973781108856201e-01 7.182850241661071777e-01
1.163141489028930664e+00 2.143105745315551758e+00 -6.256817579269409180e-01
-8.694846630096435547e-01 1.690979599952697754e+00 1.544777303934097290e-01
3.546902835369110107e-01 -1.291484355926513672e+00 6.593627929687500000e-01
2.189097255468368530e-01 -1.262872457504272461e+00 1.812942512333393097e-02
1.840049505233764648e+00 -1.074882745742797852e+00 2.309507131576538086e+00
6.023747324943542480e-01 1.824775099754333496e+00 -3.447161242365837097e-02
6.334142386913299561e-02 -1.246421098709106445e+00 -5.415549874305725098e-01
-4.848468303680419922e-01 -1.460997939109802246e+00 1.112756729125976562e-01
-1.068317368626594543e-01 1.512663841247558594e+00 5.972088128328323364e-02
1.391491413116455078e+00 5.897758603096008301e-01 -1.885740637779235840e+00
7.697599530220031738e-01 -3.695721328258514404e-01 -8.753808140754699707e-01
9.584925770759582520e-01 -1.681264042854309082e+00 -2.155344933271408081e-01
1.874480694532394409e-01 -1.264225840568542480e+00 -8.055127859115600586e-01
-1.832353174686431885e-01 -1.755716204643249512e+00 -6.671171188354492188e-01
-1.794682025909423828e+00 -1.125759258866310120e-01 -8.108589649200439453e-01
-3.476063609123229980e-01 -4.317070841789245605e-01 -1.146888613700866699e+00
-9.519591331481933594e-01 -7.076723873615264893e-02 1.174679756164550781e+00
-1.676623076200485229e-01 4.138250946998596191e-01 -4.589171111583709717e-01
8.770014643669128418e-01 -1.242134928703308105e+00 -6.391581296920776367e-01
-3.691984713077545166e-01 6.302693486213684082e-01 6.655990332365036011e-02
-2.102505415678024292e-01 -3.868484199047088623e-01 -1.098654866218566895e+00
1.129825472831726074e+00 6.026648879051208496e-01 -1.069944977760314941e+00
3.181535005569458008e-01 -9.202311187982559204e-02 -1.895040035247802734e+00
-2.653518199920654297e+00 -1.322802305221557617e+00 -1.293615996837615967e-01
-1.024590015411376953e+00 -1.984527558088302612e-01 3.538855612277984619e-01
2.982001602649688721e-01 -5.917184352874755859e-01 -1.562142729759216309e+00
-2.447599172592163086e-01 -1.304226160049438477e+00 -6.591970324516296387e-01
-3.633908927440643311e-01 2.735710442066192627e-01 5.651115626096725464e-02
5.776035785675048828e-01 1.169384568929672241e-01 -3.760795593261718750e-01
-3.715008199214935303e-01 2.256783723831176758e+00 -4.769893884658813477e-01
-3.069002628326416016e+00 8.896653652191162109e-01 -1.079996526241302490e-01
-2.285355776548385620e-01 1.106247663497924805e+00 -6.453433036804199219e-01
3.917189538478851318e-01 1.131834387779235840e+00 1.715319037437438965e+00
4.761565923690795898e-01 9.475232362747192383e-01 -1.481737941503524780e-01
-1.205584764480590820e+00 -1.283347249031066895e+00 1.060233488678932190e-01
2.232637643814086914e+00 -2.244691848754882812e+00 -1.306300401687622070e+00
-3.404635787010192871e-01 -1.656169176101684570e+00 -7.393240928649902344e-01
2.926703095436096191e-01 -4.368664026260375977e-01 -5.623899698257446289e-01
6.325742006301879883e-01 7.576409578323364258e-01 -8.716635704040527344e-01
5.333540439605712891e-01 4.660154283046722412e-01 -2.829344511032104492e+00
1.422191977500915527e+00 3.389202356338500977e-01 -4.299757182598114014e-01
1.207073591649532318e-02 -3.708966076374053955e-01 -7.303184866905212402e-01
6.487654447555541992e-01 5.421966910362243652e-01 1.191582083702087402e+00
-1.136706233024597168e+00 -4.257932901382446289e-01 4.513218700885772705e-01
4.265297204256057739e-03 3.421167284250259399e-02 5.419965982437133789e-01
6.625663638114929199e-01 9.815520644187927246e-01 7.135159969329833984e-01
-1.045211911201477051e+00 9.166622757911682129e-01 -6.675314307212829590e-01
-6.673275232315063477e-01 -1.909068822860717773e+00 -2.323942184448242188e-01
-1.047940850257873535e-01 1.982403397560119629e-01 9.250763654708862305e-01
7.971099019050598145e-02 -4.806732237339019775e-01 2.196020483970642090e-01
4.673097133636474609e-01 -5.082763433456420898e-01 8.527500629425048828e-01
-1.074744701385498047e+00 2.215755134820938110e-01 3.521637916564941406e-01
5.961766242980957031e-01 -1.259575132280588150e-02 5.761940777301788330e-02
1.320864200592041016e+00 1.845147460699081421e-02 -1.994475007057189941e+00
5.974023938179016113e-01 1.208910107612609863e+00 -5.773544907569885254e-01
1.009735107421875000e+00 5.227329134941101074e-01 3.902656435966491699e-01
1.845595687627792358e-01 6.444937586784362793e-01 2.918368279933929443e-01
6.495471000671386719e-01 -6.189528703689575195e-01 3.790802657604217529e-01
-4.956771433353424072e-01 5.830867290496826172e-01 -1.200822234153747559e+00
-4.768633246421813965e-01 -1.081018209457397461e+00 6.465950608253479004e-01
6.118457317352294922e-01 -1.307783603668212891e+00 -3.649847805500030518e-01
6.007167696952819824e-01 3.937597274780273438e-01 1.211733222007751465e+00
-9.571861624717712402e-01 -1.077937722206115723e+00 -9.705332517623901367e-01
-2.139841079711914062e+00 8.729072809219360352e-01 -1.824634075164794922e+00
-6.111503243446350098e-01 1.144839644432067871e+00 -1.288236141204833984e+00
4.432544708251953125e-01 -8.277154527604579926e-03 -1.329655051231384277e+00
-6.884900331497192383e-01 -5.215519666671752930e-01 -2.468214035034179688e-01
-2.487374991178512573e-01 -8.511599302291870117e-01 -6.985574364662170410e-01
7.258725762367248535e-01 1.167290806770324707e+00 2.384414970874786377e-01
3.516836762428283691e-01 9.730321168899536133e-01 9.504991769790649414e-01
2.902121245861053467e-01 -3.106139004230499268e-01 -1.396563172340393066e+00
-6.850731968879699707e-01 -1.836910694837570190e-01 1.477085709571838379e+00
4.323672056198120117e-01 -7.014133334159851074e-01 1.022784471511840820e+00
-2.965040504932403564e-01 -8.284479379653930664e-01 1.245994567871093750e+00
8.923772573471069336e-01 5.045644640922546387e-01 -1.651783823966979980e+00
-3.088975846767425537e-01 -5.794124603271484375e-01 -1.991780638694763184e+00
7.141991257667541504e-01 -5.307332277297973633e-01 7.089570164680480957e-01
-5.255810022354125977e-01 6.799519658088684082e-01 -1.804946064949035645e+00
1.323513984680175781e+00 6.952666044235229492e-01 1.763990044593811035e+00
-3.026539683341979980e-01 -1.548400640487670898e+00 -8.169515132904052734e-01
8.002458214759826660e-01 9.320433139801025391e-01 -3.546306490898132324e-01
-8.182342052459716797e-01 6.277769804000854492e-01 -7.727974057197570801e-01
9.342602491378784180e-01 -3.135305345058441162e-01 -1.898332595825195312e+00
5.124470591545104980e-01 -1.380282759666442871e+00 2.877056598663330078e-01
-1.031269669532775879e+00 -1.500161170959472656e+00 -5.626817345619201660e-01
-5.139674618840217590e-02 9.750599861145019531e-01 2.132130861282348633e+00
-8.073689341545104980e-01 -9.167431592941284180e-01 -5.427326560020446777e-01
-5.693638920783996582e-01 2.771810293197631836e-01 1.944929957389831543e+00
-5.723967552185058594e-01 -8.139258623123168945e-02 8.623092770576477051e-01
-3.166330456733703613e-01 1.089534878730773926e+00 1.021480917930603027e+00
-1.070494294166564941e+00 -9.741123318672180176e-01 -1.619616001844406128e-01
-5.172848701477050781e-01 -2.785157203674316406e+00 -5.955640077590942383e-01
1.745548367500305176e+00 -6.211963891983032227e-01 1.125893950462341309e+00
3.400421738624572754e-01 9.769651889801025391e-01 7.982087731361389160e-01
-3.430541753768920898e-01 6.369649171829223633e-01 7.366291433572769165e-02
-1.352479577064514160e+00 -4.152178764343261719e-02 1.530909895896911621e+00
-3.909913599491119385e-01 -1.623322218656539917e-01 -4.464076459407806396e-01
-1.947167277336120605e+00 4.364973306655883789e-01 -1.298213601112365723e+00
-7.937317490577697754e-01 7.354499101638793945e-01 -1.330041736364364624e-01
-8.388082981109619141e-01 -3.820076119154691696e-03 -5.763350129127502441e-01
-3.225911557674407959e-01 -2.501420080661773682e-01 1.269429683685302734e+00
-1.100946545600891113e+00 -1.882511377334594727e+00 1.436697244644165039e-01
-9.152981638908386230e-01 -2.639628946781158447e-01 -2.251449584960937500e+00
-8.910285830497741699e-01 -1.444428324699401855e+00 1.126376509666442871e+00
1.723064333200454712e-01 -6.995612382888793945e-01 5.676657557487487793e-01
-1.447736859321594238e+00 -2.363179326057434082e-01 -5.119904875755310059e-01
2.796123735606670380e-02 -6.139243394136428833e-02 7.402932643890380859e-01
1.427200317382812500e+00 1.484162639826536179e-02 -4.050238132476806641e-01
5.637105107307434082e-01 1.473377704620361328e+00 -6.968231797218322754e-01
9.670537710189819336e-01 3.519820868968963623e-01 4.154397547245025635e-02
4.692101776599884033e-01 -1.348017334938049316e+00 7.037124782800674438e-02
-1.103277355432510376e-01 1.108366727828979492e+00 -1.182420372962951660e+00
1.003700613975524902e+00 -3.309501707553863525e-02 8.448328375816345215e-01
-7.971113324165344238e-01 2.187778949737548828e+00 -1.143904328346252441e+00
-1.582252979278564453e-01 5.949240326881408691e-01 -3.335861265659332275e-01
-1.350290536880493164e+00 -2.409276664257049561e-01 -1.081833958625793457e+00
-1.361309289932250977e+00 -1.645374447107315063e-01 1.907143592834472656e+00
3.245277702808380127e-01 -9.786195158958435059e-01 -1.194283485412597656e+00
1.306445240974426270e+00 -3.048197329044342041e-01 2.261223196983337402e-01
4.722797572612762451e-01 -1.149265408515930176e+00 5.528417229652404785e-01
-3.855036795139312744e-01 1.393790841102600098e+00 -8.209125138819217682e-03
-1.546254605054855347e-01 3.053328990936279297e-01 -6.115798950195312500e-01
5.436219573020935059e-01 1.602490544319152832e+00 -1.010735988616943359e+00
7.226608991622924805e-01 1.821872949600219727e+00 3.094273805618286133e-02
2.739223718643188477e+00 1.022062182426452637e+00 1.324207663536071777e+00
4.126414954662322998e-01 -1.603840827941894531e+00 8.054599910974502563e-02
5.094615221023559570e-01 -3.262245953083038330e-01 -8.258301615715026855e-01
-9.869250655174255371e-01 -1.290845990180969238e+00 -1.302929997444152832e+00
-5.664294958114624023e-01 5.445756912231445312e-01 -3.515021204948425293e-01
1.725004911422729492e+00 -6.696919798851013184e-01 -4.832607507705688477e-01
-1.374709963798522949e+00 1.373337626457214355e+00 -8.240017890930175781e-01
-6.454948186874389648e-01 1.420799732208251953e+00 6.191323399543762207e-01
1.147365927696228027e+00 1.943043947219848633e+00 5.972641110420227051e-01
-1.321578979492187500e+00 -7.711609601974487305e-01 -3.329279422760009766e-01
-1.935644984245300293e+00 3.840788602828979492e-01 1.129409313201904297e+00
-1.220482140779495239e-01 2.564322352409362793e-01 5.823582410812377930e-02
9.682255387306213379e-01 1.468990564346313477e+00 -5.342522263526916504e-01
-9.992578625679016113e-02 4.560186564922332764e-01 -6.641700863838195801e-01
8.531166911125183105e-01 -5.235834121704101562e-01 1.362632274627685547e+00
-3.887101113796234131e-01 1.110357880592346191e+00 4.585773050785064697e-01
-3.978593647480010986e-01 -3.068311214447021484e-01 -7.649626135826110840e-01
-4.774466753005981445e-01 1.047863483428955078e+00 -5.709000229835510254e-01
3.826630115509033203e-01 1.544101536273956299e-01 1.609307050704956055e+00
7.619554400444030762e-01 -2.076297551393508911e-01 1.127653047442436218e-01
-1.753887385129928589e-01 6.872577965259552002e-02 -5.855804309248924255e-02
-1.178327560424804688e+00 8.034434318542480469e-01 1.820542812347412109e+00
-7.777290344238281250e-01 1.291559576988220215e+00 7.277201414108276367e-01
-2.053108960390090942e-01 -5.359982252120971680e-01 -9.119999408721923828e-01
1.387386798858642578e+00 -9.583086967468261719e-01 -3.820147514343261719e-01
2.119264304637908936e-01 -5.603799819946289062e-01 -1.622430443763732910e+00
3.472847938537597656e-01 -2.991586327552795410e-01 1.895524024963378906e+00
-4.726319015026092529e-01 1.522619962692260742e+00 3.219312131404876709e-01
1.154339909553527832e+00 -1.300378561019897461e+00 -3.295190334320068359e-01
-1.105900406837463379e+00 1.722229242324829102e+00 -4.006800055503845215e-01
8.019902706146240234e-01 -1.338038742542266846e-01 -2.528928220272064209e-01
-3.040988683700561523e+00 3.254258334636688232e-01 1.186197042465209961e+00
-6.134974956512451172e-01 -1.470457792282104492e+00 -1.797351598739624023e+00
2.149488449096679688e+00 -5.295719504356384277e-01 -1.408925414085388184e+00
-7.395055890083312988e-01 -6.968904137611389160e-01 -1.369418025016784668e+00
-4.971261918544769287e-01 4.969514608383178711e-01 9.914854764938354492e-01
1.272448599338531494e-01 -6.368458867073059082e-01 -2.746679544448852539e+00
-8.702057003974914551e-01 -1.039473414421081543e+00 -7.871032953262329102e-01
2.273727059364318848e-01 4.371037483215332031e-01 1.250733613967895508e+00
-4.765630960464477539e-01 -2.945667803287506104e-01 -1.226925730705261230e+00
-5.465666055679321289e-01 3.161690831184387207e-01 -1.021835207939147949e+00
-6.614048480987548828e-01 -1.997399181127548218e-01 3.773023933172225952e-02
-6.048963069915771484e-01 -1.099039435386657715e+00 4.473865032196044922e-01
-1.163950443267822266e+00 8.628847599029541016e-01 -1.012495279312133789e+00
-2.525916099548339844e-01 -2.142051756381988525e-01 -1.686662435531616211e+00
-1.486236453056335449e+00 1.233520030975341797e+00 7.395393848419189453e-01
9.041835069656372070e-01 1.291523873805999756e-02 -3.221394121646881104e-01
-3.188620805740356445e-01 2.212877012789249420e-02 8.228651881217956543e-01
-3.922552466392517090e-01 -1.318566799163818359e-01 1.228725433349609375e+00
4.351240098476409912e-01 -3.297622203826904297e+00 3.793848752975463867e-01
2.285166263580322266e+00 9.977048635482788086e-02 2.341983318328857422e+00
4.308470487594604492e-01 7.992938160896301270e-01 9.212776422500610352e-01
-4.702992141246795654e-01 1.564271926879882812e+00 -2.765708446502685547e+00
6.422244906425476074e-01 9.856920242309570312e-01 -5.661670565605163574e-01
-1.290055155754089355e+00 3.296377956867218018e-01 -7.194193601608276367e-01
-9.265405535697937012e-01 -8.991718292236328125e-01 -6.693766713142395020e-01
1.856018662452697754e+00 -1.051059722900390625e+00 2.199092805385589600e-01
-3.069134056568145752e-01 6.019181013107299805e-01 3.040596544742584229e-01
-8.342173099517822266e-01 -7.546667456626892090e-01 -8.058706521987915039e-01
-6.286095976829528809e-01 -7.698949575424194336e-01 -6.405100226402282715e-01
4.199348688125610352e-01 1.874152064323425293e+00 -8.054281473159790039e-01
-6.050578504800796509e-02 1.897524118423461914e+00 -6.039786338806152344e-01
4.237611293792724609e-01 8.479454517364501953e-01 8.039781451225280762e-01
-2.063142776489257812e+00 3.992206454277038574e-01 -1.328820705413818359e+00
1.163024544715881348e+00 -1.364540904760360718e-01 -3.241306841373443604e-01
-5.508459731936454773e-02 -7.816982865333557129e-01 2.904593944549560547e-01
-1.131459355354309082e+00 -9.572706222534179688e-01 -3.109184205532073975e-01
-3.760472238063812256e-01 1.658555030822753906e+00 1.728365719318389893e-01
-1.008156895637512207e+00 3.111018836498260498e-01 -7.289938628673553467e-02
-1.010699123144149780e-01 2.284150123596191406e+00 -5.314625501632690430e-01
3.911525309085845947e-01 -3.173380494117736816e-01 -6.578915715217590332e-01
1.067128777503967285e+00 -3.943061232566833496e-01 -1.354772567749023438e+00
-1.030501052737236023e-01 1.045962095260620117e+00 -8.720714449882507324e-01
5.642151236534118652e-01 2.920764088630676270e-01 -8.500215411186218262e-01
-4.530222713947296143e-01 -2.136829376220703125e+00 -1.869830846786499023e+00
-1.281970381736755371e+00 -6.462156772613525391e-01 -6.982022523880004883e-01
-1.197295904159545898e+00 -1.592616438865661621e+00 8.877795338630676270e-01
-2.719343006610870361e-01 -1.029155731201171875e+00 -6.140781044960021973e-01
6.601872444152832031e-01 1.988494843244552612e-01 6.255426406860351562e-01
-6.401724219322204590e-01 1.475425958633422852e-01 1.517531275749206543e-01
-1.565013647079467773e+00 1.012854337692260742e+00 7.944086790084838867e-01
1.477029800415039062e+00 7.230505943298339844e-01 -1.320240974426269531e+00
-8.050358891487121582e-01 1.152320504188537598e+00 -1.142581820487976074e+00
-1.810029745101928711e-01 -1.419529318809509277e+00 -2.718415737152099609e+00
1.380988359451293945e+00 -9.824749231338500977e-01 -4.347482919692993164e-01
-4.359131157398223877e-01 -1.874055713415145874e-01 1.227466702461242676e+00
1.364551305770874023e+00 -1.481637716293334961e+00 6.412110328674316406e-01
2.511016428470611572e-01 5.474417805671691895e-01 2.167510837316513062e-01
1.533879160881042480e+00 5.262050405144691467e-02 -8.253830075263977051e-01
1.337844491004943848e+00 -3.358118236064910889e-01 -7.354804277420043945e-01
1.084525346755981445e+00 -6.916553527116775513e-02 -2.313981056213378906e-01
-2.134385108947753906e-01 -4.709216654300689697e-01 -8.529670834541320801e-01
4.129757583141326904e-01 1.045121192932128906e+00 3.724854290485382080e-01
-9.470679163932800293e-01 -8.152990937232971191e-01 -7.377792000770568848e-01
-6.993124485015869141e-01 -2.169320434331893921e-01 1.509496569633483887e+00
6.877160668373107910e-01 1.046841382980346680e+00 -1.167043447494506836e+00
-7.946388125419616699e-01 6.221413612365722656e-01 1.332398295402526855e+00
-1.717942595481872559e+00 9.624386429786682129e-01 -6.654396057128906250e-01
-7.587152123451232910e-01 6.734824776649475098e-01 -6.111291646957397461e-01
7.064168155193328857e-02 -2.288220524787902832e-01 1.854536682367324829e-01
5.660298466682434082e-01 -1.486185044050216675e-01 7.551820278167724609e-01
-3.076692223548889160e-01 6.659935116767883301e-01 4.542865976691246033e-02
-7.016673684120178223e-01 4.664678275585174561e-01 -6.600329875946044922e-01
-1.388466596603393555e+00 -4.475241526961326599e-02 9.034411907196044922e-01
-1.427555084228515625e+00 4.687263369560241699e-01 -8.952171802520751953e-01
-3.510563075542449951e-02 -1.776417613029479980e+00 -8.246742486953735352e-01
8.678785562515258789e-01 1.590733647346496582e+00 1.747402787208557129e+00
1.330843418836593628e-01 -5.803017020225524902e-01 -2.029095441102981567e-01
1.521013617515563965e+00 7.411278784275054932e-02 -1.427586197853088379e+00
-8.664268851280212402e-01 -7.783912867307662964e-02 1.330453455448150635e-01
-1.012763142585754395e+00 -1.882022500038146973e+00 -1.022033810615539551e+00
-1.612666010856628418e+00 -7.934851646423339844e-01 -2.414139062166213989e-01
8.865191936492919922e-01 4.052386060357093811e-02 3.953392803668975830e-01
5.280346274375915527e-01 9.726046919822692871e-01 -1.714123010635375977e+00
-3.185666399076581001e-03 -4.129191040992736816e-01 1.438610076904296875e+00
-5.693161487579345703e-01 2.522866129875183105e-01 5.639167875051498413e-02
-1.218234300613403320e+00 9.066674113273620605e-01 9.394310712814331055e-01
-2.902003228664398193e-01 1.418240070343017578e+00 1.571548819541931152e+00
-8.944961428642272949e-02 -2.396650791168212891e+00 -1.056448370218276978e-01
8.094149827957153320e-01 9.506633877754211426e-01 1.031558275222778320e+00
-1.995664089918136597e-01 7.744034528732299805e-01 3.368982672691345215e-01
9.021373391151428223e-01 -6.423121094703674316e-01 1.045486211776733398e+00
1.969728618860244751e-01 -1.645641207695007324e+00 -4.319025203585624695e-02
2.065409660339355469e+00 1.466525316238403320e+00 1.843635201454162598e+00
-1.058659434318542480e+00 1.214697837829589844e+00 -1.858409285545349121e+00
-5.150244832038879395e-01 1.031508445739746094e+00 -6.768742799758911133e-01
-8.118351697921752930e-01 -8.193609118461608887e-02 -6.382379531860351562e-01
1.086790338158607483e-01 -1.233754120767116547e-02 9.093686342239379883e-01
-1.973505973815917969e+00 -1.125403717160224915e-01 -3.813061118125915527e-01
2.062142610549926758e+00 -2.358949184417724609e-01 -4.248336851596832275e-01
-6.764211654663085938e-01 6.169481873512268066e-01 3.224969208240509033e-01
3.826059997081756592e-01 -6.632668972015380859e-01 -8.464752882719039917e-02
-3.376695513725280762e-02 9.731158614158630371e-01 -1.076624512672424316e+00
-1.007168531417846680e+00 -5.977411866188049316e-01 1.844721436500549316e+00
-4.960276558995246887e-02 1.157866954803466797e+00 -9.823874384164810181e-02
1.111134529113769531e+00 -3.812720477581024170e-01 -3.531225621700286865e-01
2.066262364387512207e-01 -1.528439283370971680e+00 1.898745775222778320e+00
-8.835768103599548340e-01 4.309372007846832275e-01 6.803302168846130371e-01
3.136104047298431396e-01 -1.433141827583312988e+00 6.834498643875122070e-01
1.641235470771789551e+00 -1.236466407775878906e+00 1.031110405921936035e+00
9.558175504207611084e-02 -7.174451947212219238e-01 1.149611771106719971e-01
8.055993318557739258e-01 1.949490606784820557e-01 1.925157904624938965e+00
-1.771151900291442871e+00 -3.975775539875030518e-01 1.926145076751708984e+00
-4.056869447231292725e-01 5.430805087089538574e-01 5.969288349151611328e-01
3.141075968742370605e-01 -1.243918538093566895e+00 3.511348247528076172e+00
-1.462502956390380859e+00 -1.001764297485351562e+00 -9.028517603874206543e-01
-8.103561997413635254e-01 3.923180103302001953e-01 -3.993479609489440918e-01
-7.636742293834686279e-02 -6.449131965637207031e-01 7.471575587987899780e-02
2.644812315702438354e-02 -5.676862001419067383e-01 -1.638866215944290161e-01
4.517471194267272949e-01 -3.710956275463104248e-01 -5.548664331436157227e-01
-6.644431948661804199e-01 1.754829660058021545e-02 8.654702454805374146e-02
5.700116157531738281e-01 2.451861947774887085e-01 5.922253727912902832e-01
-3.986464440822601318e-01 6.201393604278564453e-01 8.737468719482421875e-01
2.500755488872528076e-01 -8.929762244224548340e-01 2.001141309738159180e-01
5.038534402847290039e-01 -1.938408970832824707e+00 3.136889338493347168e-01
-8.067711591720581055e-01 -1.103347539901733398e+00 -2.955237627029418945e-01
-5.620430707931518555e-01 -1.302873969078063965e+00 -1.770032763481140137e+00
4.846827089786529541e-01 1.148864030838012695e+00 3.182012736797332764e-01
4.343737363815307617e-01 -4.141969084739685059e-01 1.190110743045806885e-01
1.171082019805908203e+00 1.159762501716613770e+00 2.184693574905395508e+00
9.700524210929870605e-01 5.675916671752929688e-01 -1.632104396820068359e+00
-9.689055681228637695e-01 -2.555602312088012695e+00 4.340653419494628906e-01
-6.481679081916809082e-01 3.598625063896179199e-01 -1.048530101776123047e+00
2.299669012427330017e-02 1.222500279545783997e-01 3.359948992729187012e-01
-1.376202583312988281e+00 9.834344983100891113e-01 -6.885291337966918945e-01
-7.628796100616455078e-01 3.441314697265625000e-01 9.270786643028259277e-01
1.423641204833984375e+00 1.315511584281921387e+00 -1.570097208023071289e+00
4.304340183734893799e-01 -2.080323398113250732e-01 1.440450072288513184e+00
9.159058928489685059e-01 -2.376171797513961792e-01 9.311918616294860840e-01
-7.415338754653930664e-01 -6.320817470550537109e-01 4.577625393867492676e-01
6.196433901786804199e-01 -5.505442023277282715e-01 -2.749141931533813477e+00
-1.549694299697875977e+00 4.050757288932800293e-01 -2.358591854572296143e-01
-6.608403921127319336e-01 -1.191236138343811035e+00 -8.836590051651000977e-01
-1.794755756855010986e-01 1.298679113388061523e+00 -1.995767951011657715e+00
-1.360405325889587402e+00 4.648182392120361328e-01 -5.740584731101989746e-01
7.164292335510253906e-01 -7.458226084709167480e-01 9.536550641059875488e-01
-1.092596530914306641e+00 6.614999771118164062e-01 -1.289072632789611816e+00
4.985800385475158691e-02 1.424252867698669434e+00 8.736594021320343018e-02
5.173885226249694824e-01 2.071691751480102539e+00 -1.081577420234680176e+00
-1.064211130142211914e+00 -8.589512109756469727e-01 -3.175206780433654785e-01
-2.909397184848785400e-01 3.287735879421234131e-01 -4.888727664947509766e-01
-2.450744211673736572e-01 5.022001266479492188e-01 -3.686887621879577637e-01
8.068184852600097656e-01 -1.674956679344177246e+00 8.301678895950317383e-01
1.603328943252563477e+00 -6.044990420341491699e-01 7.499722838401794434e-01
1.909441649913787842e-01 -6.884948611259460449e-01 -3.916378319263458252e-01
-1.001039028167724609e+00 1.883638352155685425e-01 -6.547958254814147949e-01
2.584563493728637695e-01 1.003647327423095703e+00 -1.431869506835937500e+00
1.312053084373474121e+00 5.567741990089416504e-01 -4.866663217544555664e-01
3.923995792865753174e-01 7.040112614631652832e-01 -6.144227981567382812e-01
4.573805630207061768e-02 -4.005785286426544189e-02 -1.471114009618759155e-01
1.815244078636169434e+00 -4.237980544567108154e-01 3.947854042053222656e-01
1.240258097648620605e+00 9.217283129692077637e-01 -3.599234297871589661e-02
2.329393625259399414e-01 1.003001928329467773e+00 -1.718972682952880859e+00
-4.617161676287651062e-02 -7.404561638832092285e-01 -4.456082880496978760e-01
1.275849580764770508e+00 2.996825613081455231e-02 1.480963706970214844e+00
-9.423671662807464600e-02 2.880791187286376953e+00 -5.962666273117065430e-01
4.205240309238433838e-01 -9.138138890266418457e-01 -1.921831071376800537e-01
-7.340095043182373047e-01 -1.100156068801879883e+00 -2.137080579996109009e-01
9.741225838661193848e-01 1.680364966392517090e+00 5.090752243995666504e-01
1.460577011108398438e+00 -1.466895937919616699e-01 2.049305886030197144e-01
5.264338850975036621e-01 -1.012205481529235840e+00 7.626037597656250000e-01
-8.190678954124450684e-01 -1.170998692512512207e+00 7.912336587905883789e-01
1.031159758567810059e+00 -1.869057118892669678e-01 -9.596552848815917969e-01
-7.861921191215515137e-01 -4.197170585393905640e-02 1.024374008178710938e+00
5.611653923988342285e-01 -1.128347396850585938e+00 -1.161954283714294434e+00
-7.546135783195495605e-01 -8.538873195648193359e-01 7.613476514816284180e-01
1.750365376472473145e+00 -3.266426920890808105e-01 -4.539496302604675293e-01
-7.890352606773376465e-02 1.459562301635742188e+00 -1.098763585090637207e+00
-9.525328874588012695e-01 2.537573575973510742e-01 -5.200185179710388184e-01
1.085484385490417480e+00 1.094411253929138184e+00 6.497142314910888672e-01
4.379132688045501709e-01 -1.169691085815429688e+00 2.679091095924377441e-01
-8.653644323348999023e-01 4.221583604812622070e-01 2.947307825088500977e-01
-3.572194278240203857e-01 -1.672098517417907715e+00 -6.836869716644287109e-01
2.185889631509780884e-01 -4.089067280292510986e-01 1.917096138000488281e+00
1.749055266380310059e+00 -1.016291618347167969e+00 -9.072280675172805786e-02
-4.722665995359420776e-02 4.935287535190582275e-01 -4.972705543041229248e-01
1.476231098175048828e+00 -1.810003817081451416e-01 -1.437984228134155273e+00
-9.116123914718627930e-01 1.587543487548828125e+00 1.112538456916809082e+00
-2.268130183219909668e-01 4.327588528394699097e-02 1.484743833541870117e+00
-7.375023961067199707e-01 8.127675056457519531e-01 5.024889707565307617e-01
-1.011412978172302246e+00 2.028282642364501953e+00 -6.085658669471740723e-01
1.047397494316101074e+00 1.686921119689941406e+00 -9.836428165435791016e-01
-1.661809682846069336e+00 1.921048611402511597e-01 -1.404474854469299316e+00
7.829165458679199219e-01 9.828500747680664062e-01 3.744131624698638916e-01
-7.663835287094116211e-01 4.858936071395874023e-01 -1.535905711352825165e-02
1.366543173789978027e+00 5.464074611663818359e-01 6.960808038711547852e-01
8.150877952575683594e-01 -1.701488494873046875e+00 -1.692741811275482178e-01
-7.750642299652099609e-01 -6.419047117233276367e-01 -1.370131373405456543e+00
1.362004637718200684e+00 -1.953569054603576660e-01 1.921101212501525879e-01
-1.704010128974914551e+00 1.110653638839721680e+00 -1.269603371620178223e+00
-6.433494687080383301e-01 -7.183893322944641113e-01 3.247138559818267822e-01
-3.361553549766540527e-01 -4.018041789531707764e-01 -5.274163484573364258e-01
1.134346961975097656e+00 6.412950754165649414e-01 -1.114715933799743652e+00
-3.355169594287872314e-01 1.083977103233337402e+00 1.051930308341979980e+00
