1.875972930225171531e+00 -1.579412610362410430e+00 1.056581810212910311e+00
-7.216120772692364849e-01 3.827611393774613124e-01 5.000517458374005297e-01
-1.646870758829795500e+00 -1.703950525905779251e-02 1.922873711642252736e+00
1.701732906420788671e-01 1.136988926935498384e-01 -2.464008461380899073e-01
1.510609225414557333e+00 3.210201597909932980e-01 2.180206099074512120e-03
-1.153681432692092584e-01 -2.330164628727720844e-01 -2.782059337183451220e-01
1.294670421174924480e+00 -5.351339732946458483e-01 1.549497475371082622e+00
-1.089724161202017427e+00 1.247078818675920964e+00 3.365096147689098371e-01
-5.408406396351627121e-01 7.297522451958886602e-01 2.205148152654639038e-01
1.014648347207351559e-01 3.410867761911035689e+00 8.536004594208724816e-01
1.767033343050079530e+00 3.028658089367632922e+00 -1.501876139819114664e-01
-2.446790596413310759e-01 2.044223990269584679e-01 3.693843419411640960e-01
-9.950197711889492425e-01 2.154044872322460336e+00 1.322158787589298654e-02
3.515695490800118339e+00 9.154418686089013102e-01 1.549352098292821944e+00
1.375740777600393372e+00 8.902467028898697343e-02 6.466065326366050581e-01
1.542290738155477570e+00 1.158211351561174718e+00 -1.412347664176792028e+00
1.181816457472191217e+00 -6.705351221607868117e-01 -1.094306748674090946e+00
9.003269381296816753e-01 1.915097815937480075e+00 -2.379458826676498495e-01
-1.708974518808332732e-01 -4.455575624157174230e-01 3.398088800624372574e-01
1.043270235281640979e+00 7.048454222209041276e-02 -1.636817292780788025e+00
1.616926820546244203e-01 6.124571174196998813e-01 -8.392961271675238866e-01
1.191019296758310420e+00 1.595708259653701999e-01 6.918302651121975844e-01
-7.037058606407150529e-01 1.691932843187325952e+00 2.541060983044431509e+00
4.661424234471875372e-01 4.685919969115975303e-01 -6.478883385288012331e-01
1.031029462065962576e+00 1.259347892306848272e-03 -1.382078625715161824e-01
-8.248565481355107920e-01 1.595772001418878983e+00 -3.751411265753008539e-01
4.399404395677174867e-02 -2.705055970943688326e+00 2.323304301089950563e+00
-2.347223905501216734e+00 1.940005909209261137e-01 -9.016371767790443137e-02
-1.485244898117265844e-01 8.866127393889973174e-01 -1.654990269165444783e+00
4.447985585823037713e-01 2.316145765831559622e+00 -1.052611035351767255e+00
5.384409521379782126e-02 2.679111670327293804e-01 -2.787700162756616695e-01
1.301007887605055480e+00 -1.275258598243871777e+00 6.478976516570401634e-01
5.435735601393111294e-01 1.452474550962710387e+00 -7.420764601106407676e-01
6.868590365137693388e-01 -6.100208257093248099e-01 2.705437743521447169e-01
1.506728054122880023e+00 -1.455116185305055099e-01 5.864655820907845873e-01
9.935468669712750334e-01 -5.129323109425638627e-01 1.877383144679906080e+00
7.711550312624598780e-01 -1.096303782319000497e+00 2.235079136353660179e+00
1.246854153482223060e+00 8.069862706830470689e-01 -3.501509426741811204e-02
-8.030596842874696550e-01 4.570721298316854364e-01 6.799198570961555443e-01
7.384131227770640571e-01 1.086643308670489860e+00 -2.829150065044876872e+00
-1.635993300568687470e-01 1.102863262798028599e+00 1.057895529993848616e+00
-1.369672976089335026e-01 2.118032240673168864e-01 -8.108960899190043037e-01
1.719619978507852809e-01 9.375486841457089104e-01 -1.477381485184831922e+00
1.191217679798795226e+00 -1.716968636067757459e-01 1.652588716087738385e-01
2.045234225468619549e+00 -9.559851206849834249e-01 -6.635059600528523394e-01
-1.375968250469135901e-01 1.169214095259650144e+00 4.663435203204192581e-01
-1.191184688168505090e-01 -6.039354630828418502e-01 -9.560853721199424893e-01
5.317422195369170268e-01 1.070406188810045123e+00 -4.923666624490623533e-01
1.407273041083084431e-01 5.627861286300309684e-01 -8.019308433693393967e-01
-4.461934110330936232e-01 2.703448526387675965e+00 -1.429362708695934847e+00
-1.048101347995664678e-01 -2.975701608843345780e-01 4.270056815867090405e-01
-2.346164541296273942e+00 -1.179732747113885205e+00 -1.317382707479205717e+00
-1.709116863390771832e-02 -6.520045500171109953e-01 7.301870834697560264e-01
-6.844122513690477083e-01 -1.286203999828349431e+00 3.026493224073832922e-01
-4.664640029984440384e-01 -4.440355549311930661e-01 7.965796404620348881e-01
-3.104195134719029414e-01 1.508768544257083732e+00 1.474179450380406209e-01
-9.494155008145082064e-01 -1.664642447358806399e+00 -2.791611637163202153e-01
5.807196447497092739e-01 9.980063466622046686e-01 1.071512985995624057e+00
-1.080764277617882074e+00 2.046132109488788764e+00 1.212901133180854130e+00
-2.086707180142117479e-01 4.409489238964769964e-01 1.725744742964367084e+00
2.546876711440091423e-01 7.397864421578499716e-02 1.532232179078239609e+00
-3.001515244847738351e-01 6.252564317490002521e-01 3.014343053041020903e-01
1.255495581299427066e+00 -1.695203815129050218e-01 7.662652926241599882e-01
1.427532279336043985e-01 3.862138901551560033e-01 1.936829436106407343e+00
1.644528009966166771e+00 -8.099311347000063277e-01 -8.886795940669535154e-01
4.481105382819502991e-01 4.577026388698878234e-01 1.565245028476548228e+00
1.424019720980355785e+00 1.599752353787352366e+00 9.953344962677702565e-03
9.852493196877284420e-01 2.191884691128890061e+00 -9.859613679272534181e-01
-2.756314897336399339e-01 -8.259080764791754126e-01 -4.296876682703831829e-01
-9.429890931361123441e-01 -6.354092766896990430e-01 1.071190643145677690e+00
-6.738325082136875643e-02 2.332641981938837983e+00 -4.764971095652110744e-01
7.251927827296542617e-01 -6.479086513622641652e-01 3.189705707759026843e-01
1.344964994302862760e+00 -4.405030012597047073e-01 1.747204140623496826e+00
8.907251369502738013e-04 1.884992566904136080e+00 -4.934754687384736438e-01
-2.044454138583469138e+00 2.230621637494411225e+00 -4.750004519102401512e-01
-1.599758541996745553e-01 1.457789832505278715e+00 -2.377129660410191025e-01
7.822508865368960063e-01 2.009565355509377316e+00 8.025269106687905607e-01
3.478528366720097798e-01 1.321632390893447750e+00 2.951012910264250610e+00
-6.466345470336903878e-01 7.936753244453593759e-01 -3.199828422284103357e-01
1.578198702877835480e+00 1.004009286569873538e+00 -2.410678058838050308e+00
2.504895537175475972e+00 -1.307800350174765258e+00 -1.680490250023541243e+00
-1.431371235642051598e-01 -3.118790602121065181e+00 -4.810325158868445361e-01
-1.437122707339239858e+00 2.086204412515903162e+00 1.124323365381961315e+00
6.934640789338649691e-01 1.596325388072646012e+00 1.781093505888458273e+00
1.383054084061251965e+00 6.072156418360877966e-02 1.862815630530186839e+00
-2.861935242167704205e-03 -8.066700189109270447e-01 4.709926309832482838e-01
-6.255194804214465609e-01 -1.700364319360237131e+00 6.019366275687041412e-01
8.375900794115005432e-01 -2.202873063599836978e-01 1.779578294600070665e+00
-7.608015330380750452e-02 6.078720066103635578e-01 -2.681884071989538154e-01
-9.758653192369228790e-01 -3.927713030659759630e-01 2.672807132246334483e+00
-2.672261999381952413e-01 2.139209946092403669e+00 -3.261407858066173171e-01
-3.498460840986800102e-01 8.838677706974985560e-01 1.891987869184003301e+00
1.246139024956030017e+00 -8.937253555541178063e-01 -7.481562961884483665e-01
-7.648933413644412038e-01 2.545310681074984815e-01 1.128565325152324217e+00
-5.158692531241833024e-01 7.099703260426836193e-01 -1.874379638997234032e+00
2.652257832183527952e+00 5.553394350895137777e-01 -1.014688837596255278e+00
1.536466516166727914e-01 1.962211342753401588e+00 1.925212023698558150e-01
-1.072112154012703655e+00 5.120567452230381233e-01 1.522057071374629755e+00
-1.663748013440317974e+00 2.228301080791655675e+00 -5.335080227438474543e-01
8.384135357963419244e-01 -7.080465862310288960e-01 -4.535759708376074784e-02
