3.162862014819541323e-01 -4.205622893433293152e-02 9.582909954340633751e-01
-8.471355093818048188e-01 -1.137108427327437610e-01 1.500821581305786800e+00
-1.687128320702029338e-01 4.542438034546476544e-01 5.665252293880315149e-01
6.309008045362506367e-01 -6.685933123582873949e-02 5.429770100980612080e-01
7.770858448090379733e-01 8.348672248739554824e-01 2.341436017779962686e+00
-2.725630989323725717e-01 2.284887793079007245e+00 9.558344828179881070e-01
-1.609635287557578120e-01 -1.197635031783749471e-01 -8.447742151438790703e-01
7.416544959820947636e-01 -1.613973687722000561e+00 1.798076461476515675e+00
-1.087541170125234213e+00 8.420052945326548244e-01 2.475740065168752224e+00
7.991219178741185702e-01 -1.175033316853256071e+00 6.340823893960699786e-01
4.521720874348916230e-01 6.600428562597709936e-02 1.105152555387294733e+00
-1.754734958146044466e-01 6.760838431865521247e-01 -1.063223421573698646e+00
7.095543214707434876e-01 1.076436013099790978e+00 -2.614719737736637128e-01
4.170166490657972180e-01 8.848627805445311578e-01 2.215567626923597988e+00
7.816450426943423180e-01 8.098358738008655244e-01 1.061660433703345952e+00
5.014183048311625646e-01 -1.356539851654092965e+00 1.260229292743747731e+00
2.657485694500889117e+00 1.077811839677338179e+00 -4.372288635492863063e-01
7.666040814698554806e-01 1.410888713135755257e+00 -1.054796708744734079e+00
3.919160496401072891e-01 -6.383863759252758063e-01 5.047711067300959531e-01
-1.815785241455118770e+00 1.907066215138548237e+00 1.321956983725510182e-01
-6.117573048576352424e-01 -9.366917720124213753e-01 1.173287701790046489e+00
7.986314536249423668e-01 1.240243304174183603e+00 -1.732092347587749492e-01
-1.941258319616800065e+00 -5.767857377307846756e-01 -3.002559359504879399e-01
1.178852362159213296e+00 -6.492412814044125069e-01 2.286023405887680771e-01
1.497637789926444363e+00 -2.199200830857807876e-01 -1.032825194200690744e+00
-3.156151286373449216e-01 -6.824030869040292879e-01 -6.051952585348352454e-01
-2.581564601076392629e-01 2.437195456439852359e-01 -1.013172363207434756e+00
-1.078660351054414601e+00 1.902196544441195680e+00 1.875317147248117600e+00
1.885458962620189860e+00 1.188323408381178892e+00 1.607338843776541903e+00
4.611216256234737521e-01 4.378185526216799711e-02 1.863716655662934540e+00
9.945294350043233367e-01 -3.048433904063965194e-01 -1.527345994647007377e+00
2.532586629429186553e-01 1.941853778137049569e-01 -4.543868930539577411e-01
1.153178989493488960e+00 1.372722310527006995e-01 -1.690126967880834830e+00
3.031059997368035774e-01 2.145065941773567353e+00 1.800435084662881824e+00
-6.698884952795874925e-01 2.992949420569555041e+00 3.324883211316689846e-01
-4.158462490383019183e-01 -1.212629855561983216e+00 -9.497797551096592850e-01
2.265939907474730231e-01 2.386341435887429085e+00 -8.635879557231450621e-01
2.192402356800940311e+00 -2.912442442069794746e-01 -9.986850488302310147e-01
1.157531852972151665e+00 -7.620480438587398098e-01 1.674073343289488758e+00
1.673132476663320878e+00 3.876788564935585435e-01 1.446956670055987271e+00
-9.851251136940045727e-01 -3.522822317060328445e-02 2.355949917349196454e+00
2.007532786922410634e-02 2.492186933863134168e+00 1.689644346152054055e+00
9.304203977512690571e-01 7.485972984200971458e-01 -3.556730681519574833e-01
-8.632313196551441026e-01 1.979110268032731490e+00 8.460354125062088393e-01
9.101286792862457731e-02 -9.696280376503215725e-01 3.109349807633238871e+00
8.495212809097457685e-01 -9.970594570517113397e-02 -7.723047557506538263e-01
-2.303033310654472920e+00 7.338651949140709840e-01 9.453122674660503488e-01
1.435008308035781166e+00 1.024393902744526047e-01 3.224554835026408051e-01
-9.161220641171927692e-01 5.215013778514339116e-01 3.918951738561916032e-01
1.485399219451519759e+00 1.392618199423893310e+00 -4.655736319668011269e-01
1.458454295134585799e+00 -1.604005921795357004e-01 4.515891828068585578e-01
-1.058480148593636594e+00 2.651578328594813017e-01 1.902688623020988068e+00
8.976794327327010103e-01 -1.885808669824176276e+00 -1.619940717317580603e+00
2.351156483797491870e-01 7.132714845692609273e-01 -2.057164681211808843e-01
6.614838276613295154e-01 -5.307208006220406338e-01 5.157182196742883251e-01
-3.148828070019353831e+00 2.202238126157384901e+00 9.834237875613355273e-01
8.353766522664206606e-01 4.989606564187549775e-01 7.175469258611264500e-01
-7.611050955350685543e-01 1.061205211463414066e+00 3.919629510330579353e-02
-1.349695673849358180e+00 -1.057757277324174350e+00 1.607376464692955143e+00
3.512040977307803735e-01 -5.133284164186902032e-01 -6.403712131846880928e-02
-7.471479770810727228e-01 -2.934695083677268945e-01 6.750566532918015339e-01
5.432147072485377093e-01 2.682932749730036481e-01 1.314040258691371754e+00
3.105579727825017455e-01 2.564768079975091042e-01 -1.604726190223194182e+00
-5.348065686877510050e-01 -1.593791922416882612e+00 9.520219306507706758e-01
6.458156617307411196e-01 1.629195741127736241e+00 4.712990870268812804e-01
-1.614924433333776665e+00 3.859463095860030113e-01 1.058605328350237906e+00
-2.488943204362259742e-01 4.633297464095184788e-03 2.745528315025687061e-01
1.966584484383762932e-01 2.933720990333547718e+00 1.163748042659286552e+00
-1.249312082413212011e-01 -1.509003857196103748e+00 2.084051047225898567e-01
1.675122594549289523e-01 1.095103468685503678e+00 1.023711295013636224e+00
2.439916481581481944e-01 -4.858050360556368519e-01 1.688963029104949332e+00
-5.220335022809762249e-01 1.032269010546403631e+00 3.360035358879419620e-01
1.558871332341453142e+00 1.510236243520386434e-01 -5.243654192045867912e-01
1.635091616813214355e+00 4.561493507400004033e-01 9.802961816703421594e-01
2.260133711548086843e+00 -2.462310070286241603e-01 -1.495907772435428162e+00
-7.918591217064478993e-01 -2.099969768078042698e-01 9.799530596222132406e-01
3.515297874952881818e-01 1.127172516589970419e+00 5.190703406656801411e-01
2.476299077673975724e-01 3.170662779505381557e-01 1.229526334806683718e-01
1.946049025752827621e-01 2.641608392880591349e+00 -1.234366453002264219e+00
2.274095983191107007e-01 4.089380328448563029e-01 -9.249650474377490994e-02
9.008051173401464551e-01 -8.432746109876729790e-01 -3.416747197268092673e-02
1.634717865239193324e-01 -1.158791675588463299e+00 1.075565121881963737e+00
-2.513977007740840541e+00 2.671312893507502562e+00 4.996791712374952787e-01
-8.062331873388183245e-01 -1.279840905146905961e+00 2.180771842880437461e+00
-9.445560680593448888e-01 1.093157720351953355e+00 -2.198560440142671435e-01
-2.207553840967980463e+00 1.107299893226863396e+00 9.332562036370444236e-01
1.276862369488254823e+00 7.051997407884400548e-01 -8.640172047117845588e-01
1.378429840141677021e+00 -1.260643129210019087e+00 3.143363023373691334e+00
1.256936922077990459e+00 -3.722627541240485782e-01 -2.054231311140712890e-01
-7.977922025970007880e-01 1.514018283095062145e+00 1.939256744103521113e+00
-7.348162274247480030e-02 1.923720908121729689e+00 1.619330397289484580e+00
-2.423778825390599856e+00 -2.620870694993285288e-01 4.229806322996758627e-01
2.823587825277570573e+00 -5.839447562700372796e-01 -1.226957608836745983e+00
1.329058891950703813e+00 -8.485377765856888521e-01 1.385670545002151366e+00
1.714227189860900724e+00 2.683421542239141852e-02 1.183166101964047368e+00
9.198012607450467559e-01 1.217078540174652668e+00 1.328046551873740266e-01
-2.427652592699081069e-02 -9.030964878924454542e-01 -3.086093399785266866e-01
6.103589291766474689e-01 -1.444601307344156371e+00 1.212375456794116735e+00
1.139669954378612626e+00 3.088825988170633072e-02 7.001325983431394562e-01
-7.425830829143271750e-01 1.049377757225433472e+00 8.043597211030097949e-01
-8.251856538551274323e-01 6.814298930312114866e-01 3.643932953232323912e-01
1.346604549459193834e+00 -7.412574349862789402e-01 1.842537604661663941e+00
-2.741542889056587384e-01 3.629436511518701614e-01 -1.148385039129703689e+00
1.297107426875002911e+00 -9.509126064161048664e-01 -1.668568616668931748e+00
6.902493375216696148e-01 -1.668060422260127795e-01 1.508806238425624890e+00
9.255117321643056005e-01 -4.536154311533651118e-01 9.361720383625834474e-01
1.013089632697930398e+00 5.839320497316694558e-01 1.023054219732189463e+00
-1.049954113167606007e+00 5.548932582771589628e-01 2.158079573270083706e+00
6.435151484633591101e-01 -7.246333116314437328e-01 1.346461916978088924e+00
-8.546619248273943370e-01 3.694951843305249728e-02 -1.493550051672847268e+00
9.752250740669093920e-02 3.105928261143545699e-01 4.762697381904785199e-01
-1.155868628598831105e+00 -9.552427639358298528e-01 5.110882699435982390e-01
-6.875373173605050514e-01 1.302626892155974492e+00 -2.080533596906275484e+00
3.807873807071820993e-01 -1.399186481204439669e-01 -1.488765130074454560e-02
4.101417954533004284e-01 2.492904832018943306e+00 -1.419837374051591827e-01
2.368069267795018362e+00 2.339573531229553804e+00 2.342971282655766707e+00
-1.386713060835843558e+00 -6.487722309967193235e-01 2.377903043946080430e+00
1.473873479521125240e+00 -1.497459750461366035e+00 -5.315810039852474772e-02
2.154692426561638730e+00 1.845250158506027027e+00 4.911551013310825886e-01
8.968069795603070826e-01 1.336790870303131984e-01 1.837851487633384462e+00
-3.933045599276052684e-02 -7.855147351354856422e-01 1.690825853643481702e+00
-2.802511592273721486e-01 9.824779981263986883e-01 1.366446996190959773e-01
1.918183753095405786e+00 3.896620866669941452e-01 2.117075056634554642e+00
7.597501465467524362e-01 -1.651293511396035640e+00 1.213833785326184689e+00
1.237355884750395818e+00 2.328632994101608400e+00 -4.615146291765005460e-01
2.991766215818232322e-01 5.179652023096189550e-01 -5.327297842852927179e-01
-2.179379254350831019e+00 1.508717957966266843e+00 -1.195523678995005223e-01
-2.433550128072110852e-02 3.991520550282490198e-01 -6.841240626117008894e-01
5.778765937759218208e-01 -5.108670762014035915e-01 -4.236586112177911922e-01
-1.079759322795982079e+00 2.295106990361419075e-01 2.199627694859600524e+00
-7.417095605427371785e-01 -5.341542344638845752e-02 2.592995220317714455e+00
1.654869152137935506e+00 6.279870622854932805e-01 1.073897355824029010e+00
-6.395430996070162744e-01 1.421505346563704197e+00 4.570355444685236801e-01
1.768100238416220327e-01 -3.079187970808565100e-01 -8.476521949781091747e-01
2.385550479263456314e-01 -1.043792154838494746e+00 4.432339589765215138e-01
-4.098842983612843716e-01 4.746288897002436391e-01 9.698297016602582810e-01
6.056227136306047143e-03 2.612399906517882675e-01 8.273018331659134361e-01
9.653143159841933718e-01 5.036125741451568105e-01 9.213588529516182346e-01
6.903741052666648725e-01 -1.050267383541709787e+00 -8.597530422149697316e-01
-5.018675240621309763e-01 7.625183080046629147e-01 -6.986226444211806053e-01
1.300664030211807098e+00 1.167467287869801834e-01 2.150669331553126951e-01
5.608774122952338292e-02 6.826581054432957485e-01 1.541389855042643475e+00
9.390112831140186023e-01 1.848878010852480713e+00 -1.099833916305585690e+00
5.662663313965297096e-01 -2.194783550250254400e+00 -3.129965617130346933e-01
2.319591790903367465e-02 1.345778119175577991e+00 -6.455622841182758753e-01
-3.948133554866097711e-02 -1.982083450973820826e-01 1.042479672049067441e+00
1.242521029093021978e+00 -1.730921296387689656e+00 4.423666792453144758e-01
-6.044577468096204997e-01 -6.103232929469661894e-01 1.851961681239659541e+00
-7.665023713441279085e-01 -2.472777329716404626e-01 2.911937413343795855e-01
4.366095892673259593e-01 -6.651824889558380915e-01 1.962131006768226826e-01
9.846278499418685826e-01 -9.292963279479928840e-01 1.643657831230115995e+00
1.725286130834136067e-01 1.014542298141016596e+00 -2.462588358906123709e-01
-1.266721858019010050e+00 1.751993800169250104e+00 -8.563914543276259783e-01
1.780428413505589447e+00 -1.580324425221980023e-01 -8.910084186874681622e-01
1.204257345245471900e+00 -7.103014010209516282e-01 -2.433632493591034063e+00
-1.236408131310418046e+00 4.858740639702712194e-01 -4.476006345678132936e-01
-1.303018086712282697e+00 1.680432560680945375e+00 -4.675391124226040140e-02
-8.889545898040093208e-01 1.735668754287409687e-01 5.472310157646034234e-01
-1.406569903702923563e+00 2.622359720006224859e-01 -9.826577361322748061e-01
4.718053547547151338e-01 -7.387688747451136295e-02 1.465421542428342105e+00
2.155170443226553934e-01 6.125847682860944277e-01 -1.444969566439610720e+00
-7.782579804423407355e-01 1.742983146111627857e+00 -1.537451389193216889e+00
1.349997718096732413e+00 -6.132536930304882672e-02 5.751481292076345841e-01
1.376906190643294448e-01 3.936716727651006220e-01 -1.828691797861834445e-01
1.147996081832017401e+00 2.219582146145372192e+00 -1.231121167196080224e+00
1.653437519984815918e+00 2.065608939266128985e+00 7.081643763247018608e-01
-2.868760965197050816e-01 2.721405974825656049e+00 -1.124040668964739087e+00
1.204323571164329865e+00 1.434358821061362921e+00 -4.794522913310400036e-01
-1.767766557346425182e+00 2.418337746244044073e+00 1.143464640735283089e+00
1.503771017356323458e+00 2.297209346381267892e-01 5.980150467062440856e-02
1.678995928859996933e+00 -3.632202549611069364e-01 1.612721727900800150e+00
2.107961740507836579e-01 -7.581907451692511124e-01 8.039871593677511141e-01
5.518389487152453032e-01 8.450793365965233450e-01 1.250182141669026414e+00
1.531207550863570077e+00 -5.465594675575600331e-02 1.652551851681147266e+00
2.145794380129168455e-01 1.748065794602870371e+00 -1.397590636177842294e-01
2.867561655180418667e-02 3.553677308154706838e-01 -2.719547358106872981e+00
-3.993441298503990766e-01 -1.171114206127225055e+00 4.838419336297982154e-01
-4.126058787963063357e-01 6.503458295282987800e-01 9.483232436403797871e-01
7.066705279556960706e-01 1.255096772168280861e+00 6.548772383616194848e-01
7.544462025289733198e-01 7.482601130661084010e-01 -1.012040405408100696e+00
-6.966019166012393793e-01 9.870146728628821642e-02 -1.338378694638549415e+00
-3.014646927628916728e-01 2.137557453049343803e-01 3.473476182886694463e-01
2.402873829632826697e-01 -2.350995106486417074e-01 -7.806160279795472390e-02
2.038794668803449728e+00 1.056864102517401482e+00 1.559754720525743377e+00
2.884374728404184296e-01 2.263361170628368946e+00 -7.299216953803171481e-01
-1.099648656548032344e+00 -8.501097234146150206e-02 -9.578884788564212549e-01
2.324903759864021424e+00 5.583917357674764714e-01 1.422691747210208524e+00
2.740800708494744775e+00 -7.721139673866634912e-01 -1.243654924140270790e+00
2.140150999864545156e+00 1.083821062361346454e+00 -1.417884905736697343e+00
3.383163898406862380e-01 1.685225229436415617e+00 -8.142645301985013129e-01
3.835005492947621830e-01 1.311107608575407202e+00 1.040459117056588445e+00
2.454684422955506040e+00 -3.754341424244770908e-01 5.821759573844329516e-01
6.532227287446555897e-01 6.814566511606315879e-01 2.330456058769568628e+00
1.452440486889227528e-02 -9.661947445959995218e-01 3.938721773444923691e-01
8.522322715287005135e-01 6.413621100181196022e-01 -1.317514954372260849e+00
2.669252389150408966e+00 -1.393058430395505587e+00 9.948406139924895197e-02
-3.139636267830592242e-01 4.425758455917742640e-01 2.321343461358852611e+00
1.747911871496404812e+00 -9.050510753251514995e-01 1.269721781280102046e+00
-1.812020165697371676e-01 1.498509294899319277e+00 9.404773166463143985e-01
1.932763432484095434e+00 -4.494798531280874698e-02 3.520422906846126243e-01
8.194620103703115221e-01 5.939233816324434034e-01 -1.909857088196390773e+00
-2.395947915707081766e-01 3.228533401763221677e-01 -8.923809498271534357e-02
-2.623910171653164536e+00 9.718735896507505467e-01 1.907916828155271860e+00
5.768813231231026406e-02 2.592764001967843512e+00 1.159747475193715627e-01
-7.247359282433039063e-01 3.586499238315687954e-01 2.924646226930483484e-01
4.492542018620521160e-02 1.468653103600301213e+00 8.317181845344447932e-01
-7.561467308919924690e-01 -1.157680326265402737e+00 -1.609612673877649947e+00
-5.140490758618683209e-01 -3.159684577289589846e-02 6.137796293402567605e-01
1.226780888212791742e+00 8.569087965985880961e-01 1.071967824259019153e+00
-7.377402615724929502e-01 1.964556943259039734e+00 -4.565631610997043510e-01
1.082303422521568859e-02 1.590419589226856223e+00 -9.607378620640741884e-01
5.764925370225056911e-01 1.735447288987780057e-01 1.729770445305630400e+00
1.429814801373806565e+00 1.353621038342086580e-01 2.967706231640452330e-01
7.603660735160868711e-01 7.827522289428705538e-01 -2.037420901265603934e+00
-8.551030078644283883e-01 8.923526033864340734e-01 1.358705151161818669e+00
3.010488294288319322e-01 1.552776966119976176e+00 1.408862995169510413e+00
6.519332439420522096e-01 5.709584435687821147e-01 -2.197054573916963349e+00
1.162064777644526758e+00 -7.066134060724306165e-01 -9.897498947485787735e-01
5.772904116491949233e-01 1.760059444856254096e+00 -1.009362406418947034e+00
4.336435829691977495e-01 -1.300313061772562673e+00 3.175380431576034779e-01
8.247071457858169419e-01 -1.317090952310338681e+00 5.032767859031099800e-01
1.206241080985790637e+00 -7.963706167361950250e-01 1.991818701203358799e+00
-2.478684623771507667e-01 1.098272973741080349e+00 -1.104078919963944916e+00
-1.060647602042305460e+00 1.364791581958001210e+00 5.871024004799393348e-01
1.082809078322072072e+00 -7.742732637175355759e-01 2.016163345887080904e-01
6.880441853760937976e-01 -6.362446837322452420e-02 1.425444966284434845e+00
1.047390769482837936e+00 -1.337703863856527509e+00 1.628363196802261603e+00
4.627106615015964541e-01 -1.015808045376223712e+00 2.859973025298132576e-01
-2.053721712935564769e-01 -8.555945657186976305e-01 1.664241384981623773e+00
7.312912974920822151e-01 2.705181211049031420e-01 -1.481109704359063306e+00
2.208275967143622065e+00 1.324319454439429888e-01 1.072203556562276727e+00
-9.970210433546876638e-01 2.473923724809137248e+00 7.492961177080728064e-01
2.074929473866195195e+00 9.181629746047738072e-01 -7.795986109455730340e-01
8.056431489075401853e-01 1.079903518507186577e+00 1.184731897080119278e+00
2.262964718092939087e+00 3.448094001952084486e-01 1.590462679035823390e+00
6.247891973476740191e-01 -1.974757075357370217e+00 -2.699246841884155867e-01
3.464834099377797627e-01 1.258624664383614977e+00 7.125483645970428492e-01
-5.717529005935330089e-01 8.504896256534031362e-01 -3.400450717437810133e-01
1.252854575157221761e+00 -1.577271906854904593e-02 3.897925182043915360e-02
-7.236021447569631615e-01 2.618100842260149719e+00 9.016088275432162513e-01
1.362921031644769077e+00 7.577171498576567021e-01 -1.654533009810265076e+00
3.304481866046675709e-01 2.260176504853376400e+00 1.499271149570452488e+00
6.728302029673068896e-01 1.248569958688069415e+00 -3.578073377549385869e-02
7.591120622495028947e-01 6.063721681443707406e-02 4.504552444374865239e-01
1.690814249375200307e+00 1.436629631312757727e-01 -1.216614777766826805e+00
1.604102500842104373e+00 2.185488053509305306e+00 1.422918228049651290e+00
4.932840735926783404e-01 1.793152101569203571e+00 -2.297524457018051691e-01
4.041046938002005456e-02 -1.052790928320419317e+00 8.827572208569300916e-01
2.763610033274117028e-01 4.696581632870223677e-01 -2.140893019607818526e-01
7.630613265388299649e-01 -1.093059001678591491e+00 9.879191547428450848e-01
2.279757135241044175e+00 3.242140072800746287e-02 -9.909974037917724798e-01
1.109442337072357176e+00 -1.265860310160540791e+00 -2.228840456245302637e-01
6.907443043954655248e-01 -3.008070972625343509e-01 -6.724724476522077055e-01
1.226825140549726162e-01 1.430875566426327961e+00 1.607477505324406142e+00
2.079877529546645398e-01 -4.293778306778224252e-01 5.293650145485064851e-01
-5.913971778802992046e-02 1.387354175962182357e+00 -1.737360907498071150e-01
-7.099232426252671813e-01 1.693243398687709567e+00 5.065780325423998448e-02
-6.174166760452161062e-01 2.178024043149089817e+00 -1.059809111063927833e+00
1.468655339229097745e+00 9.808109505937311345e-01 -9.343406768172459742e-01
1.729834344567682258e-02 -1.297351122406110946e+00 -1.152238824825465802e+00
4.461655981602989929e-01 1.107630895877163235e+00 1.590266249220346317e+00
-5.247543643464623875e-01 -9.806067593932121795e-02 -6.812346295537364815e-01
-6.048304062594525021e-01 -3.386818419236111710e-01 8.158459475781408843e-01
1.228315267774391373e+00 1.930163006598404341e-01 4.121381284026034431e-01
1.458667640155950851e+00 2.108153820491155406e-01 1.633167137774670596e+00
-2.634155695657145468e-01 4.657335699203123403e-01 8.745844534831061223e-02
1.908808669743142783e-01 2.225253999936661842e+00 7.516958217567172307e-01
2.347561688918978762e-01 -1.222266431097490225e+00 7.598119146734981511e-02
5.974837714882650502e-02 2.334226524564732008e-01 -4.171405369450984502e-01
1.015679099866855645e-01 8.337967796991574421e-01 1.958569180964152556e-01
1.760375236221641826e-01 -4.514580259846586174e-01 -8.249930117937837037e-01
-7.426293741943482685e-01 -9.845153767602664585e-01 9.103399192095341652e-01
-8.546129640961580565e-02 -8.535183621342042060e-02 -1.852924814956669053e-02
-3.862229601707670712e-01 1.477022101410794264e-01 3.996070652986198901e-01
1.193832726617904960e+00 -7.111988940749676136e-01 6.388448756609541590e-01
-7.918639349900177260e-01 1.649639142719412366e+00 -6.231048119612034863e-01
-7.042714569492730670e-01 8.311680440903197464e-01 -2.956031553747467955e-01
1.047498724197701403e+00 1.114911575387354636e+00 -4.589941875836272001e-01
4.973460414501215676e-01 1.587423257837427215e+00 -4.085795188824953295e-01
6.626338225026764395e-01 5.037370605201841878e-01 2.465752476434808493e-02
4.928489219207066174e-01 3.251957483443518315e-01 1.912021890966420834e+00
8.777142953874185194e-01 2.204243413830885956e+00 1.898324230349415886e+00
2.416829837134800152e-01 1.313364869701806770e+00 7.316985417622990928e-01
4.011504760344428155e-01 2.096272316950144710e+00 -1.002229175619069101e+00
-6.232871574155938177e-01 -2.030175732071834993e+00 1.904970997306847380e+00
9.079575492602469655e-01 1.680294246663218694e+00 -1.244738752905269807e+00
6.415702074295365209e-01 1.003842265442654647e+00 8.281154509475578962e-01
-1.028396043276964766e+00 1.281405737235021380e+00 -1.770358701270822732e-01
-1.114308243325442094e+00 2.500313150281195940e-01 -1.736464524512010721e+00
8.566648442427448051e-01 -6.844252630729413811e-01 7.930294333121746808e-01
-1.804330393431644142e+00 -5.818738221642750785e-01 1.121522776595714310e+00
1.300521121667781443e+00 3.157444310007540000e-01 4.365982325352889548e-01
8.986776977846575032e-02 -4.743921425043596818e-01 -7.546118200282276867e-01
-6.600673673822572418e-01 3.292620726231088035e-01 1.185701354417307174e+00
7.267832205829012349e-01 2.946424107384491897e+00 3.502249194914133779e-01
8.910813648162085876e-01 9.026063311177673354e-01 -5.724700446087156447e-01
-1.011618663249858718e+00 2.007019114154674710e+00 -1.510825664141581814e-01
1.263184524104264295e+00 -4.827801584837430604e-01 1.212596314041498369e+00
-4.331855813861186788e-01 5.309426955901148659e-01 7.994195352838371349e-01
6.379630293261369101e-01 1.984057563588047524e+00 1.127653885398258948e+00
-5.214029306100317340e-01 2.175624579439331963e-01 6.021743507664656381e-01
2.298183053510664209e+00 -1.091432673789772601e+00 1.390057670766816411e+00
-4.840392958323636030e-02 3.248217353659283435e-01 -1.220395606394893306e+00
1.007322639154458299e+00 5.636601678228096990e-01 1.338623213002392287e+00
8.270339487032849490e-01 -2.182862218566333112e+00 -3.575235520554767010e-01
5.708391429904569048e-01 -1.189751564047561327e+00 1.627724844766980539e+00
7.246612189643467650e-01 4.700193877197653691e-01 -3.665450003630597031e-01
-7.107209508632567063e-01 8.560161629803446637e-01 2.402031873698678766e+00
-5.543526441166128638e-02 -8.105246190872058554e-01 1.295413765928964622e+00
-7.779856317983679936e-02 -6.899965346593662785e-01 1.828887595686346401e+00
-1.427021715253622647e+00 1.014288460778061784e+00 -7.595865644687427309e-02
-1.161418986625160743e+00 1.404380847664071119e+00 2.369859557499877756e+00
1.578560167638578982e+00 9.290434305910814095e-01 -3.548108986096688011e-01
6.653057690289733150e-01 2.863802674407772697e-01 7.823352744651281832e-01
2.226268432328998015e-01 -5.023154298247665128e-01 1.089376080502669542e+00
4.149877051144835322e-02 -1.656197716376315299e-01 3.721346716044653946e-01
-1.613139337528330719e+00 2.079779839448566037e+00 1.011939762591992809e+00
1.057409651717894805e+00 5.718013411475583174e-01 2.495731600494364599e+00
-6.556230834455302192e-01 5.059393874962887505e-01 1.259430155261515250e+00
1.362689638142807746e-01 2.599198959071455484e+00 -1.733050134001594689e-01
4.749390650531680746e-01 -6.428822103014737444e-01 -5.492764217572754237e-01
-2.140702720505425205e-01 1.854738786497502012e+00 -7.707074766282208389e-02
2.761132209142950211e-01 -4.723066397376362024e-01 1.044238350266327497e+00
3.582915168767155517e-02 -1.203941151372510454e+00 -2.888415331582594447e-02
9.081357209815315024e-01 2.055907911629553109e-01 -1.546224892617654167e-01
6.107142953283650755e-01 -1.773510843741393783e-01 1.335197850262903052e-01
1.473204339344695635e+00 1.877225086944371624e+00 -3.200320257681299463e-01
7.307222318421715546e-01 5.304673930175314300e-01 1.241726049021222966e+00
1.255241902468344550e+00 8.948672319654648044e-01 -1.339101604067519213e+00
5.796064726038537840e-01 8.882576362844938345e-01 1.708151511992038518e+00
-2.838812359824884890e-01 -1.299546938664605022e+00 -5.777880827805562669e-01
-1.702281105866081834e+00 -3.695693590125072592e-01 4.816373906218071044e-01
7.909761332088226238e-02 -5.893526635446380002e-01 -5.627647020354176188e-01
6.822601856613031979e-01 3.219713038933210925e+00 -3.114506434008897373e-01
-3.268583424932707260e-01 1.567385965229312728e+00 9.552342717965489616e-02
-1.834744256394744033e+00 -1.254966017623393437e+00 1.451850149114892741e+00
9.618673529784715903e-01 -4.280480529123723565e-01 2.155042628140561689e+00
-6.563191813165507593e-01 2.437316435906173862e+00 1.494445687159467573e+00
-1.103814022231013915e-02 2.953717649530195333e-01 9.603156277796972562e-01
9.829826607598719512e-01 -5.569302339448692907e-01 1.333140300810092160e+00
8.290022197028430462e-01 4.486129555333880914e-01 4.428625570458385452e-01
-8.681013255189073963e-01 -9.367695893426095655e-01 2.574268152068645232e+00
1.471348756688477089e+00 6.676547792384762703e-01 -4.059861552959240227e-01
-1.255445805051558006e+00 -5.827541908012867644e-01 1.081674521677112200e+00
1.339620293241555737e+00 -1.297307771196591464e+00 8.959028417074516026e-01
1.182410521466284337e+00 7.383398437608506004e-01 4.011475194547275414e-01
1.222616138098054250e+00 4.352209013095706958e-01 1.387652523303345209e+00
5.824667664300595682e-01 -2.132787922232396230e-02 1.910511949561267020e+00
8.499879452153139558e-01 -1.440202809977861653e+00 -7.892196627259568942e-01
-5.787387744401750050e-02 1.370252549456240643e-01 1.404217882030862175e+00
1.632598284919625664e+00 6.125754154817715236e-01 9.255855724930546202e-01
1.397393690895280649e+00 9.141587667610117096e-01 1.589347858992355311e+00
1.565234603420814219e-01 -7.206561445950027123e-01 2.457765794315410091e+00
-8.553409687900395131e-01 -7.123217263621315354e-01 -1.318365687751293924e-01
1.061348515009056248e+00 -4.014017346037093148e-01 2.396900391816116915e-01
-7.373102894387123518e-01 9.540356004069286966e-01 -6.187476349918664686e-01
5.458297813634395146e-01 -8.742261086755049870e-01 2.887777388818206781e-01
8.084436709120730313e-01 -2.753195055097393817e-01 -2.046349527325592166e-01
6.335668147859849775e-01 3.482817246718521997e-01 8.822001427910677318e-01
-1.365079261386754617e+00 4.410214837915767960e-01 4.732644818425176814e-01
4.520787621021585267e-01 -4.947172393868972708e-03 1.938322671599471025e+00
8.397965802734705942e-01 -1.386503376171731583e+00 1.736535491612022142e+00
-1.376600957357095423e+00 -2.090530825960744687e-01 1.797419877193370263e-01
5.353727269925492305e-01 -1.532920623949279026e-01 2.008365385461262864e+00
3.409664143131245329e+00 8.229118345468050544e-01 -2.287707337618238856e+00
-4.859591352616589033e-01 4.613337542628858090e-01 3.186523683529808304e-01
1.754294476864034280e+00 -7.050883819319244683e-01 -9.177424166193673960e-01
-1.174012104664707845e+00 -5.047124197177744742e-01 4.123528821997806681e-01
2.194803721983634048e+00 -7.922357778322056676e-01 -4.894662156591615965e-01
7.392188418685630147e-01 2.499106038279875763e-01 8.112170492241765896e-01
-2.688022393983962033e-01 -4.137325811490055738e-01 2.899039469315195294e+00
7.125406908576995546e-01 1.506082304076865608e+00 1.248685414674307187e-01
1.767170046676303397e+00 5.256361275853189685e-01 -1.372167082531883686e+00
2.978040648763557119e+00 1.277899226963722379e+00 1.499373182421737116e+00
7.889186657185655038e-01 -1.261228485637859054e+00 4.799498808835813701e-01
1.612219896195137558e-01 3.240948043856008987e+00 1.428637689439023362e+00
1.206638732528513724e+00 1.843765782176322865e-01 5.131839552581524133e-01
2.221272062726427521e+00 2.167630763714964159e-01 4.150903419378015324e-01
-1.824269076212921559e-01 -3.204661119476321929e-01 1.116580320083217615e+00
1.083480469559673143e+00 1.588108255635762411e+00 -4.042785570642249970e-01
1.482212742411286532e+00 3.637615405540833291e-01 1.712526892694171965e-01
7.140671791968115079e-01 1.416785114247421484e+00 6.111984202084038698e-01
4.309483076667197654e-02 5.901885043417404858e-02 -1.067769372097117531e+00
1.129054892319447667e+00 1.482354441216061414e+00 -7.155649190380179991e-01
2.045086138191642977e+00 -1.707105267871751764e+00 5.175876205271960906e-01
4.518958027271369193e-01 7.868999824986712133e-01 8.497612091026340853e-01
-2.694634258382440084e-01 7.250639464297854442e-01 -1.748323460874766422e+00
1.140366556983680058e+00 -2.052214996119046564e+00 -1.498939583386890595e+00
9.247146864172767211e-01 -4.331823041177894629e-01 7.989785023949870415e-04
-9.423023376354593417e-01 -2.027697796250687023e-01 1.193823492606155057e+00
-4.132915912928373237e-01 5.816141130657712793e-02 2.859845883643316711e+00
-1.420758733134563023e+00 -4.130977252251910592e-02 9.175953491867407941e-01
1.410756773206834014e+00 2.781740541860163729e-01 4.691569421773537918e-02
-8.478561623557976379e-01 3.062220610146760835e-01 1.066328829264011846e+00
2.419595384992858200e+00 3.973811988461944944e-01 -1.563707374820349605e+00
1.772612255216693411e-01 -7.157329664780287537e-01 -2.064031874607732409e-01
5.059851909131428682e-01 -8.879649182250747286e-01 1.403156455027307459e+00
-1.736070345015881422e+00 3.662901509309975934e-01 9.182080347302891132e-01
6.175396498590790539e-01 -5.068933158855403187e-01 -1.167021124366837803e+00
-2.579707298219237610e-01 1.398565759377441431e-01 1.267743686029091599e+00
1.367680256260215943e+00 1.498305456792280443e+00 1.445228420342653530e+00
2.890589145714536068e-01 4.066618409747758678e-01 -1.119987826700516997e+00
-4.539843341465553406e-02 9.270067369248798927e-01 3.790228141195226552e-01
-9.896335183944033886e-01 2.916414303904107941e-01 -3.907914686461845255e-01
-1.804996760057784866e-01 2.744842315615447781e-01 1.385706319911121920e+00
1.467713079357193307e+00 -5.968206210178866877e-01 5.966896244580821573e-01
-3.618764109978873655e-01 -5.598653755170170943e-01 6.844085523644334312e-01
8.130802123320554076e-01 1.242221452453681652e+00 1.998558443711713428e+00
-3.320687671697374888e-01 -1.513350890370125157e+00 -2.797681534176787999e-01
-1.327073331683939150e+00 -4.283512617412908452e-01 2.042554356757341871e+00
7.911728067575599654e-01 -4.054618403888652911e-01 1.332009642043239683e+00
2.531783055363248103e+00 2.216187569911663768e+00 1.702879512630938841e+00
4.133575610965047886e-01 6.937324469617202061e-01 1.700099142181912937e+00
4.311069830477898823e-01 1.280157748744570778e+00 -8.407756676206640245e-01
6.061959205693892017e-01 1.311337990793250530e+00 1.560520547628471144e-01
1.028385797622368925e+00 -1.119789380476696294e+00 2.811205859953285202e-01
5.742730400148320369e-01 1.667847454016746056e+00 5.319381153128043271e-01
-1.536201583590816599e-01 -5.016672358619500560e-01 1.516923610907595199e+00
4.503296933358378329e-01 5.459865699732271427e-01 -2.879613578609944380e+00
5.334533064565966098e-01 -1.002110121181368108e+00 1.738168593026193420e+00
2.581021112687235108e-01 6.288864170480181759e-01 -7.144605048082803833e-01
-1.741942331071407501e+00 -5.554250485805810600e-01 6.261068113743543107e-01
3.071478266804047452e-01 8.715943279413035372e-01 -1.328244846500026943e+00
7.723848867509731653e-01 5.876799605285019101e-01 -1.629686657421463902e+00
-4.483542038806604402e-01 1.306710015034967531e-01 1.215988296901436172e+00
1.160488737527006986e+00 -7.028596631562213926e-01 -1.070983421384598816e-01
-2.491764139192421401e-01 2.079206011659440634e+00 -5.590138806678113248e-01
6.266953239989158098e-01 1.212509184354438885e+00 1.768883201579696252e+00
1.109006918086004712e+00 1.148664367661660801e+00 -1.090902979697830066e-01
2.511930459721993247e-01 -6.736451378089005626e-01 -1.038158212637917965e-01
8.379907803368749075e-01 2.110505761345868869e+00 2.413030693966685014e+00
-2.210704746500402884e-01 1.487798387634916009e-01 8.399975264397468999e-01
2.133657648332122569e+00 -2.455778763106491458e-01 -6.682043187970473919e-02
4.394652826118902733e-01 1.503568166536362327e-01 8.751273271503519080e-01
1.730838319175189710e-01 1.712262349396482364e+00 -1.110650074700688883e+00
-5.280874350171675946e-01 1.058165255409319050e+00 -9.946427300256642789e-01
2.064715735183681178e-01 1.148484161186786423e+00 1.129100763822749265e+00
2.233714996023367094e-01 4.566736539258900995e-01 -2.161512725858774964e+00
1.312209755850383575e+00 1.000517821670802610e+00 5.109734452264504956e-01
1.037365634618087507e+00 -2.605733347722731241e-01 3.870546466889134285e-01
1.002180213064311820e+00 1.286164818317272029e+00 1.275462124260645425e+00
-1.056845867210553402e+00 7.390549234450516369e-01 -4.437996060207918814e-02
-8.333421386446047130e-01 1.102932095846214766e+00 2.099008757382579346e-02
1.120026049484167174e+00 -6.711764311604517808e-02 -1.065820108903609897e+00
3.161547787395591613e-01 -3.295791211310443725e-01 -1.069346312372564611e+00
-9.799153005747989198e-01 1.788356674418126513e+00 5.312333521845373774e-01
1.177567429541386046e+00 -1.810163604845669849e-01 6.376569571884207477e-01
-7.737152223611892810e-01 1.486167244402976984e+00 4.491016087349110064e-01
2.620469629179921212e-01 6.608591823605525217e-01 -1.245057759555268317e+00
-2.344013975947275563e-01 8.269284686085187630e-01 -9.237088767135761547e-01
-4.496648108029813740e-01 1.169923833864958240e+00 -6.338557006647149716e-01
1.217059299223470337e+00 -3.719101063583238331e-01 -6.978750860924813892e-01
1.855564169343530301e+00 -5.972765542629312474e-01 3.770209606685732684e-01
-4.630547251204746306e-01 -3.115652295452320808e-01 1.213434522846183805e+00
8.697606721140046515e-01 1.848711522088879011e+00 1.383675906521031340e+00
1.088001067475081962e+00 2.847712391308641067e-01 5.458366475324960554e-01
-2.316633970018656452e+00 1.450904926981697596e+00 3.083911350543989460e+00
-3.930052013358649732e-01 1.084181509503054919e+00 2.874479379276527746e-01
9.349530815698112729e-01 8.031418936574441503e-01 -2.009359146088395554e-01
1.674939301764805322e+00 2.362753808784670007e-01 2.559018581994006336e+00
3.104014537613174474e-01 -4.073625343103735585e-01 5.750865263926688842e-01
-7.927428363923532117e-01 -1.651369332727392614e-01 3.846513510441297079e+00
-4.766079796397031387e-01 -1.346931490160412359e+00 9.592953662861567476e-01
-2.202646736266911376e-01 1.766355013588658984e+00 -1.385206199985862183e-02
-7.312293214508155392e-01 -2.017572387453882232e+00 1.451650903644558621e+00
5.109475356392660927e-01 3.423288845376612488e-01 1.582545733461117266e+00
-1.397641207703542943e+00 -4.217970534029374385e-01 -2.462894930841355023e-01
-9.711184303769931914e-01 -2.335520375935015158e-01 8.418819187488225664e-01
1.342369958728910628e+00 1.554690915242228133e+00 -1.236141645872199213e+00
-3.064857324524670190e-01 1.202088266980853248e+00 -8.964642534112563510e-01
7.626166188467410345e-01 -3.936933867006959242e-01 1.298590317383041981e+00
2.064376414336756671e+00 -6.990242773741732751e-01 2.733263160048809981e-01
1.736033691687030311e-01 6.438211616031301598e-03 -5.891303229426414489e-02
-2.282477080322893315e-01 4.663612684854251955e-01 8.508987434827580687e-01
2.398066352167375903e-01 2.786913374220155726e-01 1.633517950962555532e-01
2.500189851669000762e-01 8.066256284196204884e-01 2.227340611656551950e+00
-6.161094296201536924e-01 6.216448985892812917e-01 1.229181225056186655e+00
3.224422533499437388e-02 2.244061872748763342e+00 -3.943634574958854166e-01
-4.785687860536207983e-01 -1.863036436972538290e+00 2.764706335342183685e+00
1.012498437529885553e+00 -1.047464678213951839e+00 -3.240889775450465637e-01
3.470496461774517649e-01 2.964432876573701581e+00 -2.489793522469374576e-01
3.941108538008389339e-01 1.552650969521780500e+00 -7.359424334926450983e-01
-3.361157115750406099e-01 -1.558467971339756231e+00 7.404466294141123228e-01
-4.701618568902900253e-02 -7.131970049933495925e-01 1.967680152631808621e+00
-4.674160878758871762e-01 -4.561558790999309387e-01 -8.556119549404460622e-01
9.111762208948948061e-01 -2.924459041690372629e-01 -1.535811112013393265e+00
1.193424967636929068e+00 6.566179177418737245e-01 -8.475094269152851911e-01
-2.305354820993871456e+00 -1.076132352147891824e+00 5.951233537253688421e-01
2.897428795029933779e-01 2.265585915797218852e-01 2.160319883181617273e-01
-6.032890089724197713e-01 1.586813585333946008e+00 2.605352238348564775e+00
1.824183779020215113e+00 -3.248278384000219399e-02 7.600720561467259051e-01
1.474228842375132909e-01 -9.603876873257159996e-01 4.019671357965731717e-02
9.065636330572179880e-02 8.892808605712236858e-01 -1.259769592814067973e+00
4.953204545694852023e-01 7.133202202444287841e-03 1.563201338969773202e+00
5.735722231525874210e-02 -4.974877330386748980e-02 8.830211236060354629e-01
2.999841589446733403e-01 1.600380455740125552e+00 1.078542330924362469e+00
2.551543559830713459e-01 -4.820264640426100700e-01 3.043780766847202113e+00
-2.604478271127639299e-01 1.230631380596995728e+00 4.106632828182164019e-01
1.742157225409056487e+00 3.277746086530388681e-01 4.572031467899045909e-01
-2.096502510750723747e-01 -6.829656631806417869e-03 1.243881699961009613e+00
8.554016488891645897e-01 -2.359496604017600196e-01 4.260736837368898078e-01
-1.270357566848541175e-01 1.468122468811740688e+00 -4.376826245912552316e-01
-2.148117871724339878e+00 2.177861518211111402e+00 4.210896892352059551e-01
-3.939003227170275734e-01 -4.501296594461035583e-01 1.019995702204683496e+00
-8.903408849180308726e-01 3.186971403496823285e-01 1.666983732546616803e+00
-5.054624318472765721e-01 -3.016789196009321272e-01 -1.537908880016358726e+00
3.627474784144364695e-02 2.108971081539908754e-01 2.843600831886877733e-01
4.357904497679444544e-01 -2.469708962204886574e-02 1.712852034492863940e+00
2.801839018055680697e-01 -7.922728383322715784e-01 8.873869283828645926e-01
1.031949687608105570e+00 1.309374130630168276e+00 -6.468032493403357286e-01
-5.230269474758539872e-01 1.307297798639587283e+00 8.534644936268588333e-01
6.772504485977308697e-01 5.724990432099269499e-01 3.894601963377664067e-01
-1.336285029673539126e+00 1.744736248302594328e+00 -1.221193878278763023e+00
1.075774742534159500e+00 1.485345163909670863e+00 1.617487344611715949e+00
4.868169110420926260e-01 1.222716792812728048e+00 -3.369400096222486263e-01
1.153451332981605182e+00 3.519922390910803500e-01 3.351304361462918546e+00
-1.083365454266086658e+00 2.018308838715798803e+00 -7.568331169098427846e-01
-8.410673884097364938e-01 -2.666048493193287072e-01 1.942555495899338514e+00
3.432217468449211273e-01 1.335557994922552005e+00 4.741276483430215127e-01
1.059208486390692122e-01 6.418546812984100569e-01 1.158248401066582112e+00
-1.402131674635049396e+00 8.133790992668281650e-01 -1.696849164623787098e+00
2.074031432721259005e+00 -1.252373110995734118e+00 5.845660206480408627e-01
2.359288300626915802e-01 8.046023140680815811e-01 1.420286476028687295e+00
5.934898624424642666e-01 2.416875313625091781e+00 6.240630358274860123e-01
-2.078916733239336567e-01 -5.584511034474879398e-01 1.009749792861948547e+00
-6.935412706547358641e-02 2.478172416053649130e+00 7.163210731764335648e-01
7.554683550398758607e-01 2.349201896729478101e+00 -2.134218177162116870e-01
1.381272161373355623e+00 6.805591554755882067e-01 -1.441351772479182003e+00
1.907538259616045062e+00 1.363561999066308594e+00 3.000869774468346018e-01
1.366141943095240396e+00 8.493335269460196013e-01 5.359943593578164744e-03
1.577613491989504069e-01 2.243893866263065640e+00 1.421859611541104851e+00
-1.535775745320175911e+00 3.552915286667671646e-01 -8.850840136539021019e-01
1.795958512527880302e+00 -7.409797519937025845e-01 5.426404972890394030e-01
6.006920723423176955e-01 -3.765477299625260565e-01 6.425942022529113062e-01
-6.953826875704619548e-01 1.644166433851804943e+00 -2.748306993447997559e-01
1.483782266172937847e+00 -5.288111107438531189e-01 -2.432374098761636294e-01
2.301924960015777621e+00 1.055996045626073965e+00 1.353118338591523973e+00
-2.020242947183350957e+00 -1.116893862416844962e+00 1.440839885188068381e+00
-3.276055069809908349e-01 8.466440863591271349e-01 4.653564470812757148e-01
-1.736955743893534798e+00 1.547690236775726980e-01 -3.520514814281212046e-01
-4.354692334056849135e-02 -4.633087673686128172e-01 -5.456093941546669157e-02
1.690112689618213926e+00 -6.764731088297184503e-01 7.907263669853092924e-01
-5.884325366337059826e-01 1.339375171958959498e+00 -1.443819719128184076e+00
-1.404976767845901531e+00 8.474120905378190738e-01 1.733803417716670348e+00
-1.166202278112049573e+00 3.696560481730682968e-01 -1.297414646921145387e+00
9.747490758925122512e-01 1.629777873276492262e-01 8.066504571561747827e-01
-6.718066821392087995e-01 1.704933205686164133e+00 -4.661624614720450976e-01
3.052488023936439920e-01 1.786675200554652398e-01 2.350194400550416063e+00
3.246162052816906063e-02 1.896851966610984264e-01 3.656388564901803306e+00
2.357556312167806034e+00 1.094039000975408210e-01 -5.821932124032065392e-01
7.086736184498454438e-01 -1.231686286095073690e+00 -7.440183607949993894e-01
1.307158598586918297e+00 6.140034791239830370e-02 2.213223284940235125e+00
-8.572645009913760772e-01 -1.566557246737052544e-01 1.486975635203211965e+00
-1.840138346802528968e+00 3.599416769989789433e-01 2.585734057470310265e+00
7.684264756192613621e-01 -6.683685001929191571e-01 -1.722347877221303836e-01
2.356433002757507111e+00 7.560015757820826021e-01 -3.859512152174119914e-01
7.014733589376842549e-01 -9.721381382738774057e-01 1.714683011282882141e+00
2.041276707325118345e+00 1.039735972438398326e+00 -2.531010914974912152e-01
1.499862010291737047e+00 2.264447317341154342e+00 -7.761021983376955591e-01
-3.178826047696218793e-01 2.615658571451766168e+00 -8.810942939354606818e-01
-1.264283317278281638e-01 6.499258220121765239e-01 -2.435816572412656811e-01
1.372754869358630225e+00 3.263218253297593963e-01 7.333281707600272092e-01
1.766366775562809854e-01 6.673398571046219585e-01 -5.707926877781732689e-01
1.725227230295536929e+00 6.773321240480318917e-01 -1.165433024380788440e+00
1.172885580879218237e+00 6.787844300880062631e-01 3.320256483654260293e-01
-1.222495488587193924e+00 1.146627042731998225e+00 -7.170844061022996208e-01
1.620513757334336002e+00 -1.512267525584620742e-02 -1.143590945923178115e+00
-5.116381240112802820e-01 1.795202889393311407e-01 -3.857979791381602741e-01
9.188616567792923240e-01 1.885696071294589382e+00 -4.892410206828627928e-01
1.036422304728129351e+00 6.798546846105724129e-01 1.858035628404753226e+00
-1.549277839564573989e-01 1.137609841559058088e+00 -2.413379288902266495e-01
1.173974129985622117e+00 2.592998634496666011e-01 1.893614700883197166e-01
-9.805483265737990894e-01 3.062677354087283366e+00 -2.299714294290209793e+00
-1.219083936123289025e+00 1.124857390586412764e+00 -6.622344851059086546e-01
1.294757574316261817e+00 6.390100071736229403e-02 7.345982550066953998e-01
1.405741814353401953e+00 -5.450882308026110401e-01 -2.223823100513307727e-01
-1.224823837929859688e-01 6.920857077929375434e-01 3.084294198916115448e+00
8.396433339089928727e-02 5.026044892843535283e-01 7.920054203420927585e-01
3.495973876558900462e-01 2.588087258375913358e+00 5.855281461115515729e-01
3.604965730566720428e-01 1.783587730494051726e+00 -3.098421083860962155e-01
1.283754286237595021e-01 -1.339996434989825680e+00 -2.375892018290983732e-01
-7.520122178915590594e-02 5.032481535314720089e-01 1.056962276871431294e+00
-8.598457280185470841e-01 1.497503160795907284e+00 4.922729892353795988e-01
5.025327130735299797e-01 1.376745069238162422e+00 1.231444619433092136e+00
1.361881648511702236e+00 -7.070285945114709314e-01 -1.601355997408385745e-01
9.764091710598999940e-01 -1.374904218664861455e+00 5.683352120771001381e-01
6.544420741790046847e-01 1.214073247310996972e+00 4.639544932632654328e-01
2.134619498108384583e+00 2.129496858442911034e+00 4.670471151130634602e-01
-1.344852585729683803e+00 7.843747434752856851e-01 1.129711953431108418e+00
1.293894839703925381e+00 1.494121299762657673e-01 3.277970102032185667e-02
1.180161467541957832e+00 6.965036794086413297e-01 -6.891118313308362830e-02
2.687883114289247644e+00 6.208129953502786735e-01 -2.139446245002573743e+00
2.302382424092679347e+00 -1.590911772634496235e-01 1.020837340086399481e+00
1.640184548513297647e-01 1.526921316167167142e-01 3.687821871078743596e-01
-4.659007946268556855e-01 1.322396571701845769e+00 1.547645560083670491e+00
2.635245329328439468e-01 5.255939790682147006e-01 3.967892937089760874e-01
-3.742181560780071248e-01 -1.186131250688526595e-01 -3.254815455278460834e-01
2.377983267794697930e+00 4.182356211805921542e-01 -6.035537102237247264e-01
1.518278057551136762e-01 1.557465417467051472e+00 1.156094649272765951e+00
1.379639094910923847e+00 -1.232355723376383771e+00 3.424777315706491798e+00
1.368534427170948753e+00 1.882229190152157949e+00 -2.886175076502729420e-01
1.111106958030608105e+00 2.038907621018353211e-01 -1.675021205203389041e+00
5.195833683783257495e-01 -2.156473091106398510e+00 6.785774135028568299e-01
2.828007336521824455e-01 7.917832061573604197e-02 3.162751860331711358e-03
1.857724412481320808e+00 1.639607924802958736e-02 5.210583364081974311e-01
6.080870107253532053e-01 1.630293019885289407e+00 9.157401819700270451e-01
7.582446797963818819e-01 4.847448322600095838e-01 5.132004924527542311e-01
1.319853028302795606e+00 3.398962713126860158e-01 2.019415157117257387e+00
-1.519207512413667249e+00 -1.827593545947940434e+00 1.365344165432140766e+00
-3.489925770342661160e-01 1.910810427426282043e+00 -1.884009611893525116e-01
8.754541596142998428e-01 1.902777647846192632e+00 -6.450879257122742461e-01
8.461420599071569626e-01 4.149437807707234693e-02 -7.752490765040166432e-01
9.098405737117255532e-01 -1.459113442803692262e+00 1.285553495334837093e+00
-6.153959335213916582e-01 -1.422867151519364493e+00 8.632526163929293839e-01
-1.605025418899774237e-01 3.562193903245665094e-01 -2.834158976823332975e-03
8.372847966530649888e-01 -9.009380199064855876e-01 -2.838242110697928755e+00
-5.694494392185700526e-02 -7.153889861854456633e-01 9.879369547807868857e-02
8.034759382635094926e-01 8.036958557716649132e-01 1.526752421750894873e-01
-1.138318000681106223e+00 4.591479414222437994e-01 -2.589094708360058505e-01
1.771184724456441151e+00 9.637358471135404336e-01 1.525757457072859147e+00
-6.168146809043395518e-01 -1.002648935952294540e+00 -1.037122740322489189e-01
1.866564734043324014e+00 1.021045482841087981e+00 -8.412473064529043532e-01
8.932522779473446306e-01 -6.038219195237648496e-01 -4.514067363309653413e-01
1.224320992949657017e+00 9.425369978558574280e-01 9.373427738037286572e-01
9.035968347053769945e-01 1.155844234536153925e+00 1.561878534253565931e+00
5.185196341610320836e-01 8.942794525615523071e-02 1.102204155672781516e+00
-1.581704956735543455e-01 5.500992882211462875e-01 -3.837465964660827789e-01
7.573098697228919374e-01 1.661062987847532035e+00 -5.888484840328108705e-01
2.037683908595514293e+00 7.387248169157429878e-01 1.143602038595087800e+00
-6.249612342275062682e-01 1.485954507418298487e+00 1.364028843432305127e+00
2.208218669573482618e-01 1.723581065518669631e+00 -7.393594145446165111e-01
1.437129414638225855e+00 -4.737559922745240293e-01 -9.027052504604314853e-01
-9.278806325564337154e-01 9.424417573593284470e-01 -7.448506245689198169e-01
3.032930530523816337e-01 -1.063165163092113730e+00 -4.347062216941451895e-01
-5.991000214222375053e-01 3.405311545522508254e+00 2.770148316275080624e-01
-3.455209256209119256e-02 7.677596417528860240e-01 -1.918513565847683067e+00
-9.951953046512043155e-01 -1.269764214754282694e+00 1.146714058840958561e-02
2.612911469039007062e-01 -6.143408050406762300e-01 1.149574092298883077e+00
-6.846436097732766513e-02 -1.256683383116168062e-01 1.921677739173130339e+00
-9.483896700354439713e-02 9.192969559976575944e-01 -4.848227573323598549e-01
-7.657097648998090200e-02 1.556333231670384842e+00 7.442605889505677919e-01
-8.242657975648423063e-01 4.805039605614809251e-01 1.298283480089618358e+00
-1.325309703355729563e-01 -1.375376235308208572e-01 1.313967137815683195e+00
-3.854264138815032270e-01 1.939009639330996571e+00 1.358711097252065292e+00
9.267613567889697590e-01 -1.158293206738685965e+00 7.454765807194962957e-01
-3.947358725036265864e-02 1.674623372599541860e+00 3.022825262989771722e-01
9.600105627769878192e-01 9.498196583880845756e-01 1.650605603017610168e+00
-2.662651041509160432e+00 7.979080737034527360e-01 4.664784908795641671e-01
-5.142185638433378718e-03 9.773192562797566874e-01 -8.692311573828727100e-01
-2.455318734863785046e-01 7.610642858709980307e-02 3.911102297029312447e-01
-1.501779530791056638e+00 -1.024560852883897311e-01 3.509879232019966988e+00
7.867036787476661130e-01 7.810650375567363968e-01 -4.147183637387086286e-02
1.706959800666288940e-01 -3.445378092113871027e-01 -3.883747441716373094e-01
3.966462690911282674e-01 1.885144144748061024e+00 -6.343600818471498703e-01
2.135200064713628845e-02 3.862538782059832254e-01 9.294298356882144674e-01
-5.293506503798075524e-01 1.664637014721859209e-02 -1.275903046535672214e+00
-5.722846071122762446e-01 9.751988510487366035e-01 -5.625123988482889636e-01
2.414598995405898840e-01 3.846372706069160485e-01 -1.033850982299372889e+00
1.764029434470066438e+00 5.649604178167186852e-01 2.482705852686921955e-01
2.277785589982851633e+00 9.414634752286311636e-01 -2.351086754647545352e+00
-4.847180558027447406e-01 -9.008723250442692010e-02 9.216517840550904062e-01
8.345964464196238275e-01 2.016069943858559643e+00 -5.273442938053360951e-01
1.545337237854165879e+00 7.264094935334363123e-01 -5.601840365243356823e-01
-2.751623882263098952e-01 6.137023828221680466e-01 1.385539784641488081e+00
2.671536275164200780e-01 4.729437963356172281e-01 -1.123419897676917634e+00
2.982937470826531046e-01 -5.105387058780505062e-03 2.018224307554783437e-01
1.322446582084651823e+00 8.196604593410790063e-01 -7.618005513010213392e-02
1.174299086862096608e+00 1.961261073106285835e+00 -2.396818463103751462e-01
1.282347057101378418e+00 6.159379088485353870e-01 1.298814038762748702e+00
1.012779140184585369e+00 1.520813564447670747e-02 -6.630302761560286084e-01
6.067125225116921650e-01 -5.110935761605258643e-01 1.902381609124668138e+00
2.342577579745731223e-03 -1.196954765570437534e-01 2.812761593827459716e-01
4.518980214359693409e-02 7.471557832307421654e-01 1.248424828068860126e+00
2.488134116019949715e+00 -7.957140970133691482e-01 -4.582322450467425645e-02
-4.215949305035522898e-01 -3.205925919673169311e-01 9.748012122002585045e-01
1.518761934611798370e-01 5.995719418209021212e-01 1.610805961309017320e+00
7.928079303569355307e-01 3.168853963745233426e-01 9.083263769563231227e-01
1.809942231219947795e+00 -2.058351444650523276e-01 1.896347232036785790e-01
4.265369560369428048e-01 -8.342426925646035940e-01 -8.441719947126048451e-01
5.230699763078373588e-01 2.073975574232755359e-01 4.916485769563807562e-01
2.574428511236812600e-01 -3.141108678045016478e-01 1.421918381972621104e+00
-1.515823779807204674e-01 1.762291501154215290e+00 -4.168770476643299805e-01
-1.310733286780000062e-01 -3.721551830910086345e+00 6.765670872522584478e-01
9.207950391567677473e-01 8.589507993058828061e-01 7.862233912906329003e-01
-3.680417426229945499e-01 5.632807245611073238e-02 1.890465611633471710e+00
4.255771403270026676e-01 1.362348240075601291e+00 1.244424445374149313e+00
-2.187569897721617806e+00 1.426895104908328937e+00 1.168662264103499160e+00
9.539909906907313442e-01 1.352734806900719011e+00 2.738883224216888124e-01
5.348897169375177452e-01 -5.350925778658535137e-01 -4.181023289014069722e-01
1.381702598308269581e+00 2.276821118789573273e+00 2.021710296688930875e+00
2.937489511413104992e-01 4.396543476572717934e-01 6.507981036493648563e-01
8.774530778852419610e-01 -8.900365549075514582e-02 -5.024952386203538346e-01
-3.462389834092602370e-01 -6.730480793055304209e-03 1.700235636822852392e+00
2.486581641280985799e+00 -8.948801369880101664e-01 -6.149669451304862200e-01
1.323943966935888117e+00 5.054301976500589211e-01 8.266676507231802695e-01
-9.641596347737083628e-01 8.750059790495576806e-01 6.086928191236102847e-01
4.381660917478136241e+00 1.532278736130289643e+00 -5.298861310861608942e-01
3.827156697167772292e-01 6.112753175881902035e-01 1.082645444607792662e+00
7.507823397042217017e-01 -5.819906506374356026e-01 2.556733745018827442e+00
1.306587264164825957e+00 4.053539900001154050e-01 2.975275392508353045e-01
-4.909769549076217210e-01 1.072560505093938632e+00 8.780880053136652652e-01
9.453157024173912681e-01 -6.521349048385316483e-01 -3.208764560663375232e-01
2.453934156202936933e-03 1.233301181458259954e+00 2.046435617852136346e+00
-6.139355115414447672e-01 -9.223470758705728523e-01 7.914695907722738566e-01
4.173401464032725494e-01 3.799424510666729593e-01 8.636411809392194883e-01
-1.102621839465362186e+00 6.648890986597317809e-01 1.045460303658000967e-01
-7.015352459866298906e-02 -1.109193083804467239e+00 -1.067318638180215551e+00
1.694781260769814835e-02 3.637165585952051305e-01 3.884173611637497525e-01
4.180224861794805680e-01 -5.502439252107743650e-01 1.143251452347749719e+00
4.823304508700890780e-01 -8.569859166995703603e-01 1.915869795592572977e+00
3.124379749789230054e-02 1.357187949784427472e+00 -7.168162859191176128e-01
8.757078238414839344e-02 -7.706292955454939753e-01 -9.280710094332881299e-01
-1.854824629693630211e-01 1.599288504167757807e+00 -2.374971126431594248e-01
-4.941081621679725977e-01 -4.605229339040144421e-01 -6.224166679195455298e-01
7.828441162084718297e-01 -4.490925160651464410e-01 1.392211526911687480e+00
1.159111930426461878e+00 3.480639727798862104e-01 1.604570868726730160e-01
1.769288592683371908e+00 2.125612594414938994e-01 1.002451444671736747e+00
7.295939258078374401e-01 8.835494741152070119e-01 1.062127528014993771e+00
1.161344794924188406e+00 -1.237841868553615443e+00 -2.937864904958402135e-01
-2.330439083371498854e-01 1.213953514705318870e+00 -1.083443361281412276e+00
1.015300331962597946e+00 2.554768509480076055e+00 -7.946354569846423299e-01
1.106661190290415320e+00 -7.510178628824936142e-01 2.042368407946243192e+00
1.035606766495686948e+00 -1.090640255557003835e+00 6.652192500225482252e-01
-3.703072267204128298e-01 8.485769861273695369e-01 -6.507860227247632690e-01
-1.645576535443993293e-02 9.707506942729894339e-01 -1.362048852219224004e+00
-6.670965659753441690e-01 2.071919143971943100e+00 7.323461133982847038e-01
-9.236626203366240517e-01 1.681940481681970301e+00 -6.957063202454136785e-01
-4.386255666217207527e-01 -1.025357070384654179e+00 -7.912774960272128677e-01
1.865080002329683184e+00 -1.180574721733366639e+00 2.465693981454312178e-01
2.113824594892295572e+00 2.914599175380268581e-01 -9.087050797551703418e-01
-2.518704520386422785e-01 3.046064557884178292e-01 6.532720253663980570e-01
1.409382060580893770e+00 -5.319917251918426793e-01 9.727997950948286121e-01
4.887293150345460857e-01 7.234393549976231297e-01 2.952352065279715276e-01
1.134458041554984975e+00 1.567291482178155393e+00 3.447290158748123057e-01
1.012915353594286971e-01 1.838620004752973269e+00 -2.981957082918854862e+00
-1.856574026079321094e+00 9.372748952001317413e-01 1.036473553505847356e+00
1.855797604162585657e+00 -7.791702413583498910e-01 1.393906671119519380e+00
6.837636945254395027e-01 -1.762752231283446713e+00 8.365122293139503062e-01
8.396796102074963741e-01 1.918137637938677198e+00 1.796137033703283592e+00
3.419154661768543102e-01 1.280699850949111873e+00 -7.447448749658104605e-02
-1.732485509551195957e-02 -3.153533193266534473e-01 1.976168341496850278e+00
-5.839423999064558696e-02 1.808624680928952566e+00 -4.803005102846102936e-01
6.895546723909335984e-01 8.030925986700248043e-01 1.783734546221809492e+00
6.726112932495534880e-01 3.024713614481334467e+00 -7.631066082041783050e-01
-2.118651827722717318e-01 -7.031965504158084190e-01 1.184027286557178149e+00
1.158622287923583016e-02 -6.055090101859871288e-01 5.685819919797727717e-01
2.504784644923509163e+00 7.117936683436982825e-01 1.120795390727024943e+00
1.791699849440725245e+00 -1.469598474776994568e+00 -1.008164347503123670e+00
1.032447137794839515e-01 -3.073645094567636904e-01 1.386637854071002041e+00
-3.474677528675046978e-01 -7.769386454270228726e-02 -3.510130060652212336e-01
1.707036859848206856e+00 2.718822018692707232e+00 -4.854826953416979118e-01
1.136645660942379843e+00 6.334466184795540800e-01 1.026951239868616916e+00
4.697350319001024621e-01 8.514392836965298805e-01 1.325763773592822492e+00
-2.150278832717632538e-01 -7.649116294494007207e-01 3.253881325657115298e-02
-1.630654650505159342e+00 4.530183212896565226e-01 3.341555529075512787e-01
8.510974639643251738e-01 5.390037447733729836e-01 -1.068324526267954155e+00
-3.422261005836796155e+00 1.197120396226200922e+00 7.955478266030225898e-01
8.069652839675443001e-01 1.060048835624186836e+00 1.755400179856120069e+00
-1.142881581283181180e+00 1.864894360674530738e+00 -1.289014667615160370e+00
1.136114137241827526e+00 4.510288567813933863e-02 1.141841225871009780e+00
1.596844736088996797e+00 -9.687477037003083824e-01 8.447426879347673667e-01
8.030551234070213429e-01 -2.082254512305929117e-01 8.590053832087233276e-01
9.910849786130960792e-01 -2.035440231580027889e-02 1.003243190251319028e+00
-8.943063753883769840e-01 -1.001771043708129971e+00 8.335539576470373246e-01
-7.722480321300653205e-01 6.597238218604839499e-01 -8.798879507695892555e-01
-3.177303317649793901e-01 -7.816955194693445824e-03 2.108238889148652540e+00
-7.069466772965790069e-01 3.115526711763844103e-01 1.313047602287313875e+00
-1.285148891434220730e-01 9.469212980492032194e-01 5.413410646924663450e-01
-1.934751175002390244e+00 8.106081137676315329e-01 3.767120672018804961e-01
5.642007557186561328e-01 1.558641014835442151e+00 -1.424347215572192127e+00
6.475123004388714243e-01 1.037845110726977715e+00 -1.411292985714904580e+00
2.842623144580789685e+00 3.282447459053178807e-01 -3.106163776316895886e-01
-8.516078007594474197e-01 -3.328746033037809915e-01 -2.066397146014029573e-01
1.191106970771402818e-01 -1.596414395231580574e+00 1.340300769055093877e+00
5.472407461602258882e-01 6.828781791428326642e-01 -5.943381086596656315e-01
7.693136083431934003e-01 1.789609878744655935e+00 -1.320727623731926981e+00
-1.291019062679965579e+00 -9.155882116367530799e-03 2.036878194892842497e+00
-5.615390817838655790e-02 2.069142345309273434e+00 -4.358411840953154703e-01
-4.716617736793536908e-01 -1.531328332884333232e+00 2.765478858652269389e-01
2.801509175790206085e-01 7.825463206554590379e-01 -1.070472101156032529e-01
-5.225018216946119010e-01 3.364079451739249160e-01 1.571850607734949001e+00
3.482661325485879034e-01 -1.333977014443821218e-01 5.523957957005235508e-01
4.595280128996795943e-01 -2.569278919238797698e-01 2.332708802703576945e-01
6.796192640106379912e-01 1.827853143505843381e+00 -4.933026952223700801e-01
1.686622699484269905e+00 2.131901909340580215e+00 3.473319845198280520e-01
-1.019487508665819275e+00 -4.630599723786050781e-01 1.359025869893893734e+00
7.313495822672921864e-01 -8.173308550796082317e-01 -2.826075762194021901e-01
8.234648394011949701e-01 1.900834445437615372e+00 -1.573263010387461858e+00
1.293469231459481783e+00 -1.061890809772630728e+00 -4.444234173617200162e-02
-3.484243312036195417e-01 1.384124265911533813e+00 -7.506872933906229284e-02
-1.987343870366561127e+00 1.795781707503089297e+00 3.962217832132725048e-01
2.620202991019749961e-01 5.858655781027489740e-01 -2.081110158373698837e+00
3.149654626588427320e-01 -2.905349784489923426e-01 2.392116838514177779e+00
-8.641605927505183193e-02 4.101981864266533995e-01 -1.345131462778432985e+00
1.818926875486100714e-01 -1.053997709387291426e+00 1.251569902925858457e+00
-2.024509281750492384e+00 4.000865050925525579e-01 6.514970032818432344e-01
-1.744869125238490970e-01 -1.784829813111847185e+00 5.913704689694869732e-01
3.021610302384836744e-01 -1.215934746867970873e+00 4.513466505309613463e-01
-5.039768565106815812e-01 -1.246367345842030128e+00 5.561536828255138065e-01
2.745960174483850214e-01 -4.755901055973526526e-01 1.989310165808387265e-01
-3.661865695219210792e-01 5.533760099767160989e-01 1.705314433674489094e-01
2.399568523892972594e-01 -5.760795131405010115e-03 1.074360570838640561e+00
1.555881812575673484e+00 -1.007397184325816396e-02 1.282467428407559451e+00
-3.978478404978754573e-02 2.293806639863124719e+00 -3.145938783783943649e-01
7.129466493995606502e-01 2.137048818921443605e+00 -4.596266165896893408e-01
8.998234011587357140e-01 1.826413677741606678e+00 -4.423417749128556453e-01
3.351950972163594833e-01 -1.849583383530988945e+00 7.644619763348952102e-01
-9.536007284342229440e-01 5.519621675203344457e-01 1.205953753116825844e+00
-7.916160304497560363e-01 2.608543671776784867e-02 1.734416210592425012e+00
1.113661619978186579e+00 -4.554947052035174943e-02 1.490174334132794876e+00
-8.346710752372481501e-01 1.176440411572617695e+00 -7.815087344788174128e-02
2.065382565044739493e+00 -4.970139712922919117e-01 1.458074515024610829e+00
8.069518321952844075e-02 -9.275302848078444962e-01 1.490443983751667423e+00
-3.131745316781913147e-01 -6.242031835723192978e-01 -2.951308896616861022e-01
1.320063106864703295e+00 2.649164445085082087e-01 1.043543515827521029e+00
-5.427344583754560060e-03 -8.155508336016232818e-01 9.391279427270982083e-02
7.159800773440411215e-02 7.941137696674630542e-01 3.554057646817202626e-02
-2.145676492172066407e-01 5.181598802283375882e-01 1.759201624671742348e+00
1.074196498135300687e-01 6.988965612433593044e-01 -1.994343544050820149e+00
5.603217967952407452e-01 -3.525897558733934734e-01 -2.645046184366929842e-01
1.886505633555726869e+00 -7.918307018224530758e-01 6.832129075707426002e-01
1.081619885643371193e+00 -1.369063710995359617e-01 -8.082775299527045210e-01
-3.198236700217785278e-01 1.347792911116860282e+00 -6.449182397317455573e-01
-5.333163270856524640e-01 6.611763062797475499e-01 -7.005489743830902727e-01
1.133959511557611544e+00 -3.054535846139335487e+00 -1.337418519855767318e+00
6.146403421410912005e-01 3.851101294628388461e-01 -2.028955490268203044e-01
5.248378218346674284e-01 -5.520223857357563491e-01 -5.292493316286832616e-01
3.413083276892918683e-01 -7.569275254136453857e-01 1.555230034538269468e+00
1.683331964275480042e+00 1.661646396779071777e-01 1.646218568534424165e+00
-3.331470330169616356e-01 2.088895870792701059e-01 1.645596896907040030e+00
-6.846146936567512054e-01 -1.034477867060569878e+00 -4.348232340021751519e-01
2.683053554933799489e+00 -1.568296924125007319e+00 -9.849817659617297050e-01
5.300363792506574967e-01 -1.292729320195895593e+00 9.433293905778390442e-01
1.275231463420474221e+00 1.124872288246986374e+00 2.951775359773420315e-01
2.281110895398262173e+00 1.082080320888856528e+00 7.886459634430802446e-01
1.702733980511172085e+00 1.269619390609666443e-01 8.600202520869020262e-01
-2.169190265017416630e-01 2.577738420852574430e-01 1.009655948079085874e+00
5.412268643708121330e-01 8.880135534541776510e-01 5.605573619782561190e-01
1.013964228262960399e+00 -3.438140477806127526e-01 3.797618785418244158e-01
-1.076821117995874211e-02 4.046941585059560809e-01 3.238207237955350037e-01
1.061876784041447586e+00 7.513693173389304758e-02 3.281422837405576498e-01
-9.153754367412594295e-01 -2.249195434465598997e-01 1.468627986823763720e+00
1.057102117578400780e+00 1.235682871435445751e+00 1.491826121687494400e+00
-8.073590143626852011e-04 -8.693726055817480036e-01 2.646147546839197062e-01
8.210612780401657651e-02 1.821781172975622809e-02 3.664171506867863748e-01
-7.404559939456443196e-01 7.803226153044851010e-02 1.376266453883050689e+00
-1.154986697205607760e+00 3.782506374222471268e-01 1.498876694861612568e+00
-3.185599712784323856e-01 1.422474264174880432e+00 -1.958665833608988771e-01
-4.198556721264297409e-02 1.873433934379847177e+00 8.261360295355193450e-01
1.282841651012998352e-01 -1.227204876073006989e+00 2.130674015546233591e+00
-2.816094541941928098e-01 -4.858486904074443280e-01 9.412910549243390657e-01
-3.636556785268194036e-02 -8.287347628854727644e-01 -4.234532192486810676e-01
-2.832306223339345341e-01 9.521927712336174521e-01 9.450058353044096249e-01
8.137544940738656862e-01 1.681808987444322501e+00 2.743584013433847946e-01
2.111670328824133414e+00 -1.041870723233450757e+00 -1.569128126985258165e+00
8.621544028286124428e-01 -9.451421058692244248e-01 -3.029289589498012844e-02
-2.065408716673357292e-01 -5.235623175795858231e-01 2.441508043615668200e+00
5.930062487210560063e-01 1.552295833429948591e+00 -1.685983951062731023e+00
1.237551606298238127e+00 2.905489902725612028e-01 9.962488941349645355e-02
-1.022571979521156083e+00 3.987669153958602886e-01 3.824071176847784859e+00
-1.175741738373118128e+00 -9.442264668954030160e-01 7.968053277706235171e-01
-4.749209808741058220e-02 2.366825453912754007e+00 -4.335432272064223547e-01
1.290224939448187724e+00 5.647927373476631097e-01 -6.108536128198447379e-01
-1.418412617074627402e+00 2.224238686307604240e+00 -8.220136803372739553e-01
1.434224462564152036e+00 2.689134243411497316e-01 -4.321880155443044158e-01
-1.165830018520578992e+00 -8.013532092817649000e-01 2.417459016837256502e+00
-1.069889106658810096e-01 -3.832924547928753811e-01 -8.740971301993473441e-02
3.272238764180574577e+00 -9.126436703858681332e-01 -1.440364405522728541e-01
-4.418024562248458742e-01 -4.106857984901379766e-02 -3.631142574877999629e-01
-1.933381233437427849e-01 9.921365141394044018e-01 4.052184029940675836e-01
-1.159676407386521113e+00 -1.331470261757218054e+00 2.435825189136157087e-01
-7.173208111304230084e-01 -1.598735827993746472e+00 -1.745307499773611215e-01
1.799380664444025335e+00 3.018300706038343773e-01 1.454899086832263322e+00
-1.049124524435667727e+00 -5.522815437608654676e-01 2.510189739374447671e-01
-2.935103662769217858e-01 1.907941882054950300e+00 1.039302578636374319e+00
-7.540389716816321419e-01 6.128793859467986105e-02 8.771668127425497063e-01
1.993458295707916106e+00 4.810922994016341714e-01 4.228097395933372860e-01
2.199553433028133664e+00 1.824232170137668030e+00 5.886121749146635551e-01
-7.147935497966197982e-01 1.943632351060886165e+00 3.838155951474200300e-01
-2.082774949487312399e-01 1.399631855880593356e+00 8.094502167960381245e-01
-5.766136752103848684e-01 8.304263104707900744e-01 -1.035011956258652249e-01
-1.745973524928240428e+00 1.576089327241695592e+00 -6.422481696533379747e-01
3.424896078771598185e-01 1.886267809081962454e+00 1.469514555994387572e-01
1.852835190837572865e+00 -8.004638661317935167e-02 2.819782607060766111e+00
-1.252136871093329773e-01 3.228442180236738013e-01 -1.610747612775282889e-01
2.669937240718919025e+00 -1.945337658071109477e+00 1.573366292292715241e-01
2.692575756799146625e+00 -5.553850818655821087e-01 1.909427350112587130e+00
-4.989949170177098714e-01 -1.950932871776238642e-01 -9.341532133971287566e-01
-1.555964464628122990e+00 6.628128524010375999e-01 2.077787403779590925e+00
7.878049021075147484e-01 1.150836986729416811e+00 -1.524101365519873186e+00
-7.999756234053956305e-02 1.366403492573202261e+00 1.526100394462764041e-02
-5.483072388006449138e-02 3.144670887159564665e-01 -1.732632083725336308e-02
1.024005442302659663e+00 -1.078297106413617534e+00 -2.474304883221229712e-01
-2.535190455418279587e+00 -1.932128171445467890e+00 1.564431299316141999e+00
2.584029089258197409e+00 1.126719978517747300e-01 -9.507943989329482593e-01
-9.468910170500992596e-01 8.617485438174896650e-01 1.515831431651732397e-01
-3.483054394071634086e-01 -3.819121770898690760e-01 -2.638576973968983497e-01
1.669742546970532704e+00 5.909734623463260839e-01 1.804089571325977248e+00
-8.269450657465945431e-01 1.892562810718163568e+00 2.404621568493494621e+00
-1.577455590778013672e+00 7.502258897958699047e-01 -8.861100981050220454e-03
2.825189090358714017e-01 9.244637439018715819e-01 4.836843380250924196e-01
-5.541555108120976847e-01 5.702763227250684519e-01 1.001178123638677642e+00
3.799286610427560440e+00 -1.429475005121385589e+00 6.278819462103837346e-01
9.284965655499872739e-01 7.577223223688043241e-01 4.686153873309330253e-02
1.790423727333585457e+00 5.790189520333490769e-01 -2.387865533877788327e+00
9.975102645107271071e-01 3.735682093338494880e+00 -5.905903375449771120e-02
1.182156777249681184e-01 -1.598432826328106238e+00 -1.377116018802006625e+00
2.757660897282648294e-01 1.103578560053117608e+00 -9.702747062717516080e-01
1.259350704150006828e-01 1.873379672732255585e+00 9.257868851752377726e-01
3.609907846503063733e-01 -8.052082472748924857e-01 -4.453749046365526598e-01
8.585613303331141033e-01 -8.683221616062074266e-03 6.768915173452877410e-01
1.338999462472291846e+00 -5.022132737298681641e-03 -1.330214098739493478e+00
-4.952049444206970685e-01 -2.670851434981078576e-01 -8.187328356903721127e-02
-2.403496535299647796e+00 2.108325090471656171e+00 1.638251660008763100e+00
-1.982422070313941687e+00 -3.137796674379490502e-01 1.134106214981163596e+00
-4.019345879758757789e-01 -3.025379745378864449e-01 8.635611639213485180e-01
-2.297882707480040310e+00 6.477600832802565822e-01 1.063770573181769707e+00
1.303329042130566551e-01 1.238612463775450534e+00 4.829351062349274137e-02
-4.454425308287770502e-01 2.370852684022854429e-01 -1.192340452670235695e+00
5.885231537842779970e-01 -5.287664404358715098e-01 3.355224181948288642e-01
3.167385194609621202e+00 1.305519832371388134e+00 -1.038901510757038071e+00
-7.297866933084415919e-01 1.260654213349011732e-01 3.340346982240992996e-02
2.068330624862403599e+00 1.200396826287065233e+00 -1.091895376586555777e+00
1.518587565456044619e-01 -3.904549137294163752e-01 -8.268478033049517784e-01
3.879751260244015398e-01 6.772493653840996330e-01 -5.757470182509017986e-01
-3.160047823789760013e-01 -8.879370512204945998e-01 -2.905633038757209907e-01
1.229329792664628274e+00 -1.650545783781639742e+00 1.260169010620421748e+00
1.425313563867000699e+00 -2.115696112542530649e+00 1.571314649324682566e+00
1.448874384183237218e+00 2.428253841839882188e-01 1.071920592358289737e+00
-1.215419984284561883e+00 3.215539441344864580e-01 1.433923453434794215e+00
5.991840953516314183e-02 -1.831057499552013246e+00 -5.151756752473005685e-01
1.755663736550280740e+00 -1.150199060532178130e+00 -3.899091070960019056e-01
1.644488725443548738e+00 -2.245019451187322268e-01 2.907785992454561819e-01
-2.135636375015412258e-01 2.101680822135302940e+00 1.376558367968472585e-01
-5.264706029318075992e-02 -9.019219257225797870e-01 4.087193496684349281e-01
7.545624761946391201e-01 -1.981510807857043630e-02 3.192647382999383998e-01
-3.045570272341455720e-01 1.999861391871941674e+00 1.950025266803653068e+00
1.432215786623174170e+00 1.187014821258804975e+00 4.042656530667961823e-01
-2.838478550248472176e-01 -7.321511719220342718e-01 4.462656013750494477e-01
6.646719992435188296e-01 -8.559361941943136043e-02 -1.278541849874365033e+00
4.850327633663545912e-01 1.820019039188133902e+00 -6.165043951406328215e-01
-8.562341979941805459e-01 4.649675657067037227e-01 9.202898163622794669e-01
1.602760929053273387e+00 2.985068311364462712e-01 8.588346191885912750e-01
-1.895078066696437746e+00 8.498984139149938777e-01 -5.389556264126360574e-01
-4.062752680484034706e-01 3.668027208280024709e-01 2.077084484342496928e+00
8.728941308790852949e-01 -7.859899356492929812e-01 9.461495758141128531e-01
-1.527993930606763584e-01 6.191478656204782993e-01 4.624988820286355384e-01
-1.168127211228817686e+00 1.569290578483250487e+00 1.393997637498187059e+00
5.709883279684370150e-01 9.849248901979522630e-01 -5.917465375034226538e-01
7.470296374965973429e-02 6.712901849242292052e-01 2.679232177813098748e+00
-9.872908896924488253e-01 1.122817742396020169e+00 -1.349081159712329114e+00
-4.754423257035460954e-02 -3.058887122893608090e+00 1.825118683642525275e+00
1.923291216317584984e-01 1.009316619377313540e+00 3.598298711008475204e-01
-4.558719998626587500e-01 -8.449021131374498950e-01 1.348668969963790820e+00
2.805430556221377714e-02 6.798131879706907910e-01 -1.534516617557768470e+00
-1.412631732017270991e-01 -1.516370988509267159e-01 -4.779674044441372116e-01
8.087364945229160718e-01 1.613559638065392488e+00 -1.656576862441663245e-01
9.369325831847624686e-01 4.865915686647911964e-01 1.343205781153282485e+00
2.227585981961619943e+00 2.080028664067417932e+00 1.030073475355803847e+00
-6.914984441659222103e-01 1.313446737556242805e-01 7.891767486526273245e-01
2.360454604816645929e+00 1.575284627998569942e+00 -8.647647286877870876e-01
2.317633128767640827e+00 2.009571314279662638e-02 -9.474377915703974251e-01
-7.030614324225655798e-01 5.759844695560790706e-01 -1.397447922142102783e+00
2.194979456366045412e+00 3.313792097422086913e-01 -9.107889651509117890e-01
2.169222865460730176e+00 -4.813869787523663568e-01 1.268197507902700139e+00
-1.848864013730912470e+00 2.690994771648094641e+00 -1.110172464496016476e+00
-1.101144883572157340e+00 8.749006646273534971e-01 2.372449032311333139e-01
4.060884111748413461e-01 6.422948964637797964e-01 -1.698169145173282768e+00
3.540339417607244465e-01 -1.460118619112722671e+00 -6.903496489003446701e-01
1.068209512739216605e+00 -6.107893617212099002e-01 1.423416554164198100e+00
7.417899194490537029e-01 1.712443421347716210e+00 9.550998106216808115e-01
2.569024017555957329e+00 6.213214739257905128e-01 -8.951351605004314038e-01
6.611765213089415560e-01 1.669993912544763259e-01 -5.181402539572048660e-01
1.423135828354956223e+00 -9.783888593244944865e-01 -3.123673876623261902e-02
1.663218227128144266e-01 -1.206148876671633730e+00 -5.949811235808470933e-01
-2.033398380892915025e+00 1.206200823070950223e+00 -3.261591971956217390e-02
-9.417505703016620933e-02 1.642055763303814642e+00 -1.058531889152287020e+00
2.435355288538039176e+00 6.428534492088963104e-01 -7.553206141225377035e-02
1.161555916778050923e+00 2.070387124278740831e+00 -3.064013042412765120e-03
1.369273982958177260e+00 3.631560707291046075e-01 -9.756336134962164675e-01
-7.135431930978001526e-03 2.720975541798582586e-01 -2.041138004391505612e-01
5.899783336894997010e-01 -8.615241110128032398e-01 -3.872146266185878538e-01
4.663134614691222257e-02 2.372986670913882212e-01 2.376692212678473484e-02
1.529794742206054936e+00 1.398157664548721257e+00 1.089212403998230050e+00
2.043766250731174239e+00 9.105842896531206321e-02 -3.410673315076982459e-01
2.296074884940304539e+00 -4.064937061940307461e-01 5.230474847849261311e-01
-1.767573853591616340e+00 1.839075884088798629e+00 3.965980010191341165e-01
1.047682921993762450e+00 2.325449742220444982e+00 3.777280394680794795e-01
7.593883064363696755e-01 5.451778137842292482e-01 1.677952631668200967e+00
-1.463058602074024162e+00 2.983213451069531619e+00 1.785485029406918667e+00
-9.061075494959184295e-01 1.315686306398038630e+00 -4.524304400918643942e-02
2.008260095038159054e-01 -1.018217583066287485e-01 -1.699195604487000910e+00
-1.081440920254699511e+00 -1.392960069517608979e+00 8.165185498012861309e-02
2.005405440419707336e-02 -9.615168966793515848e-01 2.671100367393842490e+00
1.523010460482974171e+00 -1.528994708514302137e-01 -1.198795014548982518e+00
4.806112751715974074e-01 5.877160001996455385e-01 -4.097177147470124070e-01
-1.288857142246219167e-02 7.499286214995357636e-01 1.887529205034353952e-01
8.128560814545410240e-01 -3.952000850637960028e-02 -1.657781895758948076e+00
1.868955445850659203e+00 1.365703400558845981e+00 4.174810454112347635e-01
5.546172922495057334e-01 -7.692843522422634361e-01 -9.655077206639383069e-01
