-6.864797985054797991e-01 5.458964316256703642e-01 1.016822760511902901e+00
-6.243275945787027936e-01 -8.455837906236084445e-01 2.126075396679387719e+00
2.846644313726589992e+00 -7.702630849729480422e-01 -5.195051758886138904e-01
-4.607293542674496534e-01 -2.134628221708286144e+00 2.323665342841271020e+00
9.395042903029097170e-01 -9.673626820805284465e-01 -1.278180688084005201e+00
-1.005836830033991047e+00 1.523018516307734327e+00 2.505778991132980860e-01
1.132120720539536024e-01 1.421892982798924399e+00 6.170736679206931807e-01
-2.927057009754984729e-01 -1.291069233416508588e-01 2.278793747870737352e-01
3.734294618902028740e-01 -1.278069604458394126e+00 1.653240911699102034e+00
1.156858221060578451e+00 -1.646864941541118954e+00 9.785503421561614346e-02
1.103597122245185247e+00 -7.706695054987122706e-01 -7.435681846868921197e-01
1.174895691134199449e+00 1.601084555939770171e+00 1.227001079606947931e+00
-9.257430743060846012e-02 2.298295685055660176e-01 -1.463173545850911195e+00
-5.588565693236583476e-01 2.050612036253839143e+00 9.177599803309223203e-01
3.782511203501892627e-01 9.910691457972597984e-01 3.426421730982536218e-01
8.459322677984042471e-01 6.721031173860958496e-01 -7.532849399154597503e-01
1.820787008378252358e-01 1.143908662598030590e+00 -1.645869101157542147e+00
2.951125162543190683e+00 -5.095178472455094143e-01 -3.799609615142102714e-01
-5.542002156426293347e-01 -8.928083207584552872e-01 -4.373353427085845957e-01
-7.712415566342497586e-01 -1.423531589199884539e-01 6.637700279266341152e-02
-1.595494679410123462e+00 4.681574875452569340e-01 8.166871072022019451e-02
1.995237557802930495e-01 -3.730846817926059544e-01 2.620017690368662500e+00
2.688563048364991825e+00 3.620457301659684157e-01 2.496221791571868187e-01
7.997683938475257381e-01 -1.411918100366138518e+00 -4.541693210897723015e-02
7.308749584395094478e-01 -5.509483824795102791e-03 -6.524699155386175509e-01
-1.195769144519678723e-01 -8.840865275030329595e-01 3.887182079482163211e-01
5.165938828916095682e-01 1.723988302386230576e+00 3.408440540103059302e-01
5.354409456545653478e-01 1.618768157324741719e-01 8.128381841261631546e-01
2.119972894211880732e+00 1.715663760881144251e+00 5.647300410876776589e-01
8.061988982033236883e-01 -2.037405952639540718e+00 -7.791605726936685627e-01
1.097150446205032326e+00 8.572306390244470720e-01 1.500590562380145654e+00
6.268322062256608262e-01 -1.329132499713922833e-01 1.745097116694896755e+00
9.800293065390216496e-01 -9.594703365415615526e-01 -4.124765306532274800e-01
-9.714745896010185122e-01 2.617686496954976239e-01 3.792609575922588627e-01
-3.828928779837781904e-01 2.670813122052423938e-01 1.272900783516085710e+00
-2.632127829175271438e-01 1.519819681918839649e+00 6.725781259865114547e-01
1.639661100986667119e-01 1.176598385260692270e+00 -9.486172284812495192e-01
8.605215327526505309e-01 4.907790559987331713e-01 4.483797615721018398e-02
-7.076247387554802648e-01 4.098114672493519128e-01 9.568180393616425583e-01
-1.457335780798442171e-01 9.572109929335539391e-01 5.291883656111414647e-01
-1.398189818649632654e+00 6.646814692954463588e-01 -1.999321994062790708e-01
5.129115390625271775e-01 1.302795485831586220e+00 -3.131469309920904553e-01
2.613982968968204257e-01 6.269291372750384062e-01 -5.540758034994383019e-01
8.389728774172044989e-02 -8.978259579846719074e-01 1.099235685083395087e+00
-7.694755288973002816e-02 4.145952254891246969e-01 1.727989412790837953e+00
1.288724941065348517e+00 1.893628457774007012e-01 -6.152885755594399153e-02
2.657927471966793576e+00 -5.700644807431002326e-01 1.133098420284425201e+00
1.626351513171267360e+00 -4.396457237359345793e-01 2.219713773975737769e-01
-1.314454558602685452e+00 1.326916069616442595e+00 8.635681225197294753e-01
-7.209196576521998967e-01 -5.336473897667510791e-01 -1.192095865234271468e+00
-9.436635329795521887e-01 -3.850739979472486696e-01 5.168944525685192914e-01
7.674803541414952635e-02 -1.687739679740536181e+00 5.909301140134307628e-01
9.675401133476201343e-01 -2.847071076280224045e+00 7.882855018248373646e-01
3.376762243717579270e-01 -1.246576796825817235e+00 3.785132270301606594e-01
1.961210797415714246e+00 -1.496763161355330052e-01 1.503388960756822934e+00
7.508284112193653881e-01 8.473819549652591432e-01 2.793003269172605330e-01
7.179241858565140744e-01 1.275646638509946973e+00 5.273212696721779613e-02
1.011015793601967028e+00 1.369142033851697526e+00 4.638471560562478224e-01
2.090970027860310498e-01 1.910417620228897828e+00 1.434639223900614491e+00
7.449814060272257066e-02 1.249985285878552066e+00 -1.824048891639151460e-01
2.629395299914267792e-01 -3.607519952459909973e-01 4.292802437276215799e-01
-3.465001161347329162e-01 2.700565487551563892e-01 9.765786421523703353e-02
2.375233360440564212e+00 1.557661752020608192e+00 2.254302721995711800e-01
3.597785373350527727e-01 3.406116346609194823e-01 1.488055985574178619e+00
-1.177704489898883988e+00 1.268756201498292269e-01 2.238113086541147212e-01
1.678008389791967758e+00 1.903193984381459147e+00 7.824848881457741046e-01
1.393101071256135359e+00 3.547980492295464416e-01 1.237159259938196421e-01
9.750688410009783480e-02 -1.231602354651244458e+00 7.222493182038398629e-01
1.919976656908037427e+00 -8.247006257038604071e-02 1.709117913917515885e+00
8.331740014925628768e-02 2.158112053958825438e+00 7.206732028109295030e-01
-3.790944970299459094e-01 1.927321520596066762e+00 6.016264893981916329e-01
-9.418777692457157569e-01 -3.323958889706268294e-01 8.762408429509804808e-01
1.747562504568134667e+00 3.718803930688071580e-01 -9.752577005162593737e-01
6.095845964643099579e-01 -2.019238832012176244e-01 1.198422213177929407e+00
5.572303890860885733e-01 -1.758482506647911947e+00 -2.544096935039061869e-01
1.810724037116046681e+00 -3.025897449296463537e-01 1.406962942453227505e+00
2.263802915737475052e-01 8.515671688681166751e-01 1.094923227521921616e+00
1.080063635137365363e+00 1.992614165140960569e+00 -8.248290535175329952e-01
8.180223499093841610e-01 8.730147126875906771e-01 -9.019763798837823199e-01
-3.072413529391909148e-01 1.124664352125464450e+00 -3.981966611553081625e-01
-2.379216783111961497e-01 -1.734138367589868501e+00 -9.682103372501279503e-01
-1.043992458185050598e+00 1.269064023822445098e+00 3.541246039436041770e-01
4.736721991442988111e-01 -2.038867910678028750e+00 -1.477201703911285302e-01
-1.126207367069407717e+00 1.125249400963957536e+00 -1.013645193036710468e-01
5.277067374245993925e-01 -7.725524346474841320e-01 3.972576642008678882e-01
1.595045098345172774e-01 -6.467137164523704129e-01 -1.522578743617282182e-01
6.453124437947923564e-01 -1.797249105482177756e+00 3.657129666138840829e-01
-1.459392186617899823e+00 -3.205964004355414954e-01 1.016466074262921016e+00
2.285034098413611492e+00 6.712752155398373777e-01 -2.011259451671264298e+00
-1.964071409318485006e+00 -1.284994644432299604e-01 8.968410584713764067e-01
3.228627889511790916e-01 1.133514620683715446e-01 -1.608885699331731034e-01
2.267504542141930202e+00 1.240989834228962474e+00 -8.073422741551029569e-01
2.296444780597663549e+00 5.877580766951205904e-01 4.291035895284086021e-01
1.851889430562992933e+00 1.692683198708642811e+00 -1.643493863371631392e+00
1.223565062578163110e+00 7.517404189323373398e-01 -3.546307380496722672e-01
1.980115372873297863e-01 -2.444477575863607921e+00 -5.380653521247363846e-01
8.260571398035599922e-01 -4.254482118524944845e-01 6.167197705417062359e-01
6.747553253854463584e-01 -2.362006461965598714e+00 7.657206530032365510e-01
-1.542453239222613126e-02 -1.306884563674048927e-02 8.675681455249909524e-01
2.297303676408239070e+00 -1.206747083160646161e+00 -3.760728426970537108e-01
