2.568426430369033397e+00 1.774577043730797055e+00 7.509181459894234134e-01
6.361721739913170914e-01 2.477534116778637330e+00 6.717370161384914606e-01
-2.502667176675210103e-01 -2.162531421522626118e+00 1.130415413524892498e+00
9.510868670031771832e-02 1.820904264857950761e+00 1.938595349940510082e-01
1.733808167347601126e+00 -2.018172339426889117e-01 -1.510151837804810215e+00
1.805267798685794789e+00 3.208078515227199001e-01 -5.630867541467257098e-01
-1.104549274155167682e+00 1.202748398177497791e+00 1.220846404296429322e+00
4.786119393753659468e-01 9.576284915968231726e-01 -1.771772989071226823e+00
9.990927901160999713e-01 1.218864479981198068e+00 -1.993187098946724856e-01
-1.611213939279408702e+00 1.397197156267186768e+00 7.058796845833720246e-01
-3.136294160892874050e-01 -1.002422811992303320e+00 4.984628905093788642e-01
6.755837086416922599e-01 -1.042509750096102916e+00 6.438647064974176715e-01
-4.578610580243525074e-01 -1.292734972568465368e+00 6.060533683456679199e-01
-5.645421803497673308e-01 2.859084617504176196e-01 1.458090955400120903e+00
8.312419276028847337e-01 -8.638060308570327805e-02 1.156009040172325530e+00
-8.666956265783598568e-01 1.059175194438789935e+00 2.075519959517288626e+00
-5.987755080858225831e-01 6.224051526087247543e-01 4.384060951074678636e-01
1.911608236626283652e+00 2.390188257732948962e+00 -1.111314111255770953e+00
1.779290327809580852e+00 1.066210470805546429e+00 2.802091925788569027e-01
-1.940371794245379089e-01 1.782296878807710649e-01 -1.397626726369101569e+00
7.413660096045768810e-01 2.386263209223261406e+00 -2.286088972778773876e+00
2.514197568017936479e+00 -2.266480825840925917e+00 9.476512955923431791e-01
1.617347941510145937e+00 1.504983737987321213e+00 4.773127186817044953e-01
-4.274285167229943672e-01 -7.099379926469241431e-01 2.386639567416173779e+00
5.143938766214739902e-03 3.406081894694943379e-01 -1.077225519323312453e+00
1.313132811140856226e+00 6.671370377054420819e-01 2.479221095160203170e+00
8.843486349948260772e-01 2.858891120257653462e+00 3.542106095508462671e-02
-1.255465418080688789e+00 1.892656875520517090e+00 -1.233251561097287174e+00
1.004190298334667775e+00 4.602143255069147121e-01 -6.788512072707850731e-01
-2.076943090102895406e-01 1.362678969957444419e+00 -9.504759838621053003e-01
