-7.190209069645761009e-01 2.095242760388417391e+00 1.774120066059336143e+00
1.096497498646693769e+00 2.036355662900325214e+00 -9.217369416440576169e-01
-4.767633267503852967e-01 1.360918118764022466e+00 3.143096065612019929e-01
1.729015963750353047e+00 1.507781370538346266e+00 5.813962333645923408e-01
5.462141438435503815e-01 2.588236074421778277e+00 1.402638949310480498e+00
1.289369623738685133e+00 7.650605897968087987e-01 1.168031919666290275e+00
5.182641324742846001e-01 2.446218226572493548e-01 5.678163048897468812e-01
1.336852945368613987e+00 2.737042452564862227e+00 -1.657990168232093886e+00
2.073197221275202118e+00 -3.149820860243198739e-01 -7.987716595253880891e-01
-1.005512146977922461e+00 1.346018207161512548e+00 -1.510738612091768296e+00
5.086705205741761660e-01 5.108158032935306708e-02 5.905069601766479437e-01
7.091722373530381374e-01 1.408177177936682956e+00 -4.265022216827989432e-01
7.045593268794831943e-01 -3.659408380148804762e-01 1.079483157973610163e+00
6.314643873688672304e-01 1.387888556154929232e+00 -4.258379883595365678e-01
7.325375392787677464e-01 -1.489328925351520727e-01 -1.305771513913466464e+00
6.580270207560107165e-02 4.582943170526532772e-01 7.985849295250304625e-01
1.642851747957477127e+00 -2.312740448316898512e+00 -1.462590693479292936e+00
7.392385535373158234e-02 -6.124921097203307463e-01 3.384078736768293960e-01
-1.333689881340740735e+00 4.821008931216191895e-01 9.637576975152422065e-01
1.679304132712400310e+00 -6.866658232156240549e-02 -5.405792966473982331e-01
-9.698280204523094250e-01 -2.565993635465124711e-01 -5.447301706830696144e-01
2.133090526167670919e+00 -5.846696916756067841e-01 8.470386020481085465e-01
7.190361734163794871e-01 1.040503661624133436e+00 -4.918770775206627310e-01
-2.226774461451633547e-01 2.281597214002240914e+00 5.985050914614337136e-02
-6.913368655452343248e-01 2.018821341591746421e+00 1.117928761788242298e+00
-3.275293952455049507e-01 -6.166388381940693941e-01 5.741399462889501537e-01
1.264928406532565663e+00 1.823959774126065192e-01 5.839493446563850387e-01
-5.391041412007473443e-01 -4.082918302336626115e-01 -7.857747126162446527e-01
-1.009568533076261598e+00 2.013197897267608116e+00 -7.546089386053447257e-01
-1.483028670212833133e-01 1.637355154196986184e+00 1.109458473502737297e+00
-1.484474230128667027e-01 -6.111104961680369207e-02 5.034161289067828893e-01
-3.249660432799807430e-01 -6.202884498370644373e-01 2.097408314449650951e-02
1.785099927555802379e+00 6.248542969543724457e-01 -7.185950642361769169e-01
5.502682369637430515e-01 -2.271341809406945966e-01 8.204268342588080243e-01
-6.784042711350979360e-01 1.870765360691377222e+00 -1.789555918753384267e+00
-6.804956179502845703e-01 -5.884752186511015004e-02 -4.590414147142182766e-01
4.797909319230426739e-01 1.903799159912042960e+00 7.355554338509284751e-02
6.311014990021017734e-01 1.428966744407160760e+00 -8.200965864934786076e-01
-1.946741228519488276e+00 2.045346968637356433e+00 2.117956834216582873e+00
-1.719672241314781580e+00 2.018304827694957559e+00 1.107267950490883113e+00
4.720846832123956616e-01 1.122375444933026767e+00 1.598305452341376220e+00
2.086731372465831402e+00 -1.979091502837252159e-01 -1.573092005413488259e+00
4.619872299196687293e-01 -2.216173732274560049e-01 -2.551605741772896563e-01
-7.219334858337417282e-01 5.983620555058422052e-01 2.757825082175293652e+00
2.295798362763105338e+00 -2.387911832615380980e+00 -1.284540803205017179e+00
-2.324974673556170768e-01 -1.489323519327822920e+00 1.042898922216213720e+00
4.365294219366517847e-01 2.211895480336811382e+00 2.208665145533435237e-02
-1.849711683555720132e+00 7.589968149406156606e-01 -4.162358567758195349e-01
4.578180130996725716e-01 2.327344779159131072e+00 4.428925998019212495e-01
2.935582493616100130e-01 -7.081144638518016565e-01 2.270062067393177951e+00
7.730856408342801078e-01 1.002814936147568448e+00 5.928886470830592170e-01
1.638156278209121020e+00 1.612638606214835679e-01 -7.690621369156657172e-01
-4.561238116484382932e-01 1.094271372336019343e+00 5.789936637607653314e-01
1.557185036705780234e+00 1.065127101263941833e-01 -3.133153789824976165e-01
1.003871238133411392e+00 -3.143351497501296610e-01 3.725217565102890704e-01
-1.398059306658843592e+00 2.221319088887741267e-01 -1.647902430343878732e+00
3.297367867156214771e+00 5.816687468037191611e-01 -3.616486057550665628e-02
-1.717210451613885080e+00 1.206695702031037820e+00 -1.511125410958191750e-02
-3.995293719839522195e-01 2.219861441477998021e+00 2.617747783563794117e-01
2.341279993962185113e+00 -8.460935703565033439e-01 7.830012986083554338e-01
-1.058754055191432286e+00 6.043374168912241107e-01 -3.071276452153405279e-01
5.879175878446730730e-01 9.479069492016907184e-01 3.165597862541263963e-01
8.689149154512986195e-01 1.405044556852343307e+00 -4.259693693616523613e-01
1.606392117667008179e-01 -5.184061289388798288e-01 -1.366562142886291520e+00
6.062936220237646889e-01 2.878050917082901616e-01 -5.927678669909136611e-01
7.795524529603075070e-01 5.973100733907243942e-01 -2.541225244134592831e-02
-3.041809963120002958e-01 1.911770618857808524e+00 -5.005810016016594144e-01
4.213852906448923297e-01 -5.276199691752939680e-01 9.232413811124187131e-01
7.692541297687164326e-01 -4.740689883571000962e-01 2.729135214288702094e-01
-1.334634406031117271e+00 3.061312033229950380e+00 4.320521750304695541e-01
1.836427136085466705e-01 9.017024527464558847e-01 1.246598458192893721e+00
-4.537432576297144027e-01 1.994572603387977372e-01 1.171288665026539721e+00
-5.209686423904804631e-01 1.579624086930059734e+00 5.981224990484307336e-01
-6.914910750511730209e-01 1.505330270124552783e+00 3.640911966420126156e-01
1.609672947528487441e+00 1.135159259479505245e+00 -6.639076749656984688e-01
-2.215744777482438366e+00 1.900746090606585614e+00 2.305973917429903430e+00
1.839094032905094656e+00 -7.752171690715489727e-02 1.499068959745192942e+00
1.053243255596033823e+00 -3.328071752972847769e-02 -4.353640190078055805e-01
1.931145700016590361e+00 9.533242255281132449e-01 -2.103826282236912704e+00
1.482373506101876570e+00 -7.459182004127606902e-01 -1.385979958813579049e+00
1.343666806310356288e+00 9.006957958572521517e-02 1.795539060849135948e+00
-9.750611992728100419e-02 5.886937130953065478e-02 1.516243678966286534e+00
2.013921565886648946e+00 8.624321905665447430e-01 7.760583320700813470e-01
3.884140118742958059e-01 4.876444368336046442e-01 1.119261546032481291e+00
9.288712679590194199e-01 1.439480513491257829e+00 -1.997142228545510101e-01
1.259756784380481331e+00 -1.563959431704339542e-01 9.792441804935151373e-01
1.367906783619342592e+00 2.053706336567775459e-01 1.688665836987725433e+00
8.458118107595873347e-01 -7.704548148496147275e-02 1.002928359033110617e+00
6.346473205501326209e-01 4.865115834443811127e-01 2.084065926522278289e+00
4.436931730183863443e-01 -6.692859815560766590e-01 -1.208163624284142479e+00
1.137528322234319766e+00 -1.904550526309139180e-01 -1.369740828950437861e-01
5.102838017896353939e-01 -6.197622409223121354e-01 -2.742381916160459010e-01
2.215740685513461372e+00 -5.783093099204031917e-01 -5.532017966999268621e-01
2.583009256763539430e+00 1.130339474826447033e+00 1.226862710313062710e+00
1.020017809543285026e+00 -4.511995432197759559e-01 1.631603607245813325e+00
-1.838852415499711013e+00 4.643079753778946439e-01 2.352882327694656439e+00
-9.017579195645799572e-01 2.248029504574645898e+00 -1.752995537650886115e+00
-3.734518191005429255e-01 6.117160498932089352e-01 7.262275862210668675e-01
-8.084603676448404164e-02 -7.608031303929694289e-01 1.818855501648589224e+00
-1.651456869026007857e-01 -8.778031483182837658e-01 7.583407749359238892e-01
