-1.383709433146771861e+00 1.136236463720911027e+00 9.763986622781777314e-01
-1.447599855385947709e+00 -3.107285828355280458e-02 3.357311839075617366e-01
6.155950763778285095e-01 1.278437882685404592e+00 1.801315008051229405e-01
3.867454192032881988e-02 1.653777330997873607e+00 -3.192415127288766863e-02
-5.129523921534515640e-01 2.960696078041954449e-01 -1.322784049020230723e+00
9.859013473601899169e-02 -4.761754471227058749e-02 2.705702307276947494e+00
-3.507069788931876375e-01 4.797567099298492010e-01 -4.678028303788842601e-01
1.424305267428055133e-01 -8.672596602283298983e-01 1.083779443810265253e+00
2.821081721246405660e+00 6.696384751189871087e-01 4.182570509701044048e-01
2.512490009287193349e+00 -2.733350999751070765e-01 -1.177759419613899627e-01
1.582744445554015389e+00 -6.164466335526520568e-01 -9.951869845193467290e-01
8.264473075080238651e-01 -1.424220890051001387e+00 1.788520035174013589e+00
1.473285568569714821e+00 -8.470478795050710996e-01 -3.013385400241502254e-01
8.267253069081326178e-01 6.030112416010299237e-01 -1.121761001236195820e+00
2.673274018536226371e-01 1.398358339762045599e+00 1.533562310093840919e+00
-3.656482310601367747e-01 -8.200767504436856647e-01 -6.101302193404838786e-02
7.887190042777214583e-01 2.081083407199028623e-01 1.175382479071004349e+00
1.442604552559477282e+00 -1.759652010380077236e-01 3.758307462081717509e-01
3.417680600310347039e+00 -2.332803942830458332e+00 -3.007656780106114369e-01
-1.600493713269561802e-01 -2.282345828430984547e+00 -3.351610471327096802e-02
3.808918671827707936e-01 7.106680977054797843e-01 -1.737353609335334337e+00
-1.125003681463444760e+00 -4.255834499215713773e-01 2.276909518649808672e-01
-1.384732204391564192e+00 8.797837274882246428e-01 -5.403327439906913804e-02
2.564866239461429220e+00 -1.510790446287852307e+00 -1.287006446930790693e+00
2.847900219089778973e-01 -8.020722043645899246e-01 2.976148967829578496e+00
1.845595291244254421e-01 3.347372707723683671e+00 2.150972197429695254e-01
-6.390552084035794334e-01 -1.618427681070142343e+00 2.989300551552955376e+00
1.347069185092981458e+00 1.571378436489080155e+00 -5.046128815609410845e-01
-2.058407712507826393e+00 1.308605350382259225e+00 1.494635267349548435e+00
6.766573400744622102e-01 -1.139877375482918620e-01 -1.571286387878976232e-01
-7.771907107370705781e-01 6.729583200230802031e-01 2.863882897287938212e-01
-1.017617004715527740e+00 1.153061857874742246e+00 4.830598684547960930e-01
1.828534239971906672e+00 -7.178094579147029641e-01 -1.427475305813216133e+00
6.233096127627928418e-01 1.776530626798960677e+00 1.278159655956177865e+00
3.157636792245906987e-01 4.725640887204509144e-01 1.321642510356641376e+00
-8.104989531419177773e-01 -2.115165364856901764e+00 3.131995817929332793e-01
1.259654967300078976e-01 -2.099433789009416351e+00 -1.122504207299834134e+00
-8.483291981530362014e-01 -1.010289551516906581e+00 4.508492705902914510e-01
-2.839978150932800371e-01 1.007893463678779078e+00 1.622228210620309419e+00
4.928147843116261750e-01 8.011032826792864325e-01 1.204589447174129857e+00
8.856658180507369638e-01 -6.575788936608717439e-01 -1.384067167490030670e-01
-2.007246708643975364e+00 -4.430733989095000380e-01 1.429372117802526487e+00
-3.227907539865413344e-01 1.205302739276740587e+00 -2.540854150515985399e-01
1.051704509737355409e+00 7.979436168312976640e-01 -7.673686182982365489e-01
2.016830617346395682e-01 5.443935270139063087e-01 -8.632379730657558925e-01
1.286528121024136384e+00 1.656570119565637711e+00 -1.349616391757560097e+00
3.894091013400329260e-01 -2.549795451858426487e-01 2.144278146579338684e-01
-7.135761815515063722e-01 2.219926278323557156e+00 2.351036346849992853e+00
-2.422537360559730291e-01 -1.776906854706808536e+00 2.248705919961462740e+00
-8.689733730692258407e-01 1.387441162131869854e+00 -4.999197025074296197e-01
1.762502458758244295e+00 3.617175645936656081e-01 -4.026089821181146888e-01
4.949669432872328967e-01 -6.966868910783132751e-01 -7.535938530546473224e-01
-3.095169133714172460e+00 9.920436274277660837e-01 -7.779707864360775327e-01
7.745506101368355989e-02 5.073690622010755824e-01 8.526285331797296418e-01
-2.473921582082823090e-01 1.578646866742674071e+00 -4.267596267265311161e-01
5.804481708609530166e-01 6.358229734153701962e-01 -7.133963810713404019e-01
-6.199192516260658703e-01 -1.751988469864892206e+00 1.783274789260931747e+00
1.941315039359169159e+00 1.566837218059327297e+00 -2.162803634064201508e-01
1.689552382391205920e-01 2.752496110450270095e+00 -4.560303697535593725e-01
2.142657777613722558e+00 -1.663596922142029033e+00 -9.609522953159649328e-02
6.380117922227102056e-01 1.073543978265794507e+00 -1.922523800786171133e+00
-1.338473728718215516e-01 -1.500621962029621281e+00 1.124286031223424409e+00
1.138588058856700558e+00 -1.268183955767442583e+00 -2.567894640946882800e-01
1.476913495002450727e+00 2.505150617927436762e+00 -2.396547844806905303e+00
1.408231705646772358e+00 -4.390809375457133124e-01 -1.001449185827177013e+00
6.622048943824536682e-01 1.631282289817818976e+00 -9.908870181328272020e-01
6.417488523755615626e-01 2.359475692881418674e-01 -1.607830343484658031e-01
2.110604069760567025e+00 -7.956117848128281267e-01 -3.682750205952222133e-01
1.442410374043514576e-01 1.288608714914341036e+00 9.712233073512751558e-01
2.201825737197684152e+00 2.458422570175459398e+00 4.589053213983941282e-01
3.045555013015118218e-01 -9.472010440898041006e-01 -6.301742236165994715e-01
-1.110546174944598175e+00 8.862518669649637193e-01 -8.160551071964656789e-01
3.083159389378432591e-01 1.629869546003818837e+00 -7.283558309317945678e-01
-5.535616278323159944e-01 -1.350143826437854577e-01 7.887073690060371067e-01
6.942611077098499450e-01 1.433748934434239120e+00 -3.994455112110349981e-01
-2.009405385247315934e-01 -1.577838418751389415e+00 -6.422550903375489062e-01
1.370402782725452129e+00 2.372339137495765027e-01 -5.111245935962613895e-01
-8.492100711543896230e-01 -1.510608604025644564e+00 1.767374815898175910e+00
-7.339343553061187901e-03 6.638790392135416329e-01 2.168791187524726105e+00
1.705093348431779843e+00 -1.428917750076585058e+00 3.409511292269754579e-01
9.269354441837617253e-01 -2.001031353800172941e+00 9.157228781163866405e-01
-8.870431150887682081e-01 7.545215067646620088e-01 -4.443679773738294647e-03
-6.412162989622671727e-01 -1.134562925585334003e+00 1.368723949205888024e+00
1.818366680223732379e+00 7.650258123084577311e-02 9.072227498460725403e-01
9.099052631990260931e-01 9.760014041560216569e-02 2.513853874571069236e-01
-8.744034158471961082e-02 -5.380255644839409754e-03 7.658586874828755553e-01
1.906560629127408646e+00 6.522162603021733895e-01 2.201336826348941345e-01
1.572953471917957646e+00 -8.353997438256342001e-01 -1.990295175660824034e+00
-6.368288141422159300e-03 1.254780852026952997e+00 3.189340839100752167e-01
-3.054483975043278399e-01 -1.238409846422616756e+00 1.265608194284535859e+00
8.924714574162514458e-01 8.482756853055790636e-01 -6.140480761957144429e-01
-3.900780119424163139e-01 -1.045020273509514652e+00 9.868055085353041322e-01
-6.855726843847590457e-01 1.626832699480662281e-01 6.982256921114260440e-01
-6.719821617413590520e-01 -6.101304224900170325e-01 8.065471815102550623e-01
3.668422484755709534e-01 4.395935058678857033e-01 2.000662781019521552e-01
1.234202813613213268e+00 -2.350225812607456832e-01 -1.133471779585716099e+00
9.548144971479817222e-01 1.570157586935567728e-01 1.233591000635710255e+00
-9.928965895045390733e-01 -1.302106116081529708e+00 7.928916729379182904e-01
-4.230849149425158773e-01 1.994327990635792247e+00 -3.756734304671311975e-01
3.227321637632940110e+00 5.579668893771382310e-01 2.824755727959694096e-01
