9.373074829509834283e-01 -1.731646082753214744e+00 -5.975902719236008132e-01
3.060202281975458183e-01 -7.518470249780287995e-01 -3.579555609712514741e-01
8.252080038529858719e-01 -4.080720904974428076e-01 3.207107804039052379e+00
-2.241497478790196674e+00 9.822126495952916425e-01 8.920074683040343233e-01
1.465364568467316664e-01 -1.257780664668606274e+00 -1.413698117749821792e+00
2.012359482723444337e+00 3.233742946104091742e-01 9.964942966068245089e-02
-2.720946324251352522e+00 6.035356805064940877e-01 -2.697071227144420824e-01
5.555324960677344714e-01 1.208696762362450938e+00 -3.207818080394667648e-01
-6.380489900474798359e-01 -2.236368717268473125e-02 8.552772814855381656e-01
-5.624976341267906577e-01 2.291854127998003143e+00 -1.262809864970471097e+00
-8.356504790145223849e-01 1.665858465255375620e+00 2.458770631252323202e+00
-1.666229207217284625e+00 2.127500786742458239e+00 1.127986484549844681e-01
-2.130383093826011542e+00 8.791818741160285500e-01 2.647679588086525371e+00
2.532367985855460968e-01 2.092406329329727921e-01 1.829866476631946126e-01
7.400154082297938363e-01 6.405703045181133648e-01 -1.353254135135523617e+00
6.665097205630408084e-01 4.036382712830872133e-01 9.146947330581303159e-01
5.299060735650842346e-01 2.210485590017518653e+00 2.242168146241860782e-01
2.302578989292047851e-02 -2.171504711064843107e+00 3.439813995324382534e-02
1.117513813973483039e+00 6.645178623771950122e-01 6.948380486755507679e-01
3.450173651862427637e-01 1.403546871966460996e+00 -7.886535622597404815e-01
1.491417227704179504e+00 -6.652361971057950685e-01 6.939455449850868707e-01
-1.614609314828645559e+00 -1.261938022785901170e+00 -6.890591036894959664e-01
-9.586127544918338073e-01 -9.235920499863023991e-01 7.694387057390538187e-01
-7.067665111144985080e-01 1.692211661245624832e+00 -2.120880593235858758e-01
-1.268943995902130029e+00 1.346189969466487613e+00 -4.110935387080124626e-01
-4.214672839279599570e-01 1.089488188333759489e+00 1.021215865581229343e+00
1.971198958440320004e+00 -1.871037132609992826e-01 4.576700147032440880e-01
-3.425255234986117614e-01 1.035418160365031648e+00 4.159764720182414499e-01
1.531763908205076297e-01 8.562928096153255009e-01 -1.588064493397075561e+00
5.459115013975711639e-01 1.733720404002306426e+00 -1.669737478686335042e+00
2.882690098852729310e-01 1.482400075296427699e+00 1.814907194974440197e+00
1.948885470565518085e+00 1.097616337040197676e+00 1.398019661745503406e+00
1.810186117588593324e-01 1.036841686063262546e+00 1.534109031325691541e+00
-8.145768009756616523e-01 -1.144111585768687434e+00 2.145350161557453283e-01
5.739487675720005289e-01 1.381813489387028193e+00 -9.402913524292668690e-01
-2.682734483805955805e-01 -1.441552759309806309e+00 9.072894403905393812e-01
8.244100618710048511e-01 1.212322346646407478e+00 -6.439507436028982790e-01
-1.367749534611784057e-02 1.921676905202038266e-01 -5.671741932188849589e-01
-4.979437717063558977e-01 7.141903069152547578e-01 -7.715871290599075616e-01
-1.576673372344129742e+00 1.405604028846071163e+00 1.694308529653298923e+00
3.310712038214025377e-02 3.555737721956579445e-01 -9.836058308222961344e-01
-8.342860999757520934e-01 -2.226051740407753332e+00 1.804439527339477767e+00
-1.010671290406937262e+00 -2.483489231478229753e-01 1.321852383572968748e+00
2.298563298228548657e-01 4.285759137110159434e-01 -7.312223165949806036e-01
1.554646923939249747e+00 9.714074507206995612e-01 1.876445055295995923e+00
5.649750883540670676e-01 -5.805562323259916280e-01 2.267296862219873699e+00
2.854724866565335084e+00 3.434258294666429623e-01 -9.261612412673689843e-01
-1.557493321011972354e+00 1.660383951963180227e+00 -6.863942006740620938e-01
2.114921955286086064e+00 -1.744855187292317478e+00 3.390065849564292133e-01
-1.479922053369076673e+00 4.838552869559983316e-01 1.209724906294717073e+00
5.042658653539879854e-01 -3.689834066754383857e-01 3.911089213532751296e-01
-1.666983204922152684e+00 -6.735445410366391883e-02 6.051640019203594623e-01
-1.794384849286404959e+00 2.246499376870099152e+00 1.012723758100584348e+00
-3.186831172029157000e-01 -1.793742889979725641e+00 1.852247730273667292e+00
-1.048083880257516531e+00 4.733601657053007061e-01 1.787819876260078544e+00
5.394455382544536270e-01 3.462311378148285601e-01 1.209130879475061260e+00
8.822335712066052826e-01 6.490192100106002560e-01 -1.045335987296857200e-01
-1.889768475093871747e-01 3.496518852172161296e-01 2.991428145300700780e-01
5.588576182324165309e-01 7.688799156474160901e-01 -1.960337195809411570e+00
8.277680916084474705e-02 3.376144641641907751e-01 7.515094745719337332e-01
9.285960239513402215e-01 -1.105810882523766692e+00 9.166582932418794460e-02
4.531968063191734175e-01 1.637784453550399810e+00 -1.682179562385708316e+00
9.664841717077069516e-01 3.062015701553619795e-01 9.858577018049932694e-02
9.225852034608813534e-01 1.649625534966930651e+00 6.989290583819971481e-01
2.274033764368195709e-01 -6.533229725920763897e-01 1.291797571239851727e+00
-4.682692794689967131e-01 -6.591557967505755622e-01 2.745646396550676993e+00
1.118878937601608392e-01 -1.943390145329678409e-01 2.004672398663090438e-02
2.915671326849612610e-01 1.012396805188666482e+00 -8.114331392748137528e-01
8.048216766303430136e-02 1.298719674892566234e+00 -1.354272035390192475e+00
2.291636387207602876e+00 5.414230291548887131e-01 -1.880369316248559075e-01
-1.501111758066115076e+00 2.349573283280767200e+00 -4.586082983106033462e-01
2.058120491144766362e+00 6.077967831677235644e-01 2.051966230860396756e+00
1.690933673758792999e+00 -1.984393207011557525e+00 1.264293436314325891e+00
-2.008614118179552141e-02 1.675418185560412221e+00 1.372436890284426614e+00
5.545700591195007467e-01 -4.091636691369706647e-01 -6.708706035261313705e-01
-6.685130629550276593e-01 1.080062876347746448e+00 7.725619737857263303e-01
5.858299535501269861e-02 1.777904459439428875e+00 -1.431074786748612049e-01
-3.465943789094050320e-01 7.014548257669646070e-01 7.161491003743184480e-01
1.327365078536681953e-01 5.727018534998346011e-01 -7.741062687033902767e-01
-1.656728423219260504e+00 -1.697843738697130567e+00 1.764087419866998907e+00
3.375951455593797501e-01 1.358837773755027789e-01 8.014467883001697990e-01
1.434790310620062126e+00 -1.008013729292900784e+00 3.950714253940548759e-01
2.025781241096966112e-01 3.295719058202934981e+00 4.674691329496535319e-01
1.691893487365634385e+00 5.277753154765121302e-01 6.016212462517200876e-01
1.115859372271626571e+00 8.572524252565369984e-01 1.177032791734628825e+00
2.293110226630603599e+00 2.057147330000507424e+00 5.993643528324660297e-01
-4.992321019155701034e-01 6.720030747019027917e-01 -2.022540161558912530e-01
-1.104590611032971736e-01 1.338541137263587144e+00 1.020646680798339201e+00
-4.683768573323132678e-01 1.609979004470619479e+00 8.031425777652096976e-01
1.669000976462194918e+00 -1.607599839402279462e-01 1.204517321072877678e+00
9.119150792544383766e-01 -1.248300490331140100e-01 -6.290733230907092910e-01
-5.098668096072594969e-01 2.373870071728761688e-01 1.484569220930975986e+00
-1.525508166208006111e-01 1.868134631834438286e-01 -1.046573755102850445e+00
6.102284347891923089e-01 3.632181977103071668e-01 -1.263891460071226713e-01
8.032768413621154124e-01 2.865984569705225526e-01 9.986798023046336015e-01
1.305424034786116350e+00 4.657057927400352071e-01 2.744779403481861779e-01
1.020989224376997351e+00 2.029548491357720252e-01 4.790602405210720449e-01
9.041292607357864775e-02 6.033764234424963124e-01 4.396189668853548449e-01
6.674586386746300670e-01 -2.101419441531053867e-01 -9.706284138943709339e-01
1.274157414174611258e+00 9.318722872431275395e-01 1.962935646713475313e+00
