7.077492576394862622e-01 6.231733275691970775e-01 1.066986288409812023e+00
-8.791486038738610675e-01 2.333297626239105860e+00 1.567466753341739238e+00
1.083775808482597247e+00 4.783230674998448784e-01 -1.081854869797800989e+00
4.713732705531143430e-01 1.175337571269549519e+00 1.180309979345162574e+00
-6.828229568364497792e-01 4.704754404931230649e-01 -7.574261382991488434e-01
4.602924900829248878e-01 3.057686212442132789e-01 1.854068441119871569e+00
-1.606882084609647210e+00 2.048416253716786262e+00 6.727429342135454737e-01
-6.550063132927726618e-04 1.670510402314695941e+00 -8.412826995614653969e-01
-3.058437022433289076e-01 -1.865020958933169437e+00 -1.247175194668080689e+00
2.479593870205248907e-01 2.626986577965679359e+00 -7.783723269479329021e-01
5.006951632054793544e-01 -3.680702320014717088e-04 -1.365878345863234811e-01
1.006305648442271439e+00 3.109263410729403154e-01 -3.093884555293224814e-02
2.554010380576556341e-02 4.351167719893172525e-01 2.817376119586294525e+00
1.103651229571850356e-01 -3.984299604969679942e-01 9.971131714938246127e-01
1.193930966132086491e+00 2.510915178582191487e+00 -9.824551616750177852e-01
-2.718949943953321569e-01 5.368785034316190252e-01 3.585733393035284156e-01
-1.875618574105043235e-01 4.826554738915341258e-01 1.341688529992204115e+00
4.105602477818565688e-01 1.844910062130984851e+00 3.212949946805310208e-02
1.177946310755090709e+00 6.666298497158475167e-02 -3.214236082336774381e-02
5.452409893451449774e-01 8.616477432364273437e-01 1.105687747976540347e+00
1.416825265484319196e+00 -1.272670013479314417e-02 -9.972781625395046312e-01
-5.571941735676647633e-01 1.464241529723742330e+00 -2.489485758241375413e-01
4.078680601212665291e-01 2.077706412215889475e+00 3.235994044215503962e+00
3.904062674713618675e-01 1.556192339633473809e+00 1.650563049122626857e+00
1.203734584998043866e+00 4.323185574158341232e-02 6.088958754299113041e-01
-2.982336571196597674e-02 -2.617502174231684187e+00 -9.035678337868719989e-01
1.517212654047211728e+00 1.895011603869440897e-01 -8.713280564725794930e-01
-6.766972836986168138e-01 4.990746223332205300e-01 -1.082682405705291950e+00
8.660783511764926779e-01 1.952695339161918620e+00 3.703853946572341904e-01
-7.126296232087765692e-02 -3.913695799301081801e-01 1.460977220025538426e+00
1.815929706915983877e+00 1.710303451886174164e+00 1.550828308716213355e+00
4.071664253180037329e-01 7.942002364123774971e-02 1.023716108574942218e+00
1.434907684746502765e+00 9.043860138109168778e-01 -9.804198824485655939e-01
-1.325617352163384721e+00 3.913031007570660913e-02 1.192920932018953550e+00
-1.328523638486339697e+00 -5.461839467195498399e-01 1.975624812318488743e+00
1.099745522212137949e+00 8.126144315673836660e-01 1.355617910182801200e+00
1.300284204653611164e+00 -1.607699838499885570e-01 2.978932727208681297e-01
1.846425951658415610e+00 -5.549596882764975536e-01 -2.040463687018414962e+00
-8.807189921745807171e-01 -7.248838393713208372e-01 1.693088197254478455e+00
-1.105337442299922035e+00 3.031399413419882283e+00 -1.568652297520670258e+00
-1.975793915523881839e-01 8.523435066207456501e-01 2.494469827928202932e+00
1.668328041952284568e+00 5.651332302699001442e-01 6.947017443113419066e-01
1.236357230281680319e+00 1.329275550156186148e+00 4.413136999494633450e-01
1.073151168601283567e+00 -5.427290068914605303e-01 -9.834535954980507810e-01
9.867227580353332694e-01 -6.893092539870597779e-01 -1.054473082236139669e+00
1.476305657238837776e+00 1.693808263439912976e+00 -1.592534112363859000e+00
1.493233828912496675e+00 1.343618557981989259e+00 6.764445511634332719e-01
-1.315357751876425896e+00 2.077640927966920792e+00 -4.501946261336062793e-01
2.292466115663612136e+00 -1.112612230021259307e+00 8.683276520742960747e-02
6.201584689574102249e-01 6.120224437806229822e-01 2.023492432965001697e-01
4.519249302229675913e-01 -9.802223589245810942e-01 9.768544642522724031e-01
1.785580702848220902e+00 1.327596092685596529e+00 5.464018974461780642e-01
6.723179724398421486e-01 2.946612607061471767e-01 9.331468108847415510e-02
-6.362428931415606836e-01 4.452863644212541883e-01 2.038523084200621227e+00
-8.268031309592476230e-01 -2.274506414215163641e+00 1.179279605329094788e-01
5.357151001231528209e-01 -1.309325349791437887e+00 5.316805224906936966e-02
-1.465122705321553864e+00 3.772381138006205559e-01 -9.215399007514512020e-01
1.178637502785828239e+00 6.587737807193684292e-01 -7.620213129036329525e-01
6.094610014690723387e-01 -2.088079678501376379e-01 -6.767249557098452550e-01
3.440850476018083581e-01 1.570866890288896922e+00 -7.736283502633134468e-02
-3.008041231615257161e-01 -1.727996210917736919e+00 -1.237817995326204956e+00
1.302773664244470719e+00 1.254585567253009570e-01 2.979191926338760510e+00
3.643257078141639016e-01 2.252586059890593795e+00 1.642803948839733463e+00
8.714608540563584249e-01 -7.687884088361244261e-01 5.042885787908701900e-01
-5.113134125363683058e-01 6.390769476271481730e-01 -1.223379443983769299e+00
-9.828951648512055383e-01 1.694723424635473652e+00 -1.622149793630246251e+00
-1.242918658859648362e+00 -5.689826500646866236e-02 -2.989958908186031786e-02
1.554350242262870774e+00 2.500528749205631063e-01 9.622757898107228147e-01
6.508994927856441848e-01 1.332760760754748419e-01 7.162709992638566225e-01
6.331737915036624031e-02 9.444736046717093769e-01 -8.696516303556936500e-02
-3.413264073094748330e-01 8.025724482965614914e-01 -7.162412281408697678e-01
-1.460794905656067177e+00 1.596382726644549388e+00 -7.569906588804482528e-01
8.610823321839490285e-01 -5.995531711594292990e-01 1.217266474813550742e-01
1.335400927165560248e+00 9.829974552849827241e-01 1.930672965182631540e+00
-5.710931952131056422e-01 6.873477042989797337e-01 1.245022980679006130e-01
3.083970115346050256e-01 2.402599869037989055e+00 -1.274744051460219074e+00
-4.696421613922688865e-01 1.559401949875682813e-02 -2.962460390968743029e-01
1.776633569997256301e-01 -8.429674874861702027e-02 1.280656814642696650e+00
3.075420204240563171e-01 3.140093243524636479e-01 2.320986501548409978e-02
7.141977372697897453e-01 -1.121180226104604855e-01 -2.071534327658044461e-01
7.818423600673224394e-01 -1.023054590564125954e+00 3.152133989144072501e+00
1.489266760417279123e+00 -1.307835507889304694e+00 -1.784696595677484343e-01
7.724892834006770181e-01 1.817429160219900863e+00 -5.067016921271648711e-01
-8.218896766613419391e-01 1.432167227423742029e+00 6.491554879927901034e-01
6.399613242628541254e-01 9.631924611379442114e-01 -2.489533746581820695e-01
-4.161908872491681954e-01 4.736496162906961849e-01 -1.442084095503289642e+00
-2.378717076901144811e-01 9.986351264187448562e-01 -3.679283984240835359e-01
1.567911877713733748e+00 -8.465122350239915328e-01 3.770670598786977634e-01
-1.055005016302324572e+00 1.492933142115945966e+00 -4.116840551625445821e-01
2.858716256111358822e-01 1.110694151203097002e+00 5.541844510255367062e-01
6.557175257395628787e-01 1.621923204799499141e+00 9.630307553415066169e-01
2.138821155949476971e+00 6.798975541990760485e-01 4.997991542664815823e-01
-1.514341672958512408e+00 9.856328839714432188e-01 1.078507357614655771e+00
3.046480199737940375e-01 3.197030289804946301e-01 -6.439832625274500844e-01
1.116755422882566018e+00 1.984997692783587953e+00 -2.039873555977248787e-01
4.669167931171507302e-01 1.607929136312264973e+00 3.959350764408145484e-01
1.115825384526374364e-01 -6.963311010819989155e-01 3.638835770217053733e-01
1.250167284693453729e+00 1.381987893020445446e+00 5.363580871523052074e-02
-1.422947481979863538e+00 8.211558325159097338e-01 1.242340897374478503e+00
8.569098505130847698e-01 -3.015330004371241102e-01 5.301108204602211771e-01
