-4.281248152256011963e-01 -1.438470035791397095e-01 6.360684037208557129e-01
3.766447305679321289e-01 -1.267481088638305664e+00 3.871341347694396973e-01
8.539609313011169434e-01 -2.542132437229156494e-01 1.273098587989807129e+00
7.339463233947753906e-01 1.267736911773681641e+00 -1.504277348518371582e+00
1.419158101081848145e+00 5.621741414070129395e-01 3.555131554603576660e-01
-1.351759731769561768e-01 6.054175496101379395e-01 4.180583059787750244e-01
9.908277988433837891e-01 9.839881956577301025e-02 6.998889893293380737e-02
-8.394140750169754028e-02 -1.334076046943664551e+00 2.519976161420345306e-02
-6.291277408599853516e-01 -1.767860412597656250e+00 -8.877881169319152832e-01
8.293142914772033691e-01 1.950397968292236328e+00 -5.930633842945098877e-02
2.532539069652557373e-01 1.398519724607467651e-01 -4.540455713868141174e-02
-3.625434637069702148e-01 1.585242867469787598e+00 -9.699221700429916382e-02
8.274521827697753906e-01 -5.837456583976745605e-01 -8.725119233131408691e-01
6.017169356346130371e-01 -2.398707389831542969e+00 1.019974827766418457e+00
1.194898962974548340e+00 4.051688313484191895e-01 -1.826040625572204590e+00
3.693225085735321045e-01 1.209955736994743347e-01 8.357784897089004517e-02
1.887762904167175293e+00 9.850780367851257324e-01 -1.055349349975585938e+00
6.038812398910522461e-01 -8.776628971099853516e-01 -1.152133464813232422e+00
1.096993684768676758e-01 2.256444990634918213e-01 -2.852607071399688721e-01
1.560727238655090332e+00 7.086232900619506836e-01 -4.622499644756317139e-01
-1.532712429761886597e-01 -3.494668304920196533e-01 -1.956871896982192993e-01
2.247544527053833008e+00 -7.258549928665161133e-01 8.421218991279602051e-01
1.440635174512863159e-01 -1.854267120361328125e+00 4.054693281650543213e-01
-1.373626828193664551e+00 2.995756920427083969e-03 6.542732119560241699e-01
1.742603480815887451e-01 3.309502303600311279e-01 -1.292467832565307617e+00
5.995878577232360840e-01 -4.185586273670196533e-01 3.779673576354980469e-01
7.479154467582702637e-01 -1.040458440780639648e+00 1.029914095997810364e-01
-7.258872985839843750e-01 1.384615421295166016e+00 8.929970264434814453e-01
1.812874078750610352e+00 -3.840363770723342896e-02 1.562827825546264648e+00
-2.963601946830749512e-01 1.581798553466796875e+00 2.170146465301513672e+00
5.849095582962036133e-01 3.418990178033709526e-03 -3.597047328948974609e-01
-1.171898365020751953e+00 -3.795068264007568359e-01 5.838669538497924805e-01
-2.677844464778900146e-01 -4.648085236549377441e-01 8.781532049179077148e-01
1.228293538093566895e+00 7.337262034416198730e-01 8.099175095558166504e-01
6.538643240928649902e-01 9.524224400520324707e-01 -3.434304594993591309e-01
-6.810439825057983398e-01 1.965158432722091675e-01 5.576473474502563477e-01
7.364974617958068848e-01 -7.852759361267089844e-01 -5.232318639755249023e-01
-5.454664826393127441e-01 4.782885313034057617e-01 -2.892238795757293701e-01
-1.115050792694091797e+00 -6.427068114280700684e-01 1.341435313224792480e+00
-1.297155261039733887e+00 -4.070957303047180176e-01 -3.575889766216278076e-01
2.480003684759140015e-01 1.253443956375122070e+00 8.091885447502136230e-01
-9.462035894393920898e-01 7.466327548027038574e-01 8.652009963989257812e-01
-1.390523552894592285e+00 7.539534568786621094e-01 2.047269821166992188e+00
9.607632756233215332e-01 1.462895989418029785e+00 -5.511149764060974121e-01
6.729304790496826172e-02 1.099997460842132568e-01 -1.891272068023681641e+00
-1.005869984626770020e+00 4.639405310153961182e-01 4.993415772914886475e-01
-4.220727086067199707e-01 -7.575366497039794922e-01 -9.645015597343444824e-01
1.458097696304321289e-01 1.618570566177368164e+00 5.763852596282958984e-01
9.565886855125427246e-01 -2.951433956623077393e-01 -1.633639335632324219e+00
5.531219840049743652e-01 1.775538086891174316e+00 -6.327530145645141602e-01
