-3.523724377155303955e-01 8.056892156600952148e-01 1.477973580360412598e+00
1.098801732063293457e+00 1.360663175582885742e+00 2.895872592926025391e-01
7.421023249626159668e-01 1.890055239200592041e-01 5.100525617599487305e-01
-4.510308802127838135e-01 -1.094806671142578125e+00 7.438325881958007812e-01
1.589958071708679199e+00 -4.450203180313110352e-01 2.643179297447204590e-01
4.477739930152893066e-01 5.101482868194580078e-01 -1.014953732490539551e+00
-3.222763836383819580e-01 3.280605375766754150e-01 -6.371766328811645508e-01
2.863810062408447266e-01 1.737986922264099121e+00 -1.261169075965881348e+00
-4.733471274375915527e-01 -1.391028165817260742e+00 1.770861983299255371e+00
2.826339721679687500e+00 -1.899216026067733765e-01 -4.536408483982086182e-01
4.381782412528991699e-01 -1.292465031147003174e-01 -1.984795928001403809e+00
-3.423994183540344238e-01 8.185268640518188477e-01 -4.845119118690490723e-01
-7.804069668054580688e-02 9.651045203208923340e-01 -1.123714685440063477e+00
-2.317827343940734863e-01 1.307050824165344238e+00 -2.005103349685668945e+00
9.072257280349731445e-01 -9.749774336814880371e-01 1.431531012058258057e-01
8.660497665405273438e-01 -2.699805796146392822e-01 7.723516821861267090e-01
9.654127955436706543e-01 -8.618879318237304688e-02 1.550287604331970215e+00
-9.269007444381713867e-01 -7.099776268005371094e-01 -1.484759688377380371e+00
1.671922802925109863e+00 -2.037589550018310547e+00 5.934088230133056641e-01
-1.976343691349029541e-01 5.987465977668762207e-01 1.482941508293151855e+00
-4.171313941478729248e-01 -5.755840539932250977e-01 -5.849063396453857422e-01
-3.723322600126266479e-02 4.192115068435668945e-01 6.543123126029968262e-01
-8.678757548332214355e-01 -1.647418141365051270e+00 1.765076398849487305e+00
1.539559364318847656e-01 2.896597087383270264e-01 -3.856721818447113037e-01
-3.134773015975952148e+00 -1.088486075401306152e+00 1.031072258949279785e+00
2.149531126022338867e+00 -6.160073876380920410e-01 9.020128250122070312e-01
7.509420514106750488e-01 -6.540882587432861328e-01 5.775715112686157227e-01
-5.842984914779663086e-01 1.016193985939025879e+00 1.078082442283630371e+00
1.289426803588867188e+00 1.954347491264343262e+00 -2.266696929931640625e+00
-1.643681228160858154e-01 1.669294953346252441e+00 -9.808148145675659180e-01
