1.522143679902737023e+00 -7.263310260520237094e-01 -2.453284105172820695e+00
7.503131317606279715e-01 -2.143572032262598626e+00 1.748350575568956344e+00
7.457322599821530895e-01 4.356879770023653897e-01 -5.646933988216427114e-01
-2.364428609787441182e-01 4.906895024218518864e-01 1.236230225509080016e+00
3.017428116544336736e-01 -5.943056568637712367e-01 6.836360589989315395e-01
-1.845033844444847748e+00 4.207216742126650422e-01 1.296227375579183549e+00
7.551982483269702451e-01 1.694416541871627047e+00 2.596368273368319657e-01
-6.854458204691317169e-01 7.210942284983310469e-01 -8.014027366519105300e-02
3.392953657999951966e-01 1.680401026413818055e+00 -1.368601874297104670e+00
1.485854462429495593e+00 -9.120751492903457214e-01 -5.834391948346312473e-01
3.491455371179686407e-01 7.564893142104246460e-01 2.675551933118340386e+00
-7.967510695510886531e-01 -1.646932155995887381e+00 5.829975217809119786e-02
3.110542172395692750e-01 -4.583058944390390188e-01 5.710966653133561222e-01
-2.214477593184044912e-01 1.110528459001141610e-01 1.581549890949346837e+00
2.732076714947093699e-01 1.276009472948894663e+00 -7.267283430983233483e-01
7.439669430584514576e-01 5.356527961707986396e-01 2.779962304199389944e+00
2.140363671702908199e+00 3.888446371490836273e-01 -4.310762288888327909e-01
-1.242992270525719478e+00 7.313257287416996544e-01 -1.110389178449409375e-01
-1.599617255368363411e+00 2.398787667880358521e-01 -1.896345790398606290e+00
1.079863190018400809e+00 1.319738600567303521e+00 1.524402013260416799e+00
8.855080665246619631e-01 2.003781112857245361e+00 -2.151804140166039825e-01
7.818995094002741952e-01 1.931109847280538805e-01 -2.877491158896741119e-01
-3.190734668122083839e-01 2.683092736168140591e-01 1.040818413038412604e+00
2.977231443434468883e+00 -1.389147042062901294e+00 1.101631752595862546e+00
-1.652702250852748911e-01 -5.690580002302232376e-01 3.163375290210934110e-01
1.403660753259341476e+00 6.045423274573700212e-01 7.472714470676480314e-01
1.601655080815298726e+00 4.262146291124335185e-01 -3.216442889988819775e-01
-1.796688091269043885e-01 4.873207228959400283e-01 5.302085519731190022e-01
3.880480025716054548e+00 -9.475723779594487084e-01 -8.832506034620649649e-01
-4.389958632793895532e-01 -1.777594200746405173e-01 -2.650330860339268901e-01
2.306200962396827148e+00 -4.633294267509873721e-01 5.992110352969053366e-01
-1.113330256628072057e+00 1.869388758071253154e+00 -1.000139428765315586e+00
9.431990517448070044e-01 -4.588872569162009141e-01 -7.725676678415340781e-01
2.294364919690265459e-01 -1.854510314559710160e+00 -2.445459463648269605e-03
3.133532050744635145e-01 2.078018084060650195e-01 -1.885179635148059418e+00
1.006512540442919823e+00 1.748825767786193586e+00 -1.048990995835380247e+00
-2.263595824768147857e-01 -1.265785359298852719e-01 2.357782492657302109e-01
1.925347088778110782e+00 6.156141623733173418e-01 6.203535995706606077e-01
9.313369205090816783e-01 -1.538135016804282051e-01 -5.399939720793991427e-01
9.631485056736971417e-01 2.303838188106556717e-01 7.543131983585437128e-01
-1.604267418625389352e+00 9.049307225307381408e-01 1.325394333139522617e-02
4.569349656545942384e-01 1.090940287732652614e+00 2.410608736510408523e+00
1.210855003115610673e+00 2.740144330758075286e-01 1.444373730700438119e-01
1.917771111990195787e-01 6.930888189843853464e-02 -3.430703467563665510e-01
-2.130071463388790443e-01 -8.642630100162658202e-01 -1.269468985032710773e+00
1.958861168187397972e+00 -1.522088052429349414e+00 2.298730122482593785e+00
-8.849671267816087150e-01 6.359049694199522262e-01 1.214669673604262812e+00
1.593485887684739977e+00 5.040644852763201955e-01 1.075389785382530050e+00
1.410673352389597124e+00 6.452181482507329813e-01 8.442464582327509071e-01
1.824132183196957246e+00 -1.073406119215627452e-01 2.471459858300201873e+00
-4.456864387173136710e-01 2.508228192833441561e+00 -7.745407653870075571e-01
-2.678521862256315611e-01 -4.902497549294175250e-01 8.048690830509294125e-01
4.780644001881229066e-01 -1.499423411201565581e-01 1.294083130480504495e-01
-6.222180223407107746e-01 1.365416825924074651e+00 2.113454098339805132e+00
7.151443597487381343e-01 -9.785509157496662114e-02 1.151517937058900154e+00
-1.503687763143827461e+00 4.707603854095236406e-01 2.451723393152527741e+00
5.665486392645638913e-01 1.221401124618935574e+00 -5.790702516803862832e-01
1.792936803685458491e+00 -3.200518871428352230e-01 -2.615332734472199938e-01
-1.179956030619238261e+00 2.447518385739019253e-01 1.492415978287067846e+00
3.840667977027084068e-01 5.914017827888750078e-01 5.945799926213600761e-01
-6.416271617474298417e-01 9.513297083776649510e-01 2.220946444819429821e+00
-6.332697134226141777e-01 -2.456726675489443179e-01 1.316606955587801941e+00
1.047253022491023478e+00 1.080317730776867657e+00 1.639364568608411288e+00
7.518293914686419166e-02 1.157428486095293252e+00 -3.838466881321252466e-01
1.991317391067441767e+00 3.567098699081019397e-01 -1.888554526924948629e+00
1.438475272453854092e-02 -3.693580506930747853e-02 -1.224798387217649998e+00
2.093682898749642973e+00 1.046476101898553557e+00 -3.831094115235257336e-01
2.531336458250958543e+00 -7.608256963377426629e-01 7.140493864952117409e-02
1.903941379483029328e+00 9.315884191922533253e-01 1.187911816034699308e+00
6.372353416609100041e-01 1.738541675235003581e+00 -6.761156280272047070e-01
-8.298266636403935914e-01 1.684775172740780258e+00 1.638123083223563259e-01
5.866205002176771988e-01 1.556961349098796354e+00 2.792083297294135069e-01
3.205966216409742220e+00 3.153250239518551878e-01 7.104621178077000776e-01
1.238149916446595888e-01 1.086033098301703914e+00 7.179811750665462400e-01
1.025366727275352607e+00 -7.276582977944795472e-01 1.615648223889873725e+00
-2.010222631743164429e-02 2.002490953021695663e+00 7.329557800667071965e-02
8.741688808721731485e-02 -5.856324554308738328e-01 8.767633702608118584e-01
1.217011371181141222e+00 -1.064717556155967193e+00 1.263486750619367271e-01
8.218488015251509404e-01 1.694298810633978025e+00 1.075006807598522185e+00
7.434705663663269126e-01 1.557616026265531417e+00 9.323365562258077999e-01
-9.462069045515649757e-01 1.315538762095738168e+00 -4.880968381259456201e-01
1.869783262678119951e-01 6.215781264077131496e-01 -2.922442416074044758e-01
5.611010059669284677e-01 2.885848866993589112e+00 9.602512991011467880e-02
-7.642801685078229879e-01 2.922156363416109626e-01 7.197654529017026848e-01
-7.020580538573087948e-01 3.791542475786267574e-01 1.480696299257442172e+00
2.537680521167975378e+00 3.375307660874191096e-01 -4.210811947677776113e-01
-3.531616416277570392e-01 1.350181867297637783e+00 1.318189084132591171e+00
5.787884896222978970e-01 1.376967045383474364e+00 1.517102213478243700e+00
1.592421983806431518e+00 1.081152666471872026e+00 -7.020807078357695907e-01
2.828958343785966112e-01 1.725351987689012656e+00 1.070924370158341077e+00
-1.475247286239053990e+00 -1.482331883035032938e-01 7.053350469247973153e-01
1.235152388453208960e+00 2.365178131792221583e-01 -7.787402941403804846e-01
7.888003927826779949e-01 1.695494058148545147e+00 2.431599780016811541e-01
6.918827130519193958e-01 9.599012556396038232e-01 1.110518924577434730e+00
1.124745544032308420e-01 -4.294266459344823206e-01 -6.662162597172107681e-01
2.744208226170464782e-01 -1.082529340718586974e+00 -2.140309857102729030e+00
-2.528542086652600940e-01 4.815056001723224677e-01 3.570709115467865513e-01
1.136157194247254532e-01 4.938817587614819371e-01 -6.433730486113149460e-01
2.045445710164400799e-01 4.470228395123663212e-01 -4.871226369141861690e-01
-9.779336222558865366e-02 1.359875584112876234e-01 9.055662256029980428e-01
-4.353930561852956127e-01 1.840557891302943894e+00 -5.411468535876854391e-01
4.794014620424271733e-01 -1.350554252727752313e+00 2.136242763369448905e-01
9.268180472979974105e-02 -3.672675217844705298e-01 -4.133782312158419403e-01
1.556478355343537956e+00 1.000274522114013909e+00 2.615586026243725826e+00
-6.909174476273941545e-01 9.465263954286562420e-02 1.008358192049171320e+00
-1.052157743850982818e+00 1.245277923791066499e+00 -9.607757403897444481e-01
2.264715521535227261e+00 1.502562845765512689e-01 1.184829278868697378e+00
2.481380333733855803e-01 7.304133648438810855e-01 -9.584893869949169531e-02
1.039233855508019388e+00 1.651283733557369349e+00 1.760409449576420871e+00
2.059692896578634858e-01 3.311674268859671200e-01 -3.941424901495147459e-01
-1.532073607413011462e+00 3.631124559102693716e+00 -7.464049274147130930e-01
8.253378539441028616e-01 6.848743243975865536e-01 -2.348329013428683207e-02
2.984423405233019189e+00 -4.532333548815575819e-01 -9.481258015207393308e-01
-7.810389593709921030e-02 6.790171188607764530e-02 2.068972365109435607e+00
1.951236654930769587e+00 4.744842925703574021e-01 -1.197720016765602358e+00
-2.430275909363173614e+00 -1.771913619452174737e+00 5.997976993698006520e-01
-1.556933621544152047e+00 7.510014382880882966e-01 5.339496482518184539e-01
6.413982795694481709e-01 -8.679377326973097828e-01 -1.816722654833905048e+00
1.197246876834001439e+00 9.714239115020127935e-01 -2.012375174736549255e+00
1.614567081334426502e-01 -9.199602555652215408e-01 1.968872064944366507e+00
-3.543602234156745245e-01 1.410603406721543607e+00 9.025786946675196099e-01
3.269357805572181697e-01 2.789662521432962894e-01 6.539740647397749296e-01
1.134745549817561372e+00 -8.680334887889478157e-01 1.075545360098442149e-01
-1.101123318301302056e+00 2.883049691191814645e+00 -1.461860831261257099e+00
1.526590130120462740e+00 1.734745916962380674e+00 -6.968232763339218261e-01
-1.391045340355295812e+00 -7.435308605635710943e-01 2.986471712981587645e-01
8.835140487002581811e-01 -1.192488697917963636e+00 1.636173007126855428e-01
1.298888829215753271e-01 2.284209489294375395e+00 1.105480888575465226e+00
3.284313684532346733e-01 -4.095684686748481823e-02 -7.787391048100533730e-02
-1.470470539439622026e+00 2.337886500444880333e+00 -2.045288118590690374e+00
7.789006527726212159e-01 -2.873278804275641196e+00 -3.109378517018087651e-01
-7.128740260279760044e-01 -8.417499822949261468e-01 -6.851455507371083664e-01
1.591922651414872103e+00 1.513044791411727097e+00 2.513172372294566470e-01
-7.544593652998421440e-02 6.660450328109847051e-01 7.202665091790269036e-01
1.952773977738069267e-01 -6.720105632948494279e-01 1.076656903237337648e+00
7.532371492419368542e-01 5.664497199248864634e-01 -1.167838989508246827e+00
1.096582810420853482e+00 5.431955437024418298e-01 -8.010261848043007671e-01
-2.443155422442805147e+00 -4.046195485817173365e-01 6.362267349872783306e-01
9.748979201891594393e-01 1.171576364095000988e+00 -1.042869928771914090e+00
1.171965502764439337e+00 -7.029965745670808674e-01 -7.238771328387949566e-01
-8.487324788639757367e-01 5.310050884032577745e-01 1.691170397495631583e+00
-4.782172468656279429e-01 -1.405143100797779709e+00 -6.229705629081359053e-01
-4.938928307982006216e-01 1.299633376968473364e+00 -2.774349658140087271e-01
-1.254901787955932768e+00 1.896680645754147854e+00 1.137168483186121959e+00
1.492554488870496687e-01 3.074661390777434278e+00 2.738667745546136123e-01
1.312134991794715599e-01 -5.476748758450195043e-02 3.827502671212300034e-01
5.708949280029673723e-01 2.727940002024349941e-01 -5.357402056142732683e-01
1.941756173512148465e+00 2.593267496439197739e+00 7.941931793811576323e-01
-8.138369850746154377e-01 1.245561967604477571e+00 -8.614904848772821921e-01
2.362312252401130575e-01 -8.964396460781519638e-01 -6.809759777143558068e-01
2.469753491385302091e+00 -4.512620420423347212e-01 -2.051551141653218391e+00
9.841305203050489114e-02 -3.066039032150011945e-01 3.194735695125127672e-01
1.227148637004499054e+00 1.542052111244687218e+00 1.926513905494704026e+00
1.160025177265021010e-02 -3.811870536556894451e-01 3.123515363122550070e+00
-8.644042869100200255e-01 -1.874924916979413547e-01 7.538906454834759518e-02
1.046970529055444299e-01 6.698575370358758052e-01 8.224212397338734881e-01
1.384257287227371291e+00 2.629370834061225182e+00 1.333047980097725460e-01
5.620927371785614524e-01 7.662482483675228107e-01 -1.527256508444887917e+00
-1.211652388448115181e+00 7.152845302486641188e-01 1.603081529973684471e+00
-1.163994415848235153e+00 2.245927716174298538e+00 -7.303017055079706887e-01
-1.069061083103891807e+00 2.522748974829245316e-01 9.739419148624361977e-01
3.228632157971042527e-01 4.472192757927186957e-01 -6.178020698875146266e-01
-7.385821549797763619e-02 -4.550144627119414031e-01 -6.831724808552603889e-01
7.188544812345099011e-01 1.650085632345236197e-01 1.088051774067304134e+00
-3.459297054822769724e-01 -7.983755864430733817e-01 1.850972264392754862e+00
4.016910109519463701e-01 1.069399330574414719e+00 -5.242028239632189751e-02
-6.892094092061616939e-01 1.109753613813350581e+00 -4.628560599727223890e-01
8.089185054230227934e-01 7.725924908436483385e-01 4.170055745751707343e-01
3.547401162687781051e-01 -1.082099126736324746e-01 3.281794529213782896e-01
1.499745599454052891e-01 -2.440530893534701984e-01 7.579002019855932692e-01
4.424928057810367799e-01 8.674048124787373526e-01 4.035567456519766338e-01
-2.588640928385511408e+00 -5.561121900520322736e-01 8.938668724496986462e-01
6.453176064210564000e-01 4.718081393714335797e-02 1.627640619501303565e+00
1.426447494050953058e-02 -7.126721204363630768e-01 5.084645846365815069e-01
-8.739914158176261827e-01 3.641741320701947782e-01 2.174588008576488818e+00
8.701858018596215771e-01 9.134412704912835412e-01 5.538082825062551340e-01
-5.556913883099154905e-01 7.090868661457691013e-01 2.426572376381255780e-01
-2.384020168701349862e-01 -7.143599496379230418e-01 1.873219129437823760e+00
7.633734436203697404e-01 4.123912792413492734e-01 8.819065063519041514e-01
-8.074333765524783768e-01 5.299665125137660304e-01 1.035561427903913811e-01
-2.618804711625954407e-01 5.142310118800424990e-01 1.381290037344396593e+00
-1.364549631456365708e-01 2.976838000852780053e-01 1.963283519174498171e+00
-6.829827198929625531e-01 -1.228746139123054304e+00 -7.932075207117422755e-01
-9.595776859158559047e-01 8.302867425248634525e-01 2.232186637555862718e-01
7.757549936754262188e-01 7.770418771746414599e-01 1.744673806397403659e+00
3.504813536578280098e-01 -3.038618450964275741e+00 1.308256877915252137e+00
1.792376774274171414e-01 -5.877340078988140259e-01 1.014115978930586026e+00
1.377237076543236238e+00 -1.143337748055409442e+00 5.988805089303474993e-01
2.152252301670664281e+00 -5.833431378837784509e-01 6.684927123453058284e-01
1.991531008225844612e+00 2.209104352459232867e+00 -1.247607464200359700e-01
5.413469139600155661e-02 1.218806140384255665e-01 8.558233469746331368e-01
-6.257158182139341274e-02 2.464588821372953320e-01 1.921285552332006041e-01
1.549666604016428639e+00 4.097825250711865652e-01 3.741543736114172347e-02
8.903899163926135563e-01 -2.990865248328552495e-01 -2.770996433280492166e+00
-1.031506626843522678e+00 1.335103266315646353e+00 -1.784912561636463058e-01
1.171250651174924468e-01 1.306129572614407763e+00 7.540208883813810659e-02
-1.111533772786130525e+00 1.496546683070341111e+00 -5.218070407510024822e-01
-9.224626304098018093e-01 6.102193953776822166e-01 1.953731539299258024e+00
1.734127467255532018e+00 -4.528001678780352313e-01 -6.993786534778499986e-01
4.799209278889610131e-01 -1.008805649532688919e+00 -1.711835376803382713e+00
-4.060410175322406445e-01 -2.305729384432290363e+00 -1.689422546464418806e+00
1.117801138121743199e+00 -4.221260265584398930e-01 1.940509588472202118e+00
-4.870602872224691349e-01 4.500571812927656179e-01 6.699611941457568332e-01
1.270346631363150069e-01 4.176040153337284844e-02 2.582289607538983400e-01
8.804504266463559770e-01 -8.043468168375087490e-01 -1.226213568979752644e+00
6.897643273575974066e-01 2.171697408561622245e-02 5.853307129493806604e-01
9.065055601299815136e-02 -6.457952424483164311e-01 1.955291656468418182e+00
1.371546241851377745e+00 -3.608309256216267191e-01 -1.097064327919533344e+00
2.881866649364758781e-01 -1.682487324173036480e-01 1.848990462328400142e+00
1.378812091723814692e+00 2.292990881662483951e-02 -1.832513525523689513e+00
9.306175555965184865e-01 1.655933532550242504e-02 -9.299873909084274137e-01
8.751583251994001778e-01 -6.733412918612747822e-01 8.074274905932509183e-01
-7.059537629415854054e-01 -6.252970653750387076e-01 -2.829436562568600766e-01
-7.115405372029235398e-01 1.149954445283591677e-02 1.670689826248713095e+00
-2.186088925626747947e+00 7.049147803815760671e-01 5.913553490433633986e-01
5.045220784875422693e-01 3.589203249703636356e-01 -2.449858982856293554e+00
2.298320681603944315e+00 -7.925092691319780558e-01 2.168579421318776214e-03
8.875719013075261676e-01 -9.116414644719318394e-01 -1.462380002162872727e-01
-3.143449731285970494e-01 4.313723411506642513e-01 9.978475591177944359e-01
5.459249296481071267e-01 7.470874223471241082e-01 -4.008217152513482429e-01
4.308794035828001356e-01 -1.371830190986085551e-01 1.259902761956780637e+00
1.571374065818088139e+00 -6.578612962407616449e-02 5.769922435321794829e-01
5.628171310776761693e-01 5.974104787969458652e-02 7.374953493138460825e-01
2.117586994922989463e-01 2.950372405412063914e-01 6.847018220434230029e-01
3.721138601057700779e-01 -5.352723201590103841e-01 1.468024532413606531e+00
-1.597753214740434968e-01 1.069492478285590575e+00 2.092328941461957914e+00
1.405301661779344125e+00 -1.699691165463861620e-01 -1.226024875276937598e+00
-7.476677028434586432e-03 -5.756594519313869007e-01 -3.527366876547421981e-01
6.103312463674553934e-01 1.555187810049742270e+00 9.554926959598811775e-01
-4.111017969842591380e-01 1.487213666484302532e+00 2.072158260902398630e-01
-3.920969533564297449e-01 3.455721871510031296e-02 -2.238172128417275086e-01
2.078296744728197254e+00 -4.354299505165654671e-01 6.371404009546659530e-01
-1.132254736847606136e+00 -1.004947874372942751e+00 -1.024947166355405503e+00
-1.043532157234861923e+00 -6.862355005651574746e-01 -1.364779139803826258e+00
1.377107744511563370e+00 -1.368655761279395255e+00 -8.773144802547625520e-01
1.329332059755578666e+00 1.258453503716227440e+00 -1.574847289695946007e+00
1.158369612795712822e+00 -1.690167229723221753e-01 -1.343204388719940967e+00
1.648197236024155465e+00 5.721842044929937865e-01 -6.572026460708914053e-01
-1.252125628996691553e+00 1.931442417747947449e+00 2.073298801807683667e+00
2.542257628982699247e-01 1.189271751848255843e+00 -4.851628685452578083e-01
2.124293114251979198e+00 8.685486027115846275e-01 6.315599512900166301e-02
-8.126843125244841426e-01 -2.617013501746023318e-01 1.563962071775490736e+00
6.781615549735989790e-01 1.767860753556815157e+00 -7.241806377726378585e-01
9.617106227758432935e-01 -6.929041924276224673e-01 6.818594268385849144e-01
1.890558411916616333e+00 -1.099108664742726171e+00 -1.193278827373225992e+00
-1.954731539831797149e-02 2.521091302344209861e+00 3.973320843526661483e-01
1.540159724756578363e+00 -3.857311579716688477e-01 1.779862740629160722e+00
2.465002245534241965e+00 -1.372072761087617110e-01 -1.749770563121584521e+00
8.106387713704457099e-01 5.607785530788658157e-01 1.242408197487892663e+00
2.472966097048487022e+00 -2.561600775564519816e-01 -2.739021187686236369e-01
5.496491103348614127e-01 -1.434520466532757554e+00 1.212891732137571649e-01
2.035981938628935950e+00 2.228448687406255679e+00 -8.150715642939276862e-02
2.494140394525584448e+00 3.097335395753986545e-04 -1.732264065677320275e-01
1.105832425622317761e+00 9.137159084748738835e-02 -7.189815908436916758e-02
2.115204575612293691e+00 2.958061288532284117e+00 -9.232034201227936610e-01
-9.894768798194568671e-01 -4.906765617989262696e-01 1.321685944702436277e+00
-1.132990473525742753e-01 1.098273091024795312e+00 1.140402776912464944e+00
1.810978170165643775e+00 1.201495170455092465e+00 -7.235748544110465197e-01
5.933361751634895764e-01 -9.315060264179368943e-01 4.510606717700033630e-01
4.201117502649223123e-01 -1.101993628506994227e+00 -1.426705363954132444e-01
-6.461052808389116109e-01 2.239662269026662322e+00 -8.607774168261174419e-02
-4.798626992616866760e-01 1.362064989678978266e+00 4.317758216400746085e-01
1.630917173414568877e+00 1.941048502452939140e+00 -7.937558113399133530e-01
8.803030969212985446e-02 -5.218223813622598906e-01 -9.851798809498468756e-02
-1.506476369839837126e+00 1.613423978564730854e-01 1.245656253365399424e+00
-2.391579368345667367e-01 7.344701290071129485e-01 -4.566078297773126793e-01
3.729947694852888684e+00 -1.436406723220988724e-01 1.093078281776221239e+00
-9.948374352123733333e-01 1.672689553509126403e+00 2.130001706016752649e+00
-1.872578248344146379e-01 1.384050160171687471e+00 1.133246121428160835e+00
-1.077185127446779411e+00 -4.658908911034895239e-02 1.140239883105865215e-01
1.120431282077525736e+00 1.197227763785667642e+00 9.874317714137255120e-01
1.212849834482295996e+00 4.256104830942326611e-01 -1.297969108785238745e+00
2.175299004071320763e-01 2.797919932486019334e-01 -7.123907856876680045e-01
3.018966260696394066e+00 -1.696781726013773417e+00 -5.427486015132816366e-01
5.928729949710129787e-01 9.501289688451824977e-01 -1.506881032229010486e+00
6.537334971389330285e-01 2.462735979564577016e-01 1.623924281297816963e+00
-2.293312211883472840e-01 1.692418116838426911e+00 -1.406892455532759767e+00
7.681689740233108021e-02 1.224932729456054803e+00 3.549047984422667446e-01
1.049910648238451261e+00 -2.639870840141298469e-01 8.147633891012803220e-01
1.309288423422212633e+00 6.316971780021535254e-02 -1.854310656671367408e-01
-1.906281985728490058e+00 5.548229936863658951e-01 2.127760202837842840e+00
2.954512811902198610e+00 5.228517332343293189e-01 -9.566782445141979174e-01
4.974709361628857490e-02 3.329042317750986468e-01 -3.112966184550756688e-01
6.216237978467061831e-01 -4.554973330103642692e-01 -1.628177995712813741e+00
-2.752981684410482077e-01 2.354936171918373233e+00 4.321026037617682891e-01
6.561128991397282562e-01 -1.009984013809964859e-02 1.349035525350090747e+00
1.154623207352724057e-01 -1.003050360593200185e+00 -2.009495692933007394e-01
1.394877584021157135e+00 1.053211434588432471e+00 1.097752506910490089e+00
3.088535192342575231e-01 -1.316610010069612757e+00 -9.548083323777077636e-02
5.876282048770209432e-01 -1.943213261719676510e-01 7.559543385059486198e-04
2.221203028027086468e+00 1.586448834281955350e-02 8.834574379821834578e-01
-1.162554771381892338e-01 -3.911029553558867944e-01 2.520809572797101161e+00
2.284291762128508374e+00 -7.893434446431724094e-01 1.258549770988435457e+00
2.115744537503798026e-02 1.975373124167855821e+00 2.150730639441722492e+00
7.363442291973529841e-01 1.629122985536656687e+00 -5.502392245465963505e-01
1.939603383063166486e-01 -1.921025868772172629e-01 1.161877324904360798e+00
-5.428393851992593389e-01 1.205979888907370956e+00 1.195711607491157347e+00
3.217763322448922991e-02 -2.302820098167361884e-01 -1.391467029292071222e+00
1.365404430148116521e+00 -1.035102456280350802e+00 1.069811762010537626e+00
2.182631339946535576e+00 5.012280493120910979e-02 -4.133067139148727254e-01
-8.163669487832432570e-02 9.544658312697013036e-01 -5.566622657426445464e-01
6.302584096697687599e-01 2.086756150504344376e+00 -1.874653325276824489e+00
1.843157569029594933e+00 -1.802932925918665497e-01 2.319224938600803920e+00
1.777021711662393200e+00 8.040358556512121613e-01 -8.000792541482412354e-03
-2.351569379503130885e-01 -1.655148176701545237e-01 6.778407243478732358e-01
5.910769319237014763e-01 -1.163053731847062622e+00 1.416018924972259008e+00
-1.308714588735866879e+00 7.970128356471007924e-01 5.423839227313413947e-01
4.770078637430528734e-01 2.546826062295244331e+00 1.898910633014944116e+00
4.059840507640635643e+00 1.673554084955348076e+00 -1.876928301012799949e+00
-3.391809988391230046e-01 -2.091053316293361330e+00 -9.987404842297926688e-01
7.428912774837417299e-01 1.900796154422690065e-01 3.268874583780633003e+00
8.166697373036924112e-01 -1.301176096362040013e+00 -6.769065047221234366e-01
-2.039391422773552787e+00 1.115879057485528847e+00 8.432396482930145654e-01
9.751739379212781555e-01 -2.289588557948815661e-01 -1.005771952831549187e+00
6.365518716950605560e-01 1.489263550120649149e-01 1.408818097330472696e+00
1.624979133567695744e+00 -1.418653436669950141e+00 -4.135691336694194420e-01
6.560083334748809669e-01 1.698001531645374929e+00 4.987966651382520489e-01
8.772649651590139763e-01 -6.143719778329396197e-01 -1.376412786450567305e+00
-2.885607613441826605e-02 1.685944049853075555e+00 -1.367438509076120301e+00
-2.985203881220703792e-01 4.599856736668354040e-01 5.934221330385512916e-01
1.390040845259004509e+00 1.050942507553253580e-01 -2.768512805401096219e-02
-1.691650985651343753e+00 3.315764648051722774e-01 1.568732311641747756e+00
6.980506257450257435e-01 7.319743044098027118e-01 1.509546905801788963e+00
4.683500987005101424e-01 1.167106990832540880e+00 2.029977056436075067e+00
-1.032351929479080388e+00 2.693601716356707421e+00 1.022956167778528158e+00
1.516037368040748179e+00 1.134349560014472402e+00 2.819492488969108202e+00
1.007289558863670331e+00 -7.401886142463895979e-01 -6.728598654083365327e-01
-1.570836310257414548e+00 2.607102107047437611e-01 1.680750392728627141e-01
-4.124921067570043731e-01 9.338920550788579744e-01 -3.082289969152876008e-01
-5.306004337519318881e-01 -1.725581283941261423e+00 -1.113122477548821460e-01
2.162400320485572180e+00 -9.775984104564169885e-02 -1.154075539726814759e+00
-3.719987429393887823e-01 6.107977439165632738e-01 -1.531637974474385988e+00
-6.318586111137696193e-01 -1.260819556039282974e+00 3.074745789852570965e-01
9.758252852922003617e-01 -6.696237353984614282e-01 1.282442877705485262e+00
4.343082238624339508e-01 1.572687835821759750e+00 1.051437953456508811e+00
-2.349333668250745966e-01 6.268648412027050254e-01 -2.977875349209601619e-01
5.412528168218554425e-01 6.666797665441690501e-01 3.567510469377040971e-01
-1.153741196045451778e+00 -3.705432566035478104e-01 3.235262186545746488e-01
1.686515172453705969e+00 1.205151980104655296e+00 1.609985270939326973e-01
1.396467140891707093e+00 1.942272665280353028e+00 5.389887616298294493e-01
3.634856044396201358e-01 2.959635252621379831e-01 -8.902428554999366472e-01
3.425344544091017962e-01 1.471233386928072484e+00 -9.054481652955617133e-01
1.004067214505659944e+00 8.832018882599141918e-01 1.238568644554727705e+00
2.076651394588209243e-01 -9.769110716667860350e-01 2.370170307530668374e+00
3.901213673423696293e-01 1.245082782490926965e+00 8.110086658402135273e-02
-9.196818356264818695e-01 5.442536297220105235e-01 8.547890708645728974e-01
-5.519629047543165301e-01 7.894343339793516989e-01 2.016421462135134846e+00
-1.236902739893730008e+00 1.545087326688856733e+00 2.115142498931052717e-01
6.897121522774309899e-01 -1.653911640170006248e+00 2.181178932540560056e-01
2.149930331691647822e+00 5.141099562893250985e-01 1.801193889828293926e-02
8.017500464194053933e-01 1.565478745777155289e+00 3.137031151875268042e-01
-1.666333732431055425e+00 2.290704648027374057e-01 1.730324073360931969e+00
5.528066267485066687e-01 -2.632885693757833767e+00 4.693100566458712208e-01
1.014669602469455256e+00 -1.855293878741581581e+00 1.472643069533031701e-01
4.142421675961961425e-01 2.285088652703088030e+00 -1.807946139867661506e+00
-1.411803213835958748e-01 1.831382552594401414e+00 -7.644479252934283098e-01
2.870881251107770815e-02 9.356124367935269026e-01 1.744532333239656730e+00
8.395673788934134851e-01 2.295639734931178566e+00 7.102129123498895913e-01
1.782779021149744736e+00 -6.031336286697489557e-01 -2.676568935281599115e-01
1.265524345131198380e+00 2.715503655665830074e+00 -9.045402659920822597e-01
-8.429557328370737013e-01 -7.787889576756197307e-01 5.677490569890517591e-01
-3.378301024421124232e-01 1.602659100938731651e+00 -4.228655019840407009e-02
-2.227991735229775117e-01 3.592916484951974798e+00 -2.104962222338079503e+00
1.690812529387071939e+00 5.631924099655640781e-01 4.014812537684504523e-01
-1.031524285892246873e+00 7.335891136913358368e-01 -2.155211385105160748e-01
-8.206082229284854535e-01 -1.359728581230968292e+00 -5.767073790643422182e-01
4.158839893603027971e-01 1.923546127787599369e+00 -1.656406079261503406e+00
1.530202456245161491e+00 3.225073919785192977e-01 7.463049285844847169e-01
5.416198745682042626e-01 9.534698670345242988e-01 -1.959540236531739366e-01
-1.374081721312359727e+00 3.097069448250316381e-01 1.828216102850809044e+00
-4.876950761215994579e-01 2.922820463813012637e+00 1.069371351739364373e-01
-6.843167040477944330e-01 -1.725113179761288973e-01 8.232056392679489853e-01
-2.192089353153098552e-01 5.484963377535194695e-01 5.260214015737653126e-01
-1.146655148232450738e+00 2.482445656151992530e-01 1.472360206132208527e+00
1.022565043631406434e+00 1.265062841398418625e+00 1.031378848123331582e-01
-4.114394093378959116e-01 -4.092733601979634539e-01 -5.292128941913101792e-02
2.417720610967334149e+00 -1.116392245452479726e+00 -8.856946316394228580e-01
1.388014490019639835e+00 8.277962034429928173e-02 2.903240505068533928e-01
1.214782966105658168e+00 3.105509690000824580e-02 4.063873611386580320e-01
1.385912657159303896e-01 2.619157946064103459e-01 -2.208269515147746609e-01
-1.091420582077489376e+00 4.908603418950980846e-01 3.321801358005163629e-01
-7.435968799391551309e-01 1.170812225648469207e+00 -3.056756909647126430e-01
2.614210849702085504e-01 1.194913168451669616e+00 5.202262745433778868e-01
-2.086998467332202623e+00 -1.565374639098116027e-02 9.484383879099703152e-02
-2.523577789236016167e-01 7.805500501354933895e-01 8.391248028648730095e-01
-8.481041591181103234e-01 3.069208292128910442e-01 1.565155109274427359e+00
1.118531429163269086e+00 1.517218588298484994e+00 -9.668450754915760559e-01
2.586611947756714547e-01 -5.363871195329107389e-01 -3.655145196134026442e-01
-3.266610909424496056e-01 1.273449747137530119e+00 1.940115163808691368e-01
9.931172810152042452e-01 -1.249889226156662286e-01 -1.303672538733379405e+00
3.727646836387744078e-01 6.705586537731360597e-01 1.307299921819307764e+00
3.595929388785559233e-01 2.710966633349040755e+00 -3.187599017159710169e-01
1.733902083351330337e+00 6.305946915870427327e-01 8.037081744578812303e-01
-1.548255307456740226e+00 -1.172036590867924000e+00 2.449059664949094106e+00
-1.025546569526988305e+00 1.272982412938708840e+00 -1.493703777769008756e-01
-2.395316707581140125e+00 -6.156160424439518497e-01 9.329260325460944081e-01
1.181376824064022335e+00 -2.185813606878617588e+00 -7.677549211228639203e-01
6.293338325874184846e-01 2.462866859922470397e-01 6.480070729063954760e-01
-2.202831978731418783e-01 -2.398390664233961633e+00 2.536211721838301791e+00
2.322438541436372184e+00 1.213762980680324732e+00 1.696863734181203398e+00
2.337023888895027324e-01 7.301589982890456243e-01 -6.159636107425733309e-01
8.075069347730047253e-01 -7.259267472599244542e-01 7.703325113153010051e-01
9.836661860092553722e-01 8.967801516908341375e-01 -5.005800267805304848e-01
-5.209014461058922851e-01 4.129241739956907020e-01 1.557327412748489015e-01
-1.585313082421598019e-01 9.839549561387574972e-01 1.164944158011623987e+00
8.180796821673076424e-01 1.767338037601377421e+00 -1.545898775804351866e+00
-7.031432861844347793e-01 1.488967817716664532e+00 8.322529324111163640e-02
1.865994680607990341e+00 -7.550197743887805402e-01 3.032494015582823041e-02
7.729472549968106065e-01 -1.563485486466720920e+00 -5.387004326568820556e-01
-7.998522075379097540e-01 1.180239388338915507e+00 1.427760748643393418e+00
-1.399289188248761473e+00 1.268188383625257210e+00 1.570297773985640521e-01
2.272234771331309577e-01 -6.563132651569842935e-01 8.049359145265573279e-01
-7.923781434431668158e-01 2.541280535068052959e+00 -1.495461005662952036e+00
-6.934611750445506262e-01 6.989957732338717422e-01 1.648027384459066047e+00
1.138735514537055682e+00 -4.994913059968316138e-01 1.766180581524068982e+00
1.559322393904783333e+00 -1.279469599898305221e+00 -6.278839002832548033e-01
7.937683835819256961e-01 1.291005564544587814e-01 -6.653824411668051164e-01
1.085473910794312102e+00 -1.438214503666809474e+00 1.079301045633840772e+00
1.540318345663317379e-01 -1.452364699192904673e+00 1.062888486491250895e+00
1.019912891740174660e-01 -4.052882742137976502e-01 1.088266844990429805e+00
1.391175421845627369e+00 1.017643004747432078e+00 -1.259906192897762400e+00
3.137957236931315785e-01 2.293103884545142357e+00 -1.123828491749352843e+00
5.018636701848930848e-01 4.291147512241459405e-01 2.209950141763036280e-01
1.472024362897090377e+00 5.795104775619417392e-01 -7.275789683601441293e-02
-1.471718065669473274e+00 7.627339349120887402e-01 7.193248187943706018e-01
-2.032141689019051067e-01 -2.944460682588287970e-01 1.560453811515286171e+00
2.727542933444939699e-01 -1.365706948957602140e+00 6.198332837786806326e-01
7.924444568826112256e-01 2.807625523296510828e-01 1.570707689444842625e+00
1.271868783652216450e+00 -4.545788724752483634e-02 3.466531641337889713e+00
9.688806677086535535e-01 -2.432479695891080207e-01 1.829191877558743740e-01
9.890888503441919166e-02 -8.090006883020833817e-01 -2.809816628149172102e-01
-8.570743740610600181e-01 -3.202064556278694796e-01 1.149644015319688517e+00
1.070879676259538726e+00 -1.631145438745758236e+00 -3.099671226244702371e-01
2.547341733931505203e+00 -3.977432481590146285e-01 5.524340209554989833e-02
-1.740533483399276105e-01 2.540953980790956912e+00 -1.177669972022357403e-01
1.791380491194488889e-01 2.431707623435404031e+00 5.579044347915261826e-01
-3.159520065495974861e-01 1.791308586214122922e+00 -2.550163530320245231e-01
6.522199700918257514e-01 9.318680769575777845e-01 1.351121467963853462e+00
2.284624593711887197e+00 1.514109437921410173e+00 1.323956265861184312e+00
-2.164358907378742258e-01 1.837069004442967168e+00 1.946433780394356328e+00
1.402292274477729306e+00 1.552730474091982060e+00 2.285945338065720200e-01
1.418737487134058117e+00 7.063598393641857820e-01 -1.284158957286780645e+00
1.084811297874722635e+00 5.509179898680839349e-01 2.291980723067666759e+00
5.608039074986893580e-01 6.726181598497794623e-01 2.762066061725025445e+00
-2.689620603421287170e-01 1.190891176551420294e+00 9.684216832362172456e-01
5.843879526484460074e-01 2.267288998853823900e-01 3.101653395695990856e+00
-1.451471801195667544e+00 -1.372585516735918831e-01 1.955409035511632698e+00
1.507100802081914992e+00 -1.162686003226253373e+00 -6.963202974429475445e-01
9.574406315656911470e-01 2.716215691401772658e-01 4.866705683938095106e-01
8.103035535210483253e-01 1.374776110194694478e+00 -1.076046371203214669e+00
1.206637061281160328e+00 7.142197302086057686e-02 -1.500791284605602405e+00
-3.453794257989589944e+00 2.265744372002028939e+00 -5.147803184296045886e-01
9.660223350276488929e-01 -4.425998227189645307e-01 -4.348437018298234591e-03
5.390526470597979403e-01 1.199713528294963805e+00 -7.093120248088582436e-01
1.000764028831469421e+00 -1.036924849429569306e+00 4.531579637327268206e-01
2.296030414025706179e+00 9.708716565310776536e-01 -8.785725974621422241e-01
-4.017937950333203556e-01 8.606031188617913052e-02 4.522656736822632251e-01
6.632588043038585290e-01 3.784626426239033337e-01 3.274256307065805949e-01
-1.394754271567155701e-01 -1.429965542141620194e-01 1.111590718804883915e+00
-6.392085686100990038e-02 -7.486068930374576436e-01 -6.189602227385002653e-01
1.868038971301013151e-01 -5.933491721731843915e-01 1.963930170412474752e+00
-9.081150848627088656e-01 7.533451661897574425e-01 -1.896383110731185040e+00
-6.305184306718003562e-01 4.852520146278471724e-01 -2.157173260262607695e+00
-8.887324266221354740e-01 -4.104311225232136762e-01 1.383468523411045314e+00
1.115450760541460973e+00 -8.315070480039090661e-01 1.401480515519533121e+00
1.643136438573133740e+00 1.124155150442906898e-01 2.435114465880447110e+00
-7.206048278498852211e-01 3.528838811853421964e-01 3.285641779448247313e-01
4.395060255399810822e-01 -6.407168399050827690e-01 -1.778636966951992582e+00
-3.313186985843299404e-01 1.817092138188504125e+00 -2.824548004751548103e-01
2.026481417662651552e+00 -1.693928296886001994e-01 -6.726149072499472137e-01
1.077656530321476236e+00 1.654774966504181766e+00 4.887728520896871265e-01
1.446999475527876999e-01 -1.068312506067516487e+00 8.629075932967504858e-01
-2.134638928555765425e-01 -2.525040243430664022e-01 5.872880594456401093e-01
4.670880624135532733e-01 7.349189731215305388e-01 1.089283445431235897e+00
-1.714409365720840350e-01 -6.636147991776273347e-01 -3.843453336324671038e-02
3.505259148894953047e-01 1.227884634391279262e+00 5.755753531020906255e-01
-7.263972057788646852e-01 -6.475146845296838594e-01 1.550605796738294906e+00
6.799195976395215890e-01 -1.640486268397985503e+00 -1.096115397937637237e+00
1.395240552155100344e-01 9.134839213262694324e-01 1.064548769140967410e+00
1.905028283993416283e-01 -5.703251486841192097e-01 7.239475783600435310e-01
1.019906463408826403e+00 -6.842467408578718491e-01 -3.115971977464786491e-01
1.119800973453817239e+00 8.460295538636832813e-01 -1.666924012772704300e+00
2.418212851543786623e+00 -2.342348551961619396e-01 -5.431225770194678670e-01
-5.238174138703463045e-01 -2.993667540829310969e+00 2.047395139367760741e+00
1.671443944076405896e-01 6.784655493428007889e-01 1.937560536940787781e-01
-8.120236166514432918e-01 -1.347298387697160926e+00 1.032008875810813464e+00
1.805939196393187229e+00 1.898956882198336693e+00 -3.108963822313903780e-01
5.355330842484873344e-01 3.157819828916713645e-01 -3.865141292618756719e-02
9.334616996742570727e-01 -9.404807544056567048e-01 1.422664522322425462e+00
-4.896152182765411975e-01 2.447105844883023629e+00 -5.311904894826741108e-01
-1.544276815119389967e+00 2.300255297894528539e+00 9.062290052880250801e-01
3.760477382141432789e-01 1.267890742027886875e+00 -1.481718486266357833e-02
-2.407819549115348678e+00 5.245798486541991545e-01 1.629623986713814032e+00
1.748176601197632740e+00 -8.084426214170381542e-02 -1.694210475738576083e+00
2.588931165235989873e+00 3.686950573713549950e-01 -5.561886485786315254e-02
-7.834163773544977616e-01 1.076060787966699683e+00 -1.119144344451779238e+00
-1.314733084272909247e+00 1.182214365278350776e+00 1.379991506279581115e+00
-2.076672231693180493e+00 5.538731482759514657e-01 5.579766157884246125e-01
-7.732333693452131396e-01 1.394163355052600473e+00 -1.209347079953842607e+00
-2.046948147750635272e+00 2.721007973849059458e-01 9.534821911461761612e-01
-1.556155577462799755e+00 -5.930461953709597056e-01 1.263142565659098882e-01
-8.563045010013341507e-01 1.439850898424538839e+00 -5.852226717301731718e-01
-7.516906363968225424e-01 1.373904841495439566e+00 1.517085702876492581e+00
1.618254115885287892e+00 5.185725283512854222e-01 1.657484171685377872e+00
1.320036543544766294e+00 -2.848124858463016995e-01 4.302425335876065016e-01
8.704469147117365191e-01 -3.227874332768178312e-02 2.523767986396968643e-01
-9.030804596219779157e-01 -2.647861148930615194e+00 1.285365763130510430e+00
-4.217598870229353758e-01 2.963128115602747248e-01 2.601259958883769041e+00
3.346250411023056870e+00 1.975307514974476014e-02 6.604604911816184254e-01
3.424575313067421689e-01 1.034655052441466161e+00 -1.949826562886307346e-01
1.476620943535779107e+00 2.758843065695284924e+00 -9.899329364202440473e-01
-2.017618171077566025e+00 2.244124111997604309e+00 -8.362204059466450401e-01
-1.098705472485365320e+00 6.262057913720355806e-01 8.106937157519409354e-01
1.455195074979407366e+00 6.957658046369313842e-01 -6.915498128507954201e-01
4.832960946041410244e-01 9.099185317279959717e-01 2.273902138242046567e-01
1.251380558573217394e+00 -6.495637864089021107e-02 -7.088916756928491658e-01
-4.404199920128908374e-01 4.627512317038739997e-01 4.086716644985322056e-01
2.450555158091626939e+00 7.057722267650198278e-01 -1.409498657702385749e-01
-9.518402268247725395e-01 -5.305448914085718615e-01 2.402494507929117118e-01
1.019530498232045224e+00 1.038324992974835936e+00 8.892410389904572554e-01
-1.111607915210006903e+00 2.972097021754604995e-01 -2.683714125248191640e-01
1.608860531320529086e+00 -1.006695315218225195e+00 4.707061048303540218e-04
3.779074412924452453e-01 1.737845920068293415e+00 5.972329287464149816e-01
-5.148781734392054998e-01 8.310246189134384842e-01 1.561570350386775496e+00
1.429375994349892043e+00 -2.091841947551113801e-01 2.481607216128928761e-01
1.351111156379485312e+00 -1.142407889653789255e+00 3.524840098809079586e-02
1.000541914549265998e+00 8.322648471629822131e-01 -6.024665220053784243e-01
9.838969062928698550e-01 1.395006633264669560e+00 1.104252302979541467e+00
-6.439884761848585493e-01 -4.558143789544415458e-01 -8.045925739523583919e-01
-1.183530995075644299e+00 6.270855688261340877e-01 -1.274794144894280334e+00
-2.406983214782264513e-01 1.120901079363936681e+00 -8.081507663170834910e-01
7.606269519094821518e-01 1.270800725677908583e-01 1.339701460391102605e+00
-1.061397387137043236e+00 -2.248570145997663694e-01 1.506166115187501653e-02
-4.004022768301283008e-01 9.136850386144526048e-01 -2.998998734600616389e-01
1.366700537201714472e+00 1.256751419754455590e+00 -8.745811869698613128e-01
5.850265143925942324e-01 7.843892259164391145e-01 -4.471949741047979709e-01
-1.466368562962219846e+00 4.441999903950751838e-01 -5.715016891512850750e-01
-4.533739663891243610e-01 -3.323744316845407831e-01 1.202270131177812562e+00
1.987932648676211222e+00 -2.449764909037913663e-01 1.491551561152084426e+00
2.576205926065611163e-02 -1.291834551386550345e-02 1.397931618723763370e-02
-1.199386068327617405e+00 1.862652035076018536e-02 2.874359350324781737e+00
6.158305016622223071e-01 -2.322573096283054306e-01 -2.293896151919665172e-01
1.926512945054638770e+00 -6.451155361002333111e-01 -8.721096306770474982e-01
-2.311844012920665659e+00 1.794460942795501612e+00 -8.436868665290520042e-02
1.788547874312156338e+00 -2.274069058598612858e-01 3.347159402616981527e+00
1.601248777350910757e+00 -3.225015101408822416e-01 2.598746957343087249e+00
-2.955310788269445085e-02 3.270364199957789264e-01 1.191564487080258417e+00
-1.214583095581295513e+00 6.379603181484491126e-01 9.411298027320287307e-01
-1.486644019028947383e+00 1.586904219970974639e+00 1.011478015621465776e+00
9.615791620240896620e-01 -3.995518193548660002e-01 1.445164407148622487e+00
7.411360294426647677e-01 -9.198076180230272403e-01 3.632374824190487406e-02
-1.408102584964711912e-01 -6.701005859875529547e-01 -3.074690215127522386e-01
7.689189778005285358e-01 -6.062530761471655039e-01 1.021835760255519698e+00
5.189178737577366807e-01 -1.356131820802395083e-01 1.004820103790003083e+00
1.348049894003188198e-01 1.215178185082668172e-01 -3.944747730548021081e-01
2.638955603695463115e+00 -1.406882750340349375e+00 -7.974142606107147146e-02
2.101953646466895864e-01 1.260710793393879925e+00 8.134075842800755352e-01
1.980497670370490182e+00 -2.956724213409089308e-01 -2.067803658974777248e-01
-1.212465043295864131e+00 9.779687411423840793e-01 -3.903388106939183894e-02
1.312473325626102028e-01 -1.920307626750573926e-01 1.292025716707388083e+00
-1.702624280196835427e+00 1.027573784502666232e+00 2.768620131320058686e-01
1.805360037635809489e-01 2.199067438830650256e-01 4.108371506178655208e-01
8.417441458162134849e-01 -1.649887261033922969e-01 -5.172340257800505103e-01
-5.597884880391340578e-02 1.861312641855111139e+00 -1.222094188540417681e-01
-9.783421846711279901e-01 4.402323740947122754e-02 4.983612199316285740e-01
-8.886521069163186848e-01 5.129826755361881485e-01 1.093926826612492853e+00
-4.270316453414190611e-02 1.016777707299133082e+00 1.003735258988539325e+00
1.994815342803772928e+00 -1.697623448103232624e-01 -6.926147582100131705e-01
-7.506979849770365476e-01 -1.082097613758546295e+00 5.588239279040843055e-01
4.827129488937235147e-01 1.296207734149100288e+00 5.036067055612666321e-01
-2.025036803548696529e-01 6.051764855491432726e-01 2.606917316419616881e-01
3.534864673061605123e-01 2.962182056560866084e+00 1.033734841280732564e+00
-4.177855088835890074e-01 -5.316321470983291775e-01 2.949514712280969508e-01
-1.818119996313735554e+00 7.441913664651665927e-01 1.343396311145380828e+00
5.944422424326500920e-01 1.307135702129519073e-01 2.071859447879517702e-01
1.575776780996466897e+00 9.695135535137914262e-01 1.063647370113429275e-01
-1.389462649356525858e+00 -1.293462689917249886e+00 -3.392189449582252436e-01
-5.832330474345314153e-01 -2.349565694629636992e-01 2.030780939226164428e+00
7.572653346101688721e-01 2.375154222817056571e+00 2.260492222287988906e-01
-5.486912855507727338e-01 2.541413466933196474e+00 2.334781590916538363e+00
8.653626286609370499e-01 7.810007085521777359e-01 3.803773498979664547e-01
5.767097860302917711e-01 9.403905424613522301e-01 1.658399956292059940e+00
-9.386121195107488546e-01 2.024439017374123351e-01 1.963943204418121091e+00
9.461831379301673950e-01 8.561147112302610607e-01 -6.274495345047169659e-01
1.603447674337931561e+00 -3.228158868951209737e-01 2.711973389660440770e+00
3.814303088308962919e-01 8.858257614578958217e-01 -9.284582589260563790e-01
-7.368601236826680667e-01 2.047645923160529513e+00 -4.657162948711967010e-01
8.041250679421156899e-01 1.038956509063023059e+00 -4.662118532524647807e-01
7.438612592521520739e-02 -1.294823256295255520e+00 1.283831200009321494e+00
1.918057662742246094e+00 1.190950358718183555e+00 3.462612827850440889e-01
2.011919457702632030e+00 7.354519612264631689e-01 6.812417577565057503e-01
-1.047098428521635372e+00 -1.531005437023067905e+00 -5.578936080125522501e-02
2.543449498126867936e-01 -2.504808667371462572e-01 2.374206858838481260e-01
8.332756641890046723e-01 -9.207426961928434628e-02 -1.632882700888315178e-02
-1.264128171828041491e+00 -9.160999242586532754e-01 -1.341006803155224691e-01
2.044103063340033000e+00 -1.666450472320358589e+00 1.571886696155738949e+00
9.584692132686949417e-01 4.723645441562932534e-01 2.314876169929180882e-01
1.422606589073364569e+00 9.956786450088274121e-01 -1.313529824348286246e-01
1.828701969332136024e+00 -7.755171867307768530e-01 -9.787740419171805373e-01
2.893944995646055007e-01 -2.956976747316835574e+00 2.649199466729476593e-01
-5.924226922437058063e-01 4.251614816868334312e-01 1.263732127953520745e+00
-1.380568218586913920e+00 6.896248414129181326e-01 3.241315200073546787e-02
1.789224852850329839e+00 1.502999296128952000e+00 4.958784224974195909e-01
-9.060284888062779540e-01 3.464524527781566443e-02 2.027554924570009742e+00
9.001053899214092047e-01 9.364522446664401700e-01 -1.828556154159002300e-01
2.035310484015784738e+00 3.403529040435286368e-01 1.366807718819165407e+00
6.039287261917022365e-01 -1.878359587145241649e+00 4.760241570689059953e-01
8.313674352784573562e-01 7.490437805496562573e-01 -1.235487609349272153e+00
-1.179264216359009465e+00 5.102217828849364700e-02 9.045400095176149291e-01
-3.040625320357961438e-03 2.923521713348434137e+00 5.805666860500463544e-01
6.184902193167444162e-01 3.698998792411798409e-01 -1.081501192724201976e+00
-1.219691854576019807e+00 1.101994369311558142e+00 -1.056315272571710651e+00
1.015791273478770851e+00 -1.770582685924004807e-03 -1.236485461714055267e+00
1.329706685682733314e+00 -1.017427586439773046e+00 1.643137747781497238e+00
-5.953823422540611698e-01 2.516453953641994978e+00 1.311359424043211652e-01
3.898601776994610191e-01 -8.874802563696772006e-01 -3.718393249188873262e-01
1.485061091007698897e+00 3.584072708929893492e-01 -1.382336538770473910e-01
2.286650784451927099e-01 -1.039303584908968459e+00 7.905475956741638832e-01
2.730186132482567141e-01 6.825919761726348955e-01 3.629193203221215969e-01
-1.130666800478594025e+00 4.937902881491049722e-01 -1.221277332950821970e-01
1.590830533604498331e+00 1.257002029564972645e+00 -1.215043591183256000e+00
-1.032839895148163212e+00 1.815747933895843769e+00 -4.270201253464812052e-01
-1.638856911784341230e+00 2.484676992629160086e+00 9.212557999937708297e-01
8.509016096633884585e-01 1.511571426188578648e+00 3.163030067189791517e-01
5.426757871304950243e-01 -3.852208334173228832e-01 -1.376986624626387948e-02
-8.677105750905025339e-01 -7.397565981628061449e-01 1.238539211136515661e+00
-1.399608358600098690e+00 1.141701568259295696e+00 -1.172634380497002832e-01
9.263500866969263114e-01 2.428671301823205342e-01 -2.604654530809517254e+00
2.195561383925256127e+00 -3.266192535647834960e-01 -1.445147763350172587e+00
9.447456269736845824e-01 5.760957498580755731e-02 1.550764206936915635e+00
1.891212484335145882e+00 -1.316637569102753202e-01 3.315849080715631558e-01
1.891725119176268066e+00 -4.051362021576715433e-01 -2.732840806062188377e-01
1.052725487806693172e+00 3.262163987430932027e-02 1.694493349202901067e+00
2.382586571478242932e-01 -1.517683415890151100e+00 1.751088371283162859e+00
1.528770805977277547e+00 -6.346115368225513365e-02 -7.033513840176609799e-02
1.320902104887516915e-02 4.700771161685507460e-01 -3.816950192590339852e-01
4.402235498132869851e-01 -6.071447468408855963e-01 1.480262519254630371e-01
1.601075847062445767e+00 -9.915500416578074683e-01 -5.418340429296347738e-01
1.261822949062304078e+00 -1.103139108698697912e+00 7.613548983580988860e-01
-2.743927846913935542e-01 -2.296875529075554923e+00 -5.462818922235985752e-01
1.403947694171314264e+00 2.185601979665584282e-01 -5.251657564247800281e-01
-5.019642645381755530e-01 2.451529766434177304e+00 -9.845487090136767483e-01
-2.661203307640590543e-01 1.816180506661160043e+00 1.541646491088047299e-01
-6.594813225294221537e-01 1.141031710880337391e+00 -8.633553847148757454e-02
1.346774804125832947e+00 1.004713595394119974e+00 7.279332386874308725e-01
1.218430091681229177e+00 -1.067253704523584649e-03 3.944133956161252064e-01
-7.383226273390576244e-01 1.235901754981777900e+00 -5.223697027330975740e-01
1.286729111490563016e+00 -9.184453082254346867e-01 1.368927657077504856e+00
1.289120130507494855e+00 -2.181577767007523150e+00 2.700764811205647931e+00
-9.066140585349166114e-01 1.108560566903794564e+00 -2.108816325416944526e+00
-9.602180814913375828e-01 2.437542083941408144e+00 -7.593239151011496046e-01
2.556364414051873549e-02 -1.211095967079834690e+00 3.074667674287089092e+00
4.232965014482567567e-01 5.862472976440699091e-01 1.170941658289552656e-01
-1.404012079828539372e-01 2.251947014648599144e+00 -1.019362600702260702e+00
-7.800703940835915784e-01 -7.961846300895585316e-01 1.304372438282618285e+00
1.463550210655512940e+00 -6.159265297635329039e-01 2.861960100394584372e-01
-1.643358171146982905e+00 1.237136406576002878e+00 7.143438385267630863e-01
-5.722200462677480282e-01 4.486401510477255883e-01 1.547410794340790208e+00
2.175293847050066454e+00 -1.094915423533359800e+00 -1.234221498453813570e+00
5.252092939797842197e-01 3.234393395229657742e-01 2.144853951637467393e+00
2.908455308335863521e+00 1.482148807839970717e+00 -8.738982597318923906e-01
2.831045196339165848e-01 -7.197572821786335506e-01 -2.956899971052724396e-01
9.677611114216759791e-01 1.766059963059747773e+00 -1.425599358335024602e+00
5.146930112358762965e-01 -1.481047958691939781e-01 -1.011953018008964894e-01
-1.015293314910371558e+00 1.135309403305526876e+00 -1.300285593617441338e+00
-4.992748502993296644e-01 -4.285876974200096834e-01 2.381010118300854739e+00
1.777266262856517454e+00 -1.937391485609315511e-01 1.799803568957082822e+00
8.483023002094822740e-01 2.039413278784518280e+00 8.752091383496194421e-01
-7.716727328552221987e-01 4.547672670981314225e-01 3.683970289824903821e-01
2.056105303134716955e+00 4.303148260050326246e-01 -2.879296841806865404e-01
1.143441590494529869e+00 -5.388401124027899503e-01 -1.078593464217292075e+00
1.285169280922935586e+00 -1.576527115144052305e+00 1.318108103563166766e+00
1.243411707296714075e-01 6.705424747260360085e-01 1.494691323477742140e+00
3.729143753295172115e-01 8.472253995510276026e-01 -1.265913541006143728e+00
1.395694662290027699e+00 -1.840033584389508148e+00 2.820088068022006955e-01
8.956397829692673840e-01 5.206455155428313386e-01 -8.628645008481350409e-01
1.082921984923588710e+00 2.103077631801854031e-01 -7.298276669148531237e-01
-3.429209108554101548e-01 6.494072369282188895e-01 1.312732514523749394e+00
-5.653132861849836238e-02 1.995177364845578616e+00 -5.734869178391385214e-01
-5.266470176192367125e-01 -9.477003840082662833e-01 1.106893080196572399e+00
-1.167509720588095989e+00 1.559830544910532968e+00 9.284571695441578010e-01
2.448130417646738610e-01 -4.215749495005348124e-01 1.134374049869495193e+00
3.570911540020764718e-01 6.727721143299130180e-01 -2.476405414469904809e+00
4.479833297679083337e-01 1.577814264858163007e+00 -6.169096990424481897e-01
-1.682243332113106504e+00 2.687942635335575758e+00 -1.116608060701016925e+00
1.497412433169426293e+00 2.048406205818788517e-01 -1.076967750833678128e+00
2.027359537050100746e-01 -2.318237807689355057e-01 -5.565049557914681921e-01
3.659767935373767767e-01 1.195487439301323951e+00 -3.708585915547890632e-01
9.854319109052208647e-01 6.878364350923745763e-01 8.008133993219608282e-01
9.150106740008099315e-01 -1.261228953443243705e+00 1.246375135300308523e+00
1.152145732411976597e-01 1.751388150900520468e+00 1.749176219738275861e+00
-2.207631979876532313e-01 1.257538724860683743e+00 -7.408427804440260722e-01
1.018012127210101564e-01 6.747942508775095494e-01 -1.089096360314032896e+00
-1.323642519945615326e-01 1.158082860531489539e-01 2.900647153089677133e+00
-2.754837553919263216e-01 -1.257073287420753749e+00 -1.211605495817932976e+00
-6.655539408996474782e-01 9.588919577444408870e-02 3.046474943164303451e-01
-3.792666001068778492e-01 -1.681692012038090045e+00 4.506048194690914083e-02
1.783642467344468407e-01 -3.499893949682901795e-01 -2.046964695668463730e+00
-7.883743082938040603e-01 8.636875358200956088e-01 3.096654373893602763e+00
1.064168744851306192e+00 4.024142633830440907e-03 -7.335125048342542309e-01
-2.723313629685294446e-01 5.024801271688981164e-01 -3.121636374331813180e-01
3.887585703728765885e-01 1.844774128556990522e+00 -8.623188107759391929e-01
-4.481627731521148905e-01 1.134987259720498631e+00 4.780777788630512504e-01
-9.870027423417078172e-01 -3.505458648876824679e-01 1.499561587207696833e+00
1.267963386509346480e+00 1.459941131566460548e+00 1.410971419577448982e+00
-1.769901660499751728e+00 3.942044157276518579e-01 1.366831072844287176e+00
9.799291335318476293e-01 9.705555722831932242e-02 -2.578687641743971359e-01
-1.157722955583448954e+00 5.583485932998215329e-02 -4.538235398302098988e-01
5.326167781266736290e-01 -1.602369464441388003e-01 3.438323580270771229e-01
4.554544256226357724e-01 3.676795437287470047e-01 1.568548883147393935e+00
4.866742521275433386e-01 1.126153582512775975e+00 -1.103779051360484376e+00
-4.840739237377583160e-01 4.024908208534462295e-01 -4.329247294362887355e-01
1.205328131869456865e+00 -1.841940218122921635e+00 -2.340909531273947408e+00
2.773499008363263796e-01 1.489348273423526381e+00 -4.528704120868856098e-01
2.541711653403141646e+00 -1.374478847967374406e+00 2.257399370789999971e+00
-2.065182001873334117e-01 -4.780565966643058884e-01 1.299279760091700542e-01
2.072574883567962767e-01 8.315400230714902197e-01 6.254798767840352713e-01
9.969380615081903374e-02 1.313875740687194593e+00 1.068222305944730888e+00
6.771672338182525008e-01 1.095416261603635366e+00 -1.032066422151074025e+00
-1.498526112717826209e-01 -9.898793706531060499e-01 6.028259269850468893e-01
1.410881230066219016e+00 3.677949794793800575e-01 -5.870908457021183358e-01
1.547863942732287335e+00 9.894539133520752205e-01 2.775592487038993639e+00
3.883974931500920880e-01 5.374216700791111245e-01 -3.859247111079558423e-01
-3.708360736351151710e-01 3.064616818212239149e-02 1.005915455228490574e+00
-9.544541805362468656e-01 6.341924472537181501e-01 6.807665415030439426e-01
4.696603721812692145e-01 -1.816667162741041064e-01 1.594731907221921263e+00
-6.460484767029738284e-01 1.771716796710629982e+00 1.606131374716556870e+00
-2.571298754781774498e-01 1.668455526312989434e+00 -2.258847183964610150e-01
-4.058358652741809736e-01 -1.807996129639378280e+00 1.554249647914700994e+00
1.956636931477807817e+00 3.339560524212851211e-01 1.001502621624739131e+00
-1.143342579404809323e+00 7.726316502047373413e-01 1.132295220924285806e+00
-4.394117627763239331e-01 1.175891909389210177e+00 1.055386250381319613e+00
-4.830520777976167468e-02 -7.547597050052141932e-02 -1.260798146684156240e+00
-1.689422466218974128e-01 -9.701586822188188464e-01 1.779632940169216138e+00
2.006626822980578151e+00 -8.751828143641660063e-02 -1.985511401420999439e-03
2.178523287273294695e+00 1.028823207877315848e+00 7.797385611454817900e-01
1.305159637085959279e+00 -2.119061738973588849e-01 1.164026131242585915e+00
4.297145700567996385e-01 2.641611894264283222e+00 4.199821903276019230e-01
3.218039406263254687e+00 1.362448430982329262e-01 2.301794085865855877e+00
3.691228956073835388e-01 -2.653289113004137167e+00 6.914266792574741416e-01
1.417906917323841443e+00 7.940137393576413016e-01 -1.895450702185965897e+00
2.297284594119626711e+00 -6.211692814365840087e-01 3.535778546050902804e-01
-2.823760218324677940e+00 -7.444304115765458807e-01 2.200679497417809216e+00
2.685776862681520938e-01 5.189335985618341862e-01 -7.238614884648189030e-01
4.565564130480238014e-01 -5.312373520379312097e-01 1.329363465480043471e+00
2.151959019448127286e+00 -4.065014061619313113e-01 4.100573722338419214e-01
8.430562766175853096e-01 -1.901075602062861636e-01 3.966368041665924160e-01
-1.672023327875762355e-01 2.967384547689325691e-01 -5.174344260914235383e-01
-2.507682945336039970e-01 5.871824130578835454e-01 1.053284003759328291e+00
4.682618764875461914e-01 1.898399846659195589e+00 -3.104402273898388964e-01
-1.037975526567308515e+00 5.463522280372518081e-01 8.349796051769058369e-01
1.123057226590609275e-01 -6.481725212518600898e-01 1.384904472901118400e-01
1.843148201218670623e-01 7.690133022075085201e-01 -3.596166070500606882e+00
-3.122208144278657560e-01 -3.959632607134311311e-01 -1.534290222974488582e+00
1.210264414350777473e+00 -8.538858969007556698e-01 1.274544573628548561e+00
2.526871433668759881e+00 -2.148068351436946688e-01 -1.151176070714415633e+00
1.694318511110737280e-02 2.570803009033064135e-01 -2.045700164010367805e-01
4.708442475235971036e-01 7.030919580282078973e-01 -1.238876033872794657e+00
-1.771518992089657241e+00 1.755957335867541769e+00 1.643436005354065976e+00
3.639731316133297812e-01 6.964178576227306183e-02 -1.854116417005505224e-01
1.778796328537679106e+00 2.673195658643571893e+00 6.698276433412434505e-01
-1.050651056135206263e+00 3.605424656233323644e-01 -1.395465397396808416e-01
-1.217945338061936056e+00 -1.093911747707917437e+00 1.126162854984052775e+00
1.853300644850012002e+00 -9.244185702954517136e-01 5.570958151866607366e-01
6.525844884627092224e-01 4.197325956911341360e-01 -1.224752991347506148e+00
4.211509073345799381e-01 1.304294787788486509e+00 6.258224167644622637e-01
-2.121044451583361745e+00 2.156405525970687798e+00 6.689628353417280404e-02
4.790317050776476959e-01 -1.424585138789575822e-01 6.299380920586615806e-01
1.517100299790368201e+00 -1.175346506977994254e+00 1.749501172549758010e+00
-1.072262284654798670e+00 3.859793892041831764e-01 1.795734944354787199e+00
1.170132293329682716e+00 -1.056695407826018007e+00 2.934589088248368838e-01
1.129709012496276532e+00 6.450263418898714018e-01 -3.233397348528512238e-01
4.278401125739267341e-01 8.899212553351201205e-01 8.604408194382207054e-01
1.324605465367594048e+00 -5.753577484229931427e-01 -3.480905320835492311e-02
-1.029799958899353385e-01 -2.825366491152943582e-01 -5.850434130390137488e-01
9.945325392354646965e-01 1.179639384318137835e-01 7.176325261358557084e-01
-3.383355367924603119e-01 5.135574993446175851e-01 1.211544489956814852e+00
-9.792825700094022201e-01 2.330820322602182859e+00 -4.715782344715739316e-01
2.345300054344435559e+00 -3.166937856826207986e-01 8.153928000590161540e-01
3.493461964951871668e-02 8.819464347880928701e-01 -4.196421455048757743e-01
6.605981843101427220e-02 1.382059542996091350e+00 -7.156082483038733733e-01
1.435312360102618978e+00 -5.593173097430583635e-02 1.551714488148939308e+00
-5.047225801299086712e-01 6.849801540767819219e-01 1.486282346131168053e-01
5.597728472121663579e-01 2.687770795808236968e-01 -7.177446849984103761e-01
-8.659195977891483154e-02 6.520303473678851214e-01 1.634210958279108450e+00
-2.132272668729405130e+00 8.521092155413290126e-02 1.391076613849787869e+00
6.604405673595332704e-01 -1.383072658730607474e-01 -6.984938770042279366e-01
1.433383311901414325e+00 5.886536350863011968e-01 1.770428086356056641e+00
2.802529961400297420e-01 -1.107636009794876308e+00 -7.543505400638493841e-01
7.002751387856610554e-01 -1.501567446570877262e-01 -7.536300475966266621e-01
2.336576104455744485e+00 -1.873278095308753555e-01 9.937846774304887054e-01
-1.707214675151444538e+00 1.342855244154747663e+00 3.595442790223204454e-01
7.502615164795545244e-01 -1.297808778445880273e+00 5.736551790440411747e-01
-9.353454620170247313e-01 8.491738222243740974e-01 1.274986433939506281e+00
5.030626849674775247e-01 -2.209616715258603481e+00 1.303994127098312417e+00
6.509047894834685266e-02 1.091790376804519652e-01 -4.073797139865295569e-02
-2.425433219750988689e-01 9.519377858102604506e-01 4.488321567498263498e-01
2.954207266499683793e-01 3.473285397299066268e-01 -2.110752106244184745e-02
1.958605282872429854e+00 -6.031228255129285065e-01 1.238688067310829810e+00
3.253198645941033806e+00 1.572412914519056848e+00 2.385845770166144852e+00
7.243252415477619000e-01 -1.353470951015832258e+00 -2.567215526885120447e-01
7.263534805525559968e-01 -1.758692213218828737e+00 -1.375908130490877124e+00
1.526757505801861203e+00 3.119635509218365854e-01 1.123622031598387139e+00
-5.565869264369112113e-01 3.655371251409668398e-02 5.071470966067415098e-03
-7.196887031050689387e-01 -9.850796323965369528e-01 -1.670700718196581058e-01
-2.003344990799097669e+00 -1.098772545043294580e+00 1.971682767684004745e+00
-5.574577540673670839e-01 1.974407563527545359e-02 -1.018347987587634895e+00
2.873559558955535165e-01 -9.556278412116537835e-01 5.804128861947774332e-02
2.012232893560499392e-01 9.988006639796827013e-01 -1.120822350351894592e+00
-1.347742892394413916e+00 -1.891393069738540822e+00 -1.187428112757559884e+00
-1.602726212721181653e+00 1.512072046473811326e+00 -1.486716256745070908e+00
1.737781942515157940e+00 -1.413314410002695309e+00 -1.279557466728019066e-01
1.652660076725642524e+00 -1.098061563184471678e+00 -9.561736063343981851e-01
1.444885105555060445e-01 1.855631371160564591e-01 -1.683333185565333567e-01
-1.946589997993316334e+00 9.199656081360759741e-01 -3.947097266935215565e-01
9.335372689154940173e-02 2.169315953627938276e-01 3.912741486811223135e-01
1.693985204992524585e+00 1.323164435269180039e+00 1.216656220987109460e+00
3.045834410964086691e-01 -1.525819015498474762e+00 1.509473906702239354e+00
-1.149378420989547456e+00 7.061127493249385045e-01 8.666417991365067408e-01
9.784433418406868199e-02 1.889774571602752529e+00 1.481121936744423273e+00
-2.590664458018381300e-01 -5.815952733867181257e-01 1.929685565892755417e+00
7.880373591496599994e-01 1.788258858200245438e+00 -7.951762074093982058e-01
-4.784995700768772675e-01 -2.051357691134030603e-01 1.990408234506834406e-01
-1.334818797535648693e+00 5.682201859152986589e-01 -1.756901483475159065e+00
-5.088883043082571556e-01 1.169401583692359470e+00 -7.535919283008776226e-01
-1.027859446613520911e+00 7.499007622853594013e-01 -4.586909049954215334e-01
1.883467393819415747e+00 1.998789700595059005e+00 8.034128680501373410e-02
8.160425906060275736e-01 -1.024970447107974136e+00 1.137561224973224761e+00
5.401566327453699579e-01 7.890496438826856140e-01 -1.060738580187934321e+00
-9.081378915444413558e-01 8.697258717996536603e-01 6.410127055272853980e-01
-4.612848008909714581e-01 1.491822446965848536e+00 1.084592250637384625e+00
-1.150329099199706162e+00 1.630060214242310845e+00 -4.509841777517187289e-01
-2.202112453720403096e+00 1.097770478892561741e+00 1.273621336730170306e+00
2.484747307303265262e-01 1.696409103899195525e+00 1.118689555878884301e+00
7.066807484197318127e-03 8.803192104355084258e-02 4.799178561134090915e-01
1.001434856868956613e+00 1.056528649182645108e+00 -1.407455612095049213e+00
-4.630259895676904769e-01 2.020961193806547485e+00 1.005404355626503099e+00
-1.294186747374243662e+00 7.518389910001170851e-01 8.131249575927850248e-01
2.158215435164476670e-01 1.535710649507424863e+00 -1.283758455340830107e+00
-3.549297120512354825e-02 5.716392284139999447e-01 1.933106083809261744e+00
7.185737306399201385e-01 -7.851105997339929976e-02 1.215294651793122904e+00
-3.809491428596172291e-01 1.545217846107778570e+00 2.550029616267849297e-01
-4.608604434419957263e-01 6.565371000868807094e-01 2.748195135074723794e+00
6.779366046184430727e-01 -4.414381010647967507e-01 1.947543081273335197e+00
-2.126352357259855275e-01 -2.385552586243529782e-01 9.271519106844250402e-01
6.178434819710928450e-01 -1.249633024167317252e+00 3.139484523066135679e+00
-2.352041203435388181e-02 -1.631320783869130153e+00 7.878477399357861621e-01
9.681184521034470469e-01 5.684271548191408563e-01 -1.371400494226936662e+00
7.728190694552012907e-01 2.790002547158141888e-01 9.926175383010462649e-01
1.962276918790741620e+00 4.036796083913041233e-01 2.302406293589962516e-01
1.964829308626604654e+00 9.955458546326134694e-02 -8.017998232251617383e-03
-1.934146960343265942e-01 1.666907160374636598e+00 5.373937115849926061e-01
7.350110697163680928e-01 -4.342393540013651521e-01 -4.856033235842399098e-01
2.840288505184532589e-02 -1.074423843774557907e+00 6.507048271119253435e-01
-1.433760057749473127e+00 -3.734146638876589264e-01 1.858949224132964151e+00
3.362179421322653572e-01 -7.897481745374416162e-01 9.719387116131652515e-01
2.268342556446566682e+00 7.564775259430814858e-01 1.071282694575887762e+00
-1.227863075081108979e-01 3.292299725496418139e-01 1.929130711849977198e+00
6.814603679096575828e-02 7.668058651380407209e-01 8.106024650884399163e-01
-7.428876469827900841e-01 1.380041928507118820e+00 -1.060363562515132113e-01
1.532644028513350243e+00 4.291206634550957522e-01 -1.307966396675324772e+00
-1.201420653009913408e+00 -3.108240544928244642e-01 4.814669977708295120e-03
1.377489328242184508e+00 7.694433391909963893e-01 -4.223801264903623842e-01
9.067618546161407833e-01 6.473265056500994152e-01 -1.432390197895182071e+00
5.387511259105614014e-01 6.978958002730693000e-01 6.290037593979233566e-02
1.085100771516171875e-01 9.865629472829380298e-01 5.330168772098884400e-01
-2.249902868995096394e+00 -1.228009913578173906e+00 7.282560861488580617e-01
-8.202402008466448402e-01 -1.401166369047199378e+00 1.797340590064614219e+00
4.074529609124839524e-01 -8.296024715954425366e-01 -3.813340115166810040e-01
-1.736907686874190393e+00 -7.820564508431758766e-01 2.579890102181089606e+00
-9.281527897422153783e-01 1.585603767054016011e-01 7.334260377150106924e-01
1.781392977041529324e-01 -2.006217403972383018e+00 8.982825466055660568e-01
1.525746280911989050e+00 -6.207669089977566612e-01 2.598893976780376924e+00
4.729576273620331173e-01 -9.819365416949248360e-01 4.984050902575282160e-01
2.310020004977225427e-01 4.901172949814333046e-01 3.844113604933895312e-01
1.555090951047942704e+00 1.277073138229225080e+00 -1.482229411983158052e+00
-1.175938093130865503e-01 8.984590009463208071e-01 -1.092381244406817054e-01
3.974251344896149174e-01 7.125922304906933125e-01 1.198185772764897683e+00
3.350762904195380698e-01 3.752639838768969116e-01 -3.960610829390360799e-01
2.356677260803968110e+00 2.282458572761742743e-01 1.095240222012008990e+00
1.316755722686140162e+00 3.892903747914728818e-01 -1.467207112798551982e+00
-1.265553044795224569e+00 -6.982902407581386139e-01 -7.623504210187677377e-02
-6.624734695807810159e-01 -8.053802591589760418e-01 4.268158093646569062e-01
3.423135006092337118e-02 -2.150391399912712498e-01 -2.065918539017002065e+00
2.454978244838834200e+00 -2.054056347476637401e-01 -3.146252155420272700e-01
6.260974155279230846e-01 6.163789227615382726e-01 -8.113237142778977340e-01
2.335565501352201867e+00 -1.361896407812593246e+00 7.678437148941104073e-01
3.723051303414097735e-01 3.849394602055379311e-01 -3.738656332884613409e-01
6.681292514155219298e-01 1.286101807791706797e+00 -1.786891436759736607e-01
2.800349515749188001e+00 5.770382507306621722e-01 -1.334814741400200677e-01
-9.484895358362988027e-02 -3.620330824109695977e-01 5.996176354457696256e-01
-6.742526405018616220e-01 -4.573713651371554278e-01 -2.090095304465578174e-01
6.326817736878372900e-01 7.523636564724177633e-01 -1.962492655222563442e+00
1.991590970004555761e+00 -1.065726212178554233e+00 -9.371959139346968115e-01
1.642520084064132302e+00 1.181311318814876471e-01 -1.361098934637097191e-01
-1.673683821944114136e+00 -1.121632539431556275e+00 1.133080866568845213e+00
-1.600825065953875581e-01 -5.062788256940068399e-01 8.266913675725882094e-01
-9.647287493357592503e-01 1.765663637461396984e+00 -1.396250339188003009e+00
1.202999750244935440e+00 4.324054685856452140e-01 7.399063632605958896e-01
3.642585680144099225e-01 1.631618919996243200e+00 5.093087606094471864e-01
-2.865807223740185483e-01 4.716474486051521753e-01 1.800115480629201764e-02
1.592009526743865644e+00 -3.189754827939818016e-01 -5.327045325001160681e-01
1.928726622913178312e-01 5.551949309750969785e-01 1.957597202071943654e+00
1.013009846366602185e+00 6.966118561207017557e-01 5.007661619852166179e-01
-9.862136116887162407e-01 -8.086972544695150700e-02 1.193297286506338040e+00
2.495089133256594705e-01 1.543382187988336263e+00 -5.817102358067942625e-01
-2.334653581581323523e-01 1.660107674031981728e-01 -1.078718696107694441e-01
6.923332609121494174e-01 5.597021189513904371e-01 -2.133294574441136071e-01
5.098375475464138606e-01 6.127217318688903402e-01 -9.756958696689091992e-01
-5.382276115373239682e-03 7.693208936906382744e-01 1.069483243460031208e+00
5.577622564910456049e-01 1.210530816607506166e+00 6.621761869062590955e-02
1.433304617298924111e+00 5.367789663076573126e-01 3.662777006109506628e-01
-1.859968479192773694e-01 3.429685884932736073e+00 -8.387294471954941377e-01
9.660978897561847134e-01 7.583540224157507836e-01 -9.442270125967484606e-01
-1.113467618223252353e+00 4.649749942361479094e-01 1.089599937851875033e+00
1.021835301803732499e+00 -8.744752560179798184e-01 1.060625159672412776e+00
1.625757915711341539e+00 -1.703942152169905633e+00 -1.571311015462311556e+00
5.629433434728348118e-01 -1.290473436257406625e-01 6.709641688339765819e-01
1.839338919116776383e-01 -5.907644550169556252e-01 2.128195066029462623e+00
1.674922086484067207e-01 1.366884174348502290e+00 -8.242025453472117125e-01
-3.464007321933813555e-01 1.368707650728935299e+00 -7.170106731324803473e-01
4.981406713638610873e-01 9.137504529162262523e-01 -2.848221665576965433e-01
1.857568304542479787e+00 2.805824748978615890e-01 2.461270758194790687e-01
4.300222347006818602e+00 -3.099160871885707769e-01 -8.310991986079639959e-01
4.820879773985378702e-02 7.263273393430875746e-01 -5.067638507763437827e-01
8.066546589018404045e-01 -1.427120623469826377e+00 5.836651863710189403e-01
1.094166357514667620e+00 -1.874384814928014842e-01 -7.697288902869863225e-01
-4.268347396307045627e-01 1.015978172940102953e+00 -1.348620599964284184e+00
-7.103874592930496945e-01 2.283175439138633855e-01 -8.460544470677198170e-01
-7.669668866687624487e-01 -1.275446469621603018e+00 1.205025700902979224e+00
1.880334027994462698e+00 -6.767978948796871119e-01 -2.661431126663159064e-01
-8.679181550606770434e-01 7.465842735278097608e-01 -3.706453326979275431e-01
5.359602952483255578e-01 1.298600236494217963e+00 7.032356562377225506e-01
7.075720715550886109e-01 1.144705742845457674e+00 -6.534630599153368191e-01
1.796537705170856564e-02 1.503678598089174034e+00 -1.329703779185291035e+00
8.210505027355138874e-02 1.006546703479150318e-01 1.393715966716085664e+00
7.117260178911662960e-01 2.602022458253832049e+00 1.471740125848735925e+00
7.957068540737974871e-01 4.082128998251957075e-01 2.301396171026690141e+00
6.121460268388864145e-01 1.061567080537771712e+00 -3.059184806361094022e+00
-8.713280535770362434e-03 2.092316893772068198e+00 -9.299323022084501345e-01
-7.165914603420401319e-01 1.019243793639904361e+00 2.092705147377685593e-01
-3.966235799220951819e-01 1.422400817204473311e+00 -3.138378106006373125e-01
-1.080627166970093089e+00 -1.627835594434484223e+00 3.073097929950499463e+00
-1.842952004497935559e-01 1.226436879899517107e+00 3.395352899055823492e-01
6.114799798145456045e-01 -2.498606494989404347e-01 -7.191719661021227505e-01
7.740497304200559814e-01 2.758084138781909458e-02 1.884457275216245620e+00
7.035026680051262860e-01 1.209944211885219945e+00 1.749063285492829800e-01
2.087519245307406734e+00 6.935953284117709616e-01 2.926579227783937309e+00
1.262528416283898558e+00 1.088479277907839632e-01 -1.294565236501712402e+00
2.031531246905631694e+00 -1.531595812490537944e-01 4.881522726133776802e-01
-2.441686298593555460e+00 -2.529170154193792208e-01 -1.343128405536218040e-01
7.608863266022561911e-01 -2.686044689430173271e+00 4.598599044173348194e-01
1.981748388961022789e+00 -1.534546238946158381e+00 9.007268145791295089e-01
5.734136706091452762e-01 -5.869304967640560644e-01 1.684669961981676956e+00
-1.913354986418130732e+00 1.861165966485953227e+00 2.796819304433325049e-01
5.853040240652703785e-01 5.028745769036679913e-02 8.853265002940179373e-01
-1.388398567780450010e+00 1.525974033667307217e-01 8.561944584348457621e-02
1.958581475116013548e-01 2.195684291108342734e+00 2.820630742510925049e-01
9.672842750770597187e-01 3.524621819064099326e-01 4.752571537475959174e-01
1.292106171633442324e+00 1.699732008603411337e+00 5.186294473698087326e-02
4.344439899347903866e-01 2.013172439334099728e+00 -1.863723956861033537e+00
5.819931823607620291e-01 5.688088932212670423e-01 -1.306983399101602217e-01
1.565867942704741278e+00 6.098034706302025709e-01 -7.088571742285355581e-01
-1.623681385753634077e+00 9.122274977960134201e-01 1.605488447671927776e+00
9.629583604940947783e-01 6.248870314070521514e-01 -8.789340478884263841e-02
-1.009347338838886055e+00 7.863884939972307642e-01 -8.455803491987502474e-01
-4.345822221012873299e-01 4.210513648996534464e-01 8.475982208672294682e-02
3.026824662616094952e-01 -1.609804387777755919e+00 -5.305972399733072109e-02
8.632866444733645617e-01 7.301747161908554995e-01 8.611814694904184053e-01
-4.446491166255426286e-01 -7.781719354687030021e-01 -1.095179487223761905e+00
7.585870942703025754e-01 1.084613448404267544e+00 -5.063059527305379115e-01
-1.403235834038558671e-01 1.286002194272578003e-01 8.375856059454597213e-01
1.515140908034732781e-01 -9.309829655665291526e-01 -1.653535483153891317e+00
1.877937157536911095e-01 1.513249489563099681e+00 1.542479731342540461e+00
1.765019566313228427e+00 -9.022632961943906071e-01 3.642521590075659121e-02
-1.283712105060072772e-01 1.128667777801359628e+00 1.055043168647297747e-01
-9.902901068546073882e-01 7.031794418839169836e-02 1.004545024905833639e+00
1.767634721257381081e+00 -2.597360645515042754e-01 -1.642039145383790588e+00
1.492177647287648679e+00 5.969412251520472834e-01 1.248336688495211400e+00
-1.514863447323989032e+00 1.297565336591510743e-02 -3.144536026632425152e-01
1.522733343843030829e+00 4.784840226914345296e-01 1.548271273146388127e+00
9.183593531346829764e-01 -5.462254160059138997e-01 6.571596926665775884e-01
3.152090961473000608e+00 6.332698677791360753e-01 -1.603616411767803951e-01
8.938440904578577595e-02 3.180181642472221931e-02 9.136314558952559617e-01
6.025655964703858780e-01 -4.857643088485796845e-02 7.360411260158952751e-02
-6.347098215531372656e-01 -1.279328697572605297e-02 5.199867674028353370e-01
-7.661820731431923104e-01 1.402931671595776697e+00 1.002722289061591443e+00
8.747683014423355274e-01 7.088470198350154128e-01 -4.962752855435699217e-01
5.043425645730604812e-01 1.441547504576889738e+00 -1.097064389242787597e+00
1.696573755757964319e+00 2.095373493445251256e+00 1.013064887042439910e+00
1.614055501010163152e+00 1.247230519575497132e+00 1.158317436832743352e+00
8.847768381952743066e-01 5.300522474614832724e-01 1.074950093030673903e+00
2.284842154181381702e+00 6.539321724421531812e-02 2.845075687879498050e-01
1.256819602816683146e+00 1.406648106083465549e-02 3.596497659084879617e-01
5.073966387292505598e-02 2.674520858612345453e+00 -1.011531952758735864e+00
-3.638802796186371147e-01 -2.161741613542468299e-01 1.664778654263177615e-01
-8.570853796817155812e-02 -6.974103805066182993e-01 1.514380821846931235e-01
2.687421637822207110e+00 1.328448896074851115e-01 1.468462486848999049e+00
3.154561005022529674e+00 -1.781369489577824483e+00 8.860248563489145912e-01
-6.524458034448941124e-01 2.830637384267995049e+00 -9.631700953030738477e-01
