-2.533997827161218463e+00 6.657970436191329444e-02 1.084963313207458091e+00
1.245039202844155923e+00 9.345905575484161343e-01 2.947259698302789332e-01
1.732862245236559851e+00 -1.363895360251052624e+00 1.303886695125664241e+00
-2.312641148975743022e+00 -2.290564724315963030e+00 8.831592668152856707e-01
6.040781239541629377e-01 -2.955968812757699959e-01 -8.847753654067310736e-01
1.219621238173370925e-01 1.636835926348909620e+00 7.563226768173305636e-01
1.188828195063021287e+00 -1.977508818548481817e-02 5.112338017517557009e-01
-2.122542891835287604e-01 -3.402125324499387649e-01 1.895976386848498008e-01
-1.280374140698845808e+00 1.665429385827462139e-01 8.292833423134455817e-01
1.172556639936473966e+00 1.421316637610818209e-02 5.064966612991843586e-01
2.552954721002187455e+00 -9.627699204436818148e-01 1.472834161775933071e+00
-1.433389563172293268e+00 -3.595510118824642998e-01 9.659098749145712537e-01
-8.154674042641469889e-01 -1.321532996273567129e+00 -2.198809446516141186e-01
-1.180565095837485395e-01 -1.411351343721880980e+00 1.019443257209470710e+00
1.497572765866190370e+00 8.039570917163068042e-01 -3.633173654419552534e-01
2.137620828701768172e+00 -3.065587270097990258e-01 1.163339888239733666e+00
2.235547387404329400e-01 -5.061732067479842723e-01 1.939229845810321873e+00
-2.618861979684001251e-01 -7.290173089934184336e-01 8.558820472694413095e-02
-3.767511322166863796e-02 1.293623547246816052e+00 -1.378911459256644267e+00
-1.759607989432970143e+00 -6.189218942464169704e-01 4.008621199043765349e-01
3.472558208293070603e-01 1.826041942608624069e+00 6.510372425771571159e-01
-3.324162270482329817e-01 6.728212162441095101e-01 2.497099803458087575e+00
5.016265507844691607e-01 -2.945074942686318753e-01 8.636784380098270208e-01
2.276694874105400945e+00 1.513858807756659042e+00 2.261228271708267901e+00
-6.813525503892994273e-01 1.932013989297775014e-01 1.703781065060708810e+00
-7.730377343766251519e-01 3.093113484153918180e-01 8.940957888115564911e-01
6.461943735193509397e-01 -1.423200458079877107e-01 8.261280966164045170e-01
4.085899948176818230e-01 -7.636326513002948957e-01 3.400990122729053988e-01
3.582766482344977854e-01 3.282320655139810417e-01 -9.126964205259618934e-01
1.375795811828692372e+00 3.598427035425494913e-01 5.756089803953695627e-01
4.435707295824355967e-01 -6.142463847850446745e-01 9.193363527366338328e-01
-5.991858460001457942e-01 -3.238636703400591954e-01 -1.870386477815005444e+00
-1.568622318173369667e-01 -9.501358775898912645e-01 6.179643598593108633e-01
2.580583958908646558e-01 -5.515564195310084239e-01 -8.153176841133871200e-01
8.188738153885608551e-01 9.008253398056415007e-01 6.899011511454432588e-01
2.225570079999321216e+00 7.820870892935774532e-02 -6.360263952423752531e-01
-9.072985082583997496e-01 1.490276966317227725e-02 2.639858893892673697e-01
-6.122605976074689815e-01 1.277966715343082482e+00 5.765275878329774173e-01
1.623721391400980041e+00 5.907458105688465633e-01 2.735590923010655651e-02
4.314792480324896040e-01 3.881525121943744105e-01 -3.668803426439907756e-01
1.158182353200545744e+00 2.038399596058639296e-01 1.828035695695882312e+00
1.247263486632379514e-01 3.622787304008002196e-01 1.799090740336335426e+00
-2.632281410802904675e-01 -1.021167346368681006e+00 2.296212858411076141e+00
-5.843635924890488997e-01 -9.498057402300245089e-01 -1.799356275975662278e+00
-1.327634805837528242e+00 7.775904370109368857e-01 1.650170941663741786e+00
4.916270385780370233e-01 2.953617329789914314e-01 3.177016566081243276e-01
-2.856084076955216489e-01 -8.784820568134451557e-01 6.909486929885837458e-01
1.694416877895159601e+00 8.838370714812748830e-01 7.456434618877380016e-01
1.070463060528581423e+00 2.699443315237046281e+00 4.702275890132369129e-01
-5.361793826275539077e-02 2.143051263827970399e+00 6.396307838495878251e-01
1.350061072263154971e+00 2.448721689427862280e+00 -3.854785808643352296e-01
2.000083355750265302e+00 2.154830824183797233e+00 -4.662464384019195940e-01
-1.962895550005385514e+00 9.198153961889454777e-01 9.563926943178179263e-01
-1.762561549622291557e-01 -2.915027331593300630e-02 9.626358076045875289e-02
2.500101913502879469e+00 1.036052973839067137e+00 4.349391161723485943e-01
8.088324670664152893e-02 1.567992832860412911e+00 1.172284704831552560e+00
-1.157354444240562774e+00 -6.858734241590642711e-01 7.617530330628197177e-01
1.010388468041701460e+00 -6.689292897326594156e-01 1.039869498183386254e+00
2.099022707361594797e+00 3.418204409395612653e-01 4.301952505165006491e-01
4.307061076151833534e-01 2.213691631757120692e+00 -1.135723480293356458e+00
-2.771858898312714592e-01 1.815138239571363610e-02 -5.812458818844983277e-01
6.527249212906069964e-01 7.707705839077758636e-01 -5.219109284118196301e-01
1.998948725591549902e+00 -6.606802416479914397e-01 1.557241792460380525e+00
-2.574451036087420097e-01 3.299313532683491035e-01 7.370293292328871093e-01
9.936068240341471292e-01 -8.493922987687167747e-02 1.750838693857697803e-01
1.040482176893819055e+00 5.779849718600176267e-01 1.931369669647978182e-01
-4.137473290164312978e-01 8.587486979319844949e-01 1.676739720878044793e+00
-7.924724471887334420e-01 -2.333597096974147356e-01 9.347234961081873905e-01
-9.283685051192928084e-01 -2.860208247047897959e-02 1.400641515842764750e+00
3.418630040611120302e-01 -1.005345376216638886e+00 7.308077051684255254e-01
-1.731222930050611897e+00 -6.747543129633783998e-01 2.496535948012775119e+00
1.189022032110425009e+00 -1.415318636736188906e-01 4.942704927790210201e-01
2.384596133197747492e-01 4.741435901985333601e-01 -6.894463057278995555e-01
-2.444905685525931904e+00 5.594019316099045902e-01 -6.459849300107471937e-01
1.801644492624993876e-01 1.338910190224791963e+00 3.724315073455640168e-01
-8.846876178466489549e-02 6.927120665981931769e-01 -2.909119559273185551e-01
-5.418307556593876528e-01 6.325267972063562949e-01 1.065188671609765159e+00
1.612895617220757583e+00 -4.354251652788979077e-02 -1.474111869454441726e+00
2.824951839198425851e+00 7.683292158769802205e-01 1.138143860680456587e+00
7.323193716609590620e-01 2.625382551264497710e+00 -1.097002836532467440e-01
1.449223686725066018e-01 1.814810196767448591e+00 8.234017910956739628e-02
8.991430250823434500e-02 8.188399700161004269e-01 -1.511781896383698198e+00
-5.141414624858271498e-01 -7.971575737004736872e-01 1.111292660707991597e+00
-1.178392860577992529e+00 -5.833257073382926983e-01 -1.042574771455616389e+00
1.943448822992556835e+00 4.177986108926448061e-01 -1.425130958849502250e+00
1.741817018605950340e-01 1.060448166688858995e+00 1.282344625184964171e+00
1.486505650317161698e-01 4.167634943974969364e-01 1.588111795711921459e-01
1.018403006551126255e+00 -1.930806241376702204e+00 1.209184569303186407e+00
2.251646121137934053e-01 8.236212072148212382e-01 -1.260716154265961286e+00
2.088466280723677848e-01 -1.360837342656500581e+00 6.651937040471429530e-01
1.500838925742969732e+00 -3.584466997382892983e-01 -1.248086266801768929e-01
6.772209028996798441e-01 4.905719318184761923e-01 -8.114403743241266342e-01
-1.584875447190642550e+00 1.162139992441617142e+00 -1.520726124687601599e+00
-1.952637570146198431e-01 1.206675930375075700e-01 7.124953462989768171e-01
-3.618775477388357920e-01 -4.647511004735687679e-01 4.214098558093620994e+00
2.308442868308119011e-01 1.246135302009933721e+00 -3.814028688540165302e-01
-5.436978570794686050e-01 2.615602990830596219e+00 -5.028408129965205031e-01
-1.466563342397084968e+00 -1.686446909377603776e+00 2.239771014809694094e+00
3.580405356573713727e-01 -1.264846977283390350e+00 -8.668310314564362518e-01
-5.789767515424343314e-01 1.996525380196872534e+00 1.786248714616107236e+00
-1.573028936529346833e+00 9.805167740518618835e-01 1.451155766497168598e-01
8.862189368721787863e-01 4.401738013176998421e-01 -2.416156423621255822e+00
-2.691883040242073921e+00 1.991505119906423094e+00 1.142866030416068490e+00
8.188667699786215115e-01 2.935843008962804035e-01 -1.746339947240286850e-01
7.690198926334166352e-01 1.531100094361019348e+00 -9.015237077192110871e-01
-1.745222454314954375e+00 1.063596777902003687e+00 -4.287574294944779818e-01
-9.268364166802580684e-01 1.390826754501225615e+00 1.646046631373009328e-01
1.312628971404151246e+00 1.407414776150520463e+00 1.143670767586540737e+00
9.354121934453483167e-01 -5.247209412541966461e-02 -1.702597935128454532e-01
-1.781709288150850612e-01 -1.010711287522362056e+00 1.153808264900911373e+00
-1.292914491047760794e-01 5.021231224779626467e-01 1.074284874718990146e+00
-8.815594790471575903e-01 -4.174425252385684931e-02 1.323971981921841401e+00
5.030434305354953839e-01 2.341267498197503460e+00 2.900711956748467379e+00
2.119553927605997146e+00 1.654387259842879265e+00 -4.838429334553904781e-01
-1.332982593447258890e-01 -1.317743457634383830e-01 1.209618065309038704e+00
2.174425661843701896e+00 3.499426584907104898e-01 1.480616879115640439e-01
1.708547603889946753e+00 1.822069349832834639e+00 1.662320859937280293e+00
1.676041537232386691e+00 -9.038943516902023800e-01 7.595071408262723534e-01
1.469371646020076083e+00 -1.072070804435393959e-01 -3.092137994604198248e-01
1.223475355200333015e-01 3.709236080429546001e-01 -1.170442106824533202e+00
5.674741396067362054e-01 -3.599911181790080850e-01 -7.970953696781639675e-01
-1.350988743179559748e+00 -1.965689246825830794e-01 1.865791051344718454e+00
9.302258652400199335e-01 -6.909304501308610735e-01 8.877450512481419587e-01
-4.712099068512938804e-01 -6.781229688627798957e-01 1.380411555043590921e+00
1.829821563325812583e+00 -4.282869957409400907e-01 -3.248157733930191693e+00
-5.393437674212626654e-01 -8.976464809372979303e-01 1.803617157650608149e+00
1.484385478424741223e+00 1.299371115432603974e+00 4.594559620858117421e-01
-8.554463226187545288e-01 -5.385474841470621055e-01 1.087541520182190968e+00
-1.623640808683582071e+00 1.101029315905610595e-01 1.328499505218655174e-01
1.831085725687949139e+00 -2.770568065752800901e-01 -1.287341117264840573e+00
1.861499680679413293e+00 -1.110340100937873942e+00 -9.705362956073164682e-01
4.504097116110836185e-01 5.502429106270090298e-01 1.209044767558377087e+00
4.302970163913977242e-01 9.443290280916114554e-01 -1.448924755359355609e+00
5.572827517219670623e-01 -1.363026645137675463e-01 1.362592502725239019e+00
-1.415838207475021981e+00 -4.459997369370763964e-01 2.380491507908542470e+00
-1.259878159662280561e+00 2.281357273086195292e-01 1.406652490275873024e+00
2.227990776624899638e+00 2.981576133732876666e-01 -4.132545809620180033e-01
2.995961045536194023e-01 -1.119455519652980957e+00 2.332133937136746660e-01
9.101487616192729391e-01 -8.002437703155950155e-01 5.951051869561382324e-01
-1.047250812172564105e+00 3.140646725594413269e+00 1.174595218518726281e+00
-1.576478916566716348e+00 1.150626550076301546e+00 6.139806097034381516e-01
1.036143834481263237e+00 4.066463959090156621e-02 -1.179521794568010318e+00
-1.099568664639434257e+00 5.037922915154375847e-01 -5.633205956347996368e-01
4.773305908241842199e-01 -6.425858393709478200e-01 9.913342801509679170e-01
1.368832895665450078e+00 7.302900618865667548e-01 -2.815752933826559667e-01
9.713469078378781374e-01 1.814701219021919831e+00 -8.949470655410469710e-01
9.867105561037182726e-01 -2.418467357646043592e-01 1.316043703536582177e+00
6.710391781598502581e-01 3.126275918661523545e-01 2.229100443617549221e+00
-1.167179460099928789e+00 -7.229808749180738348e-01 1.255888655642773077e+00
1.046329898837671468e+00 1.375100785825266403e+00 9.616704225143965501e-02
1.177614023698701912e-01 -1.061169555978707102e-01 1.551114785400003138e+00
5.930609163791544791e-01 -1.829298920866129219e+00 1.320294448655739528e+00
7.672443692448666086e-02 -1.180824001386656663e+00 -2.444008351469009188e-01
1.143409866355888704e+00 -8.126414814714142398e-01 -9.916747383366927848e-02
-4.313192729322878893e-01 -1.328629614294046801e+00 -5.415090150264868785e-02
3.114552963901870974e+00 -2.473561285518358910e-01 -6.357617337310198513e-01
4.156610139824046257e-03 4.065932063332010626e-01 7.366784481715097366e-01
2.061241698134479883e+00 -5.455852302305386203e-02 -1.405785512630800094e+00
1.960080954663562469e+00 -7.161822379218457657e-01 -9.453651516117793641e-01
1.245419578505613689e+00 2.801828063911732114e-01 -4.509709604583243547e-01
8.820976827007052101e-01 1.353090041356679540e+00 1.156399730647958535e+00
-2.448997863797998775e+00 9.967299003048003536e-01 4.508210093389514728e-01
2.796165817219417593e-02 1.097705451150039258e+00 1.875781455683172227e+00
-1.432060943686059851e-01 1.438797349605499987e+00 -8.061702443706426635e-01
6.961437696973047373e-01 1.808449928764946923e-01 2.024728594250970293e+00
-7.715302626488491633e-01 9.873593676660601393e-01 -3.204263967466889906e-01
1.382804707748802819e+00 9.323183310936369872e-02 -8.096513497684321159e-02
1.425203433470465519e-01 5.018821641998546523e-01 -1.656782001412897332e+00
2.800050021494014940e-01 -2.078036448302124750e+00 3.743981069968482789e-01
1.772138501525484244e+00 -3.504994999066345929e-01 -1.839583327909699584e-01
4.621178818535339600e-02 -6.053683728855017154e-01 1.341854167725051727e+00
9.043677304861584831e-01 9.993372227646643013e-01 3.935153382539842148e-01
-1.489358036297372845e+00 -3.817538211830706074e-01 1.626756384753973661e+00
-1.813298180609441701e+00 -6.023445964072776659e-01 2.336700274749581752e+00
2.089251899494228404e+00 -2.517276308020415798e-01 -1.148767967868237871e+00
-1.883128780976649902e-02 6.941677318667066610e-01 1.403978929270689902e+00
-6.261641041151887466e-01 2.186616790221532103e+00 9.565648880458355041e-01
-4.924811097589706366e-01 1.658762181879462061e-01 -1.481965176656849792e-01
3.345175450329051503e-01 1.915072258928109283e+00 2.985701552748563081e+00
1.003564071177004413e+00 -8.639851392654112061e-01 -5.638883889534164195e-01
7.927010854942639906e-01 -1.113414033866146347e-01 3.409161329569814214e-01
-1.079339678321008744e+00 -1.635600024475906800e+00 8.909366747393859809e-01
1.748324375465827529e+00 -1.238301250895498695e+00 6.096054640266583835e-01
8.625526583536402558e-01 -5.980886509854786981e-01 -1.199399345048518084e+00
-1.352274032906298495e-01 -4.920932997988926028e-01 9.473366981906734541e-01
-7.753644890013314805e-01 1.113946415920796795e+00 2.405449627453962513e+00
2.439032425121403502e-01 1.260513997810762676e+00 4.567576111507797298e-01
9.046398757272190450e-01 1.720220382188154318e+00 7.312827594202608861e-01
8.575742524375440379e-02 -1.921962543617431685e+00 -1.397673337109863301e+00
-5.715613693650246629e-01 1.175097464423667387e-01 1.265947858656468750e-01
-3.182295429883512106e-01 -9.869059326381934838e-01 1.137293522321521477e+00
8.241441718327943144e-01 8.991701774981085693e-01 2.671054366346376163e+00
-5.509167454972903055e-01 2.590803834331501521e-01 5.283220066675656801e-01
-5.139759035808517673e-01 -6.860075587964896693e-01 9.260864868099411007e-01
1.309646562805977243e-01 1.015047551833337808e-01 -8.141810745154431928e-01
1.816058930760229062e+00 -1.276647124414426182e+00 1.210859535466387582e+00
9.906523622814716878e-01 2.222404254704422877e-01 -5.493394563203514158e-01
2.361670276049562034e+00 -7.332169385829601094e-01 7.021438031126293611e-01
-1.081219301027561919e+00 -4.019150840101559652e-01 9.906561784423291162e-01
-1.652721416810821187e-01 -5.764728245906438620e-01 1.273431449818715366e+00
4.825758568388616165e-01 -1.527903616571358647e+00 5.281800556545742653e-01
2.427583569583992684e+00 -5.328115615817969886e-01 -1.188892576558318703e+00
1.363083246398976156e+00 1.406577491492957854e+00 9.366551132706478766e-01
1.449329621369565668e+00 -4.580484231468971990e-01 -3.122228992113170731e-01
-3.560804606376850034e-01 2.642331521052532217e-03 1.093753304919828029e+00
-8.563594515430315024e-01 7.203344678360551478e-01 -8.410853734264667203e-02
-1.389283731440386749e+00 2.034067661227140889e+00 3.071733087835986087e-01
2.341738582070312102e-01 1.617078703631620595e-01 -7.236952676541490437e-01
2.079111757783478898e-01 2.087331902255956106e-01 7.768441727075648950e-01
1.317028911053189866e+00 2.113308344020351642e-02 1.081096437715440839e+00
-4.328431995102950403e-01 1.176468746187617764e+00 4.259399089896075408e-01
6.807586240637228947e-01 -3.507109428938585127e-01 5.365584783449383055e-01
-4.633215000642512127e-01 3.503324579525598503e-01 1.186007696668406997e+00
2.914156249764178197e-01 2.284626010311423538e+00 -1.222446496483270195e+00
3.611496038204518033e-01 -1.493181082998266129e-01 1.462323079141112814e+00
-1.396974827718323153e+00 1.149072829879103974e+00 4.422247059051408469e-01
-1.363376166762384489e-01 1.505116455196168435e+00 2.310914481112779639e-01
1.409090775117241678e+00 1.569369546713543562e+00 1.028583068925973398e+00
-7.587925416252440103e-01 2.782549811074916057e+00 -3.621492203908788787e-01
2.275616779357064745e-01 2.262684325311078215e+00 -9.301309750220319028e-01
-1.105169674914637107e-01 -7.395395935661833731e-01 1.332256107880296359e+00
1.813752700405604656e+00 9.733051699505026466e-01 8.199192208878426369e-01
-4.120039028663093350e-01 8.871346141663307705e-01 6.128432111940318450e-01
-7.434093431601904722e-01 -1.903894241190499104e-01 2.246776322760697386e+00
-4.020306309733427952e-01 -1.202932536900836569e+00 -5.610119771583362835e-01
-5.144709796478297292e-03 -5.216795327356638090e-01 1.125258571100185900e+00
5.263135761558918047e-01 9.495516729813494594e-01 -1.350139880309138007e-01
-8.478831427712493762e-02 2.850371155856514793e-01 -9.017968506415793284e-01
2.640450306766802258e-01 8.983450885791061102e-01 -1.876763473884710542e+00
-1.874198988280982234e-02 1.040386613333244892e+00 3.053011924467878280e-01
2.547159941065101352e-01 4.374844026988662371e-01 2.766435439382170625e+00
2.843161961723725817e-01 -5.680759721951014196e-01 2.081594507202404909e+00
1.146249277774143427e-01 9.744424304547641968e-01 1.134613538510055752e+00
-2.471748137106689613e-01 -5.430223163762734062e-01 2.653892989421206217e+00
4.246716219414763405e-01 1.794977983646761865e+00 1.308745312777093828e+00
1.128666070022332990e+00 6.874896972795814243e-01 -1.544001406647899921e-01
-1.319784725872632958e+00 3.758627528241730298e-01 -5.103271784453707882e-01
-4.929084993492183209e-02 1.945198866846714170e+00 6.952888138594422174e-02
1.008638907125264828e+00 7.433148686562895957e-01 -1.466166220040567847e-01
-3.187083941542661475e-02 2.316630729319692217e-01 6.453362920075232934e-01
1.694782645413406952e+00 -1.014138623836845499e+00 -1.022066671832500440e+00
-4.470672654274330249e-01 9.168366217017308584e-01 2.748698721935530109e+00
5.194328419515954476e-01 1.524345355598850205e+00 -1.358826194801718401e+00
1.262854043158077033e-01 7.457633969671894070e-01 7.223234746134753470e-01
1.529133624106633560e+00 4.138363659788716342e-01 -1.429524112649310785e+00
1.233281908017910489e+00 7.588124333890833295e-02 -5.799467444461779975e-01
6.406393639271157348e-02 -1.106582827165592114e-01 1.171432696741384755e-01
6.456098474716919222e-01 1.959754105704459015e-01 -5.939757078463840934e-01
-6.397808680090317779e-01 -9.484304096281982732e-02 -6.226208458526357736e-01
5.004451113883412461e-01 -8.335123554782328803e-01 3.357241922146551039e-01
1.418674015715412295e+00 4.793690121143225902e-01 -5.886095609559041097e-01
1.352103068366112382e+00 1.470734600485665844e-01 1.238101482509618378e+00
2.364849782657646726e-01 5.085597454917877291e-01 2.008235287844561512e+00
1.108572809328146169e+00 -1.578774642392661187e+00 1.883050010173835664e+00
-3.674650572676681493e-01 6.282164548634445733e-01 9.297463008500018999e-02
-5.316460117035295418e-01 6.043671469115990957e-01 1.166162917494619977e+00
1.725772540457005122e-01 9.630884262725661893e-01 -6.872618694370739023e-01
-8.973168359451551002e-01 -6.148766964881158953e-02 1.717423467580294627e+00
1.214886217218525744e+00 -5.188620499142529430e-02 -2.801545758071382619e-01
1.712459387746211092e+00 -1.602136809419272279e+00 -1.218044057097845023e+00
8.969000989127000611e-01 1.101280190238967727e+00 -1.140519455580237818e+00
-1.879295876211123095e-01 1.221838816606888090e+00 -2.223493818307374081e-01
2.833841100863432882e-01 5.896576391325747402e-01 1.467117135842000097e+00
6.601237933945173220e-01 1.863593520779131651e+00 1.316644075988506191e-01
-2.680965899292084842e-01 -1.281296955790322212e+00 3.880730844974809579e-01
9.402880961527626535e-01 1.511229307303476599e+00 7.521005493460867219e-01
1.275837592228699080e-01 -5.879315023397572171e-01 7.433801888499248500e-01
5.343109117690123533e-01 9.041028958525579862e-01 2.840057354889561125e+00
1.364412472407906751e+00 5.237967155324254609e-01 -2.127311821513246937e+00
5.702885553360724780e-01 -4.505435703374403023e-01 2.720381708988308667e-01
-2.737431994703256044e-01 8.005400568631076963e-01 1.722068411374208630e+00
-4.164560992978663112e-01 9.387237413740533443e-01 2.826943391287273233e-01
1.100747444835883826e+00 1.588874681155191482e+00 7.004061170328385044e-01
9.850635069242402730e-02 -3.626724722123252920e-01 2.162691717843349792e+00
1.076850466591641631e+00 2.757718349776877576e-01 7.701132772508090252e-01
-4.369135558758385218e-01 -1.754045437629391468e+00 -2.294633594419574596e+00
1.143389242517455218e+00 3.090189071862947667e-01 -1.327647003540999071e+00
8.967113181973550562e-01 4.723416305910543844e-01 2.088562686674089730e-01
1.052172127692400094e-01 5.371199687645680787e-02 9.208053640357731773e-01
5.758848096419416640e-01 7.344940430195072700e-01 5.038586259933791611e-01
6.136738326529072030e-01 2.051062406491980017e+00 1.267993125841677005e+00
2.738575508228253241e+00 -1.414923245615773872e+00 1.988912960810205410e+00
-3.185189221901276735e-01 -5.655455916834965097e-02 3.780308614710796711e-01
9.326556734361984846e-01 5.468809304637179958e-01 -9.136017366854252142e-01
6.067184820254161171e-01 2.978938302162251972e+00 1.699886452731625974e+00
2.437523650708976142e+00 7.348623251771495557e-01 2.818588536372182762e+00
3.900806932271426164e-01 -1.144074384537514533e+00 7.648543153479314682e-01
-5.801074594000522194e-02 2.738123805546228695e+00 -9.860883405604156104e-01
5.451747145375870351e-01 1.230374645915589094e+00 3.707719297690035831e-01
2.780043782414368891e+00 -4.482828752241557052e-02 -3.519511802806104539e-01
1.013610584140592685e+00 2.915657733706548682e-01 1.101574024004664532e+00
-2.934833628314832410e-01 -8.009733721123384331e-01 -1.961337105376539380e+00
-7.524167947527269362e-01 5.405019179257055661e-01 3.961888952220977700e-01
1.066451301681970998e+00 1.599261915311401827e+00 2.163817483953685894e+00
-1.534390854133918403e+00 8.968071241597017629e-01 4.875524772861510731e-02
1.342306683547884072e+00 2.800632916516903048e-01 -8.508341146383092690e-01
1.477596377662927285e+00 1.104188288776358773e+00 -7.093761567511747135e-01
2.394097577645923070e-01 1.094613149556380449e-01 3.754560039994025294e-02
2.604464951484338209e-01 7.003253815369571145e-01 1.128100209204896176e+00
-3.158092094411780321e-02 4.707463641070975813e-01 -7.895637884750601465e-01
5.278112220074601124e-01 -1.658620605263820158e+00 2.385153051561593074e+00
7.107875601063738946e-01 9.459429302741239054e-01 2.080469567604490214e-02
-1.253333973812338131e+00 -4.270039072686836468e-01 9.969290886819967001e-01
2.314116607980782447e+00 -6.687369621645844475e-01 9.908910452626458198e-01
9.879075466911478864e-01 2.870363085595095676e-02 7.028343717865834783e-01
8.041298630297357697e-01 -6.945404468133398179e-01 -5.135717565710621463e-02
-1.742772332721428619e+00 -6.878732493121169078e-01 1.316661203586503515e+00
2.246885292283370195e+00 -4.891746804266076942e-02 9.873811419176059534e-01
1.573677609541034084e+00 2.698281293514352419e-01 -8.077139727927651336e-02
-3.256964247313371974e-01 1.441306797983577415e+00 2.753521828138480454e-01
8.831494176764854709e-01 7.838136428065579642e-01 -7.990297584993254487e-01
1.232272825650869486e+00 -5.966987448236142910e-01 -2.138902309494902898e+00
-2.929318139646757135e-01 -9.457555052994398581e-01 1.959801996471615348e+00
6.368379062103610710e-01 -2.175580036997188937e-01 -1.460192681908946688e-01
-3.868893930556482896e-01 1.348951222119744608e+00 3.804031542254887599e-01
-1.213304553592577051e+00 1.505722046178094686e+00 -5.714614133149223951e-01
1.129933550212951499e+00 -1.143426024470114571e-01 1.797894244879535863e+00
-7.181914962970328276e-01 7.166316519107707173e-01 -2.513681339888237387e-01
-1.233232240314249051e+00 6.498546277261408877e-01 2.778735056346448573e+00
-1.056877218702225729e-01 -6.238882314593788836e-01 -1.294405770497401575e-01
-3.541846912721960394e-02 1.341247560302901154e-01 2.237856221828354197e+00
-3.145599701104248025e-01 1.477527200701242716e-01 4.635085612034015590e-01
4.835797051887582576e-01 4.449875822688095228e-01 9.109401050494712049e-01
1.732573293294202399e+00 1.592662849529743685e+00 -2.402689929921510148e-01
-5.928412697133871312e-01 -6.691419148682072882e-01 2.930400874427626645e-01
1.595167590868971752e+00 -1.036091474593391570e+00 2.298260045531863138e+00
-1.454339589721020065e+00 -1.540785713761085030e-01 -3.432019319779664457e-01
5.203701824487887428e-01 -1.322092323905418976e+00 1.756209780548463883e-01
-3.400999880250883400e-01 5.112747046232926085e-01 5.683862347258109571e-01
1.576380742711133820e+00 -2.333214868841772649e+00 1.168870493838981339e+00
1.212170741326223933e+00 7.860816004665848178e-01 2.694988045634847840e+00
1.009260408652054464e+00 -4.049059993249235490e-01 1.715606768613716415e+00
-8.938989706835990257e-01 -7.104078010013257227e-01 1.817361540315907797e+00
3.053550898757464882e+00 1.872672208950173944e+00 -7.867736316260490748e-01
4.466669517562206759e-01 1.174909980782902208e+00 2.372363827554420379e-01
1.023896813313791787e+00 8.368795558404278356e-01 -3.400792444631701300e-02
-1.528273540037074829e+00 1.261450889524506680e+00 9.205437629588482107e-01
9.613952216999981371e-01 -1.129563853754906866e+00 1.176515569585887544e+00
-2.266523903966060627e-01 2.948373538972950403e-01 -7.007675128077914817e-01
2.672635081204680407e+00 -3.834911114456381886e-01 -2.390068691799978051e-01
2.320683497715716470e+00 4.827620947093204107e-01 -1.590670041430733539e+00
9.682570175207664276e-01 9.545571970792465777e-02 -4.481537616570350768e-01
5.553940636554607901e-02 7.220066199875173618e-01 9.610773772403223836e-01
1.049724962963706432e+00 4.067654747761313971e-01 1.165230474734288091e+00
2.791627723867273203e-01 3.950903113847541448e-01 4.485561708019284444e-01
7.584169201700172724e-01 7.550276805726402474e-01 -4.371156491707706704e-01
1.287707182831010044e+00 6.354050256989224321e-02 1.263958404478603637e+00
-2.397674804841878782e+00 1.366688806323160366e+00 8.196964001793052290e-01
-5.200891838489445362e-01 -6.606035143869209980e-01 -9.795570273381744020e-01
1.210274685932694938e+00 -1.183770473929094846e+00 1.643292816985185922e+00
-2.041743957942572241e+00 1.495353913930585366e+00 1.156726190834724388e+00
1.011651457391215647e+00 6.083434668311513693e-01 5.434505297593287265e-01
1.114392262041755677e+00 1.771367391186801310e+00 -1.312736017153686374e+00
1.907586104672653882e+00 -1.161735210962884235e+00 -6.764274265905497741e-01
4.362701339616049667e-01 -9.793551583104463942e-01 -9.286452326485246100e-01
2.643644637433247180e+00 -1.316188426889186858e-01 1.195305855931372285e+00
3.275360244769078832e-01 -6.117990377251909528e-01 5.434680936073381652e-01
8.110994415290407877e-01 4.897785699115793090e-01 2.036753503336187876e+00
1.359722544759138341e+00 2.614376043274897476e-01 -5.878162631345639627e-02
1.700104758624396833e-02 -1.428543814358692599e-01 1.104514734957170452e+00
1.116032834898976311e+00 5.639407729649725809e-01 1.617361917781180880e+00
1.599189747896248015e+00 -1.996083714585453972e+00 -6.703462399655469861e-01
7.552294546294757716e-02 5.290422955654749959e-01 -1.547507301492173359e-01
1.555777111304176730e+00 -1.413631037576918992e+00 -8.965839850767220315e-03
-1.234120522311084045e+00 1.852599922509963193e+00 2.183928631367913376e+00
1.651050575516879171e+00 -1.048542514319297236e+00 3.010900624793762859e+00
1.577836764312804396e+00 8.285520422460381784e-01 8.846923658548704328e-01
9.197342581192049504e-01 -4.771946828860879064e-01 2.883730242043971437e-01
-5.344821776886313769e-01 -9.832960281114742074e-01 1.419397180935260794e+00
8.188986699553868487e-02 -1.130058633135052171e+00 1.116493380485677811e+00
2.236683078556933324e-01 -2.523077831998986054e-01 -4.677665369940255946e-01
1.237441024291022540e+00 -4.832298355359426201e-01 1.449153352887542434e+00
-1.405715568379513614e-01 8.107179428021356049e-01 -1.609035406076019026e+00
-1.881539714006688957e+00 2.745860784963194412e-01 1.234274375224420073e+00
8.340378616776177312e-01 1.105557572783449016e+00 2.192979909022956253e+00
-1.047039746756590201e-01 8.234657875990172293e-01 -7.161706750368729280e-01
1.633917687666082585e+00 4.298443708774815630e-02 -8.623326143991570936e-01
-9.641825891971007589e-01 1.053651939558057027e+00 5.690159653575220799e-01
-3.000376689703818101e-01 4.161819325772422307e-01 1.437210671330925393e+00
-3.603793196372931940e-01 9.944570870897891934e-01 -1.444191344151579903e+00
7.240500202773221261e-01 1.004450275352906541e+00 3.238416052989958605e-01
4.762710674856241444e-01 1.100601071627746341e+00 -2.511910124860580407e+00
6.960176383064259342e-01 7.179321807779581732e-01 -3.191316554190763433e-01
4.254954739396884372e-02 8.575466423231733470e-01 -1.916408659275203652e+00
1.100410707860202120e+00 -9.979981626414308193e-02 -9.286945523118053103e-01
-1.046912264397457548e+00 1.338036317832644873e+00 -3.183969621327878974e-01
4.380836743957042950e-02 1.877897924442088751e-01 1.458619193063051211e+00
6.140207438870042278e-01 8.098280086834208635e-01 5.054340991379876469e-01
1.501298755738819102e+00 1.341541954819832405e+00 -2.797145094808140553e-01
-2.757610831812093988e-01 2.420148364945052588e+00 -1.028554614280346113e+00
-3.990999956605974230e-02 2.315996854301483943e+00 3.389673573402940954e-01
2.821276673366937549e-01 9.857355382752341910e-02 4.734406820675620686e-01
2.247408385033744516e+00 -2.010025132326267658e-02 2.148840446608945021e-01
1.748889092171366233e+00 -2.527837490054340996e-01 -2.474610226237756727e-01
1.795112256799117900e-01 2.773805642012208694e-01 2.427285937890724554e+00
3.924056683630062770e-01 2.891945057185735246e-01 -8.133780393480662119e-02
-1.168182226833160975e+00 -1.172155775748878526e+00 5.691747074321819311e-02
1.327332869505259083e+00 8.466841631069321750e-01 -6.110016580900710093e-01
1.694496488636805243e+00 3.682964774797642393e-01 7.720680017947521012e-01
-8.936578446954536181e-01 1.923966187076231460e+00 -1.425802732769111847e+00
8.416808012813969953e-01 2.187747334298002500e+00 1.169503640950642076e+00
-9.882110989368519949e-01 1.842844150703931927e+00 -6.748605628566055614e-01
-1.568328857714508251e+00 -9.002024008323912252e-01 2.682222974348448918e+00
2.312329718155769598e+00 2.875765063143320144e-01 3.699316425268334707e-01
1.169182668797951408e+00 5.478141274669283689e-01 1.175318978881991772e+00
-1.085139590145145050e+00 1.534517967611838785e+00 4.537471455061876657e-01
1.380957696517544075e-01 -1.151538069172759693e+00 -4.633888630418036420e-02
1.043218769026725834e+00 -1.902406788840859564e+00 -1.100909949567017987e-01
8.101509222211491501e-01 1.609030971547561251e+00 -9.459811902072156053e-01
3.617997286754446318e-01 -1.635175309652551423e+00 5.944429183283703733e-01
7.255003215219547608e-01 1.468385865636076204e+00 1.607572860624949085e+00
-1.576045419344589193e+00 9.865916347766964245e-01 1.288530466537405328e+00
2.064262684649921908e+00 2.652336264105366048e-01 3.953977952254157935e-01
2.471532933066222446e-02 -8.510873132427554388e-01 3.120830078922041118e+00
-6.484614735552359788e-01 9.238075359429007705e-01 -6.687066318233930717e-02
1.353174837608667747e-01 8.521341434896133604e-01 -5.745668763896153441e-01
-1.251678399812143905e-01 1.999961482753238318e-01 -9.587481652304626900e-01
1.616205685185738261e+00 -5.768416918667014226e-01 -1.813112218009138021e-01
-4.420783463760753484e-01 -6.205266479535178625e-01 2.220105609230489385e-01
1.338815398786049160e+00 -5.641777927042763291e-02 1.665340721752084918e-01
-2.591160563656689786e-01 1.592330145576062783e+00 -7.939178482305083717e-01
2.662029772334498556e+00 9.994595963591232923e-01 8.079097179100312998e-01
-7.845679455900499422e-01 1.989966788784052198e+00 1.509479166400706118e+00
8.965642723639866141e-02 5.860790543367659922e-01 1.434490437158157938e+00
7.326333945934730696e-02 -2.155884568026738002e-01 2.190294467507057252e+00
9.914474845820735460e-01 7.544167960992833599e-01 2.947702089158135141e-01
-3.047052935408446350e-01 5.088196198596450781e-02 -1.221906747344264410e+00
-8.810647386477415965e-01 5.243322176793548950e-01 1.522444698413830899e+00
1.696507410266660631e+00 2.243392720975855570e-01 1.119129713870745446e+00
1.821682907864588807e-01 1.468421201229447970e+00 1.700161839586608492e+00
5.958380508648886131e-01 1.096054206853462665e+00 2.534481439258473578e+00
-4.632597435542081810e-01 -6.375726807368534699e-01 2.619374727155203697e+00
1.187992725046766763e-02 -2.102301813198124147e-01 1.968263758399060315e+00
1.287673597035421835e+00 -5.600854567812335594e-01 6.497838050203950111e-01
2.042598223330274465e-01 1.263451812845357791e+00 3.481362448248710439e-01
-8.110157012417694711e-01 1.528882990813061227e+00 1.124228764308965012e+00
9.958606308806174923e-01 1.855983056697935618e+00 6.835889150611191845e-01
1.952677430297578010e+00 5.121357000792938763e-01 1.289733227637676727e+00
-2.163192649557751146e+00 1.244275345801560961e+00 2.726605337847143318e-01
-8.374989259902930749e-01 2.823933478685336507e-02 -3.529680992393569583e-01
-3.790594765086873763e-01 1.514144104581744088e+00 1.109146139193387670e-01
5.664578140566597364e-01 1.373825169582466366e+00 -4.976607156552481093e-01
1.711888258015674014e+00 1.219610153468047686e+00 3.600378544530928315e-01
7.519219607702438690e-01 1.002427454268929097e+00 1.454742333745035587e+00
2.031454635044330992e+00 -1.113597149220235005e+00 -7.250412496193056056e-01
3.628573835336361686e-01 1.275392008509046882e+00 -3.122322571666598379e-02
1.265829389844479014e+00 -6.272702915332757367e-01 -1.162741121189215132e+00
-4.851760428079934240e-01 -2.487895750308390941e-01 -4.289367085683233882e-01
-7.662179556163432048e-01 -1.669518954514364883e-01 1.799749756110974541e+00
1.673974383977846481e+00 2.423248301730232868e+00 4.046095168278892595e-01
8.861925450151787453e-01 -4.793258916895344335e-01 7.143603223360884824e-01
-2.474394471975835064e+00 5.489238096866111416e-01 -9.980716264605693500e-01
8.781275286338782182e-01 1.443665975454565820e-01 8.833297481386976902e-01
1.361036156277722897e+00 1.181352549230969551e-01 1.388651935209976651e+00
2.297473250641672848e+00 -3.199346491880130650e-01 1.030104132211217438e+00
1.422395557602635918e+00 7.318464377297687617e-01 2.937741804077922958e-01
1.780508441321198454e+00 9.448564627442171959e-01 -1.566778805364423821e+00
2.288256182066409572e+00 -8.085373756665424627e-02 3.516223936143291207e-01
4.230517292941172736e-01 2.856387055187238344e-01 -8.973553110910610364e-01
6.163690035662365840e-01 -6.628007020035531216e-01 -1.610237944672028298e+00
-1.952235397013777796e+00 -6.971624257469830610e-01 3.812039749491014096e-01
4.785755777168795855e-01 3.671053372064973175e+00 2.928939267042742975e-02
1.370697170519850738e+00 -4.738640863816990789e-01 3.496931092565823018e+00
-3.877683682530820852e-01 1.440042571573050711e+00 -1.715366180424185427e-01
-8.860485332273300152e-01 -9.841244485098563644e-01 -1.852111581035793098e+00
7.135142593663043042e-01 -3.526000467929982785e-01 1.391403492237282213e+00
1.086762924063690461e+00 6.701724891812900209e-01 -1.350001098687924617e-01
2.091368721557702148e+00 2.097559548148772990e+00 4.544359305437680185e-01
-3.080671359984354374e-01 3.745195611122550172e+00 6.964324312083183255e-01
-2.484129867371710265e+00 2.012844214789727637e+00 -1.501518358525344432e-01
5.215471510015227130e-01 -2.092365952994523770e-01 -1.600821192325805331e-01
-2.777000015424517521e-02 7.469619696877749515e-02 -1.237814326586007957e-01
-3.339191938137086590e-01 -7.875315412918549862e-01 1.197666626014287194e+00
1.444090317461553807e-01 -2.859582447412996054e-01 1.384483713582184139e+00
8.813707475147702919e-01 -5.300687794550488219e-01 1.192284983032888546e+00
-1.786122881036649179e-01 1.553870066709267750e+00 -1.098135963939265380e+00
1.448264103893085242e+00 2.458739406465202837e+00 1.102848384907288093e+00
1.901232003125895798e+00 1.757075814795326263e+00 -5.934065077264298882e-01
-7.142338990337701032e-01 -3.300452557998254655e-01 1.311529336043735228e+00
-3.530326890949184726e-01 1.202231111242200168e+00 -1.121019543403093621e+00
-7.750647925777198743e-01 7.488685225640929755e-01 -5.797192924974068351e-01
2.056716287827121015e+00 -1.391828660186408273e+00 1.462154278736877734e-02
-6.610517668205218023e-01 1.622662930186127062e+00 3.151388110190401992e+00
4.250974874068252918e-02 8.948755002441669548e-01 -3.459491085104760000e-01
1.151908476639145640e+00 8.407415410927984167e-01 1.172266126601020808e+00
6.186129118818050471e-02 1.482375805090781817e+00 -5.186466009087195017e-01
1.674221705260185988e-01 -4.781503235169612398e-02 -2.030204465738758013e-01
2.292784654984876713e+00 6.404695741020313866e-03 4.436233238807933965e-01
-1.514442200636260338e+00 -1.439591536763946689e+00 1.011905303865580974e+00
1.043524268284933276e+00 -6.784234129642260358e-01 6.035853716841106387e-01
3.899080731171211678e-01 -5.518650193202325749e-01 -4.280537810961891898e-01
1.022237077850057574e+00 -2.614496666445149664e-01 6.343598531858382072e-01
1.987515021029293560e+00 1.089386342478686265e+00 1.526865919709575969e+00
1.043566823286587564e+00 1.003176639859353125e+00 3.532938706713779631e-01
1.727320564493155297e+00 1.696215348203339301e-01 1.373687635035699461e+00
7.230112807415037812e-01 1.103412277193571267e+00 -1.620830533297714870e+00
2.342639741712856605e+00 4.932656664573550898e-01 1.834295145761827950e+00
-1.714290354831600416e+00 -1.567284427434794347e+00 6.185592629426935884e-01
-1.078026796200354021e+00 -1.732762723097082791e+00 -5.157443154655161344e-01
-4.062368655785200122e-01 2.602321220592745399e-01 2.637703376541774558e-01
-2.305393654191299768e-01 1.142276340556124703e+00 -1.458290499882794355e+00
1.538877355019153015e+00 8.343543466116610796e-01 5.754748012810386726e-01
5.551295430568489210e-03 1.099274383668100041e+00 1.486153842988660934e+00
8.187654557666501631e-01 2.979640682859594492e-01 5.962859398004245470e-01
-6.913242380270118170e-01 -1.406869262275706856e+00 4.590049095553742076e-01
1.510749121276376394e+00 -7.013110823546890860e-01 1.434729269493616455e+00
3.258490056434852344e-01 -5.107899894645815397e-01 1.265338869698604096e+00
8.361112197680631297e-01 -2.991268200966540891e-01 -6.237053254066780017e-01
-9.170813909935187080e-01 1.196869889543276111e-01 4.249848051949253191e-01
-8.011178613632476964e-01 2.425363544173291253e+00 -2.062209545752366147e+00
1.508371052836801507e+00 -1.037425147730840935e+00 7.597306164760048337e-03
1.051911424267347323e-01 1.674237413277092967e+00 1.111040180344583739e+00
1.486347375974867990e-01 -6.243771926901756641e-01 1.306568945588662878e+00
-2.307817157220715398e-01 5.770211708866043177e-01 2.843813274399054070e-01
2.796639524715324177e-01 -3.439513970411899324e-01 -1.102746776783665394e+00
8.600498627303341248e-01 -6.191003515164634763e-01 -2.292678299901593775e-01
6.819886289276413383e-01 6.853874789676324131e-01 1.334721783822965024e+00
8.283032963189762565e-01 -3.817955202553066085e-01 1.770369459667797338e-02
-6.621023822309124451e-01 -7.489225027111727773e-01 1.942929753797258963e-01
4.878664688173167674e-01 9.426383439385385143e-01 3.425564432213060728e-01
-9.800716137638670888e-01 -2.835795071055436933e-01 1.584589108821274905e+00
-1.100147218543323924e-01 3.118547165148723543e+00 -3.901633614727148536e-01
-2.000173155454552543e+00 -2.704077005664784483e-02 3.146388706049190187e-01
1.943253486718667711e+00 9.898785910272297484e-01 -1.584877538038482747e+00
4.814922837113682630e-01 8.771072045530772243e-01 -1.466863913358058991e+00
-5.581868358419725951e-01 8.195517940255675482e-01 -1.437297303007316174e+00
-2.374555925069304213e-02 2.340522599484876842e+00 -6.280182218423775442e-01
7.022516301177857967e-01 -4.859001837819996727e-01 7.720023294654067003e-01
1.385021753966102720e+00 3.495194192423851653e-01 5.820217740243641691e-01
2.518795966598090796e-01 -9.591324282386589628e-01 8.810844571549007742e-02
2.727562026774682291e+00 1.659239075768817795e+00 7.511475931177435950e-01
6.421487361756021972e-01 -1.878112426937048329e-01 -1.476108638074451751e-01
2.833867689127727463e+00 8.658374998590726568e-01 -8.029056200662854081e-01
-5.454228256614768178e-02 8.449062114065127860e-01 7.260018231767487729e-01
1.201644009445466565e+00 8.342353332973935220e-01 9.023574261743595448e-01
6.229953152462942567e-01 1.844702220131993142e+00 4.928530358294741509e-01
8.457532778367871096e-02 9.704060823037077843e-02 1.095598650640477123e+00
1.571375139808920185e+00 7.736900699907083290e-01 -3.234932109680613288e-01
1.381383895259125527e+00 -1.873871287661774132e-02 -2.849538071376901405e-01
1.061891949137064639e+00 -3.321303241928002525e-01 4.869350715521836293e-01
1.110206537870947141e+00 -1.014797539997114306e+00 4.111714809170958218e-01
5.429959851494463585e-01 -2.290997503392514290e+00 1.966105287298089754e+00
5.099674937147896658e-01 2.322171294717911838e-02 -2.888079050333325792e+00
1.348357984787737607e+00 3.516037149791451655e-01 2.358564730215025607e-01
1.056796679923168059e+00 1.939333195801145604e-01 2.486987813701837524e+00
5.360444169482849741e-01 2.731291083685928989e+00 1.984153500481954935e-01
-6.761969256357343028e-01 5.421045678819973457e-01 1.218396529681472495e-01
3.789988894920191531e-01 1.070510804127064314e-01 2.493391749381886902e-01
2.194543264669783333e+00 5.553855473668277698e-01 1.187573506775575938e+00
1.015463557474500511e-01 1.300249609499909198e+00 2.793641610622387139e-01
-8.005978236368214151e-01 2.146630785824457988e+00 5.537246682094589811e-01
-2.523057651973271920e+00 6.135515211733879593e-01 4.090307468637934679e-02
9.896527885404361458e-01 -4.356707930952849472e-01 7.000260713294441661e-01
-8.878464044604907901e-01 4.634468092114570892e-01 -3.568781380723987096e-01
-7.998708944129281351e-01 5.304893300596960071e-01 2.650317036461853973e-02
-1.241412034789540320e+00 -6.066357646239774887e-02 1.194722308319233095e+00
-7.149065999442581754e-02 -9.547199754432468266e-01 1.263755285544317486e+00
-3.610298097941344042e-01 8.205451981162009689e-01 -8.483947980572298375e-01
1.457659062964843599e+00 -5.232793296172921771e-01 -5.560612212209082861e-01
2.137200564672331105e+00 -1.632579317846305500e-01 8.473253035937581279e-01
6.996025023946013111e-01 -2.604692566999543324e+00 4.270148755134888230e-01
-3.459693199938369101e+00 4.638549909928009196e-01 -1.525808346887753908e+00
2.273546027122964830e+00 1.678129772087140870e+00 -8.259115415124324011e-01
1.768979948816745251e+00 1.542717065900777174e+00 -6.268672603115208464e-01
-6.673288123521494697e-01 2.758783343655834663e+00 -1.090661299891900748e+00
-3.982228652956038562e-01 1.180581775320534543e+00 5.932901360603861501e-02
-4.270510195470638148e-01 5.604626335574349749e-01 1.346472526655440705e+00
2.641544839361961716e-01 4.023645903018864822e-01 1.066212395943826108e+00
5.969887315874753408e-01 9.552479753910506632e-01 7.509813632797309735e-01
1.498917447178117257e+00 1.130286564616926226e+00 9.989324481633745645e-01
-3.982894037987971814e-01 -3.552553866980869834e-01 1.381755344061381008e+00
-5.530901949889973496e-02 -1.558221924364561715e-03 3.959824379125704841e-01
1.344576287974105666e+00 2.005558193073191386e+00 -1.112101997629888039e+00
4.836622066078245519e-01 -8.726796838569264025e-01 9.052640104550682687e-02
1.520384761836969689e+00 5.837183005702925032e-01 7.451812310045048682e-02
-1.409084977707766972e+00 1.106257541137165346e+00 -1.661760429079860990e-01
1.439872348544545932e+00 1.585058641709802263e-02 2.365973776382625182e+00
-3.219335022251655909e-01 3.410965694938492554e-01 -6.896064922655328333e-01
-8.223036353818345967e-01 -1.231599603273516585e-01 -1.280918079340725990e+00
1.680854294276723060e+00 2.732988637787072239e+00 -3.809058156338771678e-02
5.044945422559046211e-01 -1.382669613841245981e+00 1.415681203171486935e+00
1.394039885845821392e-01 5.309231381557284468e-01 -2.673037190320106116e-01
-2.819233307250111675e+00 -9.659189850184191073e-02 -1.344143249568644949e+00
3.685507517363572072e-01 -1.064094749251768945e+00 -3.301169664052017172e-01
-1.555489617759317378e+00 2.747890367961736136e-01 -1.053908302343698145e+00
1.537064411938767750e+00 8.180485211224243214e-01 2.952451156384668929e-01
-1.176312433049818473e+00 3.396870787788247581e-01 1.855511186267543966e+00
6.440312779294403711e-01 1.204227691828787083e+00 8.752565295919993993e-01
1.891428872997738431e+00 6.185436544154285232e-02 -1.557799220354307845e-01
4.656149902138245200e-01 -1.764492703927432737e+00 8.984489881323296512e-01
-5.215399390731696033e-02 1.495827253779333343e+00 7.103222055708416915e-01
7.488006236457682430e-02 1.450831798478350532e+00 2.021706294672508397e-01
-7.890672979165825884e-01 2.337330685648586925e+00 -1.230499798434326442e+00
-5.352604588286118403e-01 3.426232969616561652e-01 2.803927434941037161e-02
-8.289060665807730655e-02 1.474417085752585788e+00 8.753128025834736592e-01
1.201713134790372006e+00 -1.879682155662771859e-01 -5.862333821309007043e-01
1.299347688162841852e+00 -1.200712952552853929e+00 2.740199914596940456e+00
-1.249560936007404033e+00 8.133763185873210677e-01 -1.945534562071491169e-01
-2.503307427597622592e+00 -2.277871906236637045e-01 -1.872932169415779668e+00
5.829173530195680408e-01 1.114851886693970506e+00 -1.098379500862624480e+00
1.851661739386039507e+00 1.322082861007964683e+00 1.867225020807308233e-01
1.701188895985691341e+00 1.774270876349540518e-02 5.926802234321653096e-01
2.367640827070038423e+00 1.915303925908058869e+00 -8.824489329786651126e-01
-6.282712642434664652e-01 -6.612203210229095074e-01 -1.837112594450418523e+00
1.062047694310960910e+00 9.984232394884151596e-01 1.049216944738685431e+00
1.144736248223843011e+00 7.112197467092074010e-01 -1.583883503899403689e-01
2.371733232641639599e-01 7.091304901729214016e-01 3.809243989680051179e-01
1.770007006630491375e+00 3.954158354023874500e-01 1.753680978036364024e+00
2.860099195892953361e-01 5.817816773151532894e-01 2.652065644429118407e+00
-2.958109938386466187e-01 -1.428987089582010261e+00 8.641522602396800590e-01
2.857058372151411590e-02 1.872484882532934769e+00 -8.690485533636997939e-01
-1.406750934030121636e+00 2.174342744183314080e-01 4.862783950485622536e-02
-2.658725108444052410e+00 2.696340408937699440e+00 -1.487829025801350236e+00
2.356589063060535949e+00 -4.310176941679296631e-02 -1.759083718299959909e+00
1.489761634654216405e+00 -8.142778477731564823e-01 -1.710447998278172399e+00
6.255978143468962083e-01 1.607704323128574808e-01 3.242154336148998506e-01
2.323046298185978742e+00 1.729985079242952750e+00 -7.318686839792126753e-01
8.620368690663768874e-01 1.100387821038299574e+00 1.172606857503360356e+00
6.217643549495721622e-03 7.385972938069221838e-01 5.488862723316291214e-01
-1.086905902418697362e-01 -3.551820152870748259e-01 2.269413558268305486e+00
1.655922294353184610e+00 -7.443651088136931104e-01 -1.520544324581404871e-01
-5.370182120198988551e-01 6.462543518553885979e-01 -1.357022292341770520e+00
-3.622515886269264129e-01 1.199736606144528352e-02 1.032411226538536564e+00
-5.894016668552829463e-01 4.264286962969401906e-01 1.398047256624382895e+00
1.725168438403464455e+00 -7.113317708911053028e-02 5.638483626740726784e-01
-1.312001556937281432e-01 1.139535349625630412e+00 4.225460879701653516e-01
-5.162310806748841019e-01 2.620185891430317326e+00 -1.421412430028635043e+00
1.743567296143859968e+00 -1.287686470102403780e+00 -1.050881360556827349e-01
1.288302939299884153e+00 -1.380809316682442667e+00 3.967953767483500815e-01
3.962474918026334114e-01 -4.066856542890969622e-02 3.570658251207936118e+00
1.706647120292006381e+00 8.639207818725698207e-01 2.281649465191418535e+00
-5.625008540902615151e-01 8.107187351320801483e-01 8.100322117653561138e-01
5.286746411202370988e-01 -2.062848722916065469e+00 1.209879661916086979e+00
-9.356048868582107492e-01 1.573295314980414528e+00 -1.538782685424627816e-01
7.029993831864667087e-01 2.591379448901416360e+00 1.131830066564423420e+00
2.690174442770031149e+00 -8.643154796593519595e-01 4.510824318024360124e-01
1.051548080530574580e+00 4.347844549443673490e-01 -8.977705629737894322e-01
7.939925331639509087e-01 -2.426155865486502583e-01 1.363345739556729996e-01
7.088734414201764977e-01 -1.330335468532554410e-01 1.814485257398265938e+00
4.770656047483705087e-01 -5.367489956965432185e-01 7.863784706398742053e-01
-1.139603790329221544e+00 2.809283257880160534e+00 2.667012436967831635e-01
-2.934434685328462522e-01 1.331803947309484926e+00 9.748428888990413599e-01
-1.064727702430884548e+00 -1.401357104324948644e+00 -1.210801283792922067e+00
1.640843208903319805e+00 2.762451964682988703e-01 -9.925735756907649865e-01
4.295589890001210720e-01 -1.263456701673044691e-01 9.808607732268339596e-01
-2.276657392272030955e-01 -3.226740657529746925e-01 -6.703313119552123389e-01
1.457717856865872852e+00 9.885308109852934677e-03 -2.486261767946894297e-01
-1.824224081529353780e+00 -5.094228445720024867e-01 6.382827334721021817e-01
4.691142530446022474e-01 -4.706687953569224092e-01 4.366792621942053310e-01
1.557452820826543016e+00 1.002915386977478951e+00 -2.263548498997839165e+00
1.608973370857839924e-01 2.373972851984986754e+00 4.497422605627710013e-01
-6.406536358463851277e-01 1.602827901344870076e+00 -6.218980233666848711e-01
-3.462759151762747623e-01 7.500066972090565498e-01 8.076352465833299688e-01
1.168135913481092025e+00 3.795271217524815111e+00 1.133932439913052370e+00
-1.259127380616301473e+00 -1.168911761700041740e+00 1.178541629372807709e+00
-4.711225867109509330e-02 -4.319545470619114980e-01 1.253696984698204675e+00
-5.383770514458556811e-01 -1.461414710309919540e+00 -1.252679565313610466e+00
1.270500412521419209e-01 -1.587870432030734191e+00 9.051281425853329177e-01
-1.430326827039231641e-01 1.418071680672700730e+00 9.131085018328937153e-01
2.992072812637198709e-01 -6.429469987241245299e-01 -1.950636887559840549e+00
-7.002497559640026917e-03 -7.441512012060950976e-02 3.009480510553971255e-01
1.652263865290413358e+00 7.502134988247972647e-01 -3.166808125410288444e+00
-2.996887058645769653e+00 -8.854345099387299356e-02 1.058864747622680014e+00
-3.460452418505612915e-01 -1.753361031853687191e+00 -4.221061775409118422e-01
1.270204810572855003e-01 7.359507170253241082e-01 5.103248163190496345e-02
-1.658805215431867763e+00 -7.651233598397830793e-01 2.355124927948848423e-01
2.035392749388135858e+00 1.625535494880280041e+00 -4.074254423521426749e-01
-1.373195552907440220e+00 7.645503569424046963e-01 8.355320202614862080e-01
-1.306449514865969941e-01 2.504798987295933990e-02 1.242015297764437420e+00
9.590036331473217324e-01 8.118248257787396005e-01 3.990081012120766379e-01
-2.241524859645166678e+00 5.341494855695356758e-01 9.958380832487115919e-01
7.961278385990036011e-01 1.602557704503594138e+00 6.146095299573817172e-01
7.473045445651423924e-01 6.838313735896989209e-01 1.255439151244085672e+00
2.889537732297629558e-01 6.681510527120002596e-01 4.422188557402229603e-01
-1.649088274116626285e-01 1.976134276867623774e+00 3.744493136457109905e+00
-6.319342979302671193e-01 1.139396050000235139e+00 1.014991574450821110e+00
7.708862678022917470e-01 -3.955994547159775721e-01 -1.485748659258102622e+00
-3.997481183269822602e-01 2.237919924025368879e+00 3.974607623453829675e-01
-1.008823006851339521e+00 1.482926296260134613e+00 2.427480555342193647e+00
8.554209471934410836e-01 1.645981479651595636e-01 7.373728254675577798e-01
7.513753168323933362e-01 2.014543940108900699e+00 9.216699406871663447e-01
-1.560241881618381399e+00 -3.598430487161226043e-01 1.389106237057446069e+00
-1.293252315210386971e-01 -1.945952435524027857e+00 -1.018728702059898961e-01
2.431036256875672485e+00 -1.028512639867299322e-01 2.886439907472114208e-01
2.128640269770872617e+00 5.246048227236910222e-01 3.572147426095182432e-01
7.663723944689720957e-01 1.906590155146484333e+00 1.134975931690014095e+00
-8.816242936713113432e-01 1.193035217670843862e+00 4.300613914465803433e-01
9.318839379107468623e-01 -6.511115958210150767e-01 -5.875060036475232561e-01
2.386418130118515835e-01 7.794636595025018488e-01 1.170595219887534011e+00
3.484342042403499873e-01 3.192673461489834441e-01 -7.285094743502430747e-02
-7.281635686389141826e-01 1.944764077254604651e+00 -3.509154747975422040e-01
8.410714939550236746e-01 1.510652366085590170e+00 -1.161959823754919574e+00
-1.100464543716634935e-01 -1.786246453444905846e+00 4.733065759758686708e-01
-1.593028978573556076e+00 -7.044239101893621235e-01 4.041211412758394239e-02
1.067879481656314855e+00 -3.822496734050389589e-01 1.668652261803538206e-02
1.714489496176906602e+00 4.036398491283896828e-01 6.285404342322086224e-01
9.676591437417110253e-01 1.416424062731109323e+00 2.326151897481727460e-01
2.225900254058110761e-02 1.776843791251183857e+00 1.611544221010545799e-02
-6.588369421266608850e-01 5.993902681026728185e-01 4.363797033655175683e-01
-5.375412142385184167e-01 1.019433975354247623e+00 2.447537557583217449e+00
6.848865270135164884e-01 8.576439255969623421e-01 8.065973439531110012e-01
2.818842683808334915e+00 -6.226644753580963254e-01 1.273474599700633036e-01
-1.146364080020357612e+00 6.815001922304983473e-02 2.462087975523439276e+00
4.044772346700581944e-01 1.240861342895422104e-01 4.112903620278697270e-01
7.278394883047142327e-01 1.155017441006258583e+00 8.092809308348772879e-01
2.439065093351345581e+00 -5.554363209344415075e-02 -1.509061533082936279e-01
1.292721103323569043e+00 3.274380299781518566e-01 8.948583772773860412e-01
1.679857955591224972e+00 -2.928548132686731864e-01 5.950724347743463483e-01
7.661272983989485252e-02 1.359585791472889271e+00 2.042731019274529380e+00
3.926307429163982676e-01 1.522322508934458862e-01 2.501907843174459023e-01
4.766372142302184867e-01 1.352847381497901402e+00 -9.957792409243980680e-01
-7.363969482502562558e-01 -6.432064133863744926e-02 -7.987356154786573459e-01
-1.517900960710507619e+00 9.331352261521494995e-01 6.691937393166479398e-01
-5.520478928937692098e-01 1.780978999456926504e+00 8.423907641934257340e-01
3.785334764019113174e-01 1.734690822231305551e+00 5.861446234894249763e-01
-1.467988505225268359e-01 8.157904362390980824e-01 -4.735543672489961886e-01
9.339544405377344649e-01 9.995154311271749192e-02 7.125481150821936227e-01
-8.645505969155925508e-01 -1.522934384755485482e-01 1.581344150960739547e-01
7.299123612505217240e-01 -5.784558531439474294e-01 5.604655639257253297e-01
8.940588969278270293e-01 1.326603505010168327e+00 1.190116273476321096e+00
-4.403785672247825245e-01 1.173891431351556047e+00 2.415906500899799525e+00
1.007909313902598303e+00 -1.324651580202062640e+00 -8.664269030547827599e-01
1.147472983756772313e+00 -4.459383633142729453e-01 -1.337411851839706456e+00
1.402213834670995585e+00 -1.235811892711550897e+00 9.279188813933223479e-01
8.435007068976148048e-01 6.096855341422242613e-01 7.369303809737596245e-01
1.300044860303474881e+00 1.868471725016695117e+00 2.985840405771399975e-01
-1.290019385028841947e+00 7.821254772845291914e-01 8.243438740485756200e-02
6.076523813193364099e-01 -4.412509717263576881e-01 -3.044838665989097470e-01
2.142344798475857903e+00 -2.408954999205722647e+00 1.803715473371744205e-01
2.987492082111803740e-02 -9.415596612964161061e-01 2.463532499042897506e+00
1.329291479702584766e+00 -1.622748669604801020e-01 1.723154425587731797e+00
1.996515951415631873e+00 1.858253981623769757e+00 -8.667532725983403408e-01
1.320057891353419777e+00 1.514733508419475738e+00 -6.358549925130425606e-01
6.918876517304952678e-01 1.913799363981208146e-01 -5.264206735946070914e-01
-1.278133997379858222e+00 1.538414063438403367e+00 2.210106551881320769e+00
-5.078118399654231174e-01 3.166870620261594826e-01 -6.010211950679962278e-01
-1.776783985657247322e-01 8.966557712558456128e-01 3.604421044511636474e-01
6.576357313465680532e-01 2.312174465334895235e-01 1.541031247514836666e+00
-5.450438000908998104e-01 5.232748730334487730e-01 9.247148333561862055e-01
8.449067674793505622e-01 2.470417954902653257e+00 7.194058760788181184e-01
-5.053470750742372619e-01 1.319751559532795493e-01 2.503140882916161658e-01
-1.667302412139987533e+00 8.892540719142482120e-01 2.858265460888383958e-01
2.617916838539142255e+00 3.502130596174447330e+00 7.748032259585506676e-01
1.545916704132702435e+00 2.542918771648765563e+00 5.784865507227692216e-01
9.146500171823901404e-01 -1.100510458151376242e-01 4.729045150411607112e-01
1.384937174237850455e+00 1.113690669613667028e+00 1.797231118495349111e+00
1.227085035634919885e+00 1.591054762044678661e+00 1.819296017018744160e-01
-1.780032615892162551e-01 1.561011974536344660e+00 -1.090937414632036223e-01
-5.387437784073891844e-01 1.444841077075027291e+00 1.113599038332966140e+00
4.990767442545837596e-01 -2.161669717024170545e-01 1.631948709435817602e+00
4.592636616364332847e-01 3.971730509027245337e-01 8.614495584193407884e-01
6.541731006017559302e-02 -2.844516443057606425e-01 6.955235208703403060e-02
2.860239207603165398e-02 7.905222245319423746e-02 2.593070004039130794e+00
7.836124558280769259e-01 -2.684286839931205870e-01 1.673411436609401726e+00
3.035171341749930418e-01 -5.619708325338902410e-01 -1.013091988509415842e+00
-1.348698268728447891e+00 2.340331921868456178e+00 -1.089146334875371602e+00
7.821639938245450452e-01 -4.611013367055097345e-01 -1.099915090333233092e+00
8.113121688619970850e-01 2.279632198102561347e+00 -1.642463641972639055e+00
5.799715256022444088e-01 2.189535578308825947e+00 2.111663390368302140e-01
4.444656744927455438e-01 8.372475351946429001e-01 4.883456794584564165e-01
1.924353440598722376e+00 -1.137639930165137203e+00 -7.468597862715916635e-01
4.833509322159280641e-01 -1.191947137549293823e+00 -1.027899677289327407e+00
2.106601807102275181e+00 -7.408335514800248323e-01 -1.858451818867558503e+00
-1.087461663774455189e+00 -1.222480445732700427e-01 8.010353177979839812e-01
6.907141891482001528e-01 1.324137485062089947e+00 9.242058539141626561e-01
-1.203983042949079429e+00 -6.948735118850316583e-01 -7.222673564808348434e-01
-3.902638439862297637e-01 7.858580647285292597e-01 1.011997943241736142e-01
7.627690252279157868e-01 1.537737114393010196e-01 1.978411091520416720e+00
-8.221239975591730920e-01 6.151432225980975055e-01 6.551879657885366637e-01
1.328121306059097062e+00 -1.640030064032224288e+00 -1.247111705613449750e+00
1.010485445219467815e+00 -7.608669453397592930e-02 2.459350674044042506e+00
-2.367996914625207505e-01 6.491409335414277670e-01 -3.412904095564329721e-01
2.321277658571962554e+00 -2.378981780354636200e-01 3.188401303225635308e-01
4.935994737668991106e-01 -6.619523539071842100e-01 1.862951491737939280e+00
-1.599162472066050666e+00 -7.432587143481937941e-01 3.034311959033466621e-01
4.513583359329998435e-01 3.357081413957707650e+00 -1.278345392698625016e+00
1.823817353670865504e+00 -5.359922205884758428e-01 2.755110216384865085e-01
-8.876782707703472219e-01 -4.120830489113762041e-01 1.935023459215300168e+00
-1.511234518864219556e-01 9.309329364778504701e-01 1.130784888248244746e+00
-8.561148341665185679e-01 -1.496754120144005551e+00 1.001080464131760328e+00
-1.401107521141716550e+00 2.515010088890117679e+00 -1.381545733112848451e+00
4.884582968988028240e-01 -2.467224284227617359e-01 5.754633582949718607e-01
1.639191486940317244e+00 -2.792631877133946450e+00 -2.090311717292484273e-01
-1.000285364438456615e+00 5.746998004697262408e-01 7.268308341407148099e-01
-9.100733039250422096e-02 1.305364159867955731e+00 6.160286182605909655e-01
-2.634616026837567279e-02 1.765099711550941919e+00 1.670756527592331064e+00
1.378339285016956239e+00 -1.475202389165537253e+00 1.128678042175122576e+00
-3.274483127419840489e-01 1.794411066968060187e-02 -2.545230102656939941e+00
2.762797534509247033e-01 -4.272444943941315909e-01 4.291960700184890148e-02
3.165744610992016650e+00 -1.084447404896245470e-01 3.560487122935250270e-01
6.973152479156707884e-01 2.419587989634947034e-02 -8.270652573759795789e-02
1.153927838107814630e+00 3.704395711300270677e-01 -1.759563638963255183e-01
1.221298969649494914e+00 3.628761181049331430e-01 -5.695687004096308126e-01
1.462978056407340910e+00 7.515477302132806958e-01 1.341987072085784494e+00
1.658799031728848961e-01 -4.869616429756744025e-01 2.119340800890802790e+00
2.084837655022262037e+00 3.668112548632490588e-01 5.147672586090504820e-01
-3.374946998700897316e-01 -4.580845205438497936e-01 6.245076959399468164e-01
3.924899593207959447e-01 6.667523979730061168e-01 -9.679316614921912310e-01
-1.137817544964789818e-01 6.326980620190570948e-01 -2.989110489086763689e-01
8.389965254482230073e-01 2.224113157795687412e-01 -8.669628570976199711e-02
-2.476420570545876831e+00 -5.895158821356752954e-01 -6.856755276245833919e-01
-3.924508511815696932e-01 -2.928378894610399463e-01 2.489484976146158490e-01
-6.574929241069176200e-01 2.210763679361035461e+00 2.433742420824741293e-01
5.660259844559260012e-01 -1.267728701570021155e-01 5.746961279417986956e-01
2.048332651900935719e+00 -1.083969022190273135e+00 1.198860767973232377e+00
1.356653022659637664e-01 -3.132132112089278664e-01 1.410703990938493080e+00
-6.434352384202428610e-01 8.635250606897449943e-01 3.327534554637195385e-01
1.723168602039428787e+00 -3.071279907313910762e-01 -5.345004987372554695e-01
-2.921903020068503110e-01 2.359231232697391878e-01 2.535309090355126679e-02
-1.893063473529764229e+00 1.141335611901707292e+00 1.452982897096007253e+00
7.518182421271391025e-02 -1.492923367734583229e-01 -3.642337209697292244e-01
5.096148098638315638e-01 -7.588927746304653388e-01 5.926887959244319104e-01
1.307152245047593198e+00 -1.008798828660862679e+00 3.095735692714112197e-01
2.874051330123217896e-01 3.604076743223824097e-01 -3.768566274243837638e-02
-6.888207629442362201e-01 -9.341942677153085572e-01 -8.483818926860368925e-02
4.935714346079314030e-01 -5.219941197970039415e-01 3.932615747394967443e-01
4.526886243886973915e-02 2.319645085540566753e-01 -7.704130726776891036e-01
1.924179961764555413e+00 -1.599510794273803382e+00 -1.169564394160812260e+00
3.075533840163299892e+00 -1.960578692958685032e+00 3.543563463365389521e-01
2.075872503406910319e+00 7.311386392829340997e-01 -3.003143718826125075e-01
-1.360756657802051572e+00 -7.264569061434689168e-01 -4.939133968889128923e-01
1.114148260050185968e+00 8.915558874490356334e-02 1.231023098517178394e+00
-9.408101116628749816e-01 6.158573690200604966e-01 1.697108924048226442e+00
1.214751745622946855e+00 1.492642924096237778e+00 -3.861193015179527066e-01
5.428597626804891885e-01 7.457039019010078817e-01 3.336400706873217104e-01
8.344256634134857020e-02 5.447218461065935768e-01 1.492110682072237404e-01
-1.680477030874362177e-01 -3.698599962757265214e-01 1.294292122800228817e-01
1.839934639876174005e-01 1.174937109252894629e+00 -1.318546445686789026e+00
-9.797409847660755178e-01 1.548752127256832978e+00 -9.065725089689488092e-01
1.345794726471655212e+00 6.109879303717574706e-01 1.861176582683048419e-01
1.236012926330714023e+00 4.274750089221219795e-01 -5.128257778239724285e-01
2.109931555884179133e+00 4.181573437539239935e-01 9.403957891035416017e-01
-7.893288299305369904e-01 -6.681918708881515734e-01 6.184994126763834199e-01
1.888880268484793623e+00 1.308224322006326379e-01 -3.058115873680067320e-01
5.189457532817313978e-02 1.875701878044108151e-01 1.041948545843181195e+00
9.691723481158267539e-01 -4.156733431695448511e-01 -1.099965615524138851e+00
2.167033148761481787e+00 -3.660020462879020609e-01 -7.634582945139947174e-01
1.358955890851993642e+00 6.261928739042804670e-01 2.341065161481035717e-01
9.642109325856091928e-01 -9.259436791746040729e-01 1.320568690657322630e+00
7.985298552855499832e-01 1.270604543097205053e+00 -9.102261466605930940e-01
-1.090271356679454406e+00 2.078283361762345294e+00 7.936980771706724225e-01
1.240757223686067556e+00 6.984591616028981154e-01 1.645254052401015965e+00
-3.109223546310947994e-01 1.642124568222304015e+00 2.420437577874793578e-01
-1.526547607067231027e+00 -1.313723665160338339e+00 -1.210414243630489328e-01
1.790696533129690904e+00 9.132263392526376311e-01 -4.249915554757861536e-01
9.538795029734965514e-01 9.759200157264653896e-02 -2.760419075403001687e-01
1.376676193580539387e-02 1.420930511893095383e-01 1.377996139999314140e+00
-1.426104643158404572e-01 -1.000923019252188406e-01 9.360788504427585144e-01
3.587909006797278533e-01 4.636094353792736822e-01 1.054757908617938167e+00
3.112568536049905576e-01 1.054194201751182280e+00 1.533109895266875577e+00
1.020738867116512995e-02 7.896981967868165198e-01 -1.069712461655848657e+00
1.692294369875658511e+00 8.974333334956423602e-01 2.046838191765715464e+00
1.308249225659371406e+00 -9.745324823431125161e-01 -8.751778389514581757e-01
6.619190413844178167e-03 1.375732865093946267e-01 1.285520372181142568e+00
-2.563852821071277432e-01 5.480617170122001891e-01 1.467901664019391594e+00
-7.204154072954919164e-01 -3.387949504262230405e-01 2.248382785694116315e+00
-1.923651957490565056e+00 3.863430219965049983e-02 1.060509767597856090e+00
4.416055457750804325e-01 1.825800848753517336e+00 -9.078889390406817694e-02
4.420247236959942150e-01 -1.889908451164177716e+00 2.369239296274391116e+00
-8.297791006443083761e-01 1.758993392498339636e+00 -7.332706936042139301e-01
-3.462959117188910141e-02 3.394658027534332850e-02 1.407932504643837568e+00
1.542628626350172727e+00 -3.843558284734802100e-01 2.244626800531229982e+00
7.213894053670624196e-01 8.246399312225626277e-01 1.272676290633445673e+00
-1.054124802568735753e+00 2.556448100132136858e+00 2.806013074297526999e-01
-9.451938547238842789e-03 3.081195274217987112e+00 2.625586424156417520e-01
-1.975161928454687854e-01 5.952478833125693924e-01 2.078147763625510791e+00
-1.744548547931332294e+00 -5.398998978337813878e-03 -2.027856258972002834e-01
1.234925464474229351e+00 -2.720415440203344803e-01 1.003782539254218564e+00
9.137780741279698526e-01 9.224256894380923333e-01 -5.818557995962122531e-01
-1.587162389464918499e+00 -9.662220546411518507e-01 4.052968953308530686e+00
4.817775268838959679e-01 -1.162787901361090059e-01 1.512109768062958493e+00
1.447418964694281218e+00 -6.954972706162562135e-01 2.306654393782675783e+00
-1.211468016096446831e+00 2.260926360918618983e+00 -4.983988369641590421e-01
1.823703652545253684e+00 1.638638360883706069e+00 1.364776753151373478e+00
1.401763257016303443e+00 3.549470651291868339e-01 6.086478064083470363e-01
-1.528767913622000263e+00 -1.819675979854595838e-02 -1.221456247972502046e-01
1.394161067328522963e+00 4.223059392715402538e-01 7.655350772032099016e-01
-8.875065447604986169e-01 -1.984577224270482609e-01 -5.648591868101316971e-01
7.294985254402728270e-01 -7.589241725520032844e-01 2.109701162491220305e+00
-7.511929815497419005e-01 1.773611615115854967e+00 -2.690242418176100880e-01
-1.134860651863916603e+00 5.246290397750152934e-01 -7.478019823552901901e-02
6.896621022548655722e-01 1.784049883902513400e+00 -1.159222161566753950e+00
-3.636097527084182768e-01 -1.290517549873312131e+00 1.283137659013363852e+00
-7.798472109152423948e-02 1.809354449740012694e-01 1.178148173158795720e+00
5.094769335117549369e-01 1.487152285718297828e-01 2.563511725291511389e+00
1.649566132407906949e+00 -9.918285956950431137e-01 -6.225728843958272529e-01
1.185333223438023165e+00 -4.088242989865024102e-01 -7.918077903654516803e-01
3.680999215223634269e-01 9.758968054772130252e-01 1.342115398729156972e+00
-1.892842123365876761e+00 -1.320796787575454045e+00 2.047602078853409946e-01
1.586635732469263260e+00 4.359987678513974618e-01 -1.019932878794497511e-01
1.755444480706971122e+00 7.161948012569502309e-01 5.470383385405764853e-01
2.592350287833573019e-01 6.408043356641770494e-01 -7.730950690065787612e-01
7.082770230439784653e-02 1.559536978390614781e+00 1.192004014020367375e+00
-1.003458824566881180e+00 -3.536422261926110977e-01 -4.871338731989563464e-01
3.228987021419115866e+00 -2.673051124946946855e-01 -1.357616598033135891e-01
1.250429251781160378e+00 1.299305705583009063e+00 3.222318767603556400e-01
1.984691528674201066e+00 -4.152042813690408618e-01 8.009988488734856027e-01
1.344430344736886829e+00 5.555284417486860971e-02 -1.665076984294356244e+00
-8.367430243951941016e-01 -7.630743715037283659e-01 1.816866524176226960e+00
-5.901619348126165843e-01 5.257990883192730225e-01 7.325887335876446471e-01
3.310569223458398325e-01 -1.276900229904535999e+00 5.539386807598133400e-01
1.927963810389981658e+00 5.180512712095469707e-01 4.535414287161610991e-01
1.000091419920946745e+00 -1.664202907328643788e-01 2.955427171405037967e+00
-8.795375758229685426e-01 1.164426188984475363e+00 2.284995601647129781e+00
4.540825312823359439e-01 -1.013566894722528922e+00 -9.821437788609674868e-01
1.037616295678974287e+00 5.861052723358775030e-01 3.030040754230161060e-01
1.478225216404091213e+00 9.610760423432356259e-01 2.619631898006931969e+00
-2.198676290123528609e+00 1.015122819639677543e+00 5.151410592633990509e-02
1.254563093650155281e+00 -4.147149790594089613e-01 -7.997277834255849260e-01
1.913451454503083404e+00 -2.319012752476138584e+00 7.573216124239932068e-01
8.306607142071088523e-01 1.525652677540741964e+00 8.498683977251635380e-01
8.475686000997886271e-01 -6.522375014218271261e-01 -3.030496585351594163e-02
1.892565817861681765e+00 1.109322825029678716e+00 8.566513557944553936e-01
1.383976255140751732e+00 -7.440521046682657680e-01 6.981460371711384338e-01
2.871150354387208559e-01 -2.818645212822141755e-01 1.962057983842516284e+00
-5.485925314510136097e-01 -1.647967352398539864e+00 1.596837810152453851e+00
-8.426949519599136185e-01 -1.728968554961052007e-01 1.581603843574223678e+00
-1.234808809608827662e+00 1.201745028769693135e+00 1.171791515322959443e+00
1.494476384806635361e+00 -1.702447865304751673e+00 2.623240985749131227e+00
-1.226822605938820310e+00 6.022773730369713752e-01 3.184226722519545305e-01
-3.112758414689724695e-01 5.404591966198523112e-01 1.330134874565554348e+00
-3.883523616657675315e-01 2.155913267670397815e+00 -1.005595483116310751e+00
-4.484085740928407948e-01 2.129001601057186832e+00 1.136470631215733107e+00
9.456960559432833202e-01 -1.882943791055743388e+00 -1.787678783603788180e+00
-1.565722747020894312e+00 -1.859035415085258380e-01 5.917487356459841807e-01
4.713291758737873094e-01 2.309530176673982638e+00 -1.656239798621736536e+00
1.749237585826890262e+00 1.410082075894867781e+00 -2.183762570627358901e-01
-6.555595881958387050e-01 -1.004460821374530521e+00 8.437957026006200900e-01
-1.299995942265831816e+00 -7.486010408133476624e-01 3.053184503806347205e+00
2.219400759830301162e-01 1.523237407334109950e+00 9.794545695102861993e-01
1.869750390836291132e-01 1.066483722204231821e+00 1.565536289797282876e+00
1.761554723492837926e+00 1.870446137458831037e-01 4.471115314058425882e-01
1.697561844114766183e+00 -2.616728422906566820e-01 -1.094622868168679597e+00
-1.241632953514627546e-01 -1.033786724262484080e+00 1.462039635367847534e+00
-1.249905879967144057e-01 2.082882385157072136e+00 3.367849613050542534e-01
1.639663150454703455e+00 1.701846060048061438e-01 2.643771155907510551e-01
2.324988126135721644e-01 2.389776088007269372e-01 -6.045057116285911247e-01
1.987650079311141793e+00 1.165295633486128191e+00 1.101064067491433374e+00
2.462884373312627773e+00 1.229644331077832886e+00 -1.614920640829573761e+00
9.436663802925046030e-01 -2.186052083321263773e-01 -3.117020160003812213e-01
2.974089432042634762e+00 2.232466181775898395e+00 -3.441995647707000727e-01
4.188141984703330767e-01 -5.455295662447339211e-01 -1.023307227153048338e+00
1.112655050114355476e-01 -1.121381671699712701e-01 -9.334236729130450660e-01
-7.792136346912259537e-02 1.555230994011730150e+00 -3.668369799790985319e-01
1.785494445002056452e+00 2.457077517898741403e-01 2.130352994448417026e-01
-1.083591886430880891e+00 -1.934750707928728275e+00 2.286316852598943683e+00
1.079887116308998918e+00 1.212685371188215511e+00 -9.730584620705386989e-01
2.942641704561179683e+00 -1.632284392446435584e-01 2.528884317753559707e-01
5.357485900568911275e-01 1.346704493991581097e+00 1.374731108951279701e+00
6.420776681732121016e-01 -4.300693277274030835e-01 7.016538604239810212e-03
1.381694336102112786e+00 1.180050589735933686e+00 1.371750842411567195e+00
-4.849271872654289384e-01 -2.718401718916225174e-01 1.954896075211733697e+00
-2.557718504715930319e+00 -7.850319382482210395e-01 7.466605983959011539e-01
1.053694142728791583e+00 1.161457059315379903e+00 -2.513845521894503277e-01
6.042310023230463845e-01 -2.649532228608042494e-02 7.011866468203873382e-01
-1.264181845478720367e+00 1.769207687546282326e+00 6.132049160644169605e-01
1.186236504899384370e+00 -2.825441965009498624e-01 1.700276609264633088e+00
6.733551034612765829e-01 1.309369924876624847e+00 -2.720104067177651075e-01
3.420114817171192589e-01 1.190907989189111671e+00 -4.704722431369980917e-01
-1.472268266979011864e-01 -7.081796253625374238e-01 2.223469328714774207e+00
8.110235629718024475e-01 6.298239317843576934e-01 -2.376171140247917535e+00
-1.704879943224353600e-01 1.389531768603655904e+00 -1.865017982309840061e+00
1.701457206220743090e-01 -2.783514847513634538e-01 1.747938690391879213e-01
1.268047325936425516e-02 9.579730978811052955e-01 -1.613799830330786556e-02
1.768974755544697075e+00 1.321982364345617444e+00 2.137738685595603094e+00
-5.378272811428587152e-01 1.809677180558197040e+00 1.117787534925519077e+00
5.851794521118702797e-01 -8.045134443373478383e-01 -8.231179413260543420e-02
-2.069136494071067034e+00 -1.455166450550923640e+00 -5.433284279483596713e-02
-4.047132943633127145e-01 1.173333420606229582e+00 -2.467113257003782589e+00
7.624389031074418899e-02 -4.220934321643152742e-01 8.047395028321836508e-01
-2.607278294060595414e-01 -4.760884093213053614e-01 3.383150318893934916e-01
8.776876102730524210e-01 3.144282396019163484e-01 4.760862456536401055e-01
2.918616927145754048e-01 -2.756969030934467657e+00 5.413356540910142511e-01
-1.224876745981784865e+00 2.252582147918208211e+00 -7.898424641304263583e-01
1.647321307669815216e+00 7.287129548634527776e-01 9.489437885986540255e-01
-1.666678605263904323e-01 -8.610154454438356808e-03 7.611718337848888405e-01
1.415840908647466589e+00 -3.973524613847511100e-01 5.385680274836656123e-01
4.712168288888656242e-01 -7.287789816521244024e-01 1.800157833915053462e+00
4.699470658727999961e-01 3.248332478878955265e-01 7.871145346006993559e-01
3.901962810954273664e-01 -5.185852801805541645e-01 3.900445506258220507e-01
4.494432901867421393e+00 -1.994551702342267641e+00 -5.892212366079828678e-01
-1.704106324050803922e-01 1.245262811693234273e+00 -2.172739238061267564e-01
7.977600513796293535e-01 8.464303913254886957e-01 -4.529185730140175559e-01
2.332061295317091165e+00 -7.123293776203135641e-01 2.288591105441849238e-01
1.160906956595338269e+00 4.025142849843806325e-01 -7.753081196406410580e-01
1.001158557959324069e+00 1.742910961119286672e-01 5.343582483245102877e-01
2.888573996819896905e+00 -6.920701638436829173e-01 -7.549535826825347351e-02
7.754810864693529870e-01 5.323735708082060203e-01 3.033661833774759647e-02
1.734020374641528583e+00 -9.790507575834024312e-01 -2.970008475362104217e-01
1.070190682609638122e+00 3.770832523870500386e-01 1.667331950638601956e-01
-2.023847499784959536e-01 4.541343131454663729e-01 -2.803600849486017621e-01
2.985987133374984559e+00 7.116974580272055206e-01 -9.525699206196384938e-02
1.890926565342800458e+00 -1.171760326888993953e-01 2.084316845654708983e-01
9.166015754744627486e-02 8.218501229505639216e-01 3.678179382053478053e-01
-2.173715948451918845e+00 9.417273742229932687e-02 6.028872270920769827e-01
5.494764621340408189e-02 3.384132178899912802e+00 5.332133827588960706e-01
3.014772366123305014e-01 1.834193053398527118e+00 1.138920351608271764e+00
-5.238815800025373726e-01 6.112927385837534366e-01 8.271581411664494787e-01
8.439093577479128694e-01 -3.946391927307600356e-01 7.643666598011713553e-01
-4.289624024274144021e-01 1.602213445367596467e+00 7.121115918192200134e-01
