2.771632613127380518e-01 1.795231887150679773e-01 3.428929889868360670e-01
4.922647778691164877e-01 1.601106519459345012e+00 2.553821206511655562e-02
6.750551014650287840e-01 -7.001789363112559395e-01 -3.796694094379987616e-01
8.931095397105981437e-01 5.353808015989178909e-02 3.697448605300518443e-01
2.504811059047540311e-01 1.681212515139238306e+00 4.219121737291701146e-01
2.054106484835236834e+00 -8.374030659302499346e-01 4.584479317774773910e-01
4.608932011660398786e-01 9.809467679197649836e-01 5.124330199879086889e-01
8.822804939651419653e-01 2.386457374438707646e+00 -3.743261432617824847e-01
1.352692966252298234e-01 5.721245832716126412e-02 8.181149676370429169e-02
-9.909849393783485283e-01 2.848435378377950355e-01 1.664537194191545444e-01
2.636861484061310712e+00 -5.071507168138209565e-01 1.396189726150847132e-01
3.761544506529956866e+00 -7.978261688191020662e-01 -2.322749195447888770e-02
2.422188710355852315e-01 -1.099974133696695056e+00 7.513444231143615593e-01
-8.040279482890748675e-01 1.921950738333254582e-01 -4.367135419434661214e-01
-1.424310951590306740e+00 9.766644476532586605e-01 1.721013272406180239e-01
9.576790178499712258e-01 6.448598882507539098e-01 1.356403277629949500e-01
-5.791062409581175796e-01 9.902159669288631560e-01 -8.905224134466084296e-01
9.642742001476403146e-01 2.193306470135460984e+00 2.224165965261725830e+00
-1.079113947790500683e-01 1.759638086216491315e+00 2.947743405044593867e-01
-7.161032196307627329e-01 1.799694835217257038e-01 5.654628816250099055e-01
2.610535485959201374e+00 -3.382829546698528644e-01 5.773407955758969035e-01
1.309937041639738231e+00 -3.346608932273406056e-01 8.683963141852047984e-01
5.386024749095410513e-01 5.155995160917986597e-01 -6.681759514775902353e-01
1.978057623670343101e+00 -4.780932001586875035e-01 1.026286881651652605e+00
1.240047326657932825e+00 -5.336186349859435296e-01 2.641893398832107387e+00
-2.748504845185911538e+00 1.689873965445159110e+00 -1.062874689745926915e+00
1.316287639549207529e-02 -1.968194638924006146e+00 9.508185257873477125e-01
8.958254324052564721e-01 2.002866125289019639e+00 -4.466257035695840316e-01
-5.135984987930219958e-03 1.017375768970467664e+00 2.664736144199362777e-01
1.267978760702664909e-01 -4.708748732555784744e-01 7.491154185070330040e-01
-2.106545421767997972e+00 2.195014720193813496e+00 -9.957161953067250604e-01
-1.799290359039597831e-01 3.557651690175090975e-01 3.005637556312082959e-01
-1.328075923535076142e-01 2.222121801919353379e-01 -8.377897249237556965e-01
-2.938946398690981621e+00 1.637807518930453066e+00 3.079918485637984649e-01
2.604531759652397582e-01 4.610534912867398361e-01 1.507223820708209594e+00
9.963418216243129510e-01 -8.061712946240935374e-01 -5.155383834567734969e-01
9.736090919443691760e-01 1.856538053237769548e+00 6.338914041713732406e-01
3.760252861570588800e-01 1.101815532386067609e-01 -1.485829577893185149e+00
1.310652323851316581e+00 -4.917509804878270746e-02 -8.444523682130518072e-01
3.406677542825059524e-01 1.143249842829780372e+00 -9.654368001246949049e-02
-2.958373026407459250e-01 9.975341441198367631e-01 -6.876162953297472180e-01
1.207410155868021695e+00 6.500594063873375017e-01 -4.321100060469180160e-01
2.959667755592200855e+00 -9.305019662606819342e-01 -5.382385706354481103e-01
-2.255367674616809773e-02 -1.276919781917818630e+00 5.685907113531005752e-01
7.810749485720752672e-01 -3.700796726055330388e-01 -4.500496331705087782e-01
1.362996021805767954e+00 -7.899879900191395521e-01 9.227505933695766549e-01
9.904318582381645975e-01 -8.982255708961968399e-02 5.210954517296875199e-01
-9.161294935483220714e-01 6.864649610023887405e-01 2.976820227032421773e-01
-1.729828659833885895e+00 3.310415361275412582e+00 -2.832472103565120691e-01
-7.361337036159129044e-01 6.482403737383352158e-04 1.370389346579421463e+00
2.206642328971972322e+00 -1.604931937113287799e-01 -5.300767652940334695e-01
7.315378705841024676e-02 -1.557905162054336878e-01 -1.046076770901854580e+00
5.224433154172376526e-01 1.944563547575187235e+00 1.187255547558815127e+00
1.618309385998497163e+00 -1.792411038627282016e+00 -2.693613063241926397e-01
-8.462229691068946513e-01 8.327644519667645184e-01 8.852748043257590016e-01
6.977625471887836939e-02 1.824956252894578856e+00 2.283996836761220117e-01
9.375055722943481662e-01 2.767780466425286967e+00 -2.161385944502767498e-01
-2.908230302009778834e-01 7.036327397276647133e-01 1.491988801442675427e+00
-1.282185094789934254e+00 2.373430796965393164e+00 -1.810361932606726568e-03
2.220318327099907840e+00 1.160091429398020652e-01 -6.189698510992542868e-01
1.121110424140630002e-01 -1.130061239368804316e+00 1.119887272265685629e+00
1.594908140193069146e+00 1.160654022294784316e+00 1.354283373788039757e+00
-9.035964777699255768e-01 -1.068244040024893371e+00 -9.353770451404197495e-02
-3.251516146175726374e-01 -4.097729608452880257e-01 1.130290946010315878e+00
2.209604881639122276e-01 -9.585185233222417445e-01 -9.878553808852702511e-02
-1.782443405387985902e-02 -2.460783408445461895e-02 1.195970086519162923e+00
1.568209058985208459e+00 -1.004573600773577935e+00 -1.641200954178209770e+00
1.145290405927555044e+00 -4.619146054664422518e-01 -2.704555318600485037e-01
1.603622456339516278e+00 1.785258190518669852e-01 2.177161370339601110e+00
9.578945397876675871e-01 1.507956676196935963e-01 -2.104522712970637865e-01
7.807731147110034131e-01 -4.890832448648866904e-01 9.178808831746622099e-01
1.840398413047206638e+00 -5.829636566964279121e-01 1.656064839426658164e+00
7.453915994485031948e-01 -3.691753102029706746e-01 5.304411182453461215e-02
-1.233342104621491186e+00 2.447688201422970611e-01 4.497376402781997351e-01
1.461847656288264963e+00 2.293756251377597824e-02 -2.886989931053836680e-02
-3.949918414777023878e-01 1.940789674012295629e+00 -3.601952189099174584e-01
-5.201188691502313111e-01 -1.203163635372214602e+00 9.009332246702418390e-01
2.738240638514882752e-01 -1.369393132077916020e+00 -4.170056347513775297e-01
-7.250223520684808687e-01 2.040826928663852791e-01 -5.568193164784038807e-01
1.643532806320320727e+00 -1.323649608108481646e+00 7.578801714129035361e-02
-4.702996251291723939e-01 2.613446000112405798e+00 -1.414278945958364675e+00
-1.222429715839532749e+00 3.509186152981241813e-01 4.384832639101224894e-01
1.400488814705545870e+00 9.006117196732178476e-01 -5.279128144559263047e-01
9.774482820518701764e-01 -8.023819085679630980e-01 -2.133048858713149920e-01
-1.130938259134765200e+00 1.845952612961192063e+00 3.663871077147860533e-01
5.823890389205904627e-01 -5.405336733058752063e-01 7.705569911911006598e-01
-2.007587506217111795e+00 3.154479820749112040e+00 -4.103133696574229883e-01
4.184751521108101557e-01 1.489874319830347460e+00 -6.025571378712518689e-01
3.499762493228600335e-01 1.859632158390255585e-01 1.618926031770283824e+00
4.436888240033999842e-01 -4.216175058406488318e-01 -4.527546578779768627e-01
-1.007085986646858888e+00 1.286962094105494225e+00 -1.126097878524465745e+00
-5.415434176050756276e-01 -1.711713441653266443e+00 6.666085065605211746e-01
1.315578387537486904e+00 1.765408324336535717e+00 7.227415794018579032e-01
-1.397042876566434000e+00 -2.513634627411345246e-01 1.544335002279838331e+00
6.217709515982517976e-01 2.321995778791231313e+00 -9.805036852686558335e-01
3.101537926245120924e-01 2.638307986051589449e+00 -9.785582704511097685e-01
-8.039335795414804808e-01 1.975706808799691183e+00 1.293337537793477710e+00
3.585905309700970212e-01 -2.110669511494097164e-02 1.399417331876372073e+00
6.621334595643926235e-01 1.007355476050239451e+00 1.282732797526869029e-01
-5.048272534905948739e-01 9.224914771041727857e-01 1.785089145183281767e+00
