5.571412444114685059e-01 -5.351586937904357910e-01 1.325406670570373535e+00
-1.223973274230957031e+00 -1.499912589788436890e-01 -7.353309988975524902e-01
9.319695830345153809e-01 -1.191225528717041016e+00 9.913344979286193848e-01
8.440257310867309570e-01 -1.142339468002319336e+00 6.145269274711608887e-01
5.163743719458580017e-02 -6.979234218597412109e-01 -1.112565279006958008e+00
-6.992762908339500427e-03 -8.189253509044647217e-02 -7.464926838874816895e-01
1.245558381080627441e+00 3.933276534080505371e-01 7.502838373184204102e-01
-2.657841205596923828e+00 8.365088701248168945e-02 -3.019973635673522949e-01
-7.894520163536071777e-01 4.751207828521728516e-01 3.457329273223876953e-01
-1.929964303970336914e+00 -1.874413967132568359e+00 -4.739112854003906250e-01
7.925077676773071289e-01 -2.561950981616973877e-01 -1.798802375793457031e+00
1.139745235443115234e+00 5.906673073768615723e-01 -7.997304201126098633e-01
-1.999857664108276367e+00 1.048754155635833740e-01 -9.612180590629577637e-01
5.783922076225280762e-01 -3.904230892658233643e-01 3.804804682731628418e-01
-1.917762279510498047e+00 1.582529783248901367e+00 2.015115976333618164e+00
-1.798754036426544189e-01 -7.072879076004028320e-01 -8.774922490119934082e-01
7.140582799911499023e-01 -6.554840207099914551e-01 -1.811712980270385742e-01
-1.111703291535377502e-01 -3.684223294258117676e-01 6.870029568672180176e-01
-2.866446077823638916e-01 -1.733591079711914062e+00 -4.063323140144348145e-01
-1.229270815849304199e+00 -1.060682892799377441e+00 -9.463811516761779785e-01
-2.958390302956104279e-02 2.230981111526489258e+00 6.409221887588500977e-01
-2.368298619985580444e-01 6.987488269805908203e-02 -1.196031123399734497e-01
6.296866536140441895e-01 -2.011010795831680298e-01 -3.227455019950866699e-01
1.508287549018859863e+00 -2.659649550914764404e-01 1.668070316314697266e+00
-3.776808679103851318e-01 8.004963994026184082e-01 -1.052723169326782227e+00
2.074117511510848999e-01 1.605037003755569458e-01 -2.134163618087768555e+00
-7.251014709472656250e-01 -1.374376058578491211e+00 -8.113620877265930176e-01
-5.847740769386291504e-01 -2.743188381195068359e+00 -1.162207201123237610e-01
-1.386791586875915527e+00 -1.988966822624206543e+00 -4.273318052291870117e-01
6.722435355186462402e-01 2.010023593902587891e-01 -3.879252672195434570e-01
-6.689552068710327148e-01 -3.296947777271270752e-01 8.624784946441650391e-01
4.775401651859283447e-01 3.907571136951446533e-01 -2.469655275344848633e-01
-1.206364575773477554e-02 -4.026500582695007324e-01 1.673463732004165649e-01
1.725828796625137329e-01 2.429025322198867798e-01 1.144698500633239746e+00
8.886831402778625488e-01 3.102458640933036804e-02 3.316652774810791016e-01
-1.455402731895446777e+00 -2.822215259075164795e-01 1.445857763290405273e+00
-3.490892946720123291e-01 -2.520863413810729980e-01 -1.133569404482841492e-01
4.063533544540405273e-01 -1.575592517852783203e+00 6.208017468452453613e-01
5.264285802841186523e-01 -9.384608268737792969e-01 2.565087378025054932e-01
9.937807917594909668e-02 -1.209712862968444824e+00 1.186010956764221191e+00
5.589550137519836426e-01 9.538831114768981934e-01 -1.797740221023559570e+00
-8.888963460922241211e-01 -5.501219630241394043e-01 5.977467447519302368e-02
6.583269238471984863e-01 7.940919995307922363e-01 -7.914516925811767578e-01
-2.472720742225646973e-01 -1.568055748939514160e+00 8.559300303459167480e-01
-6.927445530891418457e-01 -2.042763233184814453e+00 -1.526371692307293415e-03
1.347086131572723389e-01 -5.605700016021728516e-01 4.691008627414703369e-01
1.264507919549942017e-01 -6.919455528259277344e-01 -1.198898792266845703e+00
-2.492706298828125000e+00 -1.787404716014862061e-01 1.670720934867858887e+00
-1.021637320518493652e+00 7.748055458068847656e-01 7.840096950531005859e-01
2.062775611877441406e+00 1.210994005203247070e+00 6.737998723983764648e-01
