-1.026482582092285156e+00 -8.928827643394470215e-01 -2.560933828353881836e-01
1.138906359672546387e+00 4.190602526068687439e-02 -1.425935149192810059e+00
-1.377541422843933105e-01 -5.570726394653320312e-01 -1.392807811498641968e-01
1.929948091506958008e+00 6.867130994796752930e-01 -9.108735918998718262e-01
-1.250433027744293213e-01 -1.691991209983825684e+00 -1.355342984199523926e+00
-1.700192928314208984e+00 -3.177791237831115723e-01 -8.781400322914123535e-01
-1.217684984207153320e+00 3.595692813396453857e-01 -6.868840456008911133e-01
1.495309948921203613e+00 7.195550799369812012e-01 -1.854144036769866943e-01
-1.474436163902282715e+00 8.011527061462402344e-01 6.766126155853271484e-01
4.768883809447288513e-02 9.189555644989013672e-01 -1.008624076843261719e+00
-1.906176805496215820e+00 -2.057078123092651367e+00 1.111414074897766113e+00
-5.033918023109436035e-01 -2.534582912921905518e-01 4.138533025979995728e-02
1.057487726211547852e+00 1.438249498605728149e-01 7.102594971656799316e-01
2.211376279592514038e-01 -9.058734029531478882e-02 6.731660366058349609e-01
1.139831662178039551e+00 -1.075726389884948730e+00 9.763303399085998535e-02
-2.834407091140747070e-01 -5.576605200767517090e-01 1.324437499046325684e+00
-1.618208885192871094e+00 -3.721573054790496826e-01 9.469340443611145020e-01
3.597714379429817200e-02 -7.442934513092041016e-01 1.127667307853698730e+00
9.196549057960510254e-01 1.003390073776245117e+00 1.195364594459533691e+00
1.543626546859741211e+00 1.965996772050857544e-01 7.151962816715240479e-02
-9.153629541397094727e-01 1.690597236156463623e-01 -1.653109073638916016e+00
-4.396482110023498535e-01 2.828696556389331818e-02 -8.004634976387023926e-01
4.175996482372283936e-01 -1.131499528884887695e+00 6.350982189178466797e-01
-2.183886617422103882e-01 -7.691668868064880371e-01 -4.851275980472564697e-01
-1.793066978454589844e+00 -1.035763263702392578e+00 2.365040302276611328e+00
7.893952131271362305e-01 2.704442739486694336e-01 8.255018591880798340e-01
-1.023787498474121094e+00 -9.132591485977172852e-01 8.620142936706542969e-02
2.495799660682678223e-01 -3.214125335216522217e-01 1.866462469100952148e+00
1.990734457969665527e+00 4.155189394950866699e-01 4.831952750682830811e-01
-5.045402646064758301e-01 -7.489774823188781738e-01 1.406311035156250000e+00
2.501264810562133789e-01 2.570962190628051758e+00 -6.732032299041748047e-01
-9.232097268104553223e-01 1.564572453498840332e+00 6.820703744888305664e-01
1.767662882804870605e+00 5.796706676483154297e-01 2.194078862667083740e-01
6.864720582962036133e-02 2.533732056617736816e-01 9.573007225990295410e-01
2.651897668838500977e-01 6.575573682785034180e-01 -8.429803252220153809e-01
5.836759805679321289e-01 -3.479304015636444092e-01 -9.363756179809570312e-01
1.244655251502990723e-01 -6.112716197967529297e-01 3.649963736534118652e-01
1.096391797065734863e+00 -1.334823250770568848e+00 -1.266459822654724121e+00
6.452943384647369385e-02 -2.487851232290267944e-01 5.517196655273437500e-01
3.842249512672424316e-01 8.565071970224380493e-02 1.884443402290344238e+00
5.363445281982421875e-01 -1.187668815255165100e-01 9.991619586944580078e-01
-4.236316978931427002e-01 5.209201574325561523e-01 2.107319593429565430e+00
1.402023553848266602e+00 -1.940273940563201904e-01 -2.442888170480728149e-02
-1.314447224140167236e-01 7.710117697715759277e-01 1.160141348838806152e+00
-7.221020758152008057e-02 8.002151846885681152e-01 1.737542003393173218e-01
-3.330782353878021240e-01 -7.540191709995269775e-02 -5.300709009170532227e-01
5.139961838722229004e-01 1.091545224189758301e+00 6.763087511062622070e-01
3.191340565681457520e-01 -7.826358675956726074e-01 5.983179211616516113e-01
-6.623984575271606445e-01 -3.289837837219238281e+00 7.317041754722595215e-01
-1.811247110366821289e+00 7.413987517356872559e-01 -8.999828100204467773e-01
