6.646711622989354140e-01 -1.883678601567918331e+00 -1.366955218432147401e+00
6.351413857865388923e-01 -5.377091942004269542e-01 -4.547374312792891171e-01
6.203617995751335989e-01 3.604544477785941448e-01 -1.308964652621674718e-02
-1.443099412302921714e+00 -1.064928767972624035e+00 1.452182126740412915e+00
-1.541154179337204333e+00 9.487003567731618903e-01 1.704127526258809144e+00
8.428463105952828105e-01 -1.664927569406202235e+00 2.411829512041216539e+00
2.464279457255708738e+00 1.226679966035482128e+00 1.280400591612451122e-01
-1.818896827433220009e+00 3.454264291238803297e-01 -3.689078003250284565e-01
1.933656192973967625e-01 4.740839013418401970e-01 -1.454191815725450310e+00
1.635339228119035093e+00 -7.727756374651548743e-01 -4.876207127040620426e-01
-6.336938722393445911e-01 2.847891910603184140e-01 -2.502075260511012478e-01
-8.004737829259793713e-01 1.001156390997602452e+00 2.474472663537730099e-02
-1.264339626269597394e+00 -2.136688975307932115e-01 -1.057833954405854149e+00
1.966488852229321127e-01 -9.342137169891076010e-01 6.115298785398135539e-01
1.159418806735680985e+00 2.569762683064461539e-01 -2.131643077402367581e-02
3.240248903704589178e+00 8.402719103293054825e-01 -2.136474010945261348e+00
6.862237455182137458e-01 4.961700569335224520e-01 4.547935302896816134e-01
-1.837307186096074352e-01 -1.118441222413848468e+00 -9.842775205729267229e-01
-1.509163157853460335e-01 -9.593189485228137414e-02 1.243414680567911379e-02
-1.771167723089402068e+00 -4.336073001543096495e-01 4.060223209103841491e-02
-1.657516837724560599e+00 -1.419773970524474738e+00 1.194460019797937589e+00
7.533139057227928870e-01 -9.052576600099997428e-01 1.242056579716027009e+00
-5.933039087690001878e-01 7.244507346937703041e-01 -5.350381702707547316e-01
-9.387452730904759512e-01 3.815049505895351523e-02 -1.278318125131670646e+00
2.752061185930604337e-01 -9.181239219167974808e-01 -7.565948584104290608e-01
-9.587749755420540421e-01 2.228226834002522416e-01 -7.754810829647253989e-01
1.481993657719159696e+00 9.385619980890405056e-01 1.427819852939582024e+00
-1.948752273671571666e+00 -5.413768752110263982e-01 -1.412810096750760636e+00
2.094137379633441931e+00 7.977990384609697783e-01 -1.319448842204468342e+00
6.390532955004164517e-01 1.264249579038569493e+00 -4.924396049626852956e-01
