1.832834337813529224e+00 -2.203917449107871018e+00 -3.050056697483862767e+00
-1.429696462712207516e+00 -3.772336623833731917e-01 -1.218022844607564714e+00
-1.286218743193926928e+00 -1.182521371113763431e+00 -5.875731705793578730e-01
-5.084475944997296493e-02 6.490188398103400313e-01 -1.653074216044893574e-01
3.506833754481913368e-01 5.407205050420124115e-01 3.226850082467405678e-01
-6.765219408162619352e-01 9.768266110360106502e-01 -4.811580161189067395e-01
-1.652439460729102194e+00 8.231084320843928825e-01 1.264163251811485367e-01
-2.340394649379446967e-01 -1.813383637325740594e-01 7.879290882970627630e-01
-1.108400109607889483e+00 1.382177857083321637e+00 -6.182476516085422258e-02
-1.218680922005819456e+00 7.200699726877682894e-01 1.023975955938082882e-01
-1.594427536292472469e+00 -1.527763291146537195e-01 -4.546088725127012120e-01
2.549263861330134606e+00 -2.231392198625018475e-01 6.455262592925916643e-01
-1.121012833856053770e-01 -1.103967828645443738e+00 3.730611756503483534e-01
-1.608079941467769336e+00 -7.598479271888738396e-01 -1.806854234388441505e+00
1.963415486409546773e+00 8.631813373808402412e-01 1.559649432880773068e+00
-9.565014447851074575e-01 -2.271196573292622922e+00 1.361905587995251965e+00
-1.458458713322561273e+00 -1.184088281904784656e+00 -1.198780328317909039e+00
6.764988082437091155e-01 -4.977659190668232148e-02 -2.965382753671256255e-01
1.463118524626608741e-01 7.082909088534955488e-01 1.378701246983780049e+00
-8.949524605971981295e-01 -1.512281704498916080e+00 -5.847742057673004368e-01
1.968481495671351666e+00 1.866367099816314212e+00 9.115653796266509623e-01
-1.278645916718406106e+00 -7.355485944064001913e-01 -1.517424675108018706e+00
-8.682657844409407133e-01 1.671841542647950485e-01 -7.233258935766871955e-01
6.417929346947965907e-01 6.132352291916509657e-02 -1.834255656496248665e-01
-8.207632093819641206e-01 -3.908826382258790977e-01 -5.593357653549710928e-01
1.911848031422823668e+00 9.240253736214807390e-01 -6.185582665005615599e-01
-4.001889625265086181e+00 -1.699810619568900671e+00 1.746391980170962643e+00
-5.466020208367226019e-01 -1.021500709714936672e+00 -1.445887425142677873e+00
-1.531278756645232608e+00 1.634295303671988719e-01 -5.579982739519527835e-01
-2.057387879251291740e-01 -6.033400407175409930e-02 -5.794529925123388381e-01
1.170680694116597031e+00 -1.043433878611140786e-01 9.225127587022339259e-01
7.529743392753459608e-01 -1.798864496505934163e+00 -1.281456292668065711e+00
3.697947673287288461e-01 -2.814414088018328819e-01 1.197776674640919636e-01
-5.353304959994479306e-01 -1.042220996211001394e+00 5.745764424232848722e-01
-2.513011663709488808e+00 2.339162914987746866e-02 -5.963201224150723734e-01
-8.660119504929673084e-01 1.269079415755971718e+00 7.281159654882873866e-01
5.746538366993556579e-01 1.694273474279119007e+00 1.097982634620992659e+00
2.482902543945187945e-01 1.157894803772686609e+00 1.752051741129082796e+00
6.993395860643776274e-01 5.599137041354868005e-01 6.335078289588644829e-01
-1.670137295767936125e-01 2.100650006226929101e+00 1.028900778928140358e+00
2.000871157883691964e+00 -6.589645550340592628e-01 -1.214821893659941310e+00
1.032562685723728002e+00 -4.879345033514012608e-01 -1.822793708021505976e+00
-3.044437540675199561e+00 -1.562337650723438776e+00 1.933958933334867236e-01
-1.647666827593050609e-01 3.720116992148039259e-01 1.429140060178176075e+00
-7.783835295998045023e-01 -2.407375966197625949e+00 8.395423924165377194e-01
-2.988051974887590001e-01 -5.956657610389850532e-01 -1.448941300003903976e+00
2.749442139325461998e-01 -1.019854343324152479e-01 -5.074445236430968897e-01
1.360701308759673767e+00 1.922687924412842531e+00 8.864346799146278766e-01
6.300824701748062306e-01 7.156722600329669115e-01 1.736051765581052120e+00
-1.401819839664622425e+00 -8.222600269226325587e-01 -2.112265405188877399e+00
-1.271946704483592594e+00 -1.551801011569092337e+00 4.164033815960199725e-03
1.488721106016297036e+00 1.293397842831763178e+00 1.016507611530666599e+00
-5.956582907535571403e-01 1.671087093890942565e+00 -2.327613265345346960e+00
2.728355045390831624e+00 5.799841969074868153e-01 2.106542185062971750e-01
-1.737692516335118231e+00 -1.108818561216987186e+00 -7.705805646042773738e-01
-7.759771319120427613e-01 -2.169281545617710361e+00 -8.422091142270555775e-01
-1.721500812322163565e+00 -2.339955489377251840e+00 -1.375738369614954326e+00
2.298773275371379654e-01 1.888284664986922268e-01 1.263610713566071464e+00
-1.786611868820085380e+00 -1.756726719497024636e+00 -1.068030647177531933e-01
-1.086967430336276852e+00 3.835111206618818658e-01 1.525541526542733006e+00
1.685538441307799173e+00 1.979174321391189428e-01 3.096148121647350759e+00
9.724025915905332162e-02 -6.262906422016341068e-01 2.445708830143519030e+00
3.958853803384715375e-01 6.287137594831000431e-01 5.393698467238041694e-01
6.068059221945502069e-01 1.226808249187035349e+00 -2.462299411355253209e-01
-8.568941874700469752e-02 4.973036587245407425e-01 -7.525843971676116073e-01
8.420838113649202761e-01 6.211295282068455270e-01 1.025085897716696115e+00
-1.378587180944818691e+00 -6.479532242054981683e-01 -1.401794388529306268e+00
-6.634541743366221267e-01 4.614485250413011830e-01 1.207482763750711285e-02
2.058641409840364922e+00 2.378781073253024569e+00 4.420199037184708302e-01
5.387451032157326569e-01 9.547555823352316118e-01 -1.365000689207748641e+00
-8.700190970094446863e-01 -1.009737060690105714e+00 1.850488448094892435e-01
1.313898500609288700e+00 1.557168060502666318e+00 4.548508566942223719e-01
3.848999051839605556e-01 -4.657258913134270095e-01 1.323057606709773237e+00
-5.765296021970633955e-01 -3.659304135976355621e-01 -1.476445966031843859e+00
1.292874356239024802e+00 -7.385287650730887332e-01 1.803359029379326683e-01
1.874781237972684478e+00 -1.912151983262313060e+00 -5.144329195033683355e-01
1.040050727921443485e+00 4.731585908594988510e-01 -1.839396516405330306e+00
-1.112748382622458232e-02 -1.345692839269402308e+00 -1.613743517538394290e+00
4.683923068991705518e-01 9.854504025542085710e-01 -5.509362484201916210e-01
4.331958200788807445e-01 2.045959073374866044e+00 1.610383036944076363e+00
5.490877606701837221e-01 1.387074961949554375e+00 -1.247128107451146883e+00
-2.535761383272618019e+00 -1.471356062822454236e-01 1.220733156291337052e+00
1.978040792470259657e+00 1.358098072661116706e+00 2.139069404663461960e+00
2.350433755096640098e+00 -8.713524280248241549e-01 -7.662277752565167521e-01
1.810690427872969632e+00 9.626690544399751914e-02 -1.711954319041903982e+00
-4.567560486841668599e-01 -2.818571225569330707e-01 1.950660323212022762e+00
-4.937120244717732587e-01 -2.847990021931731119e-01 -1.702114479967674621e+00
1.890723300265688467e+00 -5.177676342651724717e-01 4.412560702453185435e-01
4.994726921168531897e-01 -2.900052579568033750e-01 -2.557037689008956338e-01
4.342962065164053254e-01 1.887509200286445310e+00 6.554994412092434164e-01
1.154859959180192686e+00 1.446194373110210041e-01 2.922645814041257228e+00
-7.033535043571443879e-01 -6.651845226913235543e-01 7.342882526651033359e-01
1.765225704027884923e+00 6.835705765803674616e-01 -1.271518932951012371e-01
4.613540670854243686e-01 3.707874418920130144e-01 4.112250350508075969e-01
2.670434215294210656e-01 9.762724215607019307e-01 5.161919708296530684e-02
6.053607160626365280e-01 1.100766171413597450e+00 9.737164248742630202e-02
-2.535064814937683320e+00 -6.921835819703658910e-01 -1.300765555220184222e+00
-2.648003163301677620e+00 4.127193410890745984e-01 -8.899042946435120616e-02
-1.870013998050391590e-01 6.544875187632468450e-01 -1.069777444888385443e+00
-5.964769202295798767e-01 -1.222911490414637425e+00 -4.687377006147690484e-01
8.329847456409358308e-01 2.056592919377959738e+00 2.068679687555479596e+00
-8.630403053057489338e-01 1.685757804257757009e+00 5.227713129006088533e-01
6.120816511759570311e-01 -4.052784393925051853e-02 1.754160805454599847e-01
8.846514607082670567e-01 -1.517429099276968341e+00 1.366740293280459539e+00
-2.661152426873523158e-01 -5.882695798947170651e-01 -6.251474192922155115e-01
-9.040514632035510090e-01 8.032895993707553917e-01 2.613608034102021804e-01
-6.918721690259912460e-01 -4.573537062193272495e-01 1.261526267708936278e+00
-7.997768928887232232e-01 5.094088185333314200e-01 7.659133667586448535e-01
-1.885137617239742491e+00 5.576993892494452876e-02 -7.645402323425594115e-01
-2.214869715295990193e+00 6.175515961171960111e-01 -5.826379053667956054e-01
-5.960525081186845986e-02 9.922735352070508608e-01 -2.027626141808037019e+00
-1.121571000831987241e+00 -3.084086676338007593e-01 -3.116758427633799511e-01
-7.221954054994390582e-01 2.797944950228556382e-01 -7.893835418787484848e-01
1.294536208776156050e+00 -8.693493689262310475e-01 -8.384209807621365584e-01
4.068632551293013266e-01 8.781577545425660603e-01 1.430743355932344030e-01
3.190126690727890235e-01 -3.275206750561676650e-02 6.867888537686510642e-01
2.656503483073048510e+00 1.190436662040507798e+00 -2.623959939011366593e-02
2.109508143183172479e-01 -8.110674649198326147e-01 -5.883966127933775159e-01
1.576845480279293277e+00 3.337202149776103965e-01 8.743771835902502954e-02
2.435528965648597333e-01 2.010503011765801595e+00 5.478463416605477976e-01
-1.648507214968607970e+00 -5.210973630575528315e-01 -8.266421286804914725e-01
-7.518299057032936661e-01 -8.856067811965965264e-01 -1.372718730615686278e-01
1.361074195296448686e+00 1.864565140038810132e+00 2.346513207525238731e-01
-4.204727733644004761e-01 -1.211307717552048135e+00 9.352677280911003699e-02
2.535609499102278619e+00 5.784470686210009260e-01 -1.356825365145502005e-01
6.012440140875330297e-01 9.244585246976204651e-01 -1.091079260557292319e+00
-4.121170889012374383e-01 3.691886960304169296e-02 1.939510956964538568e-01
-1.501528042300289023e+00 9.940468135519817672e-01 -1.577942572598802773e+00
3.508142730129596432e-01 -2.494058099902510817e-01 -4.724587124632779744e-01
8.624645497110643433e-01 4.477243943728102527e-01 1.167876003478790503e+00
-6.082071047505068773e-01 4.544608589372171048e-01 -1.243096641887594833e+00
-4.556266345072466084e-01 3.121198887809686351e-01 7.778501225567928667e-01
-4.091879038821228387e-01 1.037641933178702569e+00 -1.945841584304467409e-01
-8.812422636183585567e-01 -1.076249726901910675e+00 9.046761049236473617e-02
-2.381873821393585722e+00 1.889431361065939674e-01 6.444690317243462196e-02
6.195624693224743851e-02 6.986534853893293651e-01 -1.762267049902243032e+00
1.059689681268306538e+00 2.579272891301833237e+00 1.736451510944266863e-01
-6.747144767970431056e-01 1.190058662595933070e-01 -1.753988568837881790e+00
2.198899644906661677e-01 1.247049585763581936e+00 8.720737389570618614e-01
-7.789881816593817732e-01 -6.514537636715489466e-01 -4.047598657233747454e-02
1.897424241614784624e+00 1.470688140592830706e+00 5.086010219553449563e-02
1.016921283619031779e+00 1.613963999730576138e+00 4.043996099831384528e-01
-1.516752162833498563e+00 -3.146553548168309344e-01 1.721720702150937754e+00
-8.916060332930757504e-01 1.478213018157426006e-02 1.523597293202637593e-01
-1.047671062042219159e+00 -1.563856787848836971e+00 2.226310782522548104e-01
-8.507318670019592410e-01 -3.114511884948181653e+00 -1.008320569546311551e-02
1.056004279466667750e+00 -1.021108020583746834e+00 -3.392382076010680425e-02
-7.827226725327340873e-01 6.963241466575149641e-01 1.842394595046072725e+00
-1.082367278461925597e+00 -7.792465629454909948e-01 4.690447244781872915e-01
-1.633737611709863424e-01 -1.743944528470502853e+00 1.095764168937585659e+00
-8.846048585794898944e-01 -9.375434073309835137e-01 9.551596428445441322e-01
-1.070431167122170901e+00 -6.444659969492827489e-02 8.275616494318280836e-01
9.866469624838400954e-01 5.354877605471298763e-01 1.416947228269698211e+00
-5.973105867015648940e-01 -4.011127686506534840e-01 1.477450504842907186e+00
-6.401159357407844031e-01 4.389987082586239708e-01 -8.695925955298333676e-03
1.167168700225512890e+00 -8.267242981959718184e-01 -4.455707633792405087e-01
-4.269474990580351403e-01 8.940791595789598922e-02 -8.722594340685686509e-01
4.878843087741800977e-01 -7.743264669200378147e-02 -4.450431066237537925e-01
-1.320383491994552072e+00 6.943084882081222986e-01 2.152401266853896100e+00
-5.800689440159587651e-01 4.614677030392109192e-01 2.508828166507732771e-01
1.464358148331899034e+00 2.560182939382675826e-01 4.233082885396521333e-01
3.314829810343602468e-01 2.633979123044495330e-01 -5.459269146178445942e-01
1.363378363949875105e+00 1.242330606957181116e+00 2.151367656514115545e+00
1.163121745636070070e+00 -5.832089549863546107e-01 5.929928372401841452e-01
1.323929408016700782e+00 2.158205882433117395e-02 -5.115023195124843713e-01
-1.026420507475640509e+00 -4.948543330917018479e-01 1.718023656124016973e-01
-7.273975755189515668e-01 2.621463472315467280e-01 -1.379302761527901211e+00
6.922610482737234783e-01 -2.638455534409817060e-01 2.583148503533524432e-01
4.372535945922538803e-01 -5.579498919115564171e-01 -7.822680402187280890e-01
-1.525082402744498133e-01 1.456910188736131317e-01 -4.322060593432305864e-01
5.080835262445437817e-01 1.272872959605690690e+00 8.082312142980613290e-01
-7.461305307974936962e-01 -6.717970091545832911e-01 -7.883253843068889211e-01
5.035943327102341271e-01 -9.386300671526440764e-01 -7.915635020682234568e-01
-1.040660709883889368e+00 -1.454364047462930909e+00 -1.954929450554160342e+00
1.085590431826698454e+00 1.904580936660450252e+00 1.016362446760023852e+00
-1.437473768688097842e+00 -4.774725634619692016e-02 -1.081103216733475092e+00
8.720832228348275317e-01 1.274216459315332894e+00 -1.324804525771569930e+00
1.479229753655895596e+00 2.933565368155181208e+00 1.476176762967557732e+00
3.972245035373631605e-01 1.179793278247854849e+00 2.056730828485588969e+00
-1.846886508535394267e+00 -7.755632104034082541e-01 9.154132338080210873e-01
8.437541755049049463e-01 2.222540329335866538e+00 3.437161218531770146e-02
-6.305316849211972663e-01 9.496577866401387791e-01 6.408705536985769280e-01
-1.464655587246555202e+00 1.065394202301775062e+00 6.149479352525129006e-01
2.516992336610313519e+00 -1.292376436776784265e-01 3.416504213229737408e-02
-4.487742501846446741e-01 -2.113107886304939509e+00 -1.836057967146349279e+00
3.835307542405943959e+00 -2.453488486306124594e-01 -1.491886145703573696e-01
-8.701287182390349262e-02 -6.196187526880353458e-02 1.773509454634555560e+00
-9.091455597711108894e-01 -1.442544983234146816e+00 -1.445500286468042184e+00
1.012298100047549720e+00 -1.105389438452436757e+00 -8.389579343833347691e-02
3.031003036056129640e-01 1.679907301325888946e+00 5.130883217870173540e-01
9.241865960933641766e-01 7.370649887077588280e-01 7.016925302744382309e-01
3.965248140708863556e-01 3.935603623769390880e-01 1.364466428781187846e+00
-3.753582605465539679e-01 1.828317535046521947e+00 1.091804071350462646e+00
-3.772100406985133825e-01 4.977122182989784926e-02 2.057445516748666492e+00
6.163235397885346023e-01 -5.674006940809706023e-01 -1.327288049363983813e-01
-7.057525831234049418e-01 3.939088636509302521e-02 5.673750379783790709e-01
-1.926970963802021597e-02 2.183939866238213234e+00 5.205086531516004422e-01
8.451882695372692211e-01 -1.129194875630257000e+00 1.013865224920629693e+00
5.307964867623707894e-01 8.477107227489397712e-01 -3.575454157313900927e-01
-1.330509999609100102e+00 4.462501783374478448e-01 -9.255130157344133579e-01
5.585942908823426922e-01 8.889623964415274138e-01 -3.356822381155333268e-01
1.545222281715997736e+00 2.217520983500604004e+00 8.690030622377273861e-01
1.211882813983718443e-01 1.244376957263395367e+00 1.566424378604974743e-02
5.679498917045290307e-01 3.943424568037058986e+00 -1.317805766921565258e+00
-3.239045071770921269e-01 -3.089328327198947455e-01 -1.922827849749399354e+00
2.028319873076152469e+00 -5.525766322658558494e-01 1.307644774209817840e+00
1.400336526464453391e+00 1.101601461408890259e+00 -1.045872152027564894e-01
-1.954804271580494524e+00 3.106692162031898796e-02 1.700307726277912490e+00
-9.410985409594290196e-01 -1.529730927302511700e+00 -9.266866717941745213e-01
1.649004853831282258e+00 -7.971638466866454165e-01 1.158430329661416014e+00
3.318258977785778496e-01 1.940338213570174553e+00 -2.925283707421549861e-01
9.014625803167142237e-01 -1.786964783668663070e-01 2.997997778028144156e-01
-2.355057841249562633e-01 -2.260152751746890232e+00 8.589035055711122801e-01
-5.476839629960964517e-01 -1.492799711302405186e+00 -5.834821016772626656e-01
7.898143182522563421e-01 9.443710286233988338e-01 -1.456852883985436109e-01
-1.495734815592067779e+00 -4.153337869630542301e-01 -3.090127269503442076e-01
-4.557125042577374607e-01 -1.560961948481873751e+00 8.698382824972075156e-01
1.290119303449103749e-01 2.332085954692354468e-01 -4.523875696261343560e-01
2.309200034161019488e+00 -1.857651292579554081e-01 1.110266245620289194e+00
2.546614589778899429e-01 2.153846287182086816e-01 1.724763265482328833e+00
1.532163230275866539e+00 -5.882556465277988256e-01 1.425135667918643767e+00
-2.714285400491179834e-01 -1.568039555112058059e+00 -7.045976746172519789e-01
-1.233969245893900446e+00 -5.656725990169390039e-01 -3.330090654939428241e-01
-1.914990860424335528e+00 1.408015199504896175e+00 -4.562546511755694034e-01
-7.195125533622098724e-01 1.327332134142353848e-01 -6.065445391094623773e-01
-2.687588594565149425e+00 1.808830926936596306e+00 7.029883961266081283e-03
2.038072493519722528e-01 -1.244476703519558303e+00 -8.927408073217131257e-01
-8.679880323716537838e-01 -7.446619450546541064e-01 3.561478594990997726e-01
1.333958240415112906e+00 1.618308087222950498e-01 1.779601160987360986e+00
2.773332416515469134e+00 1.354066709311112948e+00 5.624775570769158239e-02
-3.344446518639760946e-01 1.148238142613350998e+00 2.180022095354753997e+00
2.789686755280312846e-02 -3.796536309040531298e-01 -1.780059689539589485e+00
1.046089361661356465e-02 -2.815561262602511716e-01 -6.605885076236730491e-01
-1.981220431227566081e-01 4.522107858962878257e-01 2.422282580244202732e-01
-3.491621861802465254e-01 -5.422544660010150119e-01 -9.991493541171985182e-01
-7.324602235903980851e-01 -4.646830967331866957e-01 -1.614524056554238918e+00
-1.218367846396402498e+00 9.560953477562461611e-02 -1.635952091546405640e+00
1.906666423780912778e-01 -2.618618868603721950e+00 -6.743881367360448076e-01
1.512018241784312655e+00 4.879936220373649047e-01 -6.565851813681418125e-01
-1.753793426418102319e+00 -1.339842375881124870e+00 1.581919769995047353e+00
-3.985617978756628155e-01 1.653715672188187824e+00 -1.983797350698789375e+00
1.307795899309215581e+00 1.660596712889708781e+00 -8.001094104553623243e-01
-1.147218050089747976e+00 -1.571545806962867164e+00 -4.245440781769693750e-03
6.681945817749387340e-01 7.792471616321103856e-01 -1.645784215641445947e+00
-1.523134158289552342e+00 1.005878796812367693e+00 -3.332306521541144040e-01
-1.886364994053325139e+00 -1.822217760514517115e+00 -1.239866292127008940e+00
7.348400359334374965e-01 7.909092172864804482e-01 -6.912469183330305356e-01
-2.760769683931493246e-01 1.015335995087634391e+00 -7.444965480280030246e-01
-1.318553783650447286e+00 -1.087344121019215404e+00 -1.560056201612805893e+00
-1.093887684780002090e+00 -8.498430066582260967e-01 -6.985217188812712363e-01
1.889850421308142403e+00 3.285992307325004136e-01 -7.158547873593226196e-01
3.806854895915640080e-01 -1.905808100868614519e-01 -2.925589226364985751e-01
4.707446329739090052e-01 2.412401525247925838e-02 -2.949947285898496530e-01
-1.539280594541259539e+00 6.805527785964458065e-01 2.041399939432348987e+00
1.669655740921725640e+00 5.928542018253819545e-01 -3.817549005887774793e-01
-7.904529769842405518e-02 1.393175307846367117e-02 2.887812287940480171e+00
-4.501743843311312165e-01 -9.860585447380165736e-02 4.013383448928214969e-01
-1.797742378377215067e+00 -2.104322167395559440e+00 -2.355007219085321069e-01
-5.207478808091603462e-01 2.726013991036897899e+00 4.574112665539822320e-01
-5.624619755406928823e-02 4.907944790455693873e-01 -5.378105080903911039e-01
4.439560735207814801e-01 -1.401620291046999034e+00 -9.832364678999669927e-01
3.338371191701322571e-01 2.104628261392430533e-01 -1.147361390608486964e+00
6.788862871177252512e-01 6.674091072564795057e-01 -1.381014695247329671e+00
-6.668850639595452767e-01 -1.729757209793263417e+00 3.461728145448649263e-01
-6.976722814811331386e-01 -9.576466098365912227e-01 -7.724985570581466288e-01
-6.961884696914690807e-01 -1.642141165616590515e+00 -7.134142186030083543e-01
-1.993511834829912566e+00 1.009506308118633511e+00 -1.467415669108781184e+00
-2.843052161860896154e-01 -3.765225950990732651e-01 3.031745661198693709e-01
-7.152173852447543112e-01 1.426525183637767258e+00 1.852146892312375170e+00
-1.873444541486175785e+00 6.057345040699657623e-02 -1.105502717060375506e+00
-1.330524493300639932e+00 -8.461286535869265713e-01 -1.571175111094125221e+00
7.868747570208719511e-01 2.269647156965315382e+00 1.626736758122535598e+00
-8.967178829052604438e-01 -1.415703619410107583e+00 1.820099800962500236e-01
-2.536620853646188722e-01 -4.172407857789235952e-01 -1.325055413441494245e+00
-3.285768336763617015e-01 1.325701794741552142e+00 -3.034573184097514309e-01
7.542852743602168619e-02 2.072943170456714057e+00 1.455829656488460966e-02
2.578688114038498735e-01 -1.927100184447419373e+00 7.615455290542605393e-01
-8.378766506331369879e-02 1.625919837823221470e-01 -6.629126948870609493e-01
-1.539678738534457914e+00 -9.418658103699510953e-01 -1.705207695637512400e+00
-1.785159752552651913e-01 -8.179072353704914811e-01 4.032675019720612930e-01
-2.625667390612447694e+00 -8.229500560565974343e-01 -9.501713597489847007e-01
2.429519756191330093e-01 2.024731407995429500e+00 -1.037781935264749489e+00
-6.233525813455367270e-01 -6.957248731735246050e-01 9.438149082243108001e-01
-1.795806387292099071e+00 -2.688958575303450615e+00 -2.953447464604852524e-02
2.442423627068632808e-01 -3.404080863319388084e-01 -7.820895796729548932e-01
-9.199359408450882292e-01 -7.638031686121793395e-01 3.461824606817199834e-01
3.064284817282556528e-01 1.454779294539518375e+00 -4.118625810250094998e-01
1.800943883334183759e+00 1.495323582230769333e+00 1.977215472937752239e+00
-1.500584553839767188e-01 -2.801828464218676373e-01 -2.862163085870155221e-01
9.874376829044997361e-01 2.355437990483166266e-01 3.024212058403431547e-01
-1.395756000348070458e+00 -2.990376648855558317e-01 -8.675811757980655958e-03
1.897189992102141787e-01 8.372008551949678967e-01 -8.681787186225657926e-01
1.083694077520272470e-01 5.812625182434091320e-01 -4.342466086517861035e-01
-1.770943675866450739e+00 -5.335027979166550027e-01 -1.115939420038049468e+00
-2.062192177812106841e+00 3.532068683493584382e-01 -1.232541836710716598e+00
7.767250562876591991e-01 9.802865105274289892e-01 1.241545534421616637e+00
-1.549142208778892416e+00 -1.352837331206207638e+00 -9.243692156514755620e-01
-6.769435166301773776e-01 -9.073921419685654355e-01 -5.924915891384254785e-01
-2.103551845762551054e+00 -1.847976264632806176e+00 4.628450604889078335e-02
6.938424349290059912e-01 7.078729388126070443e-01 -2.390111903261080695e-01
1.562564718012604548e-02 -3.020137502136651664e-01 -2.028813819323090684e+00
7.029012115077052369e-01 7.087730856253202649e-01 7.347978263054664172e-01
1.545664349236902213e+00 1.460108339750243456e+00 -4.606809962932504332e-01
-5.618191935169745133e-01 -4.506600803832216950e-02 6.058208868075929399e-01
-9.437658423153854059e-01 -2.625027949196306887e-02 1.606563552564534092e+00
-1.576090826155299052e+00 1.564878535905553036e+00 6.154606823579356067e-01
-1.797217233054616781e+00 -8.627530731623832549e-01 -7.194293324924225796e-01
-2.194886918365933859e+00 -5.077084645373801663e-01 -2.359364174644257850e-01
1.511646398335919850e+00 1.955989076560813000e+00 -9.266502231972342241e-01
6.012419679519204196e-01 -3.461399513138794237e-01 5.981582058207739472e-01
1.544887974831790300e+00 -5.241679480118595080e-01 1.839676465118503135e+00
8.920680783254484325e-01 -1.577786639524241252e+00 2.471040724043013892e+00
1.097853647332122096e+00 1.756526492912204862e-01 7.221292391127001054e-01
-5.917311446273463282e-01 8.969533914066002422e-02 4.639809190497921065e-01
-1.920007640504144630e+00 -6.350034255244714210e-01 -2.611672569013692602e+00
1.658630276378397106e+00 -5.322119076656948167e-01 2.417668983044508835e+00
1.234592226570674356e-02 -6.040661199603243325e-01 -1.134971355925035397e+00
-7.722864623751468649e-01 -1.413341384566972891e+00 8.988479167363827571e-02
-9.987225983277532304e-01 -8.320553284501875924e-01 -8.864507714027554108e-01
2.668638439854377875e+00 2.299922981208699646e-01 1.151094628795336083e+00
-1.439059720063012637e+00 2.821694230956506289e-01 -8.026162096146582936e-01
-1.117322721751000669e-01 -4.967351228355280646e-01 -7.869400259496188710e-01
-2.348559476635199150e-01 -1.394886204755706682e+00 -2.231937119690822868e+00
3.912497689190250205e-01 6.929006406682908237e-01 1.338886485845349306e+00
-9.718440397668427488e-01 -1.913329240535905251e+00 -4.255779877882722717e-01
-1.096230068706639305e+00 1.011089384988878459e+00 4.344974714917196890e-01
-6.197212783897074750e-01 -1.442093760731121943e+00 -5.946917386982644160e-01
1.137084347191567923e+00 2.019901351541322665e+00 -3.292257290021208815e-01
1.446181865061023197e+00 -1.638326022734700738e-01 -2.239966778437094241e+00
1.471370582337339528e+00 -4.337503587764726110e-01 4.536116884637733659e-01
1.551308685454034109e+00 1.926764052516565906e+00 1.030747227951843037e+00
-9.974726210455637787e-01 -9.590760555184714153e-01 1.820398225430297501e+00
8.493831179693721589e-01 1.273477834653784280e+00 2.682179677142168650e+00
-6.391428085625082689e-01 -2.107849618317228835e+00 -3.442570482749105487e-01
2.036762027224170435e-01 -3.830123191421056505e-01 -2.610645670435962629e-01
-2.726216222116361720e+00 -2.245996413330333952e-01 1.490262080351793417e+00
3.871632991134410506e-02 2.341007414345932514e-01 9.954948413372344262e-02
-2.211505357038477948e-01 -1.443735641757476484e-01 1.815887819345600507e+00
-6.235919487831806940e-01 -2.192606981084903595e+00 -1.371786868737991494e+00
-8.475172787090640147e-01 -4.472762886395452164e-01 -1.266780007641818084e+00
3.357434135616844673e-01 -1.233321464941988355e+00 1.222977404472777585e-01
-1.371200166526910458e+00 -8.326332237804481284e-01 -1.280037543146896328e-01
8.412781030009823802e-01 1.014480435796382807e+00 7.067769028502671746e-01
1.285538714158763973e+00 2.346668144493072594e-01 8.719286764111343624e-01
3.136662295422144586e-01 1.074601769462423806e-01 7.806255343871419949e-01
-5.488513299260728839e-01 1.703428985514043870e+00 1.069270864929177112e-01
1.747388059237422020e+00 -4.562409464085536159e-01 2.523809593115067695e+00
7.400154300000560958e-01 4.592660833179343927e-01 5.505611540283316119e-01
-1.332641772428519555e+00 2.118766592007336858e+00 -1.065271235476837886e-01
-1.623914001027541021e+00 -6.256615096551426669e-01 -8.092136186895496630e-01
1.453495676762285305e-01 -8.294108476826140830e-01 4.529825961064889994e-01
-6.347688962610722463e-01 1.033580620247570581e-02 1.887064926610522830e+00
6.986699814203342074e-01 -5.046286674751709889e-02 7.298027701054089489e-01
-1.945758480845269478e+00 1.596142763620663096e+00 -1.263445196721522112e+00
-4.671300852693501815e-01 4.774742229869154975e-01 1.415797237531401520e-01
-5.818189428420041942e-01 1.237083325522394528e-01 5.561425017762769984e-01
-1.914642772958361050e+00 -6.791094773114907390e-01 -1.331533850751089654e+00
9.950471939754590434e-01 -4.063474639840497504e-01 -9.413586028504381531e-01
3.696291567368198416e-01 -6.771179635907176309e-02 7.312148674591920638e-01
-1.248629401561661911e+00 1.138669534206203648e+00 -2.582023169018623943e+00
8.128169474619748591e-01 1.728324339956909261e+00 3.474871324652026305e-01
1.258782341234401692e+00 -2.053992902304805135e+00 -2.589024481862947091e+00
-1.213426549348881389e+00 5.324417271096761883e-01 -5.947915655528895895e-01
8.706967389658339940e-01 7.445163311768733250e-01 1.980688979962828000e-01
-2.728706692003690648e-01 1.058808435001698856e+00 1.177706677406683333e+00
-1.108524926828386103e+00 7.427931276630825863e-01 -9.867270019534229997e-02
1.796215733592891883e-01 1.206174130260243560e+00 -1.488467843471909191e+00
9.349019268208451638e-01 -4.078065856193591188e-02 3.320448205581434387e-01
-9.105420527373191408e-01 -6.372478556988399045e-01 -2.650006639651226181e-01
4.311954574505285631e-01 -2.240810369181128747e-01 -2.056184845705048669e+00
1.052689182659235945e+00 7.258409842210182816e-01 2.683841181438888501e-01
-1.673413385885886284e-01 -1.149243625538274971e+00 -2.737310354315784178e+00
1.205331878653891575e+00 1.366342255030688069e-01 -1.230590795205388499e-01
-1.983468395367247838e+00 -1.684335164028268883e-01 7.445935039483257967e-01
-2.484052110441358763e-01 -4.967171960052372826e-01 -6.235255521954905511e-01
-3.208957092295250391e-01 1.003063909579645863e+00 1.717581179058695229e+00
1.365264461896608772e+00 -3.636516206727122835e-01 1.641329666458140712e+00
-8.217444182333817349e-01 -1.489815982371027525e+00 2.085192382980939563e+00
-6.755653621945456599e-02 2.678497515630198222e-01 3.534723732608858748e-01
-2.037892687596987162e-01 -6.597065539727109407e-01 9.608674646528053698e-02
-2.045538881001737197e-01 -1.982924642077436461e+00 -6.680817125957503322e-01
7.686425118652560062e-01 -8.589523944204742190e-01 -7.212926793430272099e-01
-7.371649580205346108e-01 6.901038040865197232e-01 -2.415216210728775570e-01
-1.501336951757107130e+00 -3.413585746969273194e-01 -1.923631251996295699e+00
9.626906420233790618e-01 -2.904115460574436813e-01 7.668018922503124779e-01
1.275724303702540308e+00 1.753799633392471469e+00 1.297205708243504008e-02
5.533864916123980571e-01 2.392999977483979412e-01 2.236478663992062521e-01
-6.132345713601736747e-01 -1.673356222235480084e+00 9.431703833439344375e-01
4.437828748847080229e-01 -1.659817350045584283e-01 -2.742417365659945094e+00
-1.135121435476837526e+00 -1.035060026056053628e+00 1.068734154837854611e+00
8.112413916753100640e-01 -2.891081164627545830e-01 1.398685461764103355e+00
2.222743471934901294e+00 -1.489507688655433038e+00 8.649921986208977120e-01
1.681991638396581057e-01 1.301695251222993122e+00 -1.128686640475650149e-01
9.575519006554458201e-01 9.518509484971887646e-01 3.399276239797445198e-01
8.173228760966759765e-01 -1.173814450119929020e+00 2.407740293667756104e-01
-1.338144215550841398e+00 3.075320320722991774e-01 -4.164445957620127037e-01
2.618387516302759899e+00 1.079102653492099995e-01 2.210098426326586818e+00
7.863985174432741587e-02 -1.833339273399201552e-01 -1.238363813728676543e+00
-1.403418671646180726e+00 -1.585413719457133164e+00 -7.454067982938868964e-01
-6.888644935399520497e-01 -1.994021708399834392e+00 -7.262486094120640390e-02
1.199651204420949524e+00 1.030604042111781249e+00 -1.582394096068926670e+00
-2.450507714729145414e-01 -8.327792994944112070e-01 -2.202347768292906571e-01
7.192386751013568613e-02 1.841397546245042705e+00 9.413160685010113493e-02
-6.041698445490883973e-01 -1.322992526463334650e+00 5.885228753716911232e-01
-2.550717778979282313e-01 -2.404207868611328625e+00 -2.045200175537403631e+00
-5.322451840028575853e-01 -2.005413177023800952e-01 -1.024743372736201197e+00
-7.442383182457541491e-01 1.975408862684215450e+00 1.007679399299473477e+00
2.127211334722238778e-01 -6.194955114509675953e-02 -4.865746691283708847e-01
-1.522688449757630291e+00 3.940449428212433602e-01 -6.339510601308786519e-01
-9.076279223569039267e-01 -1.407212568457499868e-01 -2.857399169792268712e+00
-3.795036762447381307e-01 -6.884352232108558178e-01 8.996694998384260344e-01
-6.345883868576096543e-02 -9.506944500068668091e-01 -1.545856156128364134e+00
-1.506988682133025836e+00 1.048745710357378957e+00 -6.104070279412889821e-01
1.538486792780067169e+00 1.742931116866057728e+00 2.033400499510480408e+00
-1.557633472132406549e+00 -8.044736587141274597e-01 1.462587157824962736e+00
1.916621124113231378e-01 -1.203380145873039209e-01 -2.766189560605044839e+00
1.669823708144870800e+00 1.152692467271315024e+00 3.573019440225572163e-01
9.767304174258573113e-01 5.448921475817998239e-01 -1.429474643280452151e+00
7.975952094422598115e-01 -2.485343128989973227e+00 -2.276999195308637702e+00
-1.026906893857377767e-01 3.760970461481631943e-01 1.393484038365437883e-01
-9.977898888880293304e-02 5.017666890829359794e-01 1.507604145131537621e+00
3.930650138370552771e-01 2.536280947008510700e-01 9.696811376032581364e-01
1.110567044739473097e+00 7.865927291789943654e-01 1.520103148434990503e+00
1.365455014750366347e-01 3.067659471475674415e-01 -3.934154725748439940e-01
-1.899272147428594959e+00 -2.550642423380083290e+00 -1.001321348775337849e+00
4.451196635902053278e-01 2.889962985575234455e+00 -1.056034423870655603e+00
9.995977746353261750e-01 1.276115334599449147e-01 -2.423845666800276133e-01
1.345316003975223662e+00 8.512769720982381605e-01 -6.991716604088977771e-01
2.218262871063254593e+00 -1.333332204009415767e+00 2.028171473105860656e+00
1.147684158388034170e+00 9.900411346756164965e-01 -1.497568197342185048e-01
9.729985712959906552e-01 1.762471409461943361e+00 1.087993850272641616e-01
-7.914877952007275397e-01 8.470615883287049286e-01 1.723867096532864629e+00
-9.998612070894912218e-01 6.226226125515965659e-01 -2.716384974765075455e+00
-5.109179614008315662e-01 1.911409068033740333e-01 -9.931469253607421166e-01
-2.498360615574807486e+00 -1.575447753611105117e+00 -3.155671548704166440e-01
-9.046259613575848846e-01 9.164750422680481012e-01 7.362452178687358684e-01
4.160449088887302471e-01 4.674537659963752811e-01 8.017477527828296147e-01
5.974498615129484325e-01 5.966133153252115573e-01 5.546276462439282406e-01
1.235728448958325343e-01 1.659030342492492371e-01 -1.235678443784387071e-01
4.146623031656208269e+00 7.851885864221004319e-01 1.306774920841644816e+00
7.609878052452574426e-01 -1.199873669289338141e+00 4.104545639680211022e-01
4.109661455335155145e-01 1.064766453535802571e+00 1.717218762475660743e+00
8.662954985027934152e-01 1.434932890183033161e+00 6.172124824802222021e-02
-1.366317250896559532e+00 -7.689255097970137953e-02 1.673572556392422417e+00
-9.757592672567569902e-01 1.410698005152462464e+00 -7.170643284220706848e-01
1.680761124673770368e+00 9.589658729110588364e-01 7.119695798858460822e-01
1.446770676561194069e+00 8.767153163336738331e-01 2.141701558715388920e+00
1.608267147743998704e+00 6.821270338366079988e-01 -6.539145124140219867e-01
-1.319179698390612110e+00 1.100207690260615934e+00 -1.440970180164282688e+00
1.231495755732768593e+00 1.077554461322721702e+00 5.377217535932321546e-01
7.129689411928854526e-01 -5.316832050668002241e-01 -1.438215387657903133e+00
-8.954986528053326955e-02 -3.828125809685504199e-01 -3.903702791353136359e-01
-9.795647812923711228e-01 -7.698893835184044132e-01 -4.317645141238483641e-01
1.939527723316272434e+00 -1.055892908446061096e-01 -7.150782617260253993e-01
2.216099550111884087e-01 -5.211155499602118102e-01 -1.320282637667826720e+00
1.096376003357929507e+00 -9.254210167923500041e-01 1.872706473618063194e-02
-1.563452627840733022e+00 9.163705440618352682e-02 5.698887002302348570e-01
9.537671919668688769e-01 -4.133549502826385225e-01 -2.751972026077176281e-02
3.020622112626434319e-01 -1.564223246142015800e+00 1.690124631242861941e-02
-1.179569328489528779e+00 -7.804721129354375009e-01 -5.434175357647874627e-01
-1.516447009284210390e+00 5.060823557819245089e-01 2.590302963153168214e-01
-8.263278895284125181e-01 -9.945516622977266241e-01 -3.324275851431389706e-01
-5.060637886094028204e-01 1.339316539499194159e+00 4.399962066297191665e-02
1.463067097298916819e+00 -2.275586428803947348e-01 -1.328174191937359083e-01
-2.005913000215603148e+00 -8.643395215631863859e-01 -8.224411389570629449e-01
-1.300829911139093298e+00 -3.219187437894864279e-01 -1.029169873441486471e+00
-1.806673307171558163e+00 -5.972835766760192788e-02 -1.169102347302449996e+00
1.154413939931039579e+00 9.889635054015142313e-01 1.473927032020495798e+00
1.901931433063998256e+00 -5.646259125624550901e-01 -1.736798951396359980e-01
6.263619702882329277e-01 -4.919681022028044026e-01 -1.377550363650913878e+00
2.210127963439582066e-01 1.105577144602335915e+00 8.646294061317711943e-01
1.613263683122813652e-01 2.168511182181712682e-01 2.431887677909450929e+00
-2.053010944841748397e+00 6.563871413390081067e-01 1.300927555375070543e+00
1.428363966162637055e+00 -2.258153408457238553e-01 2.789962457835981624e-01
4.864665231812734802e-01 -3.524448900617300762e-01 5.632094595705718909e-01
1.012046921495713736e+00 1.264389108119349014e+00 -4.719318657839018938e-01
3.258761639743200655e-01 8.870713011088466882e-01 -1.297990572869462955e+00
1.396577467052641852e+00 2.704510397221777107e-01 -6.174505532758134407e-01
8.695510117658883376e-01 -1.270634788890560918e+00 -1.495241347547358046e+00
1.253731888514228121e+00 -5.089575633049003844e-01 -7.527959761951428241e-01
-2.247035398146880469e-01 -8.452139279181873910e-01 -9.232535220199045156e-02
-2.580272408426120823e-02 4.230561118158433498e-01 -1.001054853667482814e+00
-6.952385064995396657e-01 4.459821517311645112e-01 -2.631356537391674522e+00
-8.802367696200945613e-01 8.960138862478611577e-02 -1.281664329739305996e-01
-7.186365105929075625e-01 2.651485291193464544e+00 -6.362181525172481145e-01
-1.233092442202178063e+00 -2.157760643307382153e+00 7.498340146778095239e-01
6.190204466231985503e-02 -4.125155801802397049e-01 -1.416783059226770058e+00
1.960570109259078375e+00 -7.319535861463486448e-01 -5.016784812025163465e-01
-1.341244072968036383e+00 2.182685931371419752e-01 -1.369777111620341881e+00
-5.195609130352252247e-01 -5.853778711146040425e-02 7.585587488837457482e-01
7.192062857927289388e-01 9.486827819976434428e-01 4.483153546649551457e-01
1.886620463131899461e+00 1.859631179876930940e+00 1.380561823470454197e+00
-1.736693505756573552e+00 2.290372648507007503e-01 -1.137261784865641001e+00
6.098091285603702838e-01 5.470062700215018170e-01 1.237939982895194913e+00
-2.075146695592668511e+00 -2.997371745481774985e-02 -1.351823898865671669e+00
3.580901642393128359e-01 -1.351854530795963072e+00 6.143930523461496040e-01
-7.320574281868252875e-01 9.979358749181554966e-02 3.032927447809040666e-01
1.303202977165945908e-01 5.938424665139587777e-01 5.155925543301032032e-01
-1.401103622795430770e+00 -4.865305110250156551e-02 1.020299809226057119e+00
1.835267332250089645e+00 -2.136167533287010478e+00 -1.235588320024456843e+00
1.872105818905761332e+00 -4.049564526386754126e-01 1.438267812382632904e+00
1.154852865796895944e-01 1.805244270641089832e+00 8.071561301214363882e-02
4.929545799247965765e-01 9.604809116290746740e-01 9.908975692352528508e-01
-7.548413264955143864e-01 -1.290466120258523031e+00 8.757283328979326154e-01
-1.668508007369521096e+00 -1.711751297109343151e+00 3.286338806425462833e-01
-2.851604476347821215e+00 5.139277821814329794e-01 -8.268817204623968298e-02
1.280222028521022182e+00 1.480280412229822429e-01 -5.265063663679563355e-01
2.556276265759193089e-01 -6.745196116664853303e-01 3.113724230282379768e-01
1.270029208169489943e+00 7.191316034754811071e-01 3.007035258280951195e-01
-2.561481110862845467e-01 6.867159073953392756e-01 -1.618908267056212047e+00
6.928335350296577211e-02 -4.503703447143514449e-01 6.876902044115413837e-01
-6.777296901248616168e-01 -2.196192729311506220e+00 -1.605977137592095261e+00
7.484412159251879748e-01 -1.864230068483073044e+00 8.142473292584664346e-01
4.952461149565060561e-01 -1.835702229581301470e+00 -1.980537803111461992e+00
-2.998453446195048500e+00 -2.580428208029405646e+00 9.024841955454552256e-01
1.525608590321704261e-01 7.797643112131964482e-01 -1.148507956553737053e+00
-6.482367803431287046e-01 -8.613804573407013443e-02 -1.476544405271784655e+00
8.176623374208149553e-01 -8.135810596624293289e-01 1.867664727426869842e+00
3.343156957116855676e-01 1.614608021820792771e+00 2.186520035931844852e-01
9.345764921901327238e-01 -1.844044988506055027e-01 -1.977271516642159499e-01
8.741473764765330667e-01 -7.027566102730088415e-01 -1.232079744760952167e+00
-1.024474710571439573e+00 6.900139286210273948e-01 1.459350469893794244e+00
-3.820087379118355386e-01 1.193437743336316359e+00 9.572819638864109582e-01
-2.393355940689988692e+00 -2.610249170827365628e+00 -5.610355848839433390e-01
-3.067493459961457836e-01 2.683332265696796171e+00 3.464779567485264389e-01
-2.565412352228954251e+00 -1.984148624030698249e+00 -1.004418165359573401e+00
5.219035944892380652e-01 -2.732795279182640980e-01 -9.069620406818457159e-01
-1.500907433939546287e+00 -1.119628537312808980e-01 -4.234865104237900968e-01
1.306874391038945982e+00 6.336929240185007473e-02 1.469342346917242192e+00
-1.256295212914827486e+00 1.676392969005165989e+00 -9.450848116906627183e-01
2.041976162087478563e+00 9.075634950167978943e-01 3.495812950320734691e-01
-2.877454680050609559e-01 1.713768843585674606e-01 1.170032373736290543e-01
-5.415367190172704071e-01 1.980527711324537421e+00 9.291248156439628758e-01
-3.242802456575512027e-01 3.164075069525601469e-02 1.087151021189093569e+00
-3.692481381895096892e-01 5.922632298418095687e-02 1.902292092987254435e-01
-2.368268884731817847e-01 -1.356345670935222625e+00 5.812316947710634008e-01
-4.232026585111435812e-01 -1.382902708649084156e+00 -8.804361666903537387e-02
-1.135763373406804000e+00 2.482325169193089209e-02 -4.354511335611526146e-01
-1.897939531394436052e+00 3.602634714844379360e-01 -7.620197441328235843e-01
-1.847172000401629433e+00 -6.248963631207624658e-01 -1.739611716067711367e+00
1.535666023602385133e+00 1.387191497352578518e+00 -9.321547054961258905e-01
6.962878320895540263e-01 -3.305557350539362060e-02 -2.429523484907583963e+00
6.258136460035914617e-01 6.173639340332547354e-01 -6.847655085955262066e-01
-6.670173761796498457e-01 3.287774404992459543e-01 3.263071003986254270e-01
3.922525550575195474e-01 4.307632871176075851e-01 3.291428112700336417e-01
8.268754961229503042e-01 9.581910647800346847e-01 2.305667163225144090e-01
-7.580545761257501125e-02 5.309665914158745448e-01 6.826459029841269732e-01
-1.037832123775574544e+00 -1.523529559143861345e-01 1.342082667066830215e+00
1.331544459323833474e+00 -9.316948075246911376e-01 2.344357051247772716e+00
2.259883461295567053e-01 -3.361236020349006592e-01 1.087215327203434612e-01
1.550713019338956222e-02 1.995487804778399710e+00 2.094815741035829681e+00
1.454435386748496928e+00 -9.594582661417938585e-02 1.103538025476421325e+00
-2.408498142656994467e+00 -2.420033936788406947e+00 3.656902722056898369e-01
7.576224082902582868e-02 -1.786130754775917762e+00 -1.284659419392152890e-01
1.404028756196318950e+00 1.399942462131523069e+00 4.858864184924329144e-01
5.348598729826509190e-01 9.474936548150671989e-01 1.931194213931052950e+00
-5.790388465700897491e-01 -1.336424387946879122e+00 -9.070295035104476433e-01
4.931595659355786365e-01 -1.254330447377522417e-01 -6.897123880243469785e-01
1.709402260498664727e-01 -4.549249519490028426e-01 -3.025353019642872399e-01
-9.045358525046842679e-01 -1.248525651354508215e+00 8.340219311620968856e-01
-4.888701868448602772e-01 -3.664730722279406772e-01 -1.915456592418331994e-01
2.490948962442872894e+00 1.567260338789012053e+00 2.384310988072489756e+00
2.408191842373264890e+00 3.562476618447777410e-01 1.108410641298218202e+00
-3.205820765161936925e-01 1.699501855555260565e+00 -1.939423369028909105e+00
8.720948995761588218e-01 -2.254323520341753984e+00 5.853419363939871278e-01
-1.554683026468102192e+00 -2.494457259501088764e+00 7.953640724090063063e-01
1.233297125407924133e+00 -2.365461348191645885e-01 1.344778468465068100e+00
-3.765066922248490044e-01 -5.304985571708582537e-01 1.138111625144378802e+00
-3.058141031878609528e-01 -3.875469662573625129e-01 7.488008293494841094e-01
1.849011804215842991e+00 1.291291260262384388e-01 1.896127789419690624e+00
-6.636790898372729730e-01 -1.557813408003803746e+00 1.315106539486959880e+00
-6.463627625258898668e-01 2.232619868822894205e+00 -1.786696782358238256e+00
-6.608891038221793579e-01 -1.145248431240842413e+00 -3.275226300106293120e-02
-6.959248459764351136e-01 -1.571643880927770853e+00 -1.455340012570127239e+00
1.566798467870148093e+00 -1.724674495349146408e+00 2.378105620044721480e-01
-4.153485394665996089e-01 3.956263850117052172e-01 -1.501659284998559940e+00
2.814334331605002903e-01 -1.422233374727680744e+00 -1.557275938201835852e-01
7.561026698705138882e-01 6.795706458160521990e-01 2.231322429657239814e-02
-2.363658954939596768e+00 -1.741452762492581297e-01 2.323270831105160861e-01
-3.185541443296786568e-01 2.837107922190205134e-01 2.420652399257196663e+00
-5.878369592328808180e-01 3.977040437854867383e-01 -8.467914692491846917e-01
1.065463290736014645e+00 -4.651241341334988455e-02 1.130255259878653051e-01
3.894641195485706864e-01 1.135191247809033688e-01 7.879616467204322294e-01
5.610989100724608214e-01 -1.606261335754599617e-01 1.611663239890968491e+00
-1.809466489821130120e+00 -8.858028737032201949e-01 9.251369336394177356e-01
-1.920622199973282651e+00 -4.272047638688729609e-01 -2.427919885543053713e+00
1.591508040619980524e-01 6.213401345019710087e-01 1.427864644523973325e+00
1.485906944767266591e+00 -1.016700871598332556e+00 -3.124746573488114132e-01
-6.756675154622102664e-01 -1.375570001234695194e+00 -9.072256977082348017e-01
-2.052507304921606379e-01 -1.040082194993537046e+00 -1.435465978698701850e+00
1.323133835670349479e+00 -1.707438248827292560e+00 -9.478375663345833813e-01
-3.953632759939441632e-01 -6.260148159294099957e-01 1.597126756627234023e-01
-1.587850871513790674e-01 -2.677804972158908114e-01 -8.742506317463263343e-01
1.324913834661745504e+00 5.540409086374175063e-01 5.747854805083847385e-01
-2.969236168125802822e-01 -6.684803374106732532e-01 -7.214885246731109758e-01
-2.145258144754093266e+00 5.966615517458447870e-01 1.056950026521096264e-01
-3.981718285397904955e-01 3.278465819781040125e-01 -2.266278036171961219e+00
8.612788177135395351e-01 1.752535611605349430e+00 1.022923466696201711e-01
-7.439783327314641870e-01 -7.115637262076670577e-01 -8.826506101791932180e-01
-1.759226239184645824e-01 1.670303355104583387e+00 4.032218688873466239e-01
7.801857019084542655e-01 9.509188812201305741e-01 -7.135020495135522278e-01
2.116312919189739628e+00 -4.773681196981660602e-01 7.630546007991679813e-01
-7.936246300908063045e-01 -1.374136151211021284e+00 7.929724490103473578e-01
-2.702581610773544529e-01 -1.446032875654016170e+00 -1.422086950380205828e+00
1.140216510303720732e+00 1.868955775453912338e+00 1.367141733805830595e-01
-2.572567255666157848e+00 -7.444957308932932394e-01 2.340590033465804742e-01
1.351933327251962691e+00 9.763451436229200198e-01 -9.467894849089117937e-01
1.663570921222976562e+00 -5.301830906141516975e-01 -1.683467805167804254e-01
1.294745136026272503e+00 2.416772440098863939e+00 6.810942289256507465e-01
2.696281364241657652e+00 4.959152382225329170e-02 4.277310687317307791e-01
-2.888696325507704721e-01 8.470836173897204890e-01 -7.887250199623887514e-01
2.185056365677469081e-01 -2.568575672739086269e-01 2.060383538495800693e+00
8.009677644088937232e-01 -1.258654924228742145e+00 -9.481189947435459953e-01
-3.084549758137504760e-01 -7.806526054085221045e-01 -4.232971963071220367e-01
-1.031406753623391959e+00 -1.055645812404978789e+00 -1.000062886608554358e+00
-8.426154285692809554e-01 -1.893463222355321052e-01 -7.205750185850321454e-01
3.465233674902939986e-01 1.105441820644314177e+00 3.482219720404552410e-01
2.229393479004667888e+00 1.035864295316984984e+00 -2.546666259534875021e+00
2.377485734542873486e-01 1.753833713303208697e+00 -4.400455458941529008e-01
2.199335880151872757e+00 2.338440732194158045e-01 -3.500530852635537205e-01
1.334066956346701582e+00 -4.794773801638455568e-01 -9.471220370380508680e-01
9.339806760138996689e-01 7.065016758962188170e-01 1.215878027925457516e+00
1.074237354947308543e+00 -5.209649482960417854e-01 -5.844047255089872550e-01
-2.955981038198207678e-01 -8.633768350130294200e-02 -8.139254037039633793e-01
-2.947502032460863619e-02 -1.128217566627545132e+00 -3.155443458425307046e+00
1.064701787021148593e+00 6.285971959603795511e-01 8.165562084294668566e-01
1.276942818498012278e+00 -2.271447904484595881e-01 1.898684977248695782e+00
-2.306442092810581990e+00 5.307254139997139575e-01 -1.665595431549116601e+00
1.216162798647335563e-02 -7.898693947186088415e-01 3.401564690258086499e-01
-8.798135888755698186e-01 -1.007038856998256682e+00 -7.253419153445270773e-01
1.576665113043808519e+00 -1.009850927978289681e+00 1.492421107340943687e+00
7.280792392316591810e-01 1.360762098039218548e+00 2.563683112304334655e-01
-2.537064722591105603e+00 1.030901100987329233e+00 -1.823234780081079309e+00
-1.917684905456652933e+00 3.157922648192554860e-01 -2.117651291971312855e+00
-1.621092694322618488e+00 1.308117201414660702e+00 1.399209947381337305e+00
6.938424855024152293e-01 -1.002588913939273407e+00 -1.367308271440004219e-02
-3.168822052707636061e-01 5.092635942010885763e-01 -3.531323015543275101e-01
5.297225524062026958e-01 -8.699098875723343394e-02 1.408695486528862340e+00
1.527323282316282116e+00 1.875437106096007334e+00 -5.567664508057987849e-01
-2.168206277037596941e+00 -2.317872959490674956e-01 -2.672450919642170852e+00
1.506995928973364762e+00 -1.011425800851462053e+00 -1.613769905135157057e+00
9.186071435616740555e-01 1.243431092738674693e+00 2.824656587855992607e-01
-6.866739156501544539e-01 -6.841057967593549005e-01 -2.803363444703153018e-01
-2.277511407102997154e+00 -9.523910349726785185e-01 -4.222391486041344066e+00
-4.965024161485014353e-01 3.532850684544973641e-01 -6.258962886212331433e-01
1.068411596189651647e+00 3.777446705424373774e-01 4.287714757373783936e-02
1.300149351479046533e+00 1.776602053989078778e+00 4.820469516567378321e-01
1.328654161764099229e+00 2.098102596131575126e+00 1.822689844303098772e+00
1.884160561473282147e+00 3.303094076739275131e+00 -2.020431771290142065e-01
-1.608072143466893755e-01 -1.290804840267492759e+00 -6.037380946663711834e-02
1.338495711454416259e+00 8.853045177514220487e-01 6.826880750036679046e-01
1.404773741253695807e+00 -2.742259091249433789e-01 1.612522076948623928e+00
-2.765353101291653015e+00 3.083298732900484618e-01 -1.879372811637280316e+00
-1.450883312281362691e+00 -3.535193118701392745e+00 2.696039411946316022e-01
-1.706911762097048202e+00 6.068990984427458102e-01 -1.016854668503300640e+00
-1.180492125661851244e+00 -1.827914487172648927e+00 -2.047821204977496201e+00
-1.400331543990807059e-02 2.263442377888454260e+00 1.553679178799996619e+00
1.159368804985871915e+00 9.184831085497837666e-01 -1.350332223214542271e+00
3.780054697846640943e-01 -1.261084513242472838e+00 8.601954122154229498e-01
-8.876191032378757395e-01 -1.481065210085834583e+00 -1.587945750657392852e+00
-7.332353679658564216e-01 -2.114418431840109358e-01 -1.187196350294223990e+00
5.730937772301960553e-01 9.746468063727471431e-01 -1.987245339373099995e+00
-2.852484079005264128e+00 1.899461284721311038e-01 -5.722965581541505919e-02
1.242023052335927691e+00 -9.236586334565182188e-01 -8.467989497414374345e-01
9.647654886636025662e-02 1.217088062292501771e+00 -1.083884942384770289e+00
-7.756558323179150172e-01 1.525208289043063492e-01 7.330460217010381641e-01
-4.258026064035724811e-01 -4.602103735162191844e-01 8.825099099272819547e-01
-5.991409640437111994e-02 -1.082625367601022237e+00 -1.205467595711806394e+00
-5.254458607113065005e-01 -1.280843839943402784e+00 8.554830545249747509e-02
-2.380229704523497691e+00 -1.239935168539448629e+00 -2.325737313530483186e-01
-5.749498675453201813e-02 1.849714827226010438e+00 -2.170849776694942612e+00
-3.987939657870708254e-01 -2.377794693549113436e+00 -5.993173405244377472e-01
-7.065486187814413732e-01 -1.286139799190600952e+00 -1.189051810303419110e+00
-1.308368099378731220e+00 -1.142199724094807411e+00 -1.235301530601464970e+00
-1.885372735378276987e+00 -5.198428570736990384e-01 -1.006012856434830294e-01
-8.838431659231578141e-01 2.243894806963233624e-01 -1.543839968276866648e+00
-1.135579885255208588e+00 -2.445569313615077789e+00 -7.353908480928204039e-01
2.668316084666508825e-01 -1.494822958378765776e+00 -7.167361575437317667e-01
-7.834296240224394303e-01 6.217033160352305465e-01 -1.096450669557738511e+00
5.639897131740139180e-01 -1.943738041868741107e-01 1.553198719892244339e+00
-6.009850973469793578e-01 -6.175626664568554247e-01 -2.249502774734128074e+00
8.936458410583405509e-01 1.308650400576504724e+00 9.724061830085977132e-01
4.725127281232344156e-01 1.095637213033928692e+00 3.801918123864327370e-01
1.072556747500984287e+00 1.907227000995114219e+00 2.236020734147436406e-01
-1.372322972425706666e+00 7.354855829853677029e-01 -1.469782923503104577e+00
-1.826467520561328106e+00 -1.262972865964164804e+00 -1.748728996594878238e+00
2.502292528609482147e-01 -2.222342449901242856e-01 -5.838010958167983988e-01
9.707618445271448682e-02 -6.934847581640136704e-01 -1.252837951391001514e+00
2.819699970697863822e+00 5.298618702650521595e-01 1.009487307973772285e+00
-4.767335248337603026e-01 -2.178278287470302388e+00 -6.515345846209725789e-01
-1.104225098346057532e+00 1.523447203319405086e+00 7.727125733462061330e-01
-4.514582071690306231e-01 -1.165179818202607631e+00 -1.433715536881570163e+00
1.815182465968041559e-01 1.647842434719583249e+00 7.526709833146157935e-01
-3.904285418475266778e-01 -1.022787690489016299e+00 5.188087546263460137e-01
7.007835509297482002e-01 -8.673853833234916877e-01 -3.865918059798597595e-01
8.189858681904685911e-01 2.423150406558881365e+00 -8.379147778008111391e-02
-2.920801690016111563e-01 -2.112885891575899677e-01 -5.869876802415591177e-02
-6.790793128147023516e-01 -1.220865254218411966e+00 -8.341164035598583881e-01
1.802810930010653401e+00 1.911736857918239219e-02 1.954819522582484925e-02
-5.736199460600388544e-02 -5.732258858480108188e-01 4.671888019467821396e-01
-1.110452137523194382e+00 -1.782974897348380994e+00 -2.352537767957003645e-01
-7.849955092192228978e-01 1.777855647042350662e-01 1.581989383402957028e+00
1.029392436503688835e+00 4.750603172459654799e-01 3.996480211538960825e-02
7.410892474022252596e-01 -4.001240262129969749e-01 -2.190998286988638633e+00
-6.801419718443019180e-02 2.450603463362488466e-01 -1.226513905462634169e+00
-1.603210984197291245e+00 -1.901058431130644655e+00 -3.540983813137770220e-01
-7.316342366404148256e-01 -1.021268487411459480e+00 -1.552252749110433205e-01
-5.970495969619828980e-01 -2.013748306179737879e-01 3.023207267022609557e-01
-9.784311596933217281e-01 -8.701319770604449833e-01 3.596750529710586175e-01
1.288679116697328819e-01 9.955658356468299885e-02 -1.710602471445025197e-01
-1.776076963047993562e+00 1.652884179729220415e-01 9.697931786383438002e-01
2.288059241932079990e-01 -8.647957730227129325e-01 -9.093467402254988841e-01
1.437347693006940652e+00 -6.859342077926608994e-01 1.731727665936275917e+00
-4.788278265531992206e-01 1.736579946116075801e-01 1.710833013791909440e+00
2.330771594286004778e+00 1.011680856330654965e+00 -5.381624764729009414e-01
-9.775803869899963860e-01 -1.185288272866940940e+00 -1.635725229471679976e+00
1.811384518960340806e+00 8.548600014313481044e-01 9.316792720886997170e-01
9.251256220665649010e-01 -4.858806164004575434e-01 8.292020582494870062e-01
3.985584218592664874e-01 4.699697178756979676e-01 -1.864433057336257082e+00
5.238132389567611291e-01 5.552831908821805884e-01 -1.334323214941459446e+00
-1.862034686092288949e+00 -2.875903757430561480e+00 -9.064420903763528159e-01
-1.567549075361635014e-01 1.221450135663760816e+00 -1.736209331309828130e-01
8.705139034709604706e-01 -1.911915440108301834e+00 -9.688043124160581332e-01
1.867010390432848110e+00 4.104106861704931442e-01 1.522592835692011315e+00
-5.718873363459171522e-01 2.084489714116516956e-01 9.993536562245127763e-01
6.814458351427636895e-01 -4.895191798370733816e-01 -1.237653127972698774e+00
-2.470485547247232017e-01 2.982862157631140931e-01 -2.575143709171249240e-01
-3.086156442098009212e-02 1.047503993674475886e+00 1.586962153474702486e-01
-4.335425361150738732e-01 -1.271630266561005307e+00 -1.031487421744614608e+00
-1.184715387249521412e-01 2.126225326028100548e-01 -3.420016373670848875e-01
-9.199310258949748853e-01 -6.144272487747743927e-01 -1.006361205592006147e+00
1.591145222901654277e+00 -1.017446737690398395e-01 9.120904067008053229e-01
-1.740628534525748616e+00 -4.493880827878807827e-01 -1.294158684785892133e+00
1.396210941038338316e-01 -5.605659186073830291e-02 -5.304850169403858562e-01
2.861416935552727470e-01 3.198010479972722697e-01 6.911615414690759351e-01
2.489741171404848408e-01 1.754078929416577060e-01 7.141794240436116770e-01
3.836872279857148071e-01 9.923921960818646859e-01 -4.576458641022929097e-02
-1.273934030388765848e-01 7.046434307580693446e-01 1.720706839517539555e+00
-1.370768669103036963e+00 -1.249491913940497634e+00 6.416206268485158404e-01
-1.238456645405795475e-01 -9.500994262799666856e-02 -1.503227549910571281e-01
-6.219197280254087357e-01 -5.109360080144587091e-01 -1.966659601394371348e+00
7.470379509484383895e-01 -1.589329483873543003e+00 -5.359962687141408555e-01
-1.694764083471719029e+00 -2.183334345320509406e+00 9.198053684723517254e-01
-8.699847408370171564e-01 1.543678354170097577e+00 -1.033071191537765277e+00
2.063041958133068565e+00 2.316243376739080873e+00 1.165996148733789983e+00
3.579322484482091449e-01 -4.908657466466664898e-01 5.539839225661935540e-01
1.267299896391993030e+00 9.825043176622593188e-01 2.633914233347962597e-01
-2.188391183614478153e-01 -1.071194629992954783e-01 4.126380557094996293e-01
1.583959652216373248e+00 1.832338503841698607e+00 -1.186387567252862318e-01
-9.716383677954580911e-01 -1.494024305207017012e+00 9.180220491793713578e-01
4.464071258704090384e-01 -5.508868921044158817e-01 4.917135266674602101e-01
1.445080271473505595e+00 5.076643114802119605e-01 -2.189543463111771171e+00
-2.249415987271994322e-01 -3.090446773097069721e-01 1.374028614125026415e+00
4.225169129529926515e-02 1.429009462198430613e+00 6.165644227601150273e-01
5.616081171018184603e-01 -1.660107580844103481e-01 8.798280722578202262e-01
-1.413857851240496011e+00 7.424902235555634888e-01 -3.165243552297491547e+00
2.062022072652696547e+00 1.352233281706299306e-01 3.811536487641112303e-01
-3.127375949725030857e-01 -1.512835585515664993e-02 2.079587469304844394e-02
8.161779151349585204e-01 -5.369082746010360729e-01 -1.886204053745130782e-01
3.213717416119366010e-01 -1.995199099927782660e+00 -1.758626957971848315e-02
3.700982320175750795e-01 2.535262817686705916e-01 -3.718470073882729210e-02
-6.507488998402515268e-01 -1.203528323272762046e+00 4.101046362059024286e-02
-1.933290147303230455e-01 7.838629874770159933e-01 1.888702537982270169e+00
-2.111096924099077343e-01 -7.467104548050446100e-01 3.502869701533242175e-01
-2.955978634253553228e-01 6.132771105956532631e-01 7.239637159296349322e-01
5.204404085860081519e-01 4.414418435320692780e-01 -3.049559464181292867e-01
-1.049162693381154199e+00 7.029568896439177816e-01 -1.828193371318571625e+00
8.103620359349871238e-01 2.329548355362980883e-01 1.984185889984444451e+00
3.452991518206649513e-02 2.575961439848621914e-01 -2.399886707707397093e-01
1.287197455020978598e+00 -8.133413644575482326e-01 -1.118518034113271664e-01
-4.878359605625729456e-01 -5.143101788665016549e-02 1.543975783294978310e+00
-3.076784634737359525e-01 2.054836743663892129e+00 1.638021174065592556e+00
-3.381598617726743194e-01 4.651700417537801835e-01 -4.126583895024067417e-01
-1.056031057244825933e+00 -5.514141774903709159e-01 2.236412772055748732e+00
-7.554866337175065727e-01 -1.573663186055807017e+00 -2.508945134064651805e-01
-1.555717217913108685e+00 9.905423344194042024e-02 3.593492927971805306e-01
-6.965071795067334648e-02 -4.909527094271226577e-01 -8.602008941219978500e-01
1.089102149871362224e+00 5.091647694308023553e-01 -7.512404051092231860e-01
-7.108335985222287157e-01 8.196903584733048476e-01 -1.100685609984687563e+00
-1.731416886538287958e+00 2.420787875756253427e-01 4.012696151007307255e-01
-3.205949111168394650e-01 1.808206984677240170e+00 1.533851167831195017e-01
4.656599197225989029e-01 1.038271678974310941e+00 -2.504822276286942095e-01
-1.226439505877509273e+00 -5.753951476565114520e-01 2.278378804781188149e-01
1.387131278024821057e+00 -8.421656538439736828e-02 8.207708605395023227e-01
-9.829871370585672175e-01 -2.013341394498813219e-02 1.861485211179250365e+00
1.539852458437411808e+00 -1.078947788086469073e+00 -6.127759089569198014e-01
6.781696343482750411e-01 -5.576733495416474895e-01 6.686198490554606799e-01
8.240779002067215586e-01 -1.428320637443241115e+00 2.114693007035585715e-01
8.321543153580894803e-01 2.515307618620418850e+00 4.259212132629120462e-01
-1.775359210502480023e+00 1.542270821219876797e+00 -1.210144183372634297e+00
-1.391586356180092743e+00 -9.643809492159296504e-01 5.245131797429576359e-01
-8.021692136450004895e-01 -8.347275159678970713e-01 -2.280714719510162913e-02
5.410738382125189760e-01 1.891615593837103759e-01 -1.455589982452214715e+00
1.540788685305343408e+00 1.143943560262123071e+00 1.041471983250570332e-01
1.609032049594804059e+00 1.283957937321824616e+00 5.589268186041312925e-02
5.605391514569997291e-01 -5.707623371991035199e-01 -2.948419601294469672e-01
8.713979386925814197e-01 9.607890210112901563e-02 6.314586082344866291e-01
9.140185224914962880e-01 1.217716114711014264e+00 2.783899045915142700e+00
-4.515236477993911368e-01 -1.259185853606969996e+00 -4.372502074015988116e-02
-4.187121320081573783e-01 -2.990517472782000530e-01 1.749743166500038916e+00
7.966675571637071851e-01 8.975320370700969885e-01 2.135603879195662191e-01
1.607141368784407387e+00 -9.405206753255861418e-01 2.663486059182411658e-01
-8.614658307044065211e-02 2.744071620773487208e-01 -2.175730322792119420e+00
8.263029642300179223e-02 -1.258567487533193141e+00 -5.078111088098986592e-01
1.211348599474785903e+00 -6.932411904705080286e-01 -1.726566634320969573e-01
-3.202000716004514413e-01 2.011440779585743632e-01 -2.102720145003546648e+00
5.405716803852570473e-01 -6.669623196268268384e-01 5.617880886952273389e-01
-6.140818310464477570e-01 -5.189372742851658948e-01 -1.418805605852162977e+00
-2.456361752486924122e-01 1.060953978571943290e+00 5.566669347136116164e-01
-3.423791003496996499e-01 8.473615064178391387e-02 -1.068794556239399673e-01
-6.866857057950521703e-01 -4.690516490426510643e-04 1.214253942474597725e+00
-2.642066559448350560e-01 6.253139404788177202e-01 1.433484903305251024e+00
-2.138520040857043725e-01 6.720960679007981220e-02 1.649696768345681352e+00
-1.163727448477333892e+00 -2.213097782675478964e+00 -5.999426918112054086e-01
-4.208008853872610144e-01 6.784027541768924419e-01 -9.199574899836540087e-01
-7.923788737670003357e-01 -5.160822197821974822e-01 -1.720187710120428592e+00
-9.141786864994280171e-01 -3.644615739044163583e-01 -1.282504707898977969e+00
-1.028735211236435632e+00 4.910189105374010432e-01 -1.067470757295007067e+00
-1.319081115797118842e-01 3.011376741006813740e-01 -7.096948981012241031e-02
8.484191108112690838e-01 -1.375920357199240662e+00 -7.005966400573188091e-02
-7.727500479475482020e-01 -1.805433074402868598e+00 -7.955182481698160890e-01
-1.497730590660354411e+00 4.086456054135831906e-01 -1.784402406257014295e+00
8.924351287511993469e-01 2.272336259827695271e-02 2.048280794041366648e-01
-3.794712626357922280e-01 1.116108788049508638e+00 3.716671032174516665e-01
-3.089529336978521501e-01 4.935201020932123428e-01 4.166058943715184593e-01
-2.552178922426802110e+00 -6.542245795784656925e-01 -1.518377117956752009e+00
-4.919279941298488890e-01 2.412610521721791357e-01 -3.157486147778451047e-01
-9.199144603253566199e-01 -7.779665294708465462e-02 -5.624705721553778792e-01
-1.272007609724192134e+00 6.629390564870936142e-01 -1.396670121125748176e-01
-8.368751191163648073e-03 9.876892760631665880e-01 1.131841639100322539e+00
-3.396465306143410690e+00 -1.169814679639092692e+00 -4.246479398202098743e-01
-1.863256579639219757e+00 7.256337631808551514e-03 6.293966445805307952e-01
1.753776970545789515e-02 2.726280298905143229e-01 1.221333686558999432e+00
6.955031177118521368e-01 2.217874656526177102e+00 1.841415351944372336e+00
-4.409397901077845572e-01 1.268578760454851961e+00 1.145666118050910232e+00
6.728067912303528075e-01 1.423738346477735561e+00 -1.008974002553016280e+00
-6.394610827993560953e-01 -1.484917573716444616e+00 2.399841016486037315e-02
-4.743119924797646325e-01 9.535179610997990274e-02 1.100957736291773514e+00
-2.029282165778483638e+00 2.139492822645571168e-01 -7.713085652496306510e-01
-3.972039731328220746e-01 2.368002342138306737e+00 1.459778351950353548e+00
1.858561853492739058e+00 1.972148544632449374e+00 -5.575896128348807324e-01
1.541372370816835424e+00 -3.004593253413514464e-01 1.314044083003567565e+00
5.129349136458372094e-01 -1.459567785553200991e+00 -5.612838388405227974e-02
1.496332843500919330e+00 1.077007697190323299e+00 -4.608077269994315106e-02
-1.740428141291093134e+00 5.846952377075840257e-01 9.799854473479935324e-01
2.966203428348014315e-01 -8.329129411423745744e-01 1.030294442152221546e+00
7.618654505091027040e-01 -8.114088037159632449e-01 -2.718598090799321798e-01
4.678393893703733375e-01 1.299328111371643946e+00 2.484316891723754028e-01
2.108996114310268677e-01 7.518953449487411067e-01 9.675312600756431625e-01
2.975408037624556634e+00 -3.626045315075827613e-01 1.111848286293996235e+00
-3.578778272284806050e-01 -8.886957917403744966e-01 -1.007853136506009495e+00
-9.458376870715543561e-01 7.004652440992533702e-01 -8.411544041433940411e-01
-9.174795504655968159e-01 1.438965887500652796e-01 -6.296922913922917697e-01
-1.637699491788419559e+00 -5.319003273458634551e-01 -4.790359690238309431e-01
-1.755241397646958967e+00 -9.312665737340553029e-01 -8.998653504728004737e-02
-7.273771682936971406e-01 1.139478899017556834e+00 1.120202352387629774e-01
-8.080558602869034601e-01 -7.415253578194637152e-01 -1.380013325742359465e+00
1.446361347948499354e+00 3.588082055453716279e-01 5.236128049653726579e-01
-6.587012034328114662e-01 -4.578252766753717617e-01 -4.369588032918448883e-01
-1.313079714511216967e+00 1.191038263778215534e+00 2.155486218831921263e-01
8.861401494917502397e-01 1.304354362814534429e+00 2.069769303821404449e+00
-1.612867847080001971e+00 -2.004215236670929823e-01 -8.516926145536132253e-01
1.899280841728221425e-01 2.916038974792675154e-01 -1.406853194509979366e-01
1.600898058552104430e+00 1.830095269742034514e+00 6.129534757635249909e-01
1.444501877907594656e-01 -1.736673743460769526e+00 -1.027318766161286812e+00
-1.421005726314466644e+00 1.727118013448219580e+00 2.391753507640175802e-01
1.909169993611613325e+00 3.716619617268329678e-02 2.484591984502737994e+00
-1.287246902246028668e+00 -6.996846232308370217e-01 -8.101463527029715284e-01
6.114506369457226587e-01 -6.715685099448515105e-01 -1.922589673885594985e+00
-9.757406900733309740e-01 -2.798751750020065376e-01 4.686097401649284011e-01
-1.972273466372254092e+00 6.420218635454579825e-01 -1.207770402027477541e+00
-3.538847629760775160e-01 -9.809368673261096294e-01 3.298919724348446936e-01
5.389252431080778782e-01 -6.290897590583974797e-01 -3.824062380322208465e-01
-2.036525532078798051e+00 1.233666317517960742e+00 7.446620362820486339e-01
1.502488814443931231e+00 6.336720385816724255e-02 3.084157578821835610e-01
2.379460479388262328e-02 -4.765771979601232111e-01 -1.993828316519812072e+00
1.811756647087984229e-01 2.355124108102790714e-02 -2.176417561927533662e+00
1.447740336847846088e+00 1.298861779398772454e+00 1.983480245850380297e-01
6.885717947789193882e-02 1.309459162833324086e+00 2.068223511177495588e+00
1.509714427060234287e+00 1.993076991490436933e+00 1.688055105296802916e-01
1.258039058922567399e+00 5.791581789372517441e-01 -1.063252983961419984e+00
1.445683680520466696e+00 1.178296079423556408e+00 1.069540521509149578e+00
-1.446635989447189852e+00 -8.909573352529598367e-02 -8.396056930181114986e-01
6.620307018929312282e-01 -2.368370554193468536e-01 -3.519253265712056766e-01
-8.679365558142121406e-01 -2.154622921675699021e-01 -9.768884309826770806e-01
-1.066581380473534679e+00 -7.257304765335038654e-01 -1.484301367227635726e+00
7.789368084660268643e-01 -6.501238655687939794e-01 7.436501090497291688e-01
-1.170141885042883967e+00 -1.866050197911812703e-01 3.260818700229878297e-01
-1.068506486657773813e+00 -1.288102915369853663e-01 1.117893255866492908e+00
-1.216081255881502621e+00 1.888248688141379583e-01 -1.535078535590313820e+00
5.442333825806454639e-01 1.626538297867835547e-02 3.482493226764239447e-01
6.737597932929667577e-01 1.760711921629908305e+00 -7.334188530288949792e-01
-3.206614271560509488e-01 7.132046196575485553e-01 -1.114724904789840432e+00
-7.851815680602641789e-02 -9.516913100500741240e-01 3.575092535431265706e-01
-1.344004037833038456e+00 -2.663406267816818218e+00 -3.337064013600435919e-01
-8.986536484047075168e-01 -7.043398621172590746e-01 4.532450912905522378e-01
-1.321688739194532225e+00 2.278533836970816351e-01 -1.062741051031037109e+00
9.924052732513233277e-02 -1.782427583547972594e+00 2.737137465766037447e-02
1.429084300209574110e+00 1.845003132710817950e-01 -1.187505010649098081e-01
-8.960976582833297677e-01 9.886383769817566058e-01 5.008119222293201389e-01
-6.266310729648789657e-01 2.863526434322397618e-01 1.638225608353837348e+00
6.933778676841666488e-01 1.037713460767959672e+00 -5.351236589520902420e-02
1.005703646542086327e+00 -1.387560228198723600e+00 -2.789784826351422886e+00
1.408257492751146867e+00 -8.090131738510262238e-01 1.097811797637924247e-01
-8.608044568614692249e-01 -1.175271340693531563e+00 -3.559959137977860566e-01
-6.584899832940391828e-01 -1.143250554330128566e-01 1.617223244769745660e+00
-1.752067146795372121e+00 -1.350054445228265676e+00 5.118302304845400164e-01
-6.555948552325829848e-02 -1.975318656023462793e+00 -5.425771897137936506e-01
1.408837145360461340e+00 6.334426862642575928e-01 1.939330122256793576e+00
2.705295614896322753e+00 -1.124421668052404621e+00 -4.136300338403002819e-01
-3.441247823499355984e+00 6.070107201709940004e-02 -4.743008040408265846e-01
3.072151110774531624e+00 1.682835951966642707e+00 1.340572955546808664e+00
2.618880493890900052e+00 1.027084989140628402e+00 9.970083997094019157e-01
-9.860524152989542657e-01 -1.260680961546070344e+00 -2.462220108422412679e-01
-3.331230882350481037e-01 3.494702838463576988e-01 -6.534843983481983809e-01
-8.619195677372144537e-01 2.068974412292990284e+00 3.086528695666351130e+00
-7.921670697970051300e-01 -4.980237020998461994e-01 -2.775348026821392589e-01
6.880898522960487984e-01 3.820648426579235091e-01 1.781469507819273268e+00
-1.285311705855068709e+00 -1.020401160663369833e+00 -1.722849538518068657e+00
1.726416236450120989e+00 6.828224750151739020e-01 2.772879503811570334e+00
1.697505991711531603e+00 5.250668883820732713e-01 2.382192511170965421e+00
-3.207837438528346463e-01 3.487255614362544387e-01 -5.594639056134985688e-01
1.537343113103652792e+00 -7.697101870332812013e-01 -1.522306944695719366e+00
3.554610486863359897e-01 -1.275112696497857634e+00 1.472858076373751102e+00
-5.354863324271841307e-02 8.122266010541877579e-01 1.876017734010524185e+00
-1.235075578059742885e+00 -4.958097313965112996e-01 -1.425210573143037562e-01
-2.230396304353631898e+00 8.238640622516266721e-01 7.626755753259281123e-01
2.990446549822058042e+00 3.265965519664287831e-02 1.144518608230004508e+00
2.854476003724302213e-01 5.893409771322335455e-01 4.507513199719860864e-01
4.838069235008318758e-02 1.467779683116384071e+00 1.509581418490976823e+00
-1.191084781011397808e-01 7.321212849520881694e-01 1.296955706669994601e+00
1.870844418508223583e+00 3.761001844788106618e-01 -4.911924048254801001e-03
-1.491707412078163930e+00 2.446535192354352684e-01 -2.429261548034002960e-01
1.007533237092482548e+00 5.376139956066849912e-02 1.178680440518713235e+00
1.864631436030971923e+00 2.644418599807074166e+00 -2.004882733803062811e-01
6.756465283210055794e-02 1.144737140911493145e-01 -5.608755685601716223e-01
-1.888080602581487133e+00 -2.410391921353766120e-02 -5.644071732867228519e-01
-1.057129093738292225e+00 7.166460117742151636e-01 1.218684076090840174e+00
-1.475211010770882236e+00 3.003045554019602159e-01 -1.045745268821693497e+00
-1.961972337686374912e+00 -6.293951074207841945e-01 -1.765943104472761149e+00
6.448133863482728989e-01 7.370573600147533044e-01 1.371470427743836540e+00
6.198443962385303818e-01 3.757226002109777530e-01 -5.750653350691870003e-01
5.234947970703129894e-01 -9.823282694038804053e-02 2.729169930297838942e-01
-1.000977728422314250e-02 2.293755878938661397e+00 -4.462610866896992157e-01
1.753065525902365307e-01 4.947090071480308993e-03 -6.883787275185779819e-01
1.210638540223327286e+00 2.287989187706862104e+00 9.694410524216900971e-01
1.985150570353297894e-01 -7.558414242619623247e-01 1.085979987350685683e+00
2.098536170301595338e-01 1.613255925085210762e+00 1.500685601758289245e-02
-7.098848976618108431e-01 8.864548158778176035e-01 1.208614480537107294e+00
-2.235548309623712981e+00 -1.342050362489204840e+00 3.937235572567346908e-01
-2.174510071052959237e+00 -4.014163201774036960e-01 -1.126282492722162853e+00
-5.676723138038503036e-01 -1.009203402488063617e+00 2.140438935190251968e-01
3.909234217274540346e-01 3.981422044153395956e-01 9.953654612014168901e-01
4.019083436196407844e-01 -1.662928968451981682e+00 5.601193386937223240e-01
-1.088986050155751784e+00 -1.840587403286533030e+00 -1.040286280206689229e+00
-1.108998609576801186e+00 -2.641560022476623804e+00 -1.364085985883530139e+00
9.621865591403573337e-01 1.127158485713724456e+00 1.439214917670313509e+00
-2.877883668124503469e-01 -6.904882186373892949e-01 4.920038710387872882e-01
-8.921182853512776845e-02 5.426152844760734340e-02 2.241518055744138760e+00
8.490752036542275061e-01 2.784425255730215376e+00 1.873016076980527078e+00
-5.350975436344380665e-01 2.956478752211235683e-01 -8.123945172351432209e-01
-1.852061046920135734e+00 -1.914585068155357783e+00 7.424862297553753709e-01
-3.356336304674290005e-02 -1.872343936702554501e+00 -7.935593105192417784e-01
-4.452732858874882682e-01 2.084445666905966554e+00 -9.166248719288050406e-01
-4.698180386701735212e-01 -1.350920180410832838e+00 -1.341917427261663409e+00
-4.104393598945428323e-01 -7.988514003720352807e-01 1.120216594349795258e+00
-1.035603674911143468e+00 6.829401999642747967e-02 1.685162440797666861e+00
2.575959768824969132e+00 1.724450525335888829e-01 -1.162614421123935093e+00
5.869244951926146925e-01 -4.156856639435045353e-01 -1.004745122111916800e+00
-3.981076613192569558e-01 -1.487045992882699563e-01 -5.530092750273478686e-01
1.874756436357149392e+00 5.387764398498360308e-01 1.163339385792748981e+00
1.412207074455539502e+00 7.838662182688115321e-01 -4.284632645601508250e-01
-9.343172212604800020e-01 1.209703479975586138e+00 4.299097438788798131e-01
5.709776113556586097e-01 -1.573295116282164452e+00 5.712551880978349317e-01
7.093938633534320193e-01 -1.180011152895466209e+00 -4.707860352592884157e-01
-6.867061752870950997e-01 4.726988376059573227e-01 -1.780754694875059663e+00
1.999351710415899097e+00 2.034708351003676974e+00 -1.127406862888492123e+00
1.303112262380768049e+00 1.784080655295770645e+00 2.204586251116554596e+00
-8.074528591294347635e-01 -7.641261717388091457e-01 -1.620304406550207466e+00
-1.659465387906064793e+00 -3.069193065368124307e-01 -1.172798021685820480e+00
4.274331233235793559e-01 -5.968124845373770082e-01 5.445073645663014439e-01
2.002664281576691074e+00 1.011685224175842279e+00 2.612013140106872466e-01
-1.415458333932293478e-01 8.547078968364583140e-01 1.053628574042211108e+00
7.281851358721913581e-02 -1.683430890608602848e+00 -1.295211184360123946e+00
-3.240762966165706693e-01 9.544016055362808393e-01 5.574397786446684266e-01
1.141987663786228735e+00 -1.503132865968592746e-02 8.454270855353540615e-01
1.125531774884092950e+00 2.457262814296404807e-01 -1.319162498574723674e+00
-1.600580742208650653e+00 -6.528770017414051718e-01 -7.754350623066191828e-01
5.236719523196716741e-01 7.178530990283873425e-01 -1.182120807630197001e-01
1.285795876232247448e-01 1.021198412196390626e+00 -1.316908261622649068e+00
-1.370347400045312858e+00 1.162194970962367346e+00 -1.105235947992305068e+00
1.699826309687043180e+00 6.928859302489299710e-01 4.577882050508572109e-01
1.648701203333134524e+00 1.736054552039253185e+00 9.742845174766684435e-01
-5.624632601007096833e-01 1.375141889595392852e+00 -1.144683389297282528e+00
-2.124761539302012503e-01 -1.293297906890930271e+00 9.676668206860143950e-01
-9.781426330936739966e-01 -4.811673058730078223e-01 -3.049195311923352802e-02
1.991868536430892456e-01 -3.042986595239374203e-01 -4.826326782575600660e-01
1.693812083064191398e+00 8.254114704045198980e-01 1.667940224574407049e+00
2.616492582683804802e-01 -9.802404553931665099e-03 1.015787060391970531e+00
1.306001226034202656e+00 -1.203540342269260321e-01 -5.154396435318275849e-02
