-1.359470432396519879e+00 -9.328643450032272355e-01 -1.206799875147220646e+00
1.025327188368456710e+00 1.103513841788546168e+00 1.719436047736069839e-01
-2.292050005153732917e-01 2.113121389547891749e+00 -7.990188363366355073e-01
8.435789556758257479e-01 -4.462534005497100775e-01 1.981494696935976796e+00
-1.754348671609973209e+00 -2.479883932577772176e-01 -8.279903063201421443e-01
-5.890727790851174595e-01 -3.781357433408685242e-01 -7.476110556448996025e-01
-3.506195412807747158e-01 -1.357543174304502109e+00 -8.504150660701496056e-01
2.469454458466418423e+00 -9.746072850467597526e-01 2.473963044291547231e-01
-5.070114952379697337e-01 3.648109424600143313e-01 3.266235192063910997e-01
-2.076648139377814672e+00 -9.563916261780678330e-01 -2.688873008305161072e+00
-1.129005382740294827e+00 -5.152475619978172938e-01 -9.616909277628236108e-01
1.448182954664781530e+00 -6.030649319882404047e-01 7.076875353488771836e-01
5.259608439564293914e-01 6.700129180244106530e-01 4.156305441967296233e-01
-5.705410495757832212e-01 5.707731583022073174e-01 2.139167820132598763e+00
4.387982939323002984e-01 1.009983032799186775e+00 9.823246490462198555e-01
3.585856952925926544e-01 -7.703193827942761418e-01 -1.640743171074011020e+00
-2.888683963128924059e-01 8.253744717472650816e-01 -1.060945846706952578e+00
2.219105674155695818e-01 6.892975591346126585e-01 -3.531467691270274711e-01
5.313103789349080674e-01 8.050091081372401369e-01 1.504203919235183928e+00
1.222260205077012163e+00 1.002610427517989233e+00 6.882501292873600685e-01
-2.298717151812075254e-01 -2.926816361988493487e-02 -4.124539492770191718e-01
1.157475551229448785e-01 1.355709950131773756e+00 -1.874653087018492426e-01
-1.546246477467204006e+00 4.303707222438626356e-01 -4.826472192123347771e-01
2.302634736921780778e+00 1.215566542004408390e+00 -4.687200903018097220e-01
-1.406130396473839417e+00 -1.688726285848231701e+00 8.066606910086722149e-01
6.321940681601305734e-01 -1.691204281045935121e+00 9.101326387818975405e-01
1.602391839258276995e+00 6.585474920113192354e-01 1.089010535318295947e+00
-1.558213207174577342e+00 -6.803231164041673162e-01 -2.647084561055998431e-01
2.894467047333138865e+00 2.247056949856754304e+00 -2.259133150810682666e-01
1.415314365842957223e+00 2.156434733716028340e-02 -1.009524029028846526e+00
1.645846297866199182e-01 -4.787234687883955564e-01 -1.926790689304822335e+00
6.357601084029950167e-01 2.628341103084791630e+00 8.304391931744314892e-03
-1.471124210034959745e-01 -1.864926027023647293e-01 1.038543852271472279e+00
5.158481138781810804e-01 -7.293055384380622286e-01 1.651555973858410908e+00
-1.533161470310440144e-02 1.269467950719472604e+00 -5.831993514258317912e-01
2.091546506850505693e-02 -1.969300233371070741e-01 -9.137189086902791635e-02
1.526733790774101318e-01 -1.507389103238257810e+00 -1.325716741581259850e-01
-1.096507067882863673e+00 1.233771075649411575e+00 -1.176726260813086622e+00
-1.631906108782800180e-01 -6.267059011089841647e-01 -7.050546754444270148e-01
5.503683770599658853e-01 -3.311873424431827084e-01 5.776450767696964528e-01
6.814062376706131463e-02 -2.041932481856681414e-01 -3.996624142506285948e-01
3.732314163201508883e-01 1.537790393139489842e+00 -4.960732080698360136e-02
-1.294407768045305884e-01 -1.089256577681240179e+00 -3.374863738885431896e-01
-1.723894110899973908e-01 -1.395958244680783222e+00 -1.382204345029158232e-01
-1.956839464499920966e-02 -1.000591579766997863e-01 -1.481729560316900507e+00
2.208380917132058974e-01 -1.220946076485181386e+00 -2.292449109473652769e+00
1.351738521922864145e+00 -5.371871760204400825e-01 2.107891815386764289e+00
1.230679020481749042e+00 -8.748888601689386313e-01 9.970527121568788509e-01
3.480650041406618267e-01 9.538322845238522696e-01 1.471788973746778417e+00
4.862896314981587920e-01 -4.963086134522435300e-01 -6.540922783879219438e-01
-2.516011516241511980e-01 5.434549192763135084e-01 1.877384448758633084e+00
4.035576332739804206e-01 1.839791237147060388e-01 -3.715751390873890392e-01
5.908888432631587140e-01 1.805604492609679035e+00 2.742682165073000444e+00
4.354911112720810662e-01 1.578216230805270071e+00 7.246594241415322823e-01
-1.394604478373563161e+00 3.836879190908050186e-01 -2.499533454845336511e+00
7.363313814980090299e-01 1.225564783501270849e+00 7.480101866436165148e-01
-9.372925044997368893e-01 1.100108712167211511e+00 2.392347088666910149e-01
1.220060519647613972e+00 9.456321449901181619e-01 -1.893807496382930999e-01
1.588048884825824292e+00 -5.633955088605298034e-01 1.809546965964971887e+00
-1.977272131849927117e+00 -1.342494706714589814e-01 -1.073786768473688813e+00
-1.050554581837574997e+00 -2.285200905870826915e+00 2.985849669196900535e-01
-2.963336478589932432e-01 -2.170144572644488790e+00 -8.701539737927965756e-01
1.650690341897589120e+00 -2.536632472513943304e-01 6.672486350087829532e-01
1.155429388985397932e+00 -3.868099283668977595e-01 1.567857062233804610e+00
-3.744708392736437741e-01 8.901486419491528856e-01 9.616973723703320376e-02
-7.668985183939239780e-01 -3.091783498997786594e-01 1.154797826774219605e+00
9.808363882875252848e-01 2.641322233775511563e-02 3.738451904449260343e-01
-1.226491136802715154e+00 1.911878240678714036e+00 7.407502129425427295e-01
-1.294414766597869582e+00 -7.503610854887962089e-01 9.041102890661625313e-01
-1.132960966455464291e+00 9.815671237089198531e-01 1.897161916364238921e-01
-3.357973167262712222e-01 -6.261014685271817370e-01 -1.998022752597350404e-02
-2.321724808869568557e-01 6.329532429647410918e-01 -2.061486329028207609e-01
1.412043882727776811e+00 2.594677919403086452e+00 5.527243232737142353e-01
-1.646181282763658160e+00 9.250222919383340736e-01 1.024752852699411410e+00
1.439708647760920890e+00 2.247697097277341349e-01 1.075678894711679545e+00
-1.191270825918732790e+00 -5.196038571088549274e-01 -8.476497165120948640e-01
5.227953184750481208e-01 6.690712650880829004e-01 -4.190297789931617389e-01
-1.003372247988299160e+00 1.337635062128483820e-01 7.614400314331508657e-01
-1.652577092249011059e+00 -1.822741265861049564e+00 -1.279204846575199284e+00
-1.049691810537267123e-01 1.661422289203555724e-01 1.209785955182706152e-01
-3.525855357338794072e-01 -5.587701161325544508e-01 1.182104527665639671e+00
1.984874582854548208e+00 1.327439935740879706e+00 -3.506663934612854749e-01
3.913726983381243807e-01 -6.836626977311799358e-02 -1.607799052950142915e-01
-5.410963007040406891e-01 -3.461303674207314995e-01 -3.466737046116202148e+00
2.123367969005819589e+00 -3.102688843839672139e-01 -4.524565841514810449e-01
6.661536987059679671e-03 8.650671869868155062e-01 2.425175948178939778e-01
-1.163193401213899136e+00 -2.068090493721291612e+00 1.403850335420621542e+00
4.694100322175962514e-01 -1.545564361592321578e+00 5.377887331998814080e-01
-4.141727322375139408e-01 6.612183265097884011e-01 2.419860040984089800e-01
1.431848091302310610e+00 1.819925000152222139e-01 8.593265923493853542e-02
1.673670633954579268e-01 -1.624322699010177562e+00 -2.007245836393826144e-01
-9.013229230535098058e-01 -1.559320983315181097e-01 3.281153143879119161e-01
-1.061842854574003292e-01 1.520863237708857341e+00 7.173282384272542389e-01
7.533349323462248393e-01 -2.644148486866869430e+00 7.623297002305267078e-01
-1.107038380684695067e+00 1.797470256630639529e+00 1.655703740796322876e+00
1.190541758687337026e+00 -7.198594088215821696e-01 -1.263863768104101837e+00
4.826225320951623710e-01 1.434688548395174124e+00 -1.124212705183983196e+00
-1.118800054898758667e+00 -2.079582196512179681e-01 3.045883298767892988e-01
-1.833690131851231753e+00 -1.385313869530167885e+00 -1.025579943540799288e+00
-5.698297579356015330e-02 7.577955105204212671e-01 -6.872319561753387207e-01
