8.458954923635045864e-01 -1.334705294217517713e+00 -1.333184032536717689e+00
3.152556744677599276e-01 5.524206489132303943e-01 -6.569259093915125192e-02
-4.212567432855760519e-01 -6.356250866103362318e-01 -8.269926672202337903e-02
-1.320557834307290346e+00 -1.135104232812724323e+00 1.386878940948330197e+00
4.232441943681817254e-01 -1.366835429853129558e+00 -1.946114035180263602e-01
5.375036177882980271e-01 6.213723928574511612e-01 7.223584545994491402e-01
6.212822933804440506e-01 2.199097163684394785e-01 -3.362947167633366652e-01
-5.880766416023968102e-01 1.021486208604896362e+00 4.430433786351409275e-01
-3.161598267409627683e-01 -2.555584489689776140e-01 2.333259240232524179e-01
-1.656771785780658757e+00 4.715266084344369446e-01 -8.455212738428939945e-01
1.453158849073772352e-01 1.120718882314647225e+00 1.373144639151732349e+00
1.461142008347458443e+00 -2.412809709052254892e-02 7.481770722958489550e-01
7.138165652608615686e-01 2.476367543043378028e+00 -7.313199212893819467e-01
4.906865537728292148e-01 -7.689621397521206880e-01 9.359980955138529346e-01
-3.575647546529824528e+00 -1.283749229186802232e+00 -4.182386788093724883e-01
5.117402265662606142e-01 -9.311393532706864207e-01 -3.490244874011829701e-01
-1.297043656088348262e+00 -5.226548296412076855e-01 -1.204238172269862961e+00
-3.877981968490454290e-01 -7.227222470873817528e-01 -1.977599884774366323e+00
3.456535834247899674e-01 4.569261200188396987e-01 -1.451873665124977952e+00
-1.150968760192717433e+00 3.611389695801614508e-02 -2.159045869180996391e+00
-5.436678417399425367e-01 -5.763192185471988083e-01 4.529846510978491336e-01
1.307389974069185223e-01 -9.542288077499495591e-01 -1.374122369867778470e+00
3.920818380964213867e-02 6.076924872399209754e-01 1.816162440503175657e-01
-1.950494322110634782e+00 -6.584529085778507707e-01 -9.730011343231177445e-01
-2.038567823117168665e+00 -3.370595579394135566e-01 -7.177036704299752934e-01
-2.140006670844018632e+00 3.747714146945213542e-01 4.315519026742281605e-01
1.654742257586089060e+00 -7.959489340949159608e-01 4.442277014864235984e-01
-2.276636407202690116e+00 6.738710884415057834e-01 -9.929690683462442102e-01
1.191876693874470705e-01 7.899212055245834474e-01 1.336970760209595710e+00
2.795130699282317721e-01 3.125210389471753669e-01 1.254896801620769775e+00
1.112042813241996164e+00 8.909380967588731437e-02 -3.204459754889747991e-01
-1.350635467345269181e-01 -7.005830696136952085e-01 -1.594469590825083882e-01
5.666256921188372875e-02 7.410083303773795649e-04 -1.945552384858412753e-01
3.669745934808203991e-01 9.455036393959599383e-01 1.173869846396707661e+00
-7.344726770577079122e-01 -1.011981664668144543e+00 1.511437750245450573e+00
-1.520166144283195075e+00 9.752481440517284383e-01 1.000340754631950269e+00
9.852909025176803670e-02 3.303150372791310296e-01 -1.873806197874893442e+00
1.693597498998440365e+00 -2.627542081762523463e+00 -1.796464093971171572e+00
-1.276584583416878971e+00 2.373396109026832512e+00 8.911510620491259749e-01
-1.201164313038885378e+00 1.454435327187349469e-01 9.560202626403522252e-01
-1.677250913002574784e-01 -5.356435668348273893e-01 1.739035930894837545e+00
8.247503830182076889e-01 -8.093897834164157645e-01 3.585731305151522719e-01
2.110791629386819857e+00 -8.737046164993809150e-01 -1.446434927244250490e+00
5.043879926150162119e-01 1.683288103818605164e+00 1.616733326375954460e+00
1.500643947767755115e+00 -1.031819091005133693e+00 4.784435959716794029e-01
-9.981621523652650652e-01 -1.836440000562455377e-01 -1.061855192675713599e-01
-3.757620976721488537e-01 -2.598134270232645981e+00 -8.907536856912152690e-01
2.249291419033219164e+00 2.141792624331440908e+00 7.370319280545925000e-01
1.657961622351264319e+00 8.937391132491858681e-01 8.299579908735645883e-01
3.738718291447937769e-01 -2.762854253251254555e+00 -1.378952116503553205e+00
-6.854612060111539007e-01 -4.134351653619581790e-01 -2.028176528865976103e+00
9.555937916693776346e-01 9.093505874435406922e-01 9.717759160689809494e-01
1.837938818699546895e+00 1.415240697352912580e+00 1.639141617816061602e+00
-1.163576855567893809e-03 -3.395674672824942619e-01 8.310275044153514479e-01
-8.355779073847757754e-01 4.575814676952572047e-02 -6.361199753474546803e-01
2.026927462613741682e+00 4.869949354096526073e-01 1.112811877175716724e+00
2.030295524995311407e-01 -5.279320430767591166e-01 -1.237522753934153563e+00
2.591012086932147795e+00 -3.615993286549146202e-02 1.062894740352093415e+00
5.523783021626307299e-01 7.581732941829150141e-02 6.537983778114438982e-01
-1.016271893441186291e+00 1.718708068766300556e+00 9.298536547032633104e-01
-1.795209800841891745e+00 1.478165953119741083e-01 -1.919048756748674922e+00
-4.765820820447346229e-01 -3.676528849200572102e-02 5.538863826370701293e-01
-5.725724716979916362e-01 1.674277529223575645e-01 6.004172988728151417e-01
-2.227362195584838278e-01 -3.108541033326273073e-01 -1.255285776446411816e+00
-1.012866909793911363e-01 -3.469593894943279189e-01 -3.636753464832220839e-01
-2.045745073178532714e+00 1.542472150837026046e+00 8.961019602569375575e-01
-5.055073602854820436e-01 9.814861010082100989e-01 9.027195067117420590e-01
3.483568853212950511e-01 -6.781960328062676124e-01 -1.490537609463271185e+00
-1.711947958117165491e+00 2.808310452821390690e+00 -1.785492988031249784e-01
6.432096311652411025e-01 1.654882256869273149e+00 1.118107596456945352e+00
4.023138180954703436e-01 8.673649805515109001e-01 -3.533462324392582232e-01
-1.011458393265288969e+00 7.338753268462524515e-01 -3.707602065435027239e-01
-1.193897869335065032e+00 2.062472694701296128e+00 -8.635805194639836202e-01
-8.744529365626161344e-01 -8.057150916960276188e-01 4.132950266248661686e-01
3.561615291566138652e-01 -9.446838283821656912e-02 6.599905802783793130e-01
1.485569818905146389e-01 -2.925283615985547758e-01 2.110812573830497030e+00
4.788719108365081523e-01 6.343123336075904284e-01 -1.739553101503751309e-01
-1.145345402353443953e+00 -3.437797784320129058e-01 1.667851470943335634e-01
-9.095704230908456811e-01 2.636130703635937156e-01 -2.611635649538939230e-01
4.324694271297444548e-01 -2.350187390981038904e-01 1.059154232497589332e+00
2.030756543323553043e-01 -1.229173781405487942e+00 1.212408674873279857e+00
-9.293293882242419368e-01 -7.096385013871708836e-01 -1.458511272356034283e+00
-6.618745534584662416e-01 -2.209836271109082984e-01 -1.977354576831221289e+00
-1.849413903061012165e+00 -2.118573506727356559e+00 -1.228516162515167487e+00
6.799141083640167782e-01 -2.253093820538070613e+00 -1.265717039318498549e-01
-3.356302521713206977e-01 -2.082773229627210565e+00 7.325774203525248218e-01
1.829714233469073470e+00 1.282080591028945893e+00 8.440004905910960531e-01
7.134591863953269053e-01 -4.911969653670091862e-01 2.528307920695521904e+00
-3.352769164567777072e-01 -1.180200795840848249e+00 -1.025751998732887249e-01
9.644156624583797299e-01 6.574955130811674930e-01 -5.613596860763261365e-01
-1.850262152315099939e+00 -1.315311008114491198e+00 -1.839293260647255623e+00
-9.146384813099055489e-01 -1.206430583700103254e-01 -5.358456878872642770e-01
-1.178808877758367180e+00 6.935076830759590027e-01 -3.143783169330847116e-01
9.498888693234182057e-01 -1.990339262454134950e-01 1.760628469558068732e-01
-9.543589425143113036e-01 1.902419142421784004e+00 1.035632579968116751e+00
-9.443473437737666121e-01 -1.132849161075991651e-01 2.106980473995834657e+00
-1.162090085068332890e+00 -3.907156439882486509e-03 -1.357488507518548104e+00
7.684462606684816510e-02 2.515560481198958476e-01 -1.582624932151376895e-01
-3.884899643034320782e-01 -8.469276562575523970e-01 -7.648980219333626485e-01
-2.862511302700879945e+00 -5.933067807341624311e-02 -4.726115656585327396e-01
