5.920279006690190027e-01 7.509152264540268629e-01 3.437474723414561950e-01
1.086663224778905423e+00 -5.162154334458936011e-01 -8.341180190065194955e-01
1.949393280684591279e+00 -8.157124682060199472e-01 1.365595506776176027e-01
2.477615910807456689e+00 7.664013016085969854e-01 -3.377634912374416487e-01
-3.085723506121706983e-02 8.831092953583252747e-03 -3.160608713004364745e-01
-1.606313769979689887e+00 1.886911415428492944e+00 -1.183157354786167570e+00
4.462169631267646208e-01 1.765258102892657832e-01 1.293082110312851474e-01
1.060674546638405102e+00 1.065683638322315163e+00 -1.224777571126335562e+00
1.471243978222589899e+00 -1.723714513797015568e-01 1.347225911629780892e+00
4.219600476959504132e-01 1.675635024964827746e-01 -2.547061110906013948e+00
4.113456295387568629e-01 -2.028984720494701577e+00 -1.594121168959841350e+00
1.506204729192367475e-01 6.161142816335813954e-01 -5.477581523334328351e-01
-1.002838271040053630e+00 -1.176422024671920585e+00 5.954559920124182781e-01
1.256716482148874547e+00 5.023343312885675260e-02 -1.592624528427331931e+00
1.334838121455356852e+00 9.455953410964237360e-01 2.095105966358605354e+00
5.656953351872349156e-01 -1.104724188223997761e-01 1.300512673604264702e+00
-9.607758818069132012e-01 -1.686085073789863387e+00 1.631290999692697197e+00
-1.796167529410269026e+00 6.433110110758022415e-02 -3.203747691178880252e+00
-1.085091856223322937e+00 -1.941460704295917772e+00 -1.203258533720293011e+00
7.169812571008765678e-01 2.062979104156475341e+00 1.311707195469529741e-01
2.021711554327321636e+00 6.632447930814941994e-01 1.121927475198756685e+00
-2.651506519657968131e+00 2.420840128147578874e-01 7.546583517244009887e-01
9.588074578256838842e-01 1.485094120828629460e-01 5.833436092156514263e-01
2.874486770117700152e-01 -3.841628256401414809e-01 -3.891719532262705727e-01
7.613196427360493512e-01 1.480602305865986734e-01 -8.527825986085466603e-01
4.834187680005985754e-01 -2.122637959381437955e+00 -5.682667258239405550e-01
-8.956588739166636559e-01 -1.189810155396394675e-01 -8.515327702442841984e-01
-4.425226149889560645e-02 3.287945246725226811e-01 1.098335360897126023e+00
1.634880702797060881e+00 2.350869160954209836e+00 5.631992419705091901e-01
3.977870054293115576e-01 -1.777896278072340408e+00 -7.121242121155034743e-01
6.475775709571182093e-01 1.182469870304822201e+00 1.704933855803951293e+00
9.126162648709013059e-01 3.604478602677688714e-01 2.124297720560059388e-01
-1.489545975584950499e-01 -1.417861189426778745e+00 -2.737434164445182283e+00
-3.815499761063730344e-01 -6.567905934153804859e-01 8.190190944661659422e-01
1.600004920360649452e+00 9.589715993821799067e-01 -6.449939733162632916e-01
3.366185146633701164e-01 -9.307302247713187260e-01 -4.753784833789583830e-01
1.533744219653068619e+00 8.916026606075606598e-01 6.030643348343965870e-01
1.767915760214874732e+00 1.277927156805554465e-01 3.505134152707930495e-01
-1.222895051758323692e+00 4.228042192170213820e-01 -1.740751364491953446e+00
-1.049598124025602264e+00 3.934598290359732076e-01 -8.304562233871622956e-01
6.205282578593376286e-01 1.939364361102491330e-02 1.071369138444247637e+00
1.304532061038594426e+00 3.080512220083598818e-01 -6.346235314353272372e-01
1.066134646236009509e+00 1.307527312187041213e-01 -2.952967421067789200e-01
1.806838847029626383e+00 2.776188611031027431e-02 1.128191292986364891e+00
-7.377467096083113463e-01 -1.214276624608846555e+00 -6.039656934698546253e-01
-1.735069398135205665e+00 -8.583102974319933853e-02 5.078356412130113906e-02
1.446435819352115626e+00 -3.836148393335363505e-01 6.206903649079706931e-01
9.982326376102808041e-01 -2.219484219180367646e-02 1.184796109374754103e+00
-9.271049817084126010e-01 -1.454806103260637196e+00 -9.049903992754431137e-01
5.494414866596413205e-01 5.120780446542423370e-01 -7.096461470818355988e-01
1.439048095254847337e-01 1.116626657560386038e+00 -5.120196889491028802e-01
-7.601109725167876086e-02 1.434779901028121252e+00 1.155643589440305430e+00
-7.220612373030332876e-01 2.023024258438432810e+00 2.596894351521678024e-02
4.093662710625129431e-01 -7.146646498933741931e-01 1.412410429282384694e-01
-6.850885082609662335e-01 1.085088769913381102e+00 5.282524044175684885e-02
-1.925932527334943467e+00 1.003054898535788997e+00 -3.355459000713454376e-01
1.767107426217134902e+00 5.887626005732320422e-01 -3.813386944585110960e-01
-7.352486878513384561e-01 -1.017135140132756632e+00 9.000798381534540482e-01
1.781300974703853957e+00 7.651929432059998426e-01 -1.399212493214735842e+00
8.889512237065930744e-01 8.560059117190268463e-01 1.310748848152436530e+00
-9.363981942742410913e-01 -2.360029031989284043e+00 3.799770463577664126e-01
2.776746174128904565e-01 -6.764161831307122785e-01 -7.524759370510123446e-01
-1.027426515733814938e+00 -1.129181732496056689e+00 -4.069904530678705168e-01
-3.129262632611305439e-01 3.803072742803995654e-01 -2.047802063665574490e+00
1.161107493462042228e+00 2.669926560778665969e+00 -2.004443779264407643e-01
9.226258480182578658e-01 -6.084538784598869654e-01 7.304040278313659318e-01
3.071549186534053844e-01 -7.456045579155610170e-01 -7.076999083894142117e-02
-1.335914971318479694e+00 -5.018206786996943780e-01 2.224148340293781168e-01
-1.812646046651643639e+00 9.036468654058700256e-01 -2.474370183880122975e-01
2.914261126066497454e-01 -3.284884457612887720e-01 -1.504103410059315360e-01
1.755415570996607943e-01 3.220704816613418342e-01 6.065662827621609576e-01
-2.589533488032750297e-01 1.885880215222873746e+00 1.247126594994526272e+00
8.702327724130396458e-01 3.399006307838852159e-01 2.736944056406571679e-01
-1.759828649875488926e+00 2.042082869708313542e+00 -8.193038717730761755e-01
-5.062428752404590782e-03 -5.661340183969536533e-01 -1.793395901574834639e-01
1.329602467863896909e+00 9.624507563161239787e-01 4.194255448833021926e-01
1.562429479741491933e+00 8.662305284583687870e-02 7.547526027354738432e-01
-8.576488410581079025e-01 -8.098730851246300766e-01 -2.998323923909779198e-01
-2.665080314713915044e+00 5.846377546334520225e-01 -6.520812848706331044e-01
2.319783206136567522e+00 2.413154003442929962e-02 2.899106303687691621e+00
1.183203497227188317e+00 -9.100751421274437813e-01 1.207279521983628090e+00
1.424798287962044663e+00 -1.862389798169745703e-01 4.654749312157760444e-01
-1.348096134968683746e-01 1.144775996542391372e+00 3.324977293561588443e-01
9.060264229548141701e-01 -8.223298537871557290e-01 -1.080801990286532233e+00
7.754880264091488229e-01 2.407960452722451850e-02 -5.036288874163994400e-01
6.206196101020569067e-01 2.228645005894919207e-01 -1.528240957191105975e+00
-8.377407590960646022e-01 -9.620964044997635245e-01 -2.920715123745803998e-01
1.934755330963651598e+00 5.360906725393628225e-01 7.981221202076191901e-01
1.546569214421992688e+00 8.675213125830676386e-01 7.126695698437904847e-01
1.465489959123187136e+00 -9.136330900558773394e-01 -1.832686916861872906e+00
1.085537064709478416e+00 6.432396066175181115e-01 -3.170696931635899052e-01
1.918108664295555821e-01 -5.420494322290052569e-01 -2.205064706096387384e-01
1.566076787856772734e-01 -5.904428849123553036e-01 -4.932357743849744569e-01
4.007987157866489403e-01 -2.300075380375066203e-02 1.165778320884320873e-01
7.040573031447222574e-02 1.499044326829908513e+00 -6.893331630349674999e-02
9.784501036348119962e-01 -3.072315941812567841e-01 3.224980263782091794e-01
-1.127324574447285288e+00 -1.806082493043005721e+00 -1.152942016522560564e+00
-1.047093206627343509e+00 -3.427884112035877173e-01 -5.402794114808723291e-01
-5.595040732757995405e-01 -2.683270128349530825e-01 -1.249089348940480182e+00
7.552165958026229031e-01 -1.218076898915931849e-02 1.200265054730449421e+00
