1.301293468571392387e+00 -3.833397011422304823e-01 2.844945611105663463e+00
-1.169689093469136409e+00 3.021257120073166380e-01 1.052674351329068836e+00
2.366485810557707126e+00 -4.977618473352765083e-01 -1.054333290450485849e+00
-9.086217551606368126e-01 3.630721938430858664e-01 -1.104400496927603559e+00
-9.045612637049826876e-01 -1.704138031848126067e+00 -1.268578062609738044e+00
-3.061336351686363977e-01 1.299618512272845416e-01 -1.048318856372576935e+00
6.034196125149848822e-01 -3.173460285295238714e-01 -5.260277088249105670e-01
2.317067922001327496e+00 2.350071870174542665e-01 1.234958575177333540e+00
2.171646680829605103e+00 -1.103532927350131088e+00 3.719512880774738517e-01
-3.769644106072639334e-01 -1.002570993365397012e+00 -1.241939379892063267e+00
-8.191103875011711555e-01 1.191107746254154609e+00 -1.224330625067462819e+00
-7.715810519556254299e-02 -1.713936212215705357e-01 -1.046778296649090167e-01
-6.536207742532049725e-01 3.017570223773934357e-01 -3.228352201877759953e-02
1.814658196924248790e+00 5.604887673884503263e-01 2.506427916286699253e-01
-3.985923697139850397e-01 2.890489023877601538e-01 -7.582342068146308289e-01
-5.801232985388108387e-01 -4.498022305147690858e-01 -9.318279916577343336e-01
1.214007086411945213e+00 -5.080872157461836514e-01 -7.061906584822921218e-01
1.123660990459066422e+00 8.130613778575213058e-01 6.387166693314167976e-01
-7.572903544516086383e-01 -3.368067140686695771e-01 7.801725732568853822e-01
1.747162888725630525e+00 -1.051942856477730448e+00 4.166796316702848779e-01
1.591805822884475585e-01 2.293270606127110867e+00 5.754176876348876535e-01
-6.040556225691733339e-01 -1.039218132147679441e+00 -5.868483218366863374e-01
-1.722758275812512840e+00 -4.435580775786676644e-01 -2.329983907382686681e+00
-1.412044783676762449e-01 -1.015546709898058841e+00 1.043307483159293114e-01
3.594840742495174490e-01 6.907822480963849987e-01 6.200966436803611037e-01
6.823339749512575825e-01 1.262479952702258990e+00 5.257567292827705074e-01
-5.047215530146896834e-01 -1.430874590629076737e+00 3.913989358502171223e-01
-1.692789753017188481e+00 -1.251731295968929958e+00 -3.391909453530616569e-01
-1.011110625333400348e+00 -5.165048291313503181e-01 -8.214504110763984901e-01
-3.870970459922117302e-01 1.759317789288539435e+00 8.922434360300957046e-01
