1.407200286423174962e+00 5.943725592595437979e-01 2.501392467981030432e+00
1.917633549480246780e+00 2.305519951875250051e-01 -1.836683439451669564e-01
5.769501949329091106e-01 4.379598519620328534e-01 -5.290336547816296697e-01
6.793261726067671979e-01 4.578460121725543286e-01 1.455588257022394361e+00
-7.603488421137820641e-01 -3.829370174670516658e-01 1.599781629358366875e+00
-2.003436503438156713e+00 -1.302754698248708376e+00 -1.679006691052878919e+00
-8.716018867951486060e-02 -3.067952474822074338e-01 4.934130689347782095e-02
2.017842031553992221e+00 1.643620904607483002e+00 -2.579870727657335161e-01
-1.069827018167326393e-01 4.541854674701156780e-02 3.456953430246914594e-01
2.250061099336650994e-01 1.628036630336594293e+00 4.674150627972885053e-01
-2.015663380546733663e+00 -2.681310556507248588e+00 -1.852535803059200070e+00
-3.442552151673125005e-01 -1.018200309896891920e+00 6.870103050530675937e-01
1.809135498889016258e-01 -8.437312712250617519e-01 -1.197908282186454620e+00
-8.138537888014502064e-01 1.133538575479037913e+00 -1.850356711692655032e-01
-2.894407036859586446e-01 -2.571527953931951327e-02 1.127697775063694063e-01
2.561885433818446245e+00 5.511514610218509747e-01 -1.315591098104573753e-02
-2.997376463267738878e+00 -7.091349679398394334e-01 -1.570896437531211220e-01
1.505964684415425081e+00 3.409855467515037208e-01 2.014779966104295883e-01
-6.862605976421756182e-01 2.262475079038773762e-01 -4.688496573015959457e-01
1.720770467275625881e+00 -3.064254877890905115e-01 1.275294430246768140e+00
-3.109495347788201469e-01 2.918971527998235893e-01 -5.453657842853310012e-02
-8.399191642701892002e-01 -7.995953929031042184e-01 -2.351532061655559502e+00
1.392540615123817105e+00 6.014140788690701678e-01 1.307343213159630757e+00
4.096238679456851717e-01 -7.703549720976083925e-01 -9.625250719547904232e-01
-2.436355056914884187e+00 -2.011527929281597404e-01 -5.159918736905532155e-01
6.633787835273434741e-01 -1.548963455945302270e+00 -4.548700879833245114e-01
-5.920042585580010952e-01 -2.621977713912928998e+00 -7.842381025214291146e-01
-7.268389422024130742e-01 -1.658514233376549907e+00 5.907899954807354082e-01
4.373046985919925023e-01 -9.216226786320323994e-01 1.382554350732220216e-01
-3.061428562693976119e+00 -1.322573345211349505e+00 1.886320014229255770e-01
1.511154216420970808e+00 4.917402795954407546e-01 -1.456006557405397084e-01
-9.756777521880529713e-01 -1.110160348026877575e+00 -1.197864659696387779e+00
1.405766477426888095e+00 -5.663295586628904754e-01 -1.305451143258363089e+00
1.335249109311068327e+00 9.787302290946024996e-01 4.876816179910329341e-01
8.859409014697900986e-01 3.563095893562717720e-02 -7.700220733716647281e-01
-1.867945142289041960e-01 -6.747280675106487324e-01 -7.265889298731702528e-01
-2.939959719157886342e-01 1.361941011541021540e+00 1.035676252048225665e+00
-2.327259622459346144e-01 8.584281777602853492e-01 3.195765474473623025e-01
2.456909351670539254e-01 -4.246502886270284716e-01 4.076299698784757730e-02
1.474529436598058352e+00 -7.552918762476124037e-01 1.185101253986833858e-01
-9.217509437005813044e-01 2.849181128848121691e-01 8.177007128979705275e-01
2.008339225221120183e-01 2.287174500574376435e+00 -4.781642547138292842e-01
-5.284755896945273479e-01 -8.414162644799001445e-01 -7.925667263472896407e-01
6.525698591062381038e-01 -1.514792629746856578e+00 -9.050161970047612137e-01
-2.013624912568453329e+00 -8.592684018614482611e-02 -1.185676606044386849e-01
-2.027642214813664134e-01 1.979793987341372574e+00 1.929375926179478951e+00
-1.044172538675294692e+00 -5.561134670544772840e-01 -1.016223636892851445e+00
7.450845888595691857e-01 -9.411261335274478945e-01 -2.828179980313327402e+00
-2.853834935484007573e-01 -6.170743227518179497e-01 -1.863109136215280737e+00
-7.199998191900671696e-01 -2.383179831649064884e-01 1.752244742166269020e-01
-5.487229011539789258e-01 2.038303531285110104e+00 2.408401798447222131e+00
-4.017672409650979715e-01 -2.888911262506850264e-01 2.177163092647232956e-01
1.468400118747371419e+00 1.496267532284800694e+00 1.130087395769885150e+00
6.756126407499044584e-01 1.921108239946117680e-01 -8.861018991815241552e-01
-9.278394662564756201e-01 1.402657035639973238e+00 -2.087179195058290193e-01
-7.313308325441925106e-01 5.236062352970916045e-01 2.762947918187087515e-01
4.304129302150483394e-01 -5.892244101966064296e-01 4.070392871318516681e-01
1.235703104183563328e+00 -2.275984922867335669e-02 8.262998140977071415e-01
1.428497118008302813e+00 -1.469275588387648490e+00 9.612766679030171346e-01
-6.807727359547146584e-01 -3.085914183159162993e-01 1.667546356858568446e+00
-9.677291645085557281e-01 -2.861996873162662602e+00 2.821987742596839821e-01
-3.550684247380305747e-01 8.621883619546160116e-01 7.826069156086825629e-01
1.007590573288922986e+00 -7.975935286327062723e-02 9.042759728959852694e-01
3.364778382447098704e+00 2.022088348842561167e+00 1.038671950537730093e-01
-1.035428898682100862e-01 1.707026214156062149e-01 -1.276519418595929989e-01
1.073270064796976175e-01 -1.945833022775844690e-02 -1.322622855226554428e+00
1.673412551816463867e-01 7.632827617421260591e-01 1.293404637528990375e-01
-7.672595761509324319e-01 8.295911801087907378e-03 1.259207273985161191e+00
-1.475925344257678073e+00 -1.042010630179587061e+00 -4.446505150958241503e-01
-1.005821605545163200e+00 4.266445232726729930e-01 -6.418880008781961966e-01
2.066803340184443005e+00 2.171164092429061832e+00 1.486957851097881811e+00
-9.159709355140499554e-02 1.697812181476277216e+00 1.992736579845931555e+00
8.749604305120650682e-01 2.122256668418717185e-01 1.225223422396781947e+00
2.915416115788881379e-01 -4.012595384183392788e-01 9.728827572620601938e-02
6.714178744127695664e-01 -1.141047117724798055e+00 1.145582281447720341e+00
8.310017499618020942e-01 -1.353749256960557812e+00 9.914998955488992793e-01
9.209586209028564063e-01 8.858342338543050420e-01 2.918439962596286019e+00
-1.090606558142064975e+00 -1.160651608813224600e+00 -1.048305161274471820e+00
1.057329287968506337e+00 1.242206558549698858e+00 -1.238052079335730360e+00
-4.590572314235807916e-02 4.566918145278430208e-01 -2.282890319702649329e+00
2.527269854761318157e+00 1.447351274755944939e+00 1.197783377810142325e+00
-4.176701295648369561e-01 8.022524651276174978e-02 -1.510131786942191745e+00
3.572753126524919054e-02 2.916079973052759566e+00 -1.879692924835473455e+00
9.268935041247821083e-01 -8.534075541597969661e-01 -9.659278760902031413e-01
-1.753927270571443708e-01 -6.173234408301627729e-01 -5.575185488811151835e-01
-1.366708782154141266e-02 -1.325780954437649761e+00 5.526701587427185203e-01
8.281476510497753907e-02 -7.862130494268811942e-01 4.568685993445132931e-01
7.793282933536069823e-01 1.319115926169657005e+00 3.609398425769509977e-01
3.063503882478710860e-01 -1.936250622987094383e+00 -2.301082321278479448e+00
1.088165243868656873e+00 2.002529168945514471e+00 4.750850143044555440e-01
-9.939805648615036571e-01 -2.191011803579729023e+00 -8.672376754369113261e-01
-1.515678331833568926e+00 8.025011072783043709e-01 -2.678759761794715644e-01
1.148251874833452479e+00 -8.898923489903112216e-01 2.706722192264003901e+00
-1.462894783932570553e+00 -8.366038414051526484e-01 3.434206756489069923e-01
-3.889685844058601849e-01 -1.085164118528340937e+00 8.824389181063652110e-01
1.247093958914239131e+00 3.843563369403035779e-01 -2.136297837851241166e+00
1.435947141046427067e+00 2.770597034496930178e+00 9.526281186002705237e-01
-1.351233252609308710e+00 -3.998075045104003689e-01 -1.632325501190641237e+00
-4.314586966679727076e-01 -5.129638023917915124e-01 -1.331120675635342865e+00
9.677853336439821152e-01 1.755007586782003859e+00 7.660496020950453566e-01
1.099310746930044047e+00 9.178778223853245599e-01 3.647719126973947845e-01
1.460916274567142015e+00 -2.398166725343068295e-01 5.852446002121881596e-01
8.858060425803815363e-02 -6.044224130956309393e-01 -1.726386416291344039e+00
-7.635260173410933771e-01 1.449285862543381875e-01 8.507493620728099337e-01
-1.088434686860123790e+00 -4.749703708361402987e-01 5.166963505374424503e-01
9.334396007796501582e-01 1.945032438676269848e+00 -1.713594478287528755e+00
-6.111194601920932890e-01 1.374301556533163104e+00 8.490341469774460581e-01
1.450725254236879147e+00 7.463774113600043503e-01 1.453309887203098949e+00
-1.919978822830131104e+00 -1.218420698057120166e+00 -1.119340294374377098e+00
1.721161698972477061e-01 1.258167205926994381e+00 -6.570306013749700469e-01
-1.143314897453091006e-01 -7.257449866489220636e-01 -5.453019326682392309e-01
1.683175889376497647e+00 -8.471904712165180262e-01 1.307153372602942731e+00
-1.537188759877649025e-01 -1.761288351483138781e+00 6.086509044181191985e-01
-1.158488923217924071e-01 7.203281554348986981e-01 5.642381504574811579e-02
-1.279629636470090759e+00 4.483832496159285697e-01 -1.558968664331050302e+00
-8.683618435727680218e-01 -1.221914971024021579e+00 2.745346767242989872e-01
1.479445426671970321e-01 -8.811957793893514523e-01 1.694301535351071530e+00
1.665828293385918535e+00 -4.836111025072762359e-01 -4.776806447502223163e-01
-5.896220577057289525e-01 4.245099868965208079e-01 6.672443695053521528e-01
-1.703560826395207561e+00 -4.024373747587192129e-01 -7.281465794056630747e-01
-1.851781828263123764e-01 -1.588744753272512078e+00 -1.993262604954437189e-01
-4.484374119974297579e-01 5.256555447254187552e-01 -2.111156081635967019e-01
4.775778098944402084e-01 1.364531658554295035e+00 1.095346027008719636e+00
6.093314345786939867e-01 -1.054727996582323968e+00 -7.050513675438350170e-01
-1.217089648172368310e+00 -5.274820181577845046e-01 -7.307366516808769807e-01
-5.815071014965744745e-02 9.490465712707971679e-01 8.933582337249279526e-01
-2.401487041879144524e-01 -7.887780107542358143e-01 7.617850212534886811e-01
3.057661734370173967e-01 1.302170383937185205e+00 -4.399493223914169304e-02
-2.218139683492530878e+00 3.462879190876586577e-01 -2.349587645486158394e+00
-2.440845253082489785e-01 -4.695208617169709941e-01 -3.258813107792301045e-01
1.584069781503810947e+00 -5.493980098484766428e-01 -9.496239955132623756e-01
-1.890258928957514462e+00 -6.761442179665658747e-01 -1.665955150511239102e-01
1.792037268862017640e+00 1.752899341438193703e+00 2.905575525419710203e-01
9.313238441452409422e-02 -1.070846817116976046e+00 1.684559968915973371e+00
6.580998881571703540e-01 4.888875856109482498e-01 3.519283109032719237e-01
7.733289816420272356e-01 1.177998925392238494e+00 1.422663310845448947e+00
-1.325599310293625877e+00 -1.590291407030786086e+00 -1.143360522699952142e+00
-9.982011370273036199e-02 -6.126676204472314424e-01 -1.474827530689842847e-01
1.002314340352596478e+00 1.798334313260654405e-01 4.243014157190221347e-01
8.843073137603030265e-01 9.031352995518140414e-01 5.525738022264685689e-01
9.822512509547101089e-01 -1.257114614447797152e+00 -1.473517782082188310e+00
1.562920120234577492e+00 -3.631580317882925346e-01 -2.863074790583395313e-01
4.697052944321529200e-01 -9.755398139947639713e-01 -7.938154138884185862e-01
2.072843554132784982e-01 9.838461936431486254e-02 -1.775723793305218789e+00
9.751989177971700506e-01 8.748273918712674568e-01 1.652036991940483146e+00
-5.641482526202306058e-01 8.245854474637042131e-01 1.140557498739608988e+00
3.125157606233885943e-03 4.518389333414412068e-01 1.042600096779923158e-01
4.513787510719817764e-01 -1.592730435708646919e+00 5.294752126128023928e-01
-1.845527660067447062e+00 -2.261465190869872410e-01 -4.041748693746878729e+00
1.254732582494250792e+00 4.855273708860319837e-01 3.076627488705239166e-01
-2.037597577136022742e-01 -6.791005753590427796e-01 -1.979157505448047694e+00
-2.389655866527960804e+00 1.200582094371015041e+00 -1.186612197060858520e+00
3.152305257533747351e+00 -8.954260939895435367e-01 1.002534335442267110e+00
4.450113230482889981e-01 -6.026363181457590201e-01 -1.596640167689210577e-01
1.783091564311445332e-01 6.356678388956540360e-01 -2.859429878098761479e-01
7.140570265007062378e-01 4.082951934663356930e-01 4.551987168643353288e-01
1.143072623076144989e+00 -2.659333580850249401e-01 6.800231098992139955e-01
-1.190720975743492227e+00 -2.605866848006170855e+00 -7.613257394606066653e-01
-1.113932902149957993e+00 -3.246261551649077814e-01 -3.703078478350341207e-02
-7.583689838984142284e-01 1.702096307733641067e+00 1.589265914600010099e+00
-2.308854944155908306e+00 4.773376560809581282e-01 4.675134839939009135e-01
1.497519515859034644e+00 -1.714015626549810989e+00 -5.670060870248568863e-01
4.427394430734807873e-01 -1.166862274053618975e+00 -1.436692254263501223e+00
1.154930429794893243e+00 6.214518195629022967e-01 1.523482559044000872e+00
1.281675516410548887e+00 2.163868412407844666e+00 5.394470522773753274e-05
5.062828448089976563e-01 4.628037230163399296e-01 1.552065075297900165e+00
1.112215729691092836e-01 -5.670132613747458361e-01 1.253042633061142386e+00
-8.204650700515621065e-01 -6.940412596657677957e-01 -8.966645790960140472e-01
5.181143552190515811e-01 5.402589483139647042e-01 1.125377009151866892e+00
6.162719365165025831e-02 2.380890561881339185e+00 -7.260879359687788526e-02
8.108825263425629704e-01 1.883648558324228506e-01 1.209805122537553235e+00
-9.690684173290207148e-01 1.496182125478754621e+00 3.305248260710381025e+00
1.242937137282358773e+00 1.606388345754644398e+00 5.352777742578745945e-01
2.746376097125992066e-01 3.473756029678143342e-02 -1.653094001488048859e+00
-6.493725942798755923e-02 -5.995467040949139514e-01 -1.070738166166754768e+00
1.817489683257697886e+00 -1.022401855274348570e-01 9.915542712970906170e-01
-1.758632691330886511e+00 7.582078921408290650e-01 -8.826646445246126849e-01
-2.985500934891399671e-01 2.369427420541059703e+00 -9.975730659383805765e-01
1.239387323463225332e+00 -1.030792637331092498e+00 3.144606255404586159e-01
-1.799142135364704354e+00 -2.258442191043915415e+00 -2.373449599176162272e-01
1.134201715293273072e+00 5.260624859052434044e-01 -1.965575271452801864e+00
8.655539593223391392e-01 -4.979648606656519871e-01 -1.254851834292102786e-01
-1.630665441115953129e+00 -2.209703350648187792e-01 2.298449841415702299e-01
-1.081936139956896081e-01 5.619267037451288749e-01 1.515071857017017409e+00
8.836315818269653288e-01 1.154927219094942004e+00 -3.866894911839016125e-01
1.014923859388638494e+00 4.696486999640422932e-01 4.587706652850398470e-01
1.921785937512704656e+00 6.951865318755912071e-03 1.198309827601800936e+00
-2.166030214900075190e+00 -1.580441871972511625e-01 -2.195753829456132955e+00
6.322839842761607265e-01 1.679229732191347968e-01 -7.490007101373534759e-01
1.109127969436755512e+00 -1.322053312328084429e+00 1.313107611324471069e-02
7.077488541561312019e-01 6.653504169122559375e-01 -8.967347225525073018e-01
-1.550403521004847684e+00 -2.236436411537262803e+00 1.258918158098041307e-01
1.589830920965040750e-01 3.268774318833504999e-01 1.630236684766181332e+00
9.125604396050154277e-01 -1.319163094779476797e+00 -1.670941636629579286e-01
4.382563828032592923e-04 -5.414703885487466284e-01 -1.175481093251576903e-01
-1.074478677585074760e+00 -1.721515686858723582e+00 2.026038851471754221e-01
-8.554583903181943727e-01 -5.192732450531052368e-01 -6.793540318080680818e-01
1.407204045247079760e+00 1.768563359579660377e+00 1.417545406904640037e+00
5.123785114312382483e-01 -3.338855220064734786e-01 9.150799511876079873e-01
-1.004503382539573497e+00 -1.399918280378156243e-01 8.783251215434311199e-01
6.688278842053196893e-02 -4.015007923415463420e-01 1.662493848235875982e+00
1.575757579477539139e+00 1.354309007959635602e+00 1.077690892839562764e+00
-1.534319693030534948e+00 -2.268754445676782527e+00 1.464915516790450623e+00
-2.439434223461493190e+00 7.170603752730262404e-01 -3.071315960193882200e-01
1.804282273996234753e+00 9.873380550178616488e-01 -1.299789402785896941e-01
-1.285524106479886797e+00 -5.962133708608441385e-01 -2.744319976370647396e+00
5.151049679309862572e-01 -1.695956860107523223e+00 -7.860637939384951256e-01
-9.966638246723278360e-01 -1.460958736747756337e+00 3.910325829625316274e-02
-1.451371827330606989e-01 3.568353155405370458e-01 -1.417527154881382812e+00
-3.938534302088502193e-01 2.708737103604259122e+00 -3.080355409818746892e-02
2.990511189263296732e+00 9.470166921000733318e-01 9.080878728951206069e-01
-4.510946919421772727e-01 4.291304544596520332e-01 -4.325445572744713307e-01
4.481427241135538253e-03 -1.223119368539340002e+00 -2.579796892042854894e-01
-2.118227519549523707e-01 -1.020146678728026890e+00 7.680295034893445116e-01
1.665619297177874381e-01 3.216493605338082151e-01 -4.918851568758207948e-01
-1.246012947665504189e+00 8.955564780446991779e-01 -1.891602840213040704e+00
2.830296538894654379e-01 -1.930033105861933551e+00 -5.723965678082124642e-01
-8.217454296406594416e-01 -1.033756290616686613e+00 -6.489340224353783437e-01
1.863059674586504677e-01 1.703163613969257417e-01 -3.107130834156891508e-01
7.533009648925860224e-01 -5.678226620229036570e-01 4.013084934148711258e-01
-1.416132488699639591e-01 -1.521011183434068270e+00 -7.393143763780571920e-01
-2.809782420450671614e-01 -7.269281100051985245e-01 2.678214496765962682e-02
-5.332919670872917628e-01 -3.031531658446109390e-01 -5.366121815926543359e-01
-1.005435777816451104e+00 -8.987643182798075170e-01 9.585661426874092506e-01
6.620924113635119346e-01 1.769512546316525547e+00 7.985039413642593953e-01
-1.119573649937665838e+00 -7.478887568107330797e-01 -4.378375689755543698e-01
-1.936362793995478615e+00 9.588096895074476045e-01 -5.616428512193375466e-01
-4.563395740801355904e-01 -1.585457742155275129e-01 -1.170379079469034966e+00
5.907206491263433668e-01 -7.583005221041521082e-01 2.856900399457994455e-01
6.467613261991098650e-01 4.895055616019216016e-01 1.211155181829316030e+00
-3.812872753609010124e-01 2.261014408843821322e+00 -1.114056377710529677e+00
-9.046711945699614787e-01 3.424520851732794080e-01 -8.221291201848792696e-01
-7.311216896043593039e-02 -1.384798188763713966e-01 -1.649432796478645713e+00
-1.066615138539446450e+00 1.225724922791471272e+00 -4.217287949588596208e-01
-4.295272734741567011e-01 -1.191162272091101260e+00 -1.971761944482989026e+00
-2.146599022236751253e+00 -7.506937468320287188e-01 2.325078576388116547e-01
-7.255181810638835493e-01 -9.056208685317790330e-01 -1.486628286791098041e+00
-9.960321990299980666e-01 1.012070000532556469e+00 -1.872696514688744873e+00
-1.454426053291344445e+00 -8.662276581767726080e-01 -1.152572491387663822e+00
6.747134057603376700e-01 2.460523970972865460e-01 1.634850239933959282e-01
-1.024398795663179929e+00 2.685629508855384984e-01 1.419732718326346621e+00
-2.777124383078689585e-01 -1.306393807580165323e+00 -9.444536032559227579e-01
-1.534148760373845732e+00 -9.745667798218963229e-01 6.902917370121852692e-01
1.558141552788976369e+00 1.793211719800182680e+00 9.614734739104151551e-01
9.613966212526534605e-01 1.342802819682957338e+00 7.610588730431927518e-01
-1.491340305586783543e-01 -6.120778695664075286e-02 1.755067912569252320e+00
-8.788184503834244321e-01 -3.360589133716942456e-01 1.123062184810688535e+00
-1.375290450848486890e+00 9.424089445599899140e-01 -9.810440699136011578e-01
3.466354689535077194e-01 6.421683198545571347e-01 -5.503098963887409489e-02
2.356424040010911547e-01 -2.523459897576743050e-01 5.106426971627783251e-01
1.446306726625115946e+00 -2.453372855768273242e-01 -1.183663310985530348e+00
-1.862338511840063493e+00 1.147081354729879710e-01 1.367347808408311272e-01
-1.307672935171687367e+00 1.747813485029828140e+00 7.183364096764751627e-01
4.006281308857091439e-01 1.710473029384627974e+00 -1.035612327986330738e+00
-2.144545008622719351e+00 5.544355445804427518e-01 3.801974009019380984e-01
-1.701560653923082533e+00 -1.445796649598348083e+00 7.615376567799990726e-01
1.812802467880806123e+00 -8.478977936968962181e-02 -9.127066222265366457e-01
1.883468995399258494e+00 1.655718757903353211e+00 -4.381114069501288455e-01
-1.654668284717847326e+00 -1.382512747232526484e+00 2.256486352037442300e-01
-6.229822502830411057e-01 1.502743733630911072e+00 -7.085835333166901062e-02
1.867988545207816653e+00 8.677370562090689354e-01 2.937946615899960090e-01
1.431079109816229655e+00 -1.236570044949456770e+00 1.652311757160222161e+00
7.603479230729517369e-01 1.634241027085723275e+00 -2.535233437571552173e+00
-6.145644304493920185e-01 2.901669880569529347e+00 4.462530265965442000e-01
-1.848484919282671335e-01 1.226986121137662700e+00 -1.247622459555941310e+00
8.488710468163762624e-01 1.590791854350211532e+00 -3.319328833808665724e-02
4.381835886429717997e-01 4.180947585213800055e-01 6.113327372314125707e-01
2.393728316341552365e-01 -8.992900166098727333e-01 -1.019571583117960589e+00
1.515726220149091086e+00 1.867566723099227666e+00 2.372923522226565218e+00
-7.678315031551947722e-01 7.930133157629593033e-02 5.587506035398126514e-01
1.426515334898094123e+00 -2.661657612040187471e-01 -1.467595650614514025e+00
4.416779240085377256e-01 1.485720963327151534e+00 -4.357189793781399700e-01
-2.235957971294966207e-01 9.781955642536934725e-01 4.870477104561103943e-01
2.074200858578991280e+00 1.560072527145108801e-01 -5.063654928817169498e-01
5.892235882967733485e-02 6.633706421281091448e-01 4.494857256013357061e-01
6.692613156691322729e-01 1.152111623307965349e+00 -7.512269109525329114e-01
-1.896085916634763002e+00 -1.271984775320237349e+00 -8.390417869976491971e-01
9.077484972394138651e-01 2.736419739098990833e-01 -3.867737091052813048e-01
1.513843452919574784e+00 1.233088309853624387e-01 -3.590557265521781005e-01
2.834665200353850834e-01 -2.527835635569980477e-02 -2.290547273118775262e+00
7.678303862927522427e-01 8.242751143660007607e-01 3.672364043170552428e+00
-6.962850624992746873e-01 -7.163318848868773792e-01 5.911103731304270248e-01
-5.098099151260997441e-01 2.784176864472395208e-01 -1.245697951381926405e+00
-7.722510678297234143e-01 2.536594034941578313e-01 -9.270494468060863635e-01
-8.384940913025282772e-01 1.008092662243601945e+00 -9.591557735503704052e-01
-4.289088157088938313e-01 3.730701072111088923e-01 1.255883769513215675e+00
4.703459767001945124e-01 1.158061038187151670e+00 -6.738726226409796904e-01
5.398085714124210011e-01 1.040000321952929241e+00 2.212308402915291072e+00
-7.697866692216359663e-02 3.856432015308713934e-01 1.773199193843106425e+00
-4.628721761580132377e-01 3.388155701726821567e-01 2.038395589142920183e+00
-3.925121924920646488e-01 -1.430656547292814551e-01 2.280683278561103089e-01
-2.493342086749292363e+00 1.383053128816100763e+00 -2.368894456060213760e-01
3.143321454125105330e-01 -9.622490784148923781e-01 -8.300404672315762067e-01
-7.499940981242860794e-01 -1.061708457666754146e+00 1.395085188278936794e+00
-9.264264798348407215e-01 -6.641777605317916722e-01 -1.112604537436526098e+00
1.918566443042182268e+00 2.297507266112430280e+00 2.845478346173445638e-01
1.046206969836440237e+00 5.299542945387158976e-01 9.025756358248535616e-01
-5.516980724617004395e-02 -2.088787337230107788e+00 3.887067837561664074e-02
-2.732036572570542887e+00 -1.014254204867733433e+00 1.073914482835099937e-01
1.269651413859306910e+00 1.562955455790855375e+00 -2.548443481814228750e-01
1.360993323366661567e+00 -7.807959446492105382e-01 -1.933696994611765918e+00
-1.949922854252813531e-01 -4.852999804558609798e-01 1.726003365959805524e+00
1.646224912832551235e+00 5.788495729782106025e-01 -9.398264440069747927e-01
3.156360289683668441e-02 -1.724675109426115460e+00 -3.147834935301244474e+00
1.761183888600936776e-01 2.568252959029354576e-01 1.356551760223937420e+00
4.148876736448134372e-01 1.623621464686146654e+00 -2.432208749682750470e-01
1.179877092200799948e+00 -2.418297769989493085e-01 -1.457417886649730487e+00
-5.027234484237200762e-01 -7.447002799978829080e-01 -6.636679680354756750e-01
-7.415827406772388386e-01 -1.025011882695686660e+00 -6.706335829674547888e-02
8.364162828293726371e-01 -1.419958797307993681e+00 -2.897358989269495089e-01
-4.341754104950259485e-01 -9.569839652751013226e-01 -8.032755590885581887e-02
1.594420006062745587e-01 -2.011592062684767868e+00 -8.134369389209410439e-01
-7.497333660342256900e-01 8.535050893733342470e-02 -7.237992718220634947e-01
-2.170188112529288560e+00 -1.797202303680387470e+00 -4.982692361863692576e-01
-1.320590635695659376e+00 7.005319996131147420e-01 6.305937608858740440e-01
3.315789941284307818e-01 1.553538384367327163e+00 1.128330652584618177e-01
4.869509027239004584e-01 1.232450439633770989e+00 1.393427112008070456e-01
-6.744791953002515772e-01 2.401305371234627728e+00 6.802775117178325726e-01
5.149921335363536468e-01 7.042728480248583445e-02 -8.788774805126300382e-01
-7.723898025323934213e-01 1.365727732152090201e+00 -8.111245539933029658e-01
-5.216498869077561551e-01 1.422370147699901555e+00 -6.371934807556118852e-01
-1.665486679601469344e+00 1.712032738800123077e+00 -1.799877154240080879e+00
-1.284920795014190986e+00 -1.727010689184218073e+00 1.353065737394523627e+00
-8.943704380317152314e-01 9.584404318987826965e-01 -3.332935215590624445e-01
-1.235095258895250403e+00 -9.182266304350830133e-01 -1.820025457913179157e+00
5.180296398537964642e-01 1.535497669394253029e+00 7.931945149399807216e-01
1.178645684337327637e+00 -3.362451145742725300e-01 1.989419073899518109e+00
2.028138385300199076e+00 1.199612633740743117e+00 1.087829087177006215e+00
1.773510556370405000e+00 5.668843226744524344e-01 1.224036209326027969e+00
-1.725160351610567133e+00 -1.516649717614254378e+00 5.418177052982123820e-01
2.573719809266979963e-01 3.535149968519143426e-01 8.772339648759701625e-01
8.647439201985234192e-01 -4.474771349966732981e-01 -9.180891229644734253e-01
4.922114852908378024e-01 -9.529142660045117896e-01 -2.509977135593248310e+00
-2.213510696004139522e+00 -7.847640151522494723e-01 -2.727218432636200340e-01
1.535199375656159493e+00 6.132604177869456219e-01 2.095842363960973564e-01
-8.462226225311544336e-01 2.932358838250486599e+00 1.807333577261226232e+00
1.203636721304172652e-01 6.072537455308540943e-02 1.770661478148279233e+00
1.081893128427285244e+00 2.826387498212123539e+00 1.438823479079739398e+00
8.544867033321249528e-01 1.903263870079705322e+00 4.379030325947349533e-01
1.591853231136886038e-02 6.083619864670848365e-01 4.671955780240751865e-01
-4.378013373800589969e-01 2.752686389922468280e+00 -8.712923887741697015e-02
1.929054870820252621e-01 -3.774650782181472319e-01 1.020850982376054095e+00
1.417782703811510281e+00 2.348174461086449116e-01 1.746435357266381549e-01
-1.919876627879779640e-01 -7.358818588433257979e-01 2.938921965930170632e+00
-2.576819707176848384e-01 1.244936744334195877e+00 -1.725361551644121194e-01
2.015770161984498543e+00 -9.219747501863941874e-01 -1.366573647697580940e-01
-1.143383115141034523e+00 -4.221108968723740751e-01 -1.125950917115366323e+00
2.062020699655914280e-02 2.112310707298580503e+00 1.018610183000973057e-01
6.882921660543654951e-01 7.524888111026244442e-01 1.200212930263967914e+00
-8.864722842182843898e-01 2.254065650249710728e+00 4.885133682523793985e-01
7.420550338273360635e-01 3.169683151702823443e-02 1.300032505901968172e+00
-1.290622595659205896e+00 -1.905474875568188509e+00 6.686956719739745036e-01
-6.121122604286847180e-01 -5.433348375821283049e-01 8.342937767706857244e-01
3.410920564519821507e-01 1.494970937482724249e+00 6.744554106898864587e-02
-6.816346805890765026e-01 -1.246533690995367816e-01 2.679461099978610594e-01
-1.099008574961225060e+00 1.436809783364632054e+00 3.224528073410114493e-01
2.995253716343421191e-01 3.653435539169681556e-01 2.895677582391379401e-01
-1.702685254906581847e-01 1.110943318550378311e+00 1.319684833102946264e+00
9.869584628511740565e-01 -2.278731967526915980e+00 -8.529221240052050623e-01
1.330144361003497311e+00 5.040859959293716441e-01 1.090399631105830380e+00
-2.042573069394951979e+00 -9.080905201617740508e-01 1.166676879138406342e+00
-2.694657229851331603e-01 -1.545868290065779638e+00 -7.212019909331649492e-01
4.820269491206374268e-01 7.595808957299682307e-02 -5.014812447247831706e-01
-7.961656359439139852e-01 4.284706011794061631e-01 -9.147896921313742880e-01
5.236198738961594934e-01 5.174744165142086683e-02 -8.878249977540233484e-01
-1.150218813307788968e-01 -2.472558916421054853e+00 -1.640761785365363545e+00
-1.351305854083661329e+00 -2.218136305866187818e+00 2.814250099790939208e-01
-1.809280897884491646e+00 -6.315936907971307912e-01 -1.125508043438370187e+00
-5.501609593330145653e-01 -2.700068929604150014e+00 -5.934845726777053798e-01
2.218988965166433847e+00 1.866982624436568594e+00 3.574194009035639219e+00
1.907383551139997802e-01 1.186433854982052782e+00 1.436862650487794379e+00
-1.680509245731892642e-02 1.367682202823312654e-01 -1.054270506422181786e+00
-1.602581402284557033e+00 2.657327263759373892e+00 -3.616918534071870139e-01
-9.054875684722448748e-01 -5.412583312639533961e-01 4.005829725899323623e-02
2.284711500085824465e+00 2.212433999518682581e-01 7.207222778456041645e-01
7.700349471475110841e-01 2.835082868767838438e+00 -6.024102065554806096e-01
7.761327601391718733e-01 -7.989416922873291416e-01 -1.668896962984668386e-01
7.337541553903031977e-01 -6.276650979971432065e-03 1.358286807467881996e+00
-1.840208646504722934e-01 -9.790807758664239469e-01 -1.127482429097095284e+00
-5.801270221785679304e-01 9.565924102932648054e-01 2.110116050602744431e-01
-6.251558135888232171e-01 2.149035857664399751e-01 -4.804875302276068183e-02
1.696670442031055881e+00 7.312955827637790396e-01 5.653203957649306499e-01
-1.294468626862103733e+00 3.563526197156332564e-01 -4.034007431357691797e-01
2.729634938389410292e-01 -2.938304609012747814e+00 1.728577853289714472e-01
-1.559382784594928850e+00 5.235472626373278704e-01 7.852871018763485367e-01
-7.740152822581117809e-01 -3.040429764737790919e-01 -1.256863641933176456e+00
-2.302355336150238574e-01 -1.223115606387772947e-01 -5.701102512712801218e-01
-1.227542683918131372e-01 5.469628305271503343e-01 -5.666037463984665568e-01
3.784830851204048496e-01 -3.851665987605212838e-01 -4.543332659334363144e-01
-1.477619011611646105e-01 4.484252938275504752e-01 -1.694524693905872681e+00
-4.388851021805112440e-02 -3.882700278248408798e-01 -1.759128882195988064e+00
-3.165692482900527849e-01 -1.190769179373099229e+00 -2.561654773826359532e-01
1.076792424977588869e+00 1.690357095641298546e+00 1.957643250045275396e+00
6.305845259369280420e-02 -1.394876774658134533e+00 -2.435040773141585291e+00
-2.840291135845531834e-01 1.285222413480703763e+00 -3.617611605780746142e-02
-4.765170404903575907e-01 1.184523667168534411e+00 -1.003118689939451968e+00
-2.810442516666803447e-01 -1.164171320274867139e+00 -9.554030987964531318e-01
1.268322933026483357e+00 -1.651571276425623402e+00 8.381146632721152567e-01
2.346789214708939753e-01 -1.155199652509208752e+00 1.377202581901660006e+00
-2.069182924530147405e-01 2.365656750915414719e+00 2.607286008633033170e+00
3.478566404812368784e-01 -1.500845569599642548e+00 1.070105956892775101e-02
1.431354187394185740e+00 7.366121356961070621e-01 -3.813523274906658322e-01
8.728285210721006271e-01 2.483081363663781072e-01 -8.279331671066592069e-01
-3.856019438765067031e-01 7.270999641220277088e-01 8.904913003290968465e-01
-9.615190797800352573e-01 -3.069766061337939056e-01 -4.856944210340221613e-01
6.720343811519940980e-02 -4.092434294133941997e-01 2.565758862020528941e+00
1.270746865091628264e+00 -7.515340581127188946e-01 1.011975598363184403e+00
-5.088390835533470602e-01 -9.939562408772362190e-03 -5.678008990504666009e-01
8.478796912550707887e-01 2.808014132463543255e-01 4.138230528963925403e-01
-8.603857620348981383e-01 8.141080978013772729e-01 4.854772281349185592e-01
-3.750743709946118276e-01 -6.796730678905673617e-01 2.948914698857735273e-01
1.282649122221450444e+00 1.155784791472561412e+00 7.336574241289326448e-01
-2.239269597238041420e+00 7.011289823715021186e-01 -9.405067624028906614e-01
6.927005758956152892e-01 1.081851773733661926e+00 8.379772088131769436e-01
3.173306384668146407e-01 1.382544591842654658e+00 -1.311415836468142748e-01
-1.280637651611587380e+00 -9.778611553003513368e-01 -2.182695120309600667e-01
1.409417806371325854e-01 1.903763012032918533e-01 -9.662181236748434987e-01
4.623559916456654317e-01 7.310544213237021305e-01 2.840313475596251358e+00
-4.829481154793374142e-01 -1.295490492114074632e+00 9.428667423211645193e-01
-1.012948221052105691e+00 -1.544882742663903907e-01 1.127863954064107110e+00
9.371963136544924078e-01 7.739795874406396603e-01 5.476040948427326471e-01
-6.830291000862566131e-01 3.578205513189361975e-01 -1.106694664147317431e-02
3.821738355766790551e-02 -1.215240990715675373e+00 -1.064841416533894414e+00
-8.909980343205137210e-02 -2.282129676359069492e+00 -4.405789615139837911e-02
-1.220203273702646918e-02 5.171141007709396664e-01 -1.017756716827019181e+00
1.452370436738540604e+00 1.198990714996742479e+00 -6.932813670140771656e-01
-6.798508036001462695e-01 -1.301854254439083203e+00 2.255783051341850864e-01
1.810169516549947177e+00 2.089803360890808204e+00 -4.871565772517059134e-01
5.273402589391612549e-01 7.951965871561285093e-01 1.068516587422948083e+00
7.659704169111735128e-01 -5.428235033375203855e-01 3.310083114900113088e-01
1.053043541317760123e+00 8.459977779768002026e-01 -8.566591422385847476e-01
2.933341303406927114e+00 1.409262517827444272e-01 2.055670200676964932e+00
6.364786374158662996e-01 -4.507926855997331783e-01 1.360877146400324422e-02
1.011330351061410004e+00 1.017685802943919082e+00 2.004330539623754959e+00
-1.331580890568754061e+00 -1.267300583401172354e+00 -1.151724023992702683e+00
-1.062488276371695406e+00 9.781848277267024550e-01 1.036632424524757123e-01
4.009613751466112319e-01 -1.863456591046241728e+00 -2.268456501717059481e+00
1.358420798999362633e+00 1.020210779820039049e+00 9.666988950935300196e-01
-2.617792685587754242e-01 6.236528580945861489e-01 -8.898581049436120605e-01
1.404731146651421625e+00 1.628180356733323286e+00 9.359599477671722845e-01
-4.147238048098212948e-01 6.398243519286594960e-01 -2.482782844995677252e+00
2.313016493580562383e+00 -1.983951689935861129e-01 1.030338694554930434e+00
-8.006150683668658008e-01 2.626656429690814587e+00 4.837574973944950285e-01
6.880833442368170516e-01 1.769668848751290602e+00 -9.706217273283712643e-01
3.923464335781286505e-01 3.255587769248457497e-01 -5.770842179985908871e-01
-9.156845248440925733e-02 2.516251580793721354e-01 -1.602944612563435456e+00
-6.255936043401604252e-01 8.149014440783564073e-01 -1.886720747626222217e+00
-7.459162224884631209e-01 -1.126460798736073077e+00 -1.035856882282976343e+00
-6.373083594276623964e-02 4.505902510060497690e-01 -2.284938268237895365e+00
-9.789427222914788285e-01 -5.500887230730239219e-01 -1.062123335937443347e+00
1.895807270414050283e+00 -3.062628668071498694e-02 -1.623254871181780690e+00
6.942370050785615643e-01 8.954901809703359472e-01 4.482826946948321734e-01
-1.336863435084615803e+00 1.467554175204723865e+00 1.769358421320299968e+00
-2.148669577538316888e-01 -4.604470310196197569e-01 -8.894368714154692324e-01
4.287053675653940132e-01 9.541356172336463715e-01 -1.631790628216150285e+00
1.076614515942930783e+00 4.366034231191384674e-02 -2.307563043013750592e-01
-1.284728130039471061e+00 -1.543207924998165170e+00 -1.332628132323589121e+00
2.165123915260919407e+00 9.326015248009680292e-01 1.314755258453631726e+00
-9.374474297634074471e-01 -1.333302193699642757e+00 -1.952480907515792063e+00
1.356537728893225658e+00 -2.790226733772792622e-01 5.090022423843929555e-01
9.537570883760588814e-01 1.600693580460253118e+00 -6.433152205605032758e-01
2.750380890782042176e+00 -1.006851685779863725e-02 4.802610072816472231e-01
-1.666916135123408083e+00 -1.832516707199255412e-02 2.805043198248036163e-01
-1.983682396421808658e-01 -3.236358232378234723e-01 -6.699559509383901101e-02
-1.106818490311267666e-02 1.905257359511278725e+00 1.668434145846526828e+00
-1.063138147639898445e+00 -3.039469589554206763e-01 -9.006032273271842303e-01
1.584308576816431779e+00 -5.869109086236141692e-01 -9.505088244266726161e-01
-1.712756483661527884e+00 -2.714775331644019296e-01 -6.040137700562420164e-01
3.231505649683723558e-01 5.437031497330242491e-01 -1.389248873784681315e+00
-1.170198412318126380e+00 1.280874428858053138e-01 7.035441411402145739e-01
1.800042048663898386e+00 8.802336357816357149e-01 8.032014231371158441e-01
-1.146357085829402545e-01 -1.210192261667174751e+00 6.127217674935692138e-01
-7.397392343402087178e-01 4.682673810385393209e-01 1.542043643604846581e+00
-8.169850491489671906e-01 4.221997269413029219e-01 6.144191017153866063e-01
1.230710036271725372e+00 1.454892565928624482e+00 8.969160247061722657e-01
-2.987510183687036580e-02 -1.395523718442825079e+00 8.817079311354087956e-01
-6.773474267387020742e-01 1.837544215081826193e+00 -2.704473136962783908e-01
2.116914855384107064e+00 5.789296875050392588e-02 4.041842251292731003e-01
1.346888582793728917e+00 1.224412178991403088e-01 -1.741576704459212532e+00
-2.961012787878869457e-01 1.026818002266931984e+00 -2.634122362498708458e+00
-4.679688302044735515e-01 -1.068284355220296966e+00 -8.137251397573065370e-01
1.000086170623135651e-01 -1.483849245603267697e+00 -2.082775881615115843e+00
-2.094853090261704631e-01 -1.716915612575133698e+00 7.806488953537824571e-01
7.189951981656605984e-01 6.598518497210198452e-01 1.777854152809836386e+00
3.577626867711177772e-01 1.668845503673872521e-01 -1.838219951591764545e+00
5.214629396774675962e-01 -1.433836119063307546e-01 1.717335915631205578e+00
2.910708977550050536e-01 2.628001124987459303e+00 -6.382488754949997567e-01
-1.408341179036236568e+00 -7.833350402103635979e-01 1.698844836246484746e-01
-4.036132678068223845e-01 -2.635828945444414373e+00 1.899998444863768121e+00
-8.129513405465038645e-02 7.269711070092590433e-01 -5.536987899489751452e-01
-3.531990593176157489e-01 -5.056853992786011220e-01 5.202552255340653353e-02
-9.343584988599872299e-01 -8.041504292525460951e-01 -1.637500393331891679e+00
4.849842580374555401e-01 -1.433544167566415339e+00 1.703602640531163281e+00
2.026552260684307161e+00 -3.197475318899213326e-01 1.612242196284622064e+00
2.344624335851646091e-01 -1.112708894201370757e-01 1.111909256685682745e+00
9.436254372613737118e-01 -2.243568230938109975e-01 4.295878760923573791e-01
3.587532408377214765e-01 7.629505483282970069e-01 4.438566924334236830e-01
-2.465226449435514722e-01 -1.942467894278449680e+00 1.502279956249516157e+00
-3.714706719536619017e-01 -2.277309900724707958e+00 -3.446465870627805073e-01
-4.849887689407768043e-01 1.579683909542505038e+00 1.147433717074440640e+00
-1.840425154717555856e+00 -3.533612904445482261e-01 2.706879866529369183e-01
-3.293104512150091256e-01 -2.831804943270899155e-01 -2.296243317721266552e-01
-1.965254233857656629e+00 -1.539791167409040762e+00 -1.021611450332224003e+00
1.119146060521423180e+00 2.039513310075784958e+00 1.000234764766650408e-01
9.269852877487956277e-01 1.065523152848154353e+00 -6.917300293716208692e-01
-6.010639507158055395e-01 4.953250795070988088e-01 1.127334219155870509e-01
-7.643835267488613416e-01 -2.912439582492845069e+00 -8.443291700748880579e-01
-2.485566835308553602e-01 1.677515829487508103e-01 -9.022492685239308363e-01
-4.511380014090016211e-04 -1.981621766830999665e+00 -8.999072500838711797e-01
-4.294253973043852257e-01 9.985724371826147916e-01 -4.809060897798322909e-01
-5.103077857747972956e-01 1.347701459481916997e+00 1.048036919870518169e+00
2.699686147167155603e+00 4.254357676233135321e-01 -1.018047256969002445e-01
-1.865158873022270125e-01 -2.069500288350714645e-01 -1.980971518097558448e-01
1.231083024417983340e+00 1.184180813013849254e-01 -5.599116942445983014e-01
-3.010037073916407291e-01 8.027296442509175289e-01 -1.276268746395049503e-01
-1.811342596412978345e+00 -1.142778305763925140e+00 -2.795904448825873301e-01
-1.308225258224392729e+00 -2.452070827456070301e+00 -1.339163361240831129e+00
6.687550505216949270e-02 8.507728967726742031e-01 1.655358008614529752e-01
-7.380579605748653904e-01 5.725738999988132516e-01 1.408953133128335589e-01
1.823016212265514691e-01 9.046947950771081493e-01 -1.473438206960652197e-01
1.277945310784538435e-01 -1.337533021432832037e+00 -1.328321987580566521e+00
-1.697999480560322016e+00 1.420390851236854601e-01 8.295069608914867887e-02
-2.815815850744790572e-01 1.919564850123824273e+00 1.001950787670879972e+00
-2.759707455647428365e+00 -9.430409949732359021e-01 -5.225588936196153833e-01
-1.023195142988287065e+00 3.833541259981443350e-01 -4.910038477453380068e-01
1.516541843650956789e+00 2.720290718661851903e-01 1.527231486960400897e-01
6.877396829429431868e-01 -4.868953161129203622e-01 1.123859688763618081e+00
3.454543871428408797e-01 -4.257956091579897517e-01 1.049732094107013736e-01
-4.740498467337136423e-01 -6.985235298014558225e-02 9.907319786179689114e-01
1.206707163418402340e+00 9.767426532544992712e-01 -1.434310808022511985e-01
-4.755244530008195802e-03 4.794401013514714704e-01 -7.785453712472247823e-01
-5.673047863074378583e-01 1.914639611039087752e+00 7.950516688924360587e-01
1.120000875623190950e+00 1.787203991697025707e+00 -8.331302611111106593e-01
-5.062805681487748677e-01 5.015955871333730443e-01 -1.579530131336307486e+00
-1.128131432115254462e+00 -1.243964287262877999e+00 -1.545962959982547513e+00
3.098526699297724729e+00 -9.510827204743099728e-02 -5.308630709214001708e-01
-5.129161261006631722e-01 -5.395254544549983322e-01 -1.097680589731733214e+00
1.508906950294942373e+00 1.390472404489655922e+00 2.517240762709182178e+00
1.083336686444270835e+00 1.809127973675572987e+00 1.320261640072052822e+00
9.101573610238830048e-01 2.133868084464488390e+00 4.424896315040084405e-01
4.066581569514741701e-01 -3.447277821205354531e-01 8.060364887483346674e-01
-9.874606127695317870e-02 5.149710571117549485e-02 -7.171059910008404925e-01
-2.556203613020390786e-01 -3.500348597532716433e-01 -7.003708071628966803e-02
-1.173390355738373136e+00 -1.307693346222718489e+00 -5.533213023508573025e-01
3.779194298314971778e-01 2.195186618018283298e-01 -1.120784322792689469e+00
7.394088617274909847e-01 -1.311799933987491951e+00 -4.821871558555095305e-01
2.188870268351937654e+00 5.197690311749181280e-01 -7.751756888622107766e-01
-6.175536361693225729e-01 5.108819855890993633e-01 8.298407041773965265e-01
2.401380972661598667e-02 1.896547266268741039e-01 1.187514958955693256e+00
-2.137840034172735493e+00 -7.506202764940200778e-02 -5.074057359357692087e-01
4.042536996738836930e-01 -5.029736984331980576e-01 2.568391935651820113e+00
3.723198173431202518e-01 4.771150074769574534e-01 3.151738421405757329e+00
-2.248840525597350926e-01 -6.527921644055736383e-01 1.477453055352285993e+00
3.004568467556080202e-01 7.577262448238909487e-01 -6.918382028735996503e-01
9.378298795519246500e-01 -9.135869868529227222e-01 -6.709608700945587367e-01
-1.175569332388869848e+00 9.258210072973134253e-01 1.053091287770213658e-02
-4.989470474112680520e-01 -1.739814289789129997e+00 6.682860403297647967e-01
-1.823539760098644269e+00 -1.181085834205560792e+00 4.521658081555838260e-01
5.933333096522847017e-01 2.174748643562995909e-02 -1.271097568903118979e-01
-1.806166274723322918e+00 3.933893288496864704e-01 -1.266702301531760000e+00
-3.514860148715942545e-01 1.351150089156641476e+00 1.269733420462797469e+00
-6.558336851865861350e-01 1.466972382343855186e+00 -2.078075414816373367e+00
-1.402277690658149112e+00 -1.460243826484961538e+00 -7.065527665709568916e-01
1.169261408898282895e+00 -5.558214821955040907e-01 -4.150183908032540891e-01
1.901083796413075344e+00 4.091776222629643356e-01 7.876910438213163834e-02
1.717522396043087429e+00 1.618604718659907293e+00 1.651057985847042442e+00
-5.919317137305751819e-01 -1.347973571682081761e+00 1.017228192625407868e+00
1.266843061886121502e-01 1.681005555377738103e-01 1.881676923936828061e+00
-1.563347128713179268e+00 -1.779150658514858652e+00 -1.773924106332302575e+00
4.271390861553838736e-01 3.490587429054332613e-01 8.526059156588420285e-01
1.218158391757553360e-01 -1.423365193769436932e-01 6.864296619711038883e-01
3.297168681010000935e-01 -1.522958250057726559e+00 -5.445922419064007647e-01
-4.115490156512364717e-01 5.614167787680421906e-01 3.313337584048767770e-01
8.951907363356159664e-01 -4.555781990611724730e-01 -3.526058598622081597e-01
-1.574141130424925317e-01 6.960119499647734465e-01 -1.117451498784554964e+00
-1.217412621693305219e+00 -1.230343719195034602e+00 -1.086993750888949783e+00
6.033301735214596784e-01 8.963240554236105995e-01 1.285859914202681864e+00
1.185692616539839594e+00 -9.966121437592911914e-01 -9.828483744273179834e-01
1.671981344887868648e+00 -6.312399274927915638e-01 -4.376112871933154347e-01
1.271881345744918956e+00 -5.111207281853427098e-01 9.636435726416225922e-01
5.638403891974808069e-02 1.821586809379178717e+00 -3.263272796145458843e-01
3.083906541816275881e-01 -8.859096787871751921e-01 -2.195774008896196339e-01
1.351988869388500270e+00 5.527804881382540891e-01 -8.236918860406872156e-01
1.637762348630565468e+00 1.776291393847058697e-01 1.026205380027076952e+00
-3.299318730912677022e-01 8.925546663242165391e-01 2.435909845025829301e-01
-8.316409552867278787e-01 -5.631586130882177965e-01 1.534212091660527522e+00
3.275279609687903326e-02 1.707339653368072918e-01 2.466307783692078814e-01
6.503162757814431316e-01 2.033557642814565747e-01 1.223386907630197973e+00
2.144168821040008388e-01 8.570814814485208100e-01 1.527264692894119147e+00
-8.644177288153864769e-01 1.473970513919214964e-01 -3.756828146649399125e-01
-5.316022367300802243e-01 8.272617855465802528e-01 -2.185921584756196800e+00
1.206557759966461640e+00 1.409860108796612277e+00 2.739265693230589438e+00
1.055040869410280191e+00 -2.329806866158529166e-01 8.986988681355406738e-01
1.471048279609498355e+00 6.944864919599976760e-01 4.685853384063585758e-01
6.793959596181972094e-01 -3.604152645325845450e-01 2.365991531003648340e-01
1.172382977332508958e-02 -6.943280173724608595e-01 1.112687370835283129e+00
1.601814963911090128e-01 6.969119819056310838e-01 9.622407354425732695e-01
8.673860895205462995e-01 1.968315928828141548e+00 6.981386789234241830e-01
8.797183774582282290e-01 4.168114272499441331e-01 1.705678481345142883e+00
6.925544862069490382e-01 1.086661887982476760e+00 -9.167132583890247322e-01
2.717684802451848514e-01 -2.191853638483678868e+00 -1.108881888123640191e+00
1.900059461019272256e+00 -9.625885090771677532e-01 1.018611550287991552e+00
1.579528196924923078e-01 -2.289692752376556228e+00 1.251723821209343779e+00
-1.849411954894199628e+00 -9.080444984687607857e-01 -5.953911595221234032e-01
-1.367755728561590223e+00 -1.326041063870616821e+00 -4.134309175196708153e-01
-5.575048576232883857e-01 -9.480697705136944542e-01 -1.027118260578805842e+00
2.609717800186771575e-01 4.220031394815526582e-03 -7.072419705905548248e-01
2.143525376998491883e-01 5.173700977729894790e-01 -1.242520122610877298e-01
8.981867474491352921e-01 2.522422662843268437e+00 7.339365759379414822e-01
1.174253353594348459e+00 2.365847728488703616e-01 6.897532351729860345e-01
1.156783441835740556e+00 1.944920323290478259e-01 1.745598084275334916e-01
-5.559200912447866960e-01 -3.666606671242619853e-01 1.873060911492899550e+00
-4.620103796499706039e-01 6.583517936049658736e-01 2.197197896804100381e+00
1.456196356441332496e+00 7.600251337040558886e-02 1.259298113759914628e+00
-2.354435356720747663e-01 1.904033224659755996e+00 1.818012424658149051e+00
1.497198096971573689e+00 9.681032210396116611e-01 3.568223087059763099e-01
7.769982373695750733e-01 8.396552644451373837e-01 4.141500133824392860e-01
-9.586064158660023704e-01 -5.969691166599160326e-01 -1.199492286335924973e+00
8.663530081818262563e-01 -8.132673471204543425e-02 -1.046026264983283660e+00
2.168866868649768964e+00 -2.171610509960676394e-01 -5.176169897458271496e-02
7.210567350303487277e-02 7.121209018950975800e-01 -7.837904231125045751e-01
1.486039337769063273e+00 -3.309429761329983344e-01 1.164813605791292783e+00
-4.215576123429893851e-01 1.109855761809739549e+00 1.642398107987476541e+00
2.835778190666377041e-01 6.186698187933633575e-01 -1.258700074287192994e+00
1.747504929393566719e+00 -6.592795733322482921e-01 4.163422263462953077e-01
1.708233414564553687e+00 -2.474844954302507505e-02 -8.258682993505944703e-01
-1.087106156143683444e+00 -5.106549891869400781e-01 3.041073918112444652e-01
-2.648740541251011216e-01 -4.888935050279342720e-01 2.024306157979639309e+00
3.590303535878485164e-01 1.235182377744919346e+00 1.144179958327043334e+00
2.110395991305092922e-01 -5.415468964511640504e-01 3.887754254345419103e-01
1.956841702522238213e+00 1.081556997362111971e+00 -4.937964224640132294e-01
1.866612885474683847e-01 3.293854096757289796e+00 2.895561039958801874e+00
-8.683463701730180784e-01 4.326114555862126121e-01 -6.881532017155399528e-01
-1.390262238158888941e+00 7.333416895503774846e-02 -1.658081269386267653e+00
1.338554473659604671e+00 1.552100731331157002e+00 -9.141974381096706903e-01
2.178844128703370409e+00 7.172924762030533641e-01 1.022022735195652121e+00
-1.322868364681884401e+00 1.827624727963964579e-01 -1.160645807089298653e+00
-8.553369855329560068e-01 -1.891759249203459392e+00 -2.211268522843415907e-01
-9.183763039725372224e-01 -1.455517548862313437e-01 1.002980614983266516e-01
2.750670000597768006e-01 2.579809466334097134e+00 -1.769208601651405477e+00
-3.142501289508420337e-01 -5.460461343405182966e-01 1.127976080771861511e+00
1.129320038756143063e+00 -6.681982005029057925e-01 -1.503197749059008270e+00
-2.774235582916240173e-01 5.959621316507286437e-01 6.432198612276784910e-01
2.229280689479717914e+00 -1.537218638932884573e+00 -8.332957839078014572e-01
6.307219565936104111e-01 -6.693430792724699430e-01 1.926518996540990125e+00
-6.534948453301696603e-01 -1.937982347550826767e-01 -9.748691095251899030e-02
-2.359314381117840198e-01 5.764186939015463196e-01 -2.176233908100046577e+00
2.957352496751699533e-01 -1.420525788366673758e+00 -1.255542662512953989e+00
9.840053035657880809e-01 5.308080700584331124e-01 1.219525162010639985e+00
6.256682707478766758e-02 -2.797480953883638932e+00 -9.534384090726848449e-01
-1.690774262071610190e+00 -9.821305128150972230e-01 5.627922004500474085e-02
1.515534264413106680e+00 5.318880590970695987e-01 8.635834576919736438e-01
1.134337767487185289e+00 1.602022904424541094e+00 -3.193550707562193391e+00
1.118566406008927538e+00 7.351128656231901148e-01 5.146772473467869924e-02
9.829735705666517998e-01 -3.049310565692664454e-01 -7.042980013786597215e-01
-5.302862397841098252e-01 8.505753841694758677e-01 -2.171167578920593755e+00
6.733552161292408744e-01 -3.681489321039345120e-01 2.468496008715712620e-01
-2.762455939043942710e+00 -1.689113787643259923e-01 -2.238049035457062352e+00
1.785549149403073965e-01 -3.197287471445962037e-01 -1.076922529111271176e+00
-1.030549471162817365e+00 4.129160410170706896e-02 -2.895618225157546188e+00
-5.104303477105553988e-02 -1.003337511950178618e+00 -7.301788331485176142e-02
2.216200002793724977e+00 1.713059520318356288e+00 -1.857855210743630803e-02
-1.566313437534539110e+00 -6.805531281872190252e-01 1.011908346224075217e-01
3.414276224402509330e-01 -6.058631793236957108e-03 -1.074290597398686042e-02
-1.620317921482755663e-01 1.110718035423247763e+00 1.843595522420235389e+00
8.533603388788595367e-01 -2.073970986091925539e+00 -6.476976164149699233e-01
9.580277900869826890e-01 -8.004638463356984479e-01 -2.290686964933644099e+00
-1.355873669982345486e+00 -3.472356434350213350e-01 -1.046684865808582110e+00
1.054145753115860451e+00 -2.481859139743075593e-02 -9.180356674041539877e-01
-1.655830018657049818e+00 -9.478936127253851929e-01 8.716943317171499395e-01
-2.844343367013186796e-01 8.705515952091038567e-01 2.248041313714160827e-01
-1.502180405269412988e+00 -6.960459871289941258e-01 6.341057622420820383e-02
1.097660249720854297e+00 -5.364492981712842834e-01 -1.275434802759759734e+00
1.992616003687466275e+00 1.136081127866876095e+00 1.897526019432080657e+00
7.796995737540630689e-01 3.382484919743937724e-01 7.704174263058845007e-01
-1.310729318610764249e+00 2.505843008006277461e+00 -1.931797952474293423e+00
1.885554144200844995e+00 -9.673351611816665141e-01 1.844058818869716676e+00
-1.491292857822517637e-01 9.238374041678210080e-02 -2.335169660536089986e-01
-1.297860088314191085e+00 3.473318617214975479e-01 -9.441598213913173776e-01
3.705210888524488877e-01 2.506159462712019281e-01 -2.110930246188678971e+00
4.143103240160445067e-01 -4.855648603902951166e-01 7.592429733570182915e-01
-1.491196473661667632e+00 2.743313278621795082e-02 3.332738374428061423e-01
1.063367062437569288e+00 -1.080386867201667656e+00 -1.616474727272307899e-01
-7.108270496862896248e-01 -1.841683083860783388e+00 1.446836227889749971e+00
-4.834955999213215172e-01 -4.860728928117398762e-01 -1.356248308883253095e+00
-1.278786895716500283e+00 1.215536824767274870e+00 -1.062440250870772651e+00
3.807463064283999055e-01 1.027569946775573007e+00 2.172868625410542265e+00
2.593015037970221037e-01 -9.977543873769667560e-01 9.666135066641952100e-01
4.955955944866238805e-01 8.168373347535264895e-01 -1.250380688345055447e+00
8.623837879001576834e-01 -7.944111964353133271e-01 -3.378581829034177364e-01
1.560998043287518122e+00 1.992507547999558537e-01 8.626321284123494859e-01
1.569472717521587457e+00 1.978045266393557711e-02 4.438915755457625845e-01
-2.903137138782252435e-01 -1.061072500769526306e+00 -3.970179514392416786e-01
-1.953845205565378107e+00 -1.890555904411725052e+00 -3.683987792725100796e-01
1.330927882200702572e-01 -4.501676320113581209e-01 2.021916653077799886e+00
3.771581058145434540e-01 1.410209720347295193e+00 1.684543185929276099e+00
-1.334056692114201415e+00 -5.031627152345021781e-01 -1.173555527471332960e+00
-3.681470503815298390e-02 -7.477348104263845663e-01 5.040143507358003649e-01
-8.524309010139645704e-01 2.281850477248090314e+00 5.089224383511432581e-01
1.599201712148167420e+00 3.271588258135239569e-01 -1.346037986370085093e+00
-1.805514224868879802e+00 1.108837941717421449e+00 -1.795541547954500494e+00
4.319206552850690661e-01 6.092207811455546684e-01 -2.171062715929712450e-01
-4.503946014411104315e-01 -1.140798745779352030e+00 -2.353341924389736328e-01
1.515918969694035834e+00 8.563283940038849407e-01 -1.261206944725172585e+00
-1.952254665052373772e+00 -1.683170767669709189e+00 1.748399534575860725e-01
9.845554197059633861e-01 -5.117906531456585251e-01 -1.716373387329041877e+00
-1.536898903765505087e-01 -1.210276986893989548e+00 -6.730616613390307812e-01
1.878259245584838366e+00 -1.175796925074938271e+00 7.174076350613831643e-01
-1.087925865071391884e-01 1.145300222374589172e+00 1.793768725531478259e+00
5.832440488950039192e-01 1.280215827536608231e+00 2.412065627387196542e+00
8.485071772415013758e-01 9.147563732663688274e-01 -9.419077481622522008e-01
-7.362774922982646686e-01 5.317704519763446491e-01 1.641668333666859159e+00
-1.738636168933324289e+00 -8.030270391640050853e-01 2.018529123524351654e+00
-6.992217039168791004e-02 3.178356174211762752e-01 2.011103842268708863e+00
2.763466993414731565e-03 2.828135573086759891e+00 6.338663271212108263e-01
-2.139733329967652420e-02 -1.707070637813171143e-01 1.264587465732704530e+00
2.561481375918862047e-01 -1.479533774686336844e-02 -2.980839521815447091e-01
5.992156692125452100e-01 1.590063148365596479e+00 -5.331149561812378312e-01
1.649439376135138913e+00 1.251027146685462332e+00 4.236365125469612747e-01
3.770480243192264602e-01 6.204649903285524015e-01 9.887115860829576164e-01
-3.351891788617461510e-01 1.156327938022723156e-01 -1.054427062228652012e+00
-5.443063483317591711e-01 -9.284743272706066364e-01 -1.476282707363233415e-01
3.544946023114967648e-01 -1.461311193416006571e+00 6.776226148736885779e-01
-1.471071777674071157e+00 1.401115403407393156e+00 2.008230613690296984e+00
7.496014296227598850e-01 1.475528131714999969e+00 3.099064802404006169e+00
1.135458715565667021e+00 1.842543047801998624e+00 -2.800950421800859624e-01
-1.310466614543408514e-01 3.737893583887786919e-01 -2.098419583009543565e+00
1.889770649247066503e+00 3.812433424585398578e-01 2.631575301346440465e+00
-1.298062071932406303e+00 1.337801264022600023e+00 1.240768570632169165e+00
-8.969235991871959968e-02 -6.097821527045785839e-01 -1.722684442737702160e+00
1.046357096040627876e+00 -3.861303743012591272e-01 -1.204587322760497958e+00
2.645235117341291797e+00 5.798076229675366289e-01 8.792986418907788870e-01
-3.131101973882803424e+00 -1.201826236620672450e+00 1.771654414339689065e+00
1.370524876542710935e+00 1.440982814955459768e+00 -2.953788343673164896e-01
7.179797411935970874e-01 -1.641528344118068583e+00 1.076841617426866904e+00
-1.892279976211085346e+00 -1.276487417227460508e+00 -1.991337421385129591e+00
-6.970376473787731619e-03 -6.323399450461475446e-01 3.335336828184914948e-01
-1.159734595970236537e-01 -2.118714927442149065e-01 1.572919284878297796e+00
6.514173216467660232e-01 -1.139875792550903544e+00 -7.706064260299154700e-01
7.101703649622755909e-01 1.300125902783340059e+00 1.256373928585892363e+00
-1.121102842860360216e+00 -5.387492623329075414e-01 3.016689519601267744e-02
-8.366603298143630019e-01 -2.775728962663129296e-01 1.699292415204990414e-01
-5.159832736899663264e-01 1.460074877327951715e+00 7.532866971192009320e-01
-5.260692101493374961e-02 -1.398343505889452665e+00 -2.537310946531353917e+00
-4.223996891646767948e-01 -1.214477508529285599e+00 -2.646877782048364658e-01
1.438916501201593423e+00 5.755153062254584340e-01 9.598043667740085994e-02
-1.427985244390729935e+00 -9.118892288334057294e-01 4.495605219962309773e-01
-7.532493606000800757e-01 4.798930795108569125e-02 -8.312123636052932696e-01
5.422019177152817004e-01 -1.685928193496951888e+00 -1.134802185304810251e+00
-2.118803261931265336e+00 4.872125652264848172e-01 1.857304778003608936e-01
-1.348700034682130067e+00 2.375206291687624871e-01 1.172457747103734516e+00
3.534392101849682444e+00 1.644982216736871727e+00 1.204202432525248279e+00
-3.085023108004004699e-01 2.403484390978506635e+00 1.612450272396355189e+00
-7.478834326421530676e-01 4.341820683323482921e-01 8.332960016499106892e-01
1.565926907305471349e+00 -1.436342946985881830e-01 -1.242513632533612356e+00
1.308992378785668542e+00 9.870899749434283166e-01 2.031683063888319207e+00
5.921868377269658978e-01 1.840627918364741156e-01 -5.834424255438233065e-01
1.872195038988485050e-01 1.376841763881768710e+00 2.477338781811498913e-01
2.269530310114969973e-01 -8.732544567782348777e-01 5.547809499005922351e-01
-1.948737880861047822e-01 5.349972790938366529e-01 2.205353150961652187e+00
-1.166461881590254768e+00 -6.109003076686527756e-01 -1.485444123497589253e+00
-1.365992900639976804e-01 -1.307434677544447643e+00 7.312609148603599341e-01
1.928849296229154131e+00 -7.170635750795550933e-01 9.467126467837745363e-01
1.290076428976829614e+00 -7.385567049916867965e-01 1.959510941195749201e+00
1.572396008686880453e-01 -2.115364005280812254e+00 -9.664652477234205730e-01
-2.567703583292904046e-01 -1.743316454106405011e-01 2.050543168106476744e-01
-3.060938468345718588e-01 -1.905896320330468408e+00 -7.172034222902146094e-01
4.257309735682650587e-01 1.748457395207305254e+00 -3.178048864851008570e-01
1.264026880069168413e-01 3.667771186704845698e-01 -8.872080222329943311e-01
1.247837316328062940e+00 4.259077948800831237e-01 1.127816327143433273e-01
7.530084107432053475e-01 5.151434525654294827e-01 -1.751976288659375047e+00
-5.998415025538101908e-01 -7.331924258646302928e-01 -9.818172240988336519e-01
-5.071808963643226198e-01 5.900193572074521331e-01 1.456275188503826090e-01
2.895689196055223347e-01 2.202608483262168626e+00 1.370378136485231657e+00
3.551577509735682758e-01 1.700965741109205398e+00 5.141896986810156056e-01
1.860071186167983281e+00 1.072844106342371706e+00 1.888032066082930394e+00
8.522187681287889394e-01 -1.300092062213763278e+00 5.871219124268201028e-02
-5.742642331189972138e-01 4.544543571118143666e-01 -4.438480715650853226e-01
6.011237091495534868e-01 -3.551843202109760123e-01 -1.656418878084525481e+00
6.162000540386942671e-01 -1.415882675449800621e+00 -5.542001194434740263e-01
7.460033610918188618e-01 3.854425023373954096e-01 -5.018209569315312812e-03
1.767721073757855255e+00 2.160708476140712708e+00 -3.117208164869971210e-01
-1.718002053771119364e-01 1.316171672790227287e+00 -6.996830566898309955e-01
3.645546386335984934e-01 2.887278885934780881e-01 1.298282289308264392e+00
-1.524958684132401432e+00 -1.574578621784003540e-01 2.987976189292682605e-01
-1.672667851593283350e+00 -1.213266351854339065e-01 4.367175777262646275e-01
-5.988160542397260588e-01 -1.361690082349660713e+00 -1.117919548498111038e+00
2.345629118731073603e+00 1.948682315506289342e-02 1.428107591213643390e+00
4.827982885163009108e-01 -3.340368065254841756e-01 4.939808275626086376e-01
3.434662563253805256e+00 -1.307392993801230752e-01 -6.791715430075149218e-01
-9.440559530940397792e-01 -1.074838933919440853e+00 -8.085625639900185790e-01
-4.631632827600107305e-02 5.393242492706159519e-01 6.885271178947599546e-01
-1.516867808786613425e+00 -2.736444232043195313e-01 4.364919505354769580e-01
8.202348090839468586e-01 2.096965484552018033e+00 1.080322611126344645e+00
1.322887758790664003e-01 -5.186512010422844599e-01 -1.832040928935741775e+00
-4.638993053595441562e-02 -1.902868956135006284e+00 -3.118026141435223941e-01
-2.657493667830694406e+00 -2.460781523127536730e+00 4.360291256362023304e-01
-5.851464027378117105e-02 -9.855299110560582498e-01 -1.454203094874800817e+00
-6.408162450748571271e-01 -5.388535386967948648e-01 -4.104025643721742611e-01
-1.238278269709155666e+00 3.478687060904039896e-02 -1.823250576887453844e+00
-3.286864383123466737e-01 1.578822920101949467e+00 -6.691265696925090545e-01
-3.185035299331647196e-01 -1.449811864469879197e+00 -5.731338828327710022e-01
-3.956355397701820653e-01 -2.231222333508332767e+00 4.124191077135952455e-01
-8.943181612363826360e-02 -7.215295597490006818e-01 1.301785943396610579e-01
9.625943696605718802e-01 -2.338407502391209203e+00 4.246845179191420794e-01
-1.925405029708137095e-01 4.684219360691110889e-02 -1.191850048803437812e+00
-6.270432622156432156e-01 1.098953195979192499e+00 -6.451526044214084266e-01
-7.500140277342086659e-01 -1.693867948059253337e+00 -1.290604491490256578e+00
-1.446868920331205288e+00 3.176677473622417480e+00 1.087543701213237846e+00
9.988522536336105206e-01 2.099984681868554692e-01 2.200024599066320530e+00
-8.718487837717424638e-01 -5.099985170739979035e-01 -1.714510009183038308e+00
-2.453511971519758195e+00 -1.266488280556455681e+00 -2.273462379687759771e+00
-7.532134003900760044e-01 -1.116139233106696604e+00 1.094436094720667496e+00
1.001571860401488046e+00 3.163902316512090529e-02 2.500243588702924846e+00
1.832969655453708935e-03 1.295856599042223944e+00 6.145564468022616245e-01
1.979605485543788901e-01 2.724107649409233112e-01 1.840926910230941349e+00
-1.059112122627892116e-02 -1.547945981497774293e+00 -7.396132740149985452e-02
6.132630836743111491e-01 -1.247181361989580406e+00 -1.005446304212287867e+00
-1.893159526144376326e+00 6.450253951446039968e-01 -1.500198910660460738e-01
-2.726956051944779968e-01 1.108211793392765099e+00 -3.955029489986660041e-01
-1.151879301045736437e+00 5.499594850135069990e-02 -1.371817528303320710e+00
-9.115998769763518084e-01 5.861247103356914678e-01 2.321558696064622840e+00
-1.256272472893726455e+00 3.851474624627758137e-01 1.331202343086318463e-02
2.603363113299244969e+00 2.787421816303281119e+00 1.061265667398880730e+00
-4.718654247984408467e-01 7.557940836941361429e-01 2.024077323837937037e+00
9.362895492375404860e-01 -4.596336564302512806e-01 -2.560277558895309724e-01
-1.199511551091181349e+00 1.345091040797180337e+00 -1.606787866992295699e+00
1.776821828751215859e+00 -4.721107598282645590e-01 2.025397709445689642e+00
1.498311410969105584e+00 9.009921283220455601e-01 8.701834725196764264e-01
-5.677698052936697160e-01 -2.484793276072024604e+00 1.227104350843338132e+00
3.179454770814507114e-01 6.157087039613776680e-01 5.133060365348711684e-01
-7.125952955221619423e-01 5.651785925377457165e-01 1.448330947940283053e+00
1.087809604811113218e+00 2.216702482263958052e-01 6.487136522520208226e-01
1.275984969474218689e+00 -4.906239079825522875e-01 -7.261318958880617069e-01
-5.553475059801638025e-03 3.920159935886081692e-01 1.829753404353576141e+00
1.052486115529439381e+00 -1.948017893082756302e+00 -1.605165410281147009e+00
-2.447950468689099601e-01 1.241947243711970517e-01 -8.326902313902394548e-01
-1.060300385409026713e+00 1.816611941328807767e+00 7.990474157727593951e-01
-1.241030498807002225e+00 -7.601781701047255480e-02 -1.178291356291069736e+00
1.230525727822304960e+00 7.040822023613420022e-01 -1.982869149676831921e-01
1.583158773715439338e+00 1.239238715670224700e+00 1.710017519083241178e+00
9.785333815075826225e-01 -6.158401034949136932e-01 9.528580308716292357e-01
-1.976042843560978923e-01 7.616194167889918099e-01 1.113044856796566062e+00
-5.226556468966918612e-01 1.308123107087420411e+00 -4.275936688900232596e-01
-1.942820040938669779e-01 -3.311863652520826151e-01 -1.321330180100417584e+00
-5.107528647686135903e-01 -3.154542182523670246e-01 2.430080618156781336e-01
6.124118965990743568e-03 -1.437653719236078320e-01 -6.384775330802012761e-01
-1.618149060188186494e-01 -2.357197745861665972e+00 5.140268013410398407e-01
-1.823284132716035399e-01 1.779838441444261399e-01 -8.575263511348177881e-01
2.543295133626585436e+00 -1.111542225885788326e+00 -3.221255833112582900e-01
7.799205585947484032e-01 -1.285294658591812134e+00 -1.553561051001871363e+00
-5.386183908981483359e-01 3.501996893298422453e-01 -4.136429584786063263e-01
3.786208506711793431e-01 1.001036934084151397e+00 -1.138256444627286035e+00
3.085374940623949458e-01 -4.080629324147674319e-01 -3.000934185032011481e-01
4.871754958137518021e-01 2.347455524854519471e+00 1.561560394228548310e-01
2.318035240438577560e+00 -3.737162739750313767e-01 1.533439876898034515e-01
-1.000233979115779492e+00 -4.725004785544575925e-01 -1.065699747457989233e+00
-1.411167155454494671e-01 -1.880924363517993969e+00 -1.840463721202577618e-01
1.176478004133750810e-01 -1.258549241963625054e+00 -2.005016045395978885e+00
-1.945725893677708207e+00 -9.883846866892826988e-01 -1.640765432396541712e+00
2.732112211918303890e-01 -1.100688498064291920e+00 -1.683827536730486685e+00
1.574553241750406674e+00 -3.283321296956243085e-02 2.607163349142584963e-01
3.694334546099208860e-01 6.486344207624864522e-01 6.212759510035902322e-01
-3.659852200298742142e-01 2.698311388527958155e+00 1.373044961184392676e+00
4.224137311848097376e-02 8.821211108608142393e-01 -8.342847690460662990e-01
-9.955702055098496484e-01 -1.145239513082897398e+00 1.222926693378643126e+00
9.699834535999611873e-01 5.682947353991495421e-01 1.333625832295268765e+00
3.527643637385563524e-01 9.996068005518854438e-02 6.686915801619610633e-01
-1.128510403508342419e+00 -6.684047561085623146e-01 1.160675722501122165e+00
1.278546941941396398e+00 8.880561975393532759e-01 2.131558414344797647e+00
1.130933026925946994e+00 -2.399492582342011016e-02 1.323665931538418605e-01
-5.811207993648415115e-01 -4.669050364527206343e-01 5.371203631747986096e-01
1.380207624963172952e+00 1.502349497961741775e+00 2.026260078105947215e+00
-4.431064170384305667e-01 6.924874249792284386e-01 1.411649596322772870e+00
-7.964452177642424857e-01 -1.944630085197838643e+00 -1.332464766339225726e+00
-6.981855620466357326e-01 3.787182613844268797e-01 -1.465079483637971691e+00
1.021020555198451474e+00 -1.490156052933950814e-01 4.647534129898358568e-01
-7.263596764539181905e-02 1.897059351520680393e+00 1.063196471809288557e+00
2.226348788725708960e+00 1.994745720869495198e-03 1.765082243849084853e-01
6.269864114142481570e-01 -2.416365133122755360e-02 1.019632275061566951e+00
-4.600905751461226156e-02 -1.385547351628781065e+00 -5.448338992982575402e-01
-1.126283853645801969e+00 3.540386914695267118e-01 9.816537593237428805e-01
2.682041368526815184e-01 4.100811400513236782e-01 3.793415993560649291e-01
2.037281878786880163e-01 -3.739801350890497034e-01 -6.719712391245522554e-01
-7.037163225642170117e-01 -2.792630131662067194e-01 -1.546037949288687541e+00
1.260565653682776510e+00 2.766066652998712350e+00 -2.631059758366898205e+00
6.459620187402209668e-01 1.267072672510538012e-01 -1.144203317962505517e+00
-1.005454300413556545e+00 -1.290640849860456574e-01 -4.950279714916598350e-01
-4.157958241160154000e-01 -7.436136232045658101e-01 4.865777093827330368e-01
1.726419522388505268e+00 -2.298156503578383969e+00 -7.804465426362099389e-01
-8.467381874726159774e-01 -9.664109607517847866e-01 -2.001147997526844691e+00
-9.569475047473519069e-02 1.041627768911304042e+00 7.662169483186769270e-01
5.887699687368763701e-01 -7.071160809897655275e-01 1.538094927638975484e+00
2.326297580301984969e+00 -6.066585952377840929e-01 -6.859005759203087305e-01
4.962195734708420680e+00 -5.618537300547465918e-01 3.885016717915779072e-01
-1.488055134427652471e+00 -1.040258227333102248e+00 -1.817541675075020624e+00
3.900971058838480499e-01 -8.409327784320058674e-01 -1.388512357939399422e+00
6.013898206692527282e-01 1.420482216620648774e+00 4.166869774930184178e-01
-3.419342976379003973e-01 -7.881754255840438539e-01 -6.729532813841168082e-01
-1.249330608809630760e+00 -1.972397250164982241e-01 -5.614404929221933349e-01
-9.753814674725014289e-01 -1.834036150277719157e-01 -1.225395700280857536e+00
-7.955304232025832700e-01 6.405183612478976274e-02 1.315950015046357002e+00
-9.977407644500098094e-01 6.233002896642492185e-01 -4.772324308051830721e-01
-3.859699857614594665e-01 -7.356473095423244901e-01 -1.016370693850752627e+00
-1.040954364030941770e+00 -2.556856723579826074e+00 -1.020661245885114088e+00
-1.084274222872565474e+00 -1.856909668505731137e+00 -1.344617992309156351e+00
-1.860306037494718900e-01 1.273257185900686372e-01 6.972611399401648091e-01
-2.120126274742764050e+00 -1.500339204931482540e+00 -1.542394774664968438e+00
-1.641110965626117135e+00 1.739503320469700798e-01 -2.380559243455163676e-01
-7.206351259104073481e-01 2.874917524004083069e-01 -8.078764833725682326e-02
-3.630782317796803493e-01 1.981423406582725200e-01 -8.085617755732341649e-01
-8.949147222162256998e-01 -1.014709154136744784e-01 5.118848402019804400e-01
-1.078796227412044839e+00 -8.237360093637964287e-01 -1.415233598351272715e+00
2.944533293351176972e-01 -1.405736445043308525e+00 -1.505402202953188828e+00
9.828183520155742148e-01 1.329451084953608753e+00 1.258264890899373434e+00
-8.014284046006566742e-01 -3.518858049482954664e-01 2.348210603948786002e-02
9.868511778893416242e-01 1.703039108855324724e+00 1.342973428092429256e+00
7.759118433929867997e-01 1.313086221275403531e+00 1.391873988894293701e+00
-1.044106221009222235e-01 -5.827561989655198893e-01 1.943927483587443605e+00
-1.510264317962166425e+00 -2.315022998251706099e+00 2.218155041009522987e-01
-5.776494882868605796e-01 8.188369345551136380e-01 -4.821136766248165229e-01
-3.662085557080830833e-01 -5.364728264036167094e-02 -2.004637490732743554e-01
-8.025233817326880015e-01 1.383567799642213991e+00 2.140956518653878149e-01
4.136514103968133571e-01 1.084258380174507819e+00 2.430563583016794205e+00
-1.523285290376946155e-01 -1.077540888838723010e+00 -1.505459336228257339e+00
1.329581840612513166e-01 -7.306662610173020322e-02 -2.288812161514238719e-01
-3.336743334639205028e-01 -2.444263412990004269e-01 2.677010895372285981e-01
1.170767261440530227e+00 1.748353394817500073e-01 2.846278881310513764e+00
2.156490090167642037e-01 -1.470508913815785856e+00 7.114341864947837379e-01
-1.988389082135473718e+00 -1.522530226723761926e+00 -1.713689310455345449e+00
1.463404251646051035e+00 9.418020770529080821e-01 1.518052275198641166e+00
1.551845830266906923e+00 1.204709757959620209e+00 6.337195587634154581e-01
-7.348995487300584717e-01 6.794041758498423622e-01 1.724779620014376125e+00
-1.928322215771318904e+00 4.213242375299094400e-01 -4.185288948986866098e-01
-2.201076554063792656e+00 -9.971199675106972027e-01 1.968352481631480133e-01
-5.619706094326670787e-01 2.578814571975313275e+00 -5.148921790004840071e-01
-8.192939557397651562e-01 -4.366491462212063190e-01 2.912260140599000069e-01
2.930072222023643036e-01 -1.577603478226003997e+00 1.147661434040347928e+00
1.021205198876186104e+00 1.569142315384952635e-02 8.968921171356629696e-01
2.212042875718774226e+00 1.789721114494454479e+00 2.046404225654544717e+00
8.705649733080167429e-02 6.710162027822441644e-01 -1.752469600240337044e+00
-1.124362802333198630e-01 -1.501734296507354127e+00 -1.146441397382444993e-01
1.137952982518550149e+00 -1.315033987193625631e-02 8.978912660323563610e-01
9.690764285674322576e-01 5.842010133827184593e-01 -2.281663793357824321e-01
-3.919989157838376648e-01 2.822177198266517806e-02 -2.016625096197029343e+00
-8.903917538810184329e-01 2.440858377622416864e-01 -5.589742531708737916e-01
2.472449881454874543e+00 1.478772916744949262e-01 -1.264937634230258290e+00
-6.461216597694041663e-02 1.261367054172575775e-01 5.722130057397112335e-01
3.856022221800463057e-01 -4.945200629060844122e-01 -1.378049685978410821e-02
1.627913431263977029e-01 3.071613033904029288e-01 4.118821109793945334e-01
1.809671083564563077e+00 -1.945762958348614013e+00 2.772329790513495151e+00
1.239473345677559069e+00 4.217384835380055819e-01 4.315970161478717149e-01
5.819294644504238168e-01 2.044165649381999295e+00 4.981938671289077303e-01
-3.733782229080806481e-01 9.560748331684705281e-01 8.460175728257575134e-01
-2.136294416776741478e+00 1.305095063862671045e+00 -3.893714959023929501e-01
-1.540677914557990746e+00 -3.805064912003731092e-01 1.135903089479725070e+00
-1.421795743866271389e+00 -1.063877695340337270e-01 1.267312669925169111e+00
1.794342181880855147e+00 -5.326059126111437614e-01 -2.923478949055705600e-01
1.910422769972432988e-01 -1.900225120158584025e+00 2.636813452001609548e-01
6.282383649868663600e-01 1.040617355227678509e+00 -5.261343828536249045e-01
2.231009573560381209e+00 1.805833496404760208e+00 -1.547397732620353406e+00
6.770215708416419398e-01 6.980153629004106630e-01 1.303933409913853980e+00
-4.502813743421349435e-01 -9.004875881659426540e-01 -1.301683939563429204e+00
-6.366505118739618219e-01 -3.366532049811231664e-01 1.764777512596900966e+00
2.565910213901642312e+00 1.191617704900551855e+00 1.726876560696645191e+00
-1.387705024855703240e-01 -7.237642453239396811e-01 -7.743456351264975668e-01
-1.495721384754461480e+00 -1.644090952475382394e+00 1.704286645402546263e-01
-1.620827951398353672e+00 -5.748065283805119385e-01 -6.475678595942114812e-01
-2.229262658817749987e+00 7.752665698226357538e-02 -1.891397194219676781e+00
2.419675806997416689e-01 1.282009300611678393e+00 3.056984588030718930e-01
-1.763151714517358970e+00 -8.265842508985017378e-01 -5.425293983681608312e-01
6.087755804048295971e-01 1.743859843755521277e+00 1.175910418315710082e+00
-1.005458575571177127e+00 -1.920394435237957165e+00 6.313733201023838948e-01
-2.219299939601693250e-01 1.408691256516889867e+00 2.376771494641475080e+00
2.124277358663146487e+00 4.943460644993626918e-01 6.210070064353827579e-01
8.606784377903301531e-01 1.528124467710601619e+00 -5.908243101170229661e-01
1.886022936079704726e+00 -4.077244132921653552e-03 2.797137025697971624e-01
1.075664127181047647e+00 1.579353455529411088e+00 1.372829329132430276e+00
-4.836509113824638550e-01 1.459246146700624802e+00 -5.200930114250422731e-01
-6.817471658248996924e-01 1.584904084016007353e+00 -7.008474932408019775e-01
1.308361612547562114e+00 1.460716619527945070e+00 9.028141959697816299e-02
1.970246797394366034e-01 -2.763757165540193794e-01 -1.225463365166605589e+00
-8.385571502499108432e-01 -1.007388336125827788e+00 -1.371970363430497386e+00
3.701435936403315030e-01 1.493449444762367406e+00 1.377919708318835479e+00
-5.535810761958026571e-01 -2.052062164861129245e-01 2.920168944105442366e-01
-2.171247692750941205e+00 8.554944321522226502e-01 -1.719798303965518693e+00
1.464102730205252945e+00 -2.032755846592880555e+00 -7.450754258970790911e-01
1.122337492142408522e+00 -1.557147794572383281e-01 1.463215748419890883e+00
5.781190094886821118e-01 -1.870126293071466161e+00 3.083634754473355555e-01
1.299628954423353910e+00 2.007325624135285924e+00 3.643185052015863734e-01
-1.815239546551433270e+00 -2.077159228038312655e+00 -1.593861253329540650e+00
-3.684308960277739242e+00 8.808077159034406467e-01 -2.157694809166956773e+00
1.893971118259359709e+00 6.971166115110943862e-01 1.561777165730808270e-01
-5.284942696319951949e-01 -1.818225300941567646e+00 -1.590997913849215184e+00
7.051432006366027405e-01 -1.506171772761296879e+00 6.638977485289028202e-01
8.465954411187908146e-01 -4.465205406448891079e-02 -8.369565964238292466e-01
-8.023261846391649410e-01 2.096860674052609119e-01 1.198290183490782423e+00
-1.213586244285684179e+00 1.101630378834328239e+00 8.387004011994155794e-01
-1.221205981283992159e+00 -7.556733805720581287e-01 -3.555809968012091371e-01
2.259138684743804415e-01 1.415531115655333849e+00 -1.029052408099536686e+00
