1.808528846599004813e+00 1.713805138922571247e+00 -6.516778116754240457e-01
3.658910964779351072e-01 3.139595756326173381e-01 2.885374730190471970e-01
-4.960347092223559295e-01 -6.422305368035348128e-01 2.665313744438701615e+00
-1.172866562382041122e-01 -5.032226636996368629e-01 1.512724834783828909e+00
-1.426859515258598332e+00 -5.192128239585589444e-01 -3.342754612720139074e-02
9.206519275947766534e-01 1.758858138988987907e-01 6.157941475263672970e-02
-9.263190184452352316e-01 8.875470921471997343e-01 7.941557210433797254e-01
1.575388003453830343e-01 -5.729582979262679565e-01 1.800379346980997664e+00
-1.138248336323770094e+00 -9.370054140929569009e-01 -5.963988392405487060e-01
7.332699569043119592e-01 -1.489355240058771734e-01 -1.167320416034761665e+00
1.701993088212618854e+00 -1.381601474545372854e+00 7.178647500633299483e-01
5.199381826477023072e-02 -1.712127840967988535e+00 -2.615946324042243809e+00
6.753324036971434241e-01 1.279887518107385880e+00 -7.042299654308781243e-02
-4.963781715519524074e-01 -8.096020467225375494e-01 -2.048534227163685273e-01
2.908132941785167569e-01 2.010758864006260360e+00 9.504070593758880969e-01
6.363407496380288908e-01 9.625050025655923491e-02 9.608158697769786372e-01
1.474410895930284182e+00 -3.482776012809899457e-01 6.509455793334331108e-01
9.849723070494166288e-01 2.220342078223212390e+00 -1.078279231052151399e+00
5.190028308181524608e-01 -6.546078111791548970e-01 -1.075769968103510443e+00
-1.047436911790830427e+00 2.372655043615802484e+00 7.125277263172205000e-01
1.127321739607578310e+00 4.400168938465167656e-01 -3.036944774016642201e-01
-1.328666183841260340e+00 -1.880675429545077826e-01 -5.812978749114877663e-02
-5.203549930844073579e-01 5.381023112222591553e-01 1.559387154491754579e+00
-1.736641176238153950e+00 -2.440011083998891550e+00 -1.935438442747844379e+00
-9.749713411954215037e-01 -4.339367537315941270e-01 4.209047856813480371e-01
-1.168876397037373338e-01 -1.782027820662844375e+00 1.929309756024053080e+00
-9.623790870309887335e-01 2.154083722033057757e-01 -3.642571793222901810e-01
3.039974679131006718e-01 -1.203576116740265656e+00 1.922939307815403787e+00
1.759390138181540442e+00 1.626723918088911702e+00 -7.614254339357273693e-01
6.267919717442071992e-01 -2.683636205464950963e-01 -9.146680991121465265e-01
-4.409797398364250220e-01 1.257711553490509893e+00 2.739523230238254947e-01
-8.038538160747168426e-01 -2.235893999930024800e-01 -1.158935288918240492e+00
-5.346596658979210215e-01 -1.638900770133774332e+00 5.957385090682889572e-01
-1.095476047768659811e-01 1.246843401864617507e+00 1.112263731106100662e-01
1.412610075964928935e+00 7.577234624408111241e-01 1.593567891728273844e+00
-4.294220277523738138e-01 1.081928368202866864e-01 -1.967722488875138787e+00
-7.937011320794966629e-01 3.457607632989195823e-01 -7.514554287589011450e-01
-3.450208628661841637e-01 8.106759416201800850e-01 5.488243301779187622e-01
-1.099480425229973246e+00 -6.816281175463322350e-01 -7.996625390288487623e-01
-8.490047910559168631e-01 -1.490053192903728618e-01 9.815053295525262289e-01
3.512226374098451620e-01 -9.786550668211602133e-01 1.397927067712061877e+00
2.042444367792937143e-01 3.208402579992433168e-01 -1.277363654709110508e+00
8.004833861292282027e-01 5.763794585536188286e-01 1.056604227796861029e+00
-6.603651876791600817e-01 -1.080508667978233306e-01 -1.619088361055517789e+00
-2.154582334842953806e-01 -2.234126228148718418e+00 1.074228215341730408e-01
3.241370826535460159e-01 -1.085605369632020922e+00 1.433844802392706952e-01
1.097835500025143407e+00 3.865355596296177199e-01 1.783237247411200155e+00
-1.584159482287337939e+00 -2.322194968853536157e+00 4.062763768705139888e-01
1.462496948242671957e+00 -1.504079108046922020e+00 -1.801630374698664161e+00
-5.442467691935032326e-01 -1.412989707619412671e+00 1.521066647033225694e-01
-2.491397843672260581e+00 -2.702068499516393274e+00 -7.973203306987846073e-01
-1.807976405007458709e-01 1.436768263920750410e+00 8.235963634414154022e-01
6.897913847726602210e-01 1.876738854220432740e-01 -6.773266728954296934e-01
5.833542703801312124e-01 2.735080886673429967e-01 8.870028274263859203e-01
2.961690711396746778e+00 3.211467472951736180e-01 9.282470580319612807e-04
-6.049899336279436213e-01 -3.236929345751693443e-02 -1.738839399646544548e+00
9.160678267952553355e-01 8.834023995053842393e-01 -4.673448011326778451e-01
-2.324682902116465000e-01 1.035852334112882023e+00 -4.067663910387387949e-01
-1.480580599223885407e+00 -1.074273542210100629e+00 -1.761455081995706218e+00
1.080968476499480357e-01 1.442989570532542620e+00 -7.963890957489168088e-01
-1.194208459041709469e+00 4.436765248706896481e-01 -3.786986486346561875e-01
-1.276782775387365954e+00 1.402887001208841800e-01 2.059162987429198344e-01
8.714171083031461151e-01 1.316525239641494149e+00 9.260551043237261748e-01
-2.920414641094311037e-01 1.348271450199180599e+00 4.486246170628278573e-01
-1.210147743662806086e-01 -5.793479451568208649e-01 1.044304352529978441e+00
-1.274109279861058930e+00 5.510272138899345862e-01 -1.675561971054629340e-01
5.758185377419006157e-02 2.412238115476354472e-01 1.044646930924525652e+00
1.569373261415425658e+00 6.859378288587796302e-01 1.372493933220485074e+00
3.761931353299968750e-01 -8.747284969682809219e-01 1.547712313926331795e+00
2.563860697911203301e-01 5.138024433770033150e-01 9.238151041504002459e-01
1.128212082433579067e+00 1.068324596397929094e+00 2.323829449819215132e+00
-1.223109629776245599e+00 -7.756258747744517734e-01 -5.701631895711304354e-01
1.771684692146233697e-01 -2.859252402020908135e-01 -1.029550489301898519e+00
2.288443952637038703e-01 6.257518940952537800e-01 4.334737494889819298e-01
-1.265515452255295159e+00 -1.120840727885479726e+00 -1.239177069039881562e+00
1.236366217852183924e-01 9.226202707067368003e-01 -8.441807339713711666e-01
1.127571369719994721e+00 6.903657946769182763e-01 1.682248949749695299e+00
3.841122642737666570e-01 -2.340779153326548734e-01 1.227143989634751353e-01
1.002429686497128714e+00 -1.063991291102299730e-01 -1.313712772320550504e-01
-2.044820372517738849e-01 -4.828798362640498998e-01 -9.033116963613523343e-01
1.329166443434301570e+00 2.977459942272816518e-01 8.635593352396251365e-01
1.126507798018689943e+00 3.661651843010489960e-01 1.464843181057898347e+00
9.713505768381406336e-01 1.091879990999439887e+00 -4.886230140301428548e-03
-1.547040867211563198e+00 9.474161482399445777e-02 -5.198579734230719396e-01
2.322113098538736153e+00 -8.346772197305971641e-01 1.389232330095474310e+00
-1.356367924146598680e+00 -1.315375527242379938e+00 -1.246996810083677465e+00
-1.710955471541544815e-01 2.227516078311023717e-01 -3.976530024884298298e-01
2.435909393138118606e+00 -8.536515614780904038e-01 -1.506026088019360998e+00
-1.373429903558242016e-01 -1.068668967273233683e+00 -2.736936750975371702e-02
-8.149071107791455715e-01 -8.562928699147914768e-01 -6.819024635209487428e-01
2.159216917478838926e-01 -2.531410484780304504e+00 -2.019237764764479692e+00
-9.306664353480451624e-01 -2.615462982902309053e-01 3.180660079291521836e-01
-7.930882107629821931e-01 8.619750104054058060e-01 7.622378761651240620e-01
-1.052652652676207889e+00 -1.504850486618974914e+00 -2.968121267457194401e-01
-1.688641726342445248e-01 -1.008899224337755918e-01 -1.141359173562704221e+00
-6.011839141476904569e-02 -3.165325453507700226e-01 -1.384559039157576832e+00
-1.560995783290332062e-01 4.750337538631773660e-01 -9.270401549686940745e-02
1.230816580569295660e+00 1.209554665597712408e-01 1.593825186143234651e+00
1.658073375156478901e+00 1.886401455809143979e+00 -8.838115689196996971e-01
-3.171161637635887542e-01 8.566354359543598695e-02 1.445574989302849334e+00
-2.248337836340732920e+00 -2.557868064268585817e-01 2.099663674451658357e-01
-1.736459819301724439e-01 7.800516723226449400e-01 1.748290509945026328e+00
-2.579983211803528187e-01 1.385217819598556943e+00 -3.355821723489055275e-01
-4.248542646159425562e-01 1.056771603103823010e+00 -1.743069318407656221e-01
-1.839588315062179458e-01 3.267012210300631603e-01 1.406410757840174774e+00
-9.938564062854891024e-01 -2.768465881948136698e-01 -2.316262757963897023e+00
9.183333770963801879e-01 2.378003632407109658e-01 1.070269279360136050e+00
-4.339276325915197852e-02 5.828081517542923473e-01 -2.485685432341566692e-01
-1.146887773421572998e+00 -9.867492735593913489e-01 1.206019708862067441e+00
-2.504908105791339157e+00 5.318889204825303363e-01 1.708720935046485589e+00
3.783671845619023255e-01 -5.784464856110935749e-01 -6.404727782484388454e-01
-9.710926845843886879e-01 -5.643489455891917972e-01 -9.658786729357443646e-02
-1.493790853751817638e+00 -6.655766069692223841e-01 5.203009722446036989e-01
9.549958927059611913e-01 -1.151056674282382897e+00 9.041226560504316279e-01
-5.943326385239133813e-02 2.988498332941236235e-01 9.614045284324020946e-01
-1.750987072046615189e+00 1.040947184613991716e-01 -1.835955563265919910e+00
1.716919499097921409e-01 5.122722444218179572e-01 1.128253535010387054e+00
-2.552293892848035428e-01 2.947513847209352056e-01 5.648509903663784248e-01
4.070915076181732539e-01 1.323840924278612885e+00 1.756588580447786097e+00
-6.398847729105631155e-01 -1.463091895223468386e+00 6.815161323458143183e-01
2.662027375590803047e-01 -1.398519583605727923e-01 -6.872645068934162271e-01
-7.598753037099725827e-01 1.438013758604017589e-01 4.865481002507120456e-01
-1.864147262700748042e+00 -3.250698789121866938e-01 -7.169315484872642585e-01
-1.392045214151253596e+00 6.447560418281133021e-01 8.059217364326407562e-01
1.053935357913270643e+00 -1.178867045660727531e+00 6.478364851279825309e-01
1.130238356475885997e+00 1.128668367207217971e+00 8.884239230126955711e-01
1.331564388033258384e-01 -5.586225602913341692e-01 3.207740673306314072e-02
9.357447691155755809e-01 -1.155352059387579899e+00 -1.661783102927396172e+00
-6.171371348801052426e-01 -7.716998263068453046e-01 -1.328977441332505727e+00
6.664460820275175390e-01 1.692866169490911954e-01 2.910033992843168438e-01
-1.039116889405053534e+00 -7.153960853667511444e-01 -2.297218270232903037e-01
-1.456121200906463353e-01 1.701022041869846291e-01 5.404531822540847852e-01
-1.230809574164016595e+00 -6.933757314267706695e-01 -1.280710944452933653e+00
-5.252341046697519555e-01 9.615957654733202631e-01 1.470116532797886677e+00
-2.301234045074605494e-01 -3.640527115222448873e-01 -1.713838085191264016e+00
4.629506807373723887e-01 -1.851232890353506910e-01 1.542136696262717432e+00
-1.082061864932984729e+00 4.365073992725754248e-01 -4.249957828883522137e-01
1.461585692636570677e+00 9.932177507348360912e-01 7.185074601958130192e-01
-6.436575022874904128e-01 1.230194837253336004e+00 -4.606506865580517474e-02
-5.371402385317533001e-01 -3.060248166555335381e+00 -1.897956885575063035e+00
2.173361243265186094e-01 -1.005157413856383242e+00 -1.159419889439105456e+00
6.359821362041944148e-01 2.936365986664022376e-01 5.214448645224036838e-01
-6.703836289117135472e-01 3.080199312832788694e-01 -1.864228361046541327e+00
-2.323420509733550299e-01 6.958003299938759767e-01 8.992435095051207750e-01
-2.022841805223514200e+00 -1.163309750361931072e-01 -1.800735246360658515e+00
1.424157421594498540e+00 -1.617958516628969834e+00 -2.826101128365759774e+00
-4.117214450284067961e-01 3.206824041636409106e-01 3.573410995593554462e-01
1.774761935584538985e+00 9.992418760622354679e-01 2.223976963434153298e+00
-3.241278740327328545e-01 -4.290905179982463791e-01 5.643321596332593337e-01
-6.597658474023500030e-01 -6.764205102382697676e-01 -5.021207484572176583e-02
-3.797531800062248220e-02 -3.340773403226047211e-01 9.979436246860498017e-01
1.151250264550034874e+00 9.544498770841229884e-01 -3.797585522681644621e-01
-6.902857453337407634e-01 -8.831916556026868648e-01 7.753277069162758384e-01
1.894458582286454362e+00 1.793761954967170835e+00 1.267667652608603923e+00
1.660722050991501719e+00 -6.654563835690092688e-01 1.293733489424268024e+00
-8.941755524283069301e-01 -4.065654443930216688e-01 -4.405458094833564209e-02
-5.961674277490363050e-01 -1.028507549002491750e+00 -8.862116387256808725e-01
4.603855515162217360e-01 8.052582967977517381e-01 3.957037719315899538e-01
7.137438964766880112e-01 1.425827982927139859e+00 4.097385592229856321e-01
-1.407020664132095700e+00 -2.228804610782120221e-03 6.740804413814107665e-01
-1.408659604220243500e+00 -2.967747625028077874e+00 -2.403340591823488470e-01
-1.750271768342924750e+00 7.627281062766448905e-01 -1.029261823391158570e+00
7.755972855290910184e-01 7.554494213733436991e-02 1.571368255401797587e+00
2.263482079005326941e+00 1.795679421940622245e+00 -7.072415405549561385e-01
1.178937822444394712e+00 -6.125632431965908342e-01 -4.556742570402035897e-01
1.555419559699085630e+00 5.297879811032120134e-01 -8.152113541114875961e-01
4.188288349149929535e-01 -3.086976200733663189e-01 1.635113612618088963e+00
-1.749202699264167160e+00 -1.834196823173648072e+00 -1.353635152729841362e+00
-7.621897894453910638e-01 -1.049850260973180571e+00 -1.401411963342286349e+00
7.994437305407400274e-01 6.648183503879869782e-01 2.972767899346505649e-01
6.544716032908560743e-01 1.241008703705333005e-01 -3.699839906856696725e-01
-1.598714357550788390e-01 -6.907369949678081600e-01 3.671369171246996466e-01
1.314581424060134784e+00 -1.584083838335259564e-02 6.375085819434523904e-01
8.299742628693269619e-01 -1.291594216911117865e+00 -1.939529291632779984e-02
2.225344496845045317e-01 5.597154344441155338e-01 -4.547604881726833304e-01
8.553985741108960372e-02 -4.453647399887915581e-01 1.584727719789653433e+00
-1.068516454644910629e+00 -4.824740909574820602e-01 7.693334743698535538e-01
-2.427124249209726248e+00 -8.001098587203736567e-01 -3.616619669302306717e-02
6.639349470677707865e-02 7.039111739175512028e-01 1.778082590439412192e+00
2.537959762027307553e-01 2.892584889400315884e-01 -4.818823592834017289e-01
-4.092291434341743805e-02 3.464951939317334473e-01 2.829102068604675502e+00
1.565057679085585796e-01 1.092785579667450602e+00 -6.696387634282059409e-01
-4.199740730256761867e-01 1.834596888621362609e-01 -3.063473884258284041e+00
-2.789548748863263761e+00 -5.525176592725546953e-01 -1.063902024446852668e+00
-1.399270075915164391e+00 1.534569617434776045e+00 -4.963986785898424792e+00
-1.044821192167818547e-01 -1.828963163774130374e+00 -6.497522695203463705e-01
-1.054301410484610013e+00 -1.110463458962709815e+00 -9.913340438315856318e-01
-6.122149291270808646e-01 5.138791010056242836e-02 -2.471134435615240488e+00
-1.575601983001957196e+00 -1.571021265609257922e+00 -1.366803289416824163e-01
6.542778750079157879e-01 -7.375777348395238242e-01 -3.078532549638648419e-01
-6.601201078455511961e-01 1.156326352580454797e+00 2.258370009097100617e+00
1.362523468028790097e-01 4.525126731382499434e-01 6.223087239115411284e-01
4.368365572862570878e-01 1.439777154740448317e+00 2.427087175763297244e-01
3.713855313311951178e-01 -1.476626393212319144e+00 -1.296800277123510758e+00
7.973868612074705986e-01 5.494305389464553269e-01 1.895600052321601225e+00
-1.068534015280677263e+00 -4.403223645661827890e-01 3.468572837195654790e-01
3.335253425333936095e-01 8.489795117162945992e-01 -9.167215144925817683e-01
-1.784010456304643055e+00 -9.536867042246488513e-01 -4.770430271933117083e-01
-7.881488160322599468e-01 5.674112804300148749e-01 -6.623638214100708854e-01
2.213762598768903356e+00 -1.462148353129022471e+00 1.242200576185278127e+00
1.429521258844232312e+00 6.845564543128015433e-01 3.922076199130597463e-02
5.774498590195398240e-02 1.371135134237812414e+00 -1.928944264918135865e+00
6.189632309625066053e-01 3.300057085162313442e-01 -1.409052172267004632e+00
-1.192726678355676251e+00 3.178752438541725400e-01 8.174498495604295423e-01
-1.040499853834648158e+00 4.440807351495142941e-01 2.121641988099554066e-01
1.011562943751159738e+00 9.630238503939130279e-01 2.013173929415223995e+00
9.474997231334070236e-02 6.956547425451172773e-01 2.834880447928623814e-01
1.469859539583180386e-01 -1.616317727850630437e+00 -3.076686537105292274e+00
9.067860419629966140e-01 1.817505629674744938e+00 -4.806588320353674115e-01
-1.588140080852082914e-01 -1.866521750124005230e+00 4.251024672833408347e-01
5.265501414494745402e-01 2.931853268228432619e-01 -8.107966768592338447e-01
-2.426061722825928690e+00 4.401322928533181189e-01 9.919892064239665963e-02
1.567778877102272039e+00 -1.147830032881981266e+00 5.456518742586742299e-01
-4.764644965691993139e-01 1.017601049308640704e+00 -2.034302328720838382e-02
1.511498363936671474e+00 -1.481954894606309470e+00 -2.023848559504048517e+00
-1.340317675890831950e-01 -1.246958561422907286e-01 3.402813255082125510e-01
-3.911543022836787564e-01 -1.369819146635152585e+00 4.547875275283352892e-01
1.003688203620067609e+00 -7.544796798456456788e-01 2.220047140144047138e+00
8.334758000469347783e-01 -6.978269764703155520e-01 1.853395116427237310e+00
-4.797572998496119623e-01 -2.479067375592133970e+00 -9.575332914363928749e-01
1.065119196401016710e+00 1.476896565085513702e+00 4.294911655127053862e-01
-1.560960129192018320e-01 7.122786677250191323e-01 -3.960239745040464721e-01
3.654867895487723395e-01 -1.261660521673936275e-01 2.395220982050002556e-01
1.568433064935498278e+00 1.944043353177410394e-02 -9.844532416315605605e-01
-8.074724724496794570e-01 -5.802689428790660520e-01 2.158503087275511767e-01
-1.191696596924968432e+00 4.028087605000033600e-01 6.969082993950006522e-01
-8.769002848135285522e-01 1.221478700260466788e+00 -1.325194359177894299e+00
-9.252600617225225088e-01 1.179523483404782747e+00 -1.293687162220977793e+00
4.772691299711365187e-01 9.781472836127080850e-02 6.689630364953265129e-01
1.118645856474180134e+00 -7.891727194956790203e-01 -2.309325659230428429e-01
5.128776370196078682e-01 -4.359287093564854221e-01 2.227143826092248702e+00
-4.513519295573892309e-01 -4.806730536026304068e-01 -1.780616992854203051e+00
-2.499239473493827246e-01 4.957102458794867550e-01 -2.600617717291801245e+00
2.918828546647055378e-01 -1.173812389074323725e+00 -3.129862110007384235e-01
-8.782904464536036571e-01 -3.005164793698523740e-01 -2.813108548767582762e-01
-6.129754558305056111e-01 -7.465655442797164421e-01 -4.098659684346613319e-01
3.290539865948505227e-02 -9.674491193539687117e-01 1.094452602727074675e+00
-1.911142290390971832e+00 -1.811509699125368744e+00 -1.118178885427387304e+00
1.061215670179103121e+00 -2.322905175841309955e+00 -1.931851808533493475e-01
1.251088735889921422e-01 -1.662708865437529715e+00 -1.004490628015839881e+00
1.250394459355529397e-01 7.512965012147001520e-01 1.658456031551573395e-01
-1.427983321864196409e+00 2.772482828841577596e-01 9.512860825934845721e-01
1.138343245050287722e+00 -1.697206170035101325e+00 -1.436382360169578432e+00
-2.160692428279413213e-01 2.014683281939037007e-01 -2.841948563827153329e+00
1.647200431416598887e+00 -4.199675492410293032e-01 7.081276287966752347e-01
1.927725629499365212e+00 2.114231169473643757e-01 -1.240102871536958640e+00
6.573836287432409664e-01 6.897532317827343995e-01 6.399326007801205973e-01
9.253783544486392509e-01 8.451116881812406056e-01 3.349805780485924256e+00
1.801508635810755932e+00 -8.458673425769045462e-01 1.683832329433198716e+00
-6.447124107414312633e-01 -2.602136823230520313e-01 -1.488934352285554708e+00
1.879042602052205302e+00 2.381855899677242316e+00 7.566877208367864815e-01
1.185453358699549042e+00 1.103167741915180633e+00 -1.249288560736890652e+00
-9.753452932342661086e-01 1.675748212944915272e-01 -4.167197336792492490e-01
-4.003422133134728611e-01 6.048243626871798728e-01 -4.504350752358627363e-01
-2.669792665693189182e-01 -2.122115896231171916e+00 4.875384271111149470e-02
1.414669713290946929e+00 2.697542562612488926e+00 1.347457419709539916e+00
2.063723834339195040e+00 -3.161409027516681736e-02 6.646396674053102194e-01
-1.786628534269260715e+00 -1.053238332471911676e+00 -2.345934104816229104e-01
-2.740402802310040187e-01 -9.677106285165830712e-01 -1.120410519619291723e+00
3.130219906808573427e-01 8.722978217451720084e-01 -8.811802279443656793e-01
1.387783353599834513e+00 5.699860381252197516e-02 1.307125870218105002e+00
-3.166324556267506862e-01 -5.752982930832917230e-01 -1.009095931438966476e+00
-8.005667493095280918e-01 -3.140504436991101711e-01 -6.636726789139908433e-01
3.418698342634141074e-01 -4.218236632464610891e-01 -7.024079729323288168e-01
7.713646046621533969e-01 6.507090885361532795e-01 -2.174568729009418444e+00
3.577315794921418490e-01 -4.721092839237707728e-01 -2.424101548979013532e-01
2.601246721018012353e-01 -8.406857737165895905e-01 -1.933984765113231585e+00
-7.895302214002128949e-01 2.415853775442233342e+00 5.529956390566820312e-02
2.055064176901228556e+00 5.997674202584124536e-04 3.682448218293277176e-02
-7.621847682387831169e-01 -1.698934617754648269e-01 -5.315679977193341621e-01
-1.228604568811374032e+00 -1.945194889793772308e+00 -6.059929421671894634e-01
7.712791432206167475e-02 4.073724157841771554e-01 -1.235456712010060354e+00
7.698384583121281599e-01 7.376636362991118023e-01 5.824158426258569943e-01
6.229792202722386207e-01 8.764522174411295552e-01 1.094308918269836783e-01
4.731995962423747315e-01 -3.784123244387760376e-01 2.423646859572587964e+00
-2.292347208280710036e-01 -1.806552367330080289e+00 -2.856990929871048301e-01
-1.042901883807540564e+00 2.172795541894888771e+00 1.365323443686760063e+00
-1.274354599233010754e-01 4.696208812162066537e-01 7.493159411129561853e-01
3.950483607897878890e-01 -4.355941073386685458e-01 -6.257532262533445078e-01
-5.136731480060292565e-01 1.131260975039716454e+00 -6.434781438118362118e-01
-4.359875275999614552e-01 1.174117708532957716e+00 7.377583877109237243e-01
-8.461280196632716688e-01 -2.057208645113413947e+00 -2.317703829468180654e-01
8.264811703988956815e-01 1.442334382845488427e+00 5.237035441941527703e-01
-3.788250322707713003e-01 -3.721571648477861594e-01 -1.450568865187690792e-01
1.628986343719809993e+00 -9.555907716955382991e-01 3.842556182803677500e-01
-6.012041809579371510e-04 -9.399321811236964752e-01 -1.513269161018459652e+00
9.676745165790139325e-01 5.712940904239306450e-01 5.835994704810321121e-02
1.006350969070852752e-01 -1.672268612865090542e+00 -3.469139589453535955e-01
6.674119930207258466e-01 -1.107441606513863697e+00 3.121934511739071771e-01
-1.202936779946686130e-01 -6.693827239268281826e-01 1.630821751766455607e+00
1.272476735804263459e+00 1.038273936439505052e+00 1.163799715163443604e+00
2.928520581294493663e-01 -2.789781871155811999e-01 -1.417405074039886914e-01
8.537915015341245306e-01 -9.810436262558484000e-01 3.835399634280320047e+00
2.785617996927300943e-01 6.206650637297465023e-01 -4.278459631189954759e-01
4.253745608933703348e-01 -1.745460427332122810e-01 3.467397356911408046e-01
-1.254774456080697931e+00 6.174543855372196521e-01 -2.157856746968301653e+00
-4.327596681812457824e-01 2.058773440245301178e-01 -2.403392615374728702e-01
-9.959815991781508782e-01 -3.138757805748650931e-01 -1.405661502707197918e+00
3.768409112329141886e-01 -2.595061390532689138e-01 -2.597414751677434852e-01
1.085581108756050739e+00 -6.975230909459889661e-02 5.682317495830195853e-01
-4.642666870166877180e-01 -9.475919681572227971e-01 -2.345855930249641230e-01
2.330207593960637702e+00 -1.119941568222227124e+00 1.981489391624510654e+00
-1.767703076573575505e+00 1.655730971677548347e+00 -6.580238887751814758e-01
-2.503796562103573375e+00 -1.770843106115443266e+00 7.142334604513869145e-01
1.041241865494501262e+00 -4.519045144741504205e-01 1.050762208194234049e+00
-2.890398245449073422e-01 -7.595842794903062689e-01 -6.197470992216171926e-01
-1.156222441471658424e+00 -1.340115753212998584e+00 1.534475981572773318e+00
8.483438786526124042e-01 1.092353397524624903e+00 1.240686979724093142e+00
-6.716042446725967174e-03 1.459672989458144499e-01 -4.542912032961906599e-01
-4.621568778133854360e-01 -1.174302835901500419e+00 -1.504834940339947469e-01
-1.082471249258209367e+00 -1.566192768329145668e+00 6.336463874274893548e-01
6.291426499662842176e-01 3.175467459274965432e-01 -9.705771154925451061e-01
2.257717041013207471e-01 1.229260617667599309e+00 1.522136498937597615e+00
3.064104874266648793e-02 8.808935198094001162e-01 -6.304762486153574486e-01
-1.948469620743914499e-01 -1.213946731888672970e+00 1.510868228180796802e+00
-1.022792520476885958e+00 -1.918167073074953155e+00 -4.030204382098577232e-01
-7.085827137681679488e-01 8.359582289039144687e-01 -1.093106074464407218e+00
2.852534775277526524e-01 -8.536788975211921926e-01 6.894628206605541987e-01
3.627942764428346845e-01 4.447799841881722172e-01 -4.628956019370807917e-01
-1.095335203726603757e+00 -4.545395956236753521e-01 -1.720771689154505513e+00
1.530064478396279681e-01 -5.335159349177389654e-01 1.748955848735932239e+00
-2.817916498111883716e-01 8.370342540373396645e-01 2.322769611180985905e-02
-1.120554165273272451e+00 4.829709076867335082e-01 1.359375552185910996e+00
-1.148019813026425862e+00 -1.496332644469982487e+00 -1.243734690470365001e-01
6.126281792847592111e-01 6.163706654599563350e-01 1.047826193883113266e+00
-2.058785615791224544e+00 -7.658848279092222988e-01 -5.201088575077241760e-01
7.199893366896984448e-01 2.007730635359026850e-01 1.180500562753117988e+00
7.695092017412830110e-01 3.368752254898894627e-01 8.222809049069290666e-01
-3.112409716505207591e+00 -1.040496344305190224e+00 -4.675245770142716362e-01
1.228251324766231667e+00 1.399607436026586993e-01 7.364135604782026112e-01
-4.280539684687182378e-01 5.293543747915112618e-01 -1.141663539742036937e+00
-1.439057198325014442e-01 1.236993671690629126e+00 1.916733778849117886e-01
1.223040526833035990e+00 7.413947496490548295e-01 1.378169704615930691e+00
-4.824593105373629065e-01 -1.303277301989360648e+00 1.151257689934311879e-01
-7.908132552012769878e-01 -2.614239164473161070e-01 -7.419960768253204275e-01
-6.404720208650771518e-01 -7.652041546852283993e-02 3.127912929932238351e-01
7.197391852476655583e-01 -8.567689472056534417e-01 -1.133464123625088193e+00
-1.233328103594459879e-01 -7.120005605279198235e-01 1.149731942055695288e+00
-4.432513126710394546e-01 -7.369568790351106458e-01 5.571517806646331117e-02
-2.319275442768423123e-01 -1.228353552503342883e+00 5.064230879330720025e-01
-8.074302967692442712e-01 4.486944838754058917e-02 -4.247525411439204701e-01
-1.659778427575082649e+00 2.174289435713916419e-01 -6.134941557883971663e-01
4.838035630162753065e-01 4.407781839107434152e-01 -1.352063370636722883e+00
5.023315142798698840e-01 -1.658046200929274683e+00 1.232754707729500909e+00
2.645242269698825366e-01 4.129590445617076222e-01 -1.684326598530636598e+00
-2.021624008854469023e-01 1.715327681920771674e+00 -1.736749096558771299e+00
-4.340432322682211685e-01 -2.101329731039930149e+00 -1.351758499201213937e+00
-7.835122565863308353e-01 -1.212618668620150997e+00 9.080215343652571214e-01
-9.475189516885904606e-01 -3.113852102163909841e-01 3.063434163141008915e-01
7.681350380057458960e-01 -1.255536719993986416e+00 2.676424184264655226e-01
4.820867961057851980e-01 1.435981999122322161e+00 2.524243381440838818e-01
1.365621618016918726e+00 6.649346632921691036e-01 -5.768023062946032731e-01
2.593426796407833468e+00 4.392516415668092922e-01 -2.747183794786902666e-01
3.552071350818665763e-01 -5.560374587825631654e-01 5.022359784457909315e-01
1.691488854094339578e+00 3.004211909055731766e-02 9.018046392812406609e-01
2.269017216134574522e-01 -9.538612384253852827e-02 2.076537317723842202e-01
-3.230561372216161908e-01 -3.700275423735261415e-01 -8.611893583499966587e-01
-8.736923286184770099e-01 -1.745651088042014853e+00 -6.606784277611760237e-01
-8.101029050373742546e-01 -8.763428845979428505e-01 -2.800000788976277466e+00
5.108609856841428432e-01 8.885788740944178254e-01 1.505485092369430511e+00
-1.947109142610208288e+00 6.454026616621417745e-01 -1.053689727076112970e+00
1.399873428967775890e+00 -1.705208409155277716e-01 8.634058154876793623e-01
-4.296300965074225653e-01 2.971741696629808249e-01 -3.306460551498353162e+00
7.134011905352846128e-01 -1.034144161953732821e+00 -1.655136915318412338e+00
1.780908832655332397e+00 -3.923324830212658876e-01 4.401593836028047657e-01
1.507533163005655652e+00 1.030096456331389021e+00 -2.915297465845174685e-01
1.549192542690487340e-01 2.704686537863154605e-01 7.891992170094896952e-02
2.695617224136833134e-01 -1.714507929073157300e+00 2.013436523634760444e+00
-9.760611955599560741e-01 2.232271743260494934e-01 1.114588161554621148e+00
1.837353246483637514e+00 -5.465131193886940686e-02 1.455799338435580736e+00
8.833527690972469149e-01 1.224847235824290781e+00 3.684649208724105618e-01
-2.904428594200800795e+00 -2.297191029527101414e+00 -5.715952818779026501e-01
-6.075523222746140872e-01 1.363429488143741430e-01 -1.832187385039299343e+00
1.339937535758567444e-01 9.748875938689711695e-01 -1.129062049211656316e+00
-4.090570141679913396e-01 6.016723452147765272e-01 1.597197686384285609e+00
-8.751110972484799078e-02 -1.136573076263487581e+00 3.941443746959363281e-01
1.206722710030418089e+00 1.943573452832138004e-01 4.213542205580833588e-01
1.209947975489929495e-01 -3.282370070280462571e-01 6.124020807151978607e-01
3.444469829522029958e-01 1.566505033145125569e+00 1.783421255947043038e-01
1.243183971607676686e+00 1.705366126008749150e+00 -1.877011153903413998e-01
1.184637416137741317e+00 4.747452376936853735e-01 -7.487594808909315836e-01
-3.231959009557711093e-01 6.742582716127714093e-01 -1.532084918043880917e+00
1.108796603605159081e+00 -1.489739396879985467e-02 -6.261791019165663386e-02
3.042318874162230902e-02 4.640027297230264747e-02 2.915521031237583993e-01
2.660692621172806582e-01 1.685237820368866268e+00 2.725284370439280401e-01
7.333045119462313632e-01 1.558787329704968139e+00 -2.189149833334337547e+00
-5.172380907785650850e-02 1.585252142159903066e-01 -2.582998201649656100e-01
-7.240339756204690058e-01 -1.374996544309351698e+00 5.519358781795529190e-01
6.330736211563559035e-02 1.428524595125675756e+00 2.355413450351435234e+00
1.197457119627586497e+00 -4.462302396720557729e-01 8.635883037002187734e-01
-1.287367228842273281e-02 1.824320823446230921e+00 1.845672574197708915e+00
6.500354598517222859e-01 2.062131261895510548e+00 1.685303818061280601e-01
7.852924648828938370e-01 -7.956470810660789539e-01 8.411146930324575610e-01
7.757594891399051118e-01 -1.852991306125550963e-02 9.058092878504678813e-01
1.814421766676946657e+00 -4.954713069928342595e-01 1.194316297995039244e+00
9.055846962859737115e-01 -1.358653045079561972e-01 7.173907755781022688e-02
-7.814913603595967651e-01 -8.518175998707180341e-01 -9.440978019374857144e-01
-2.418417650819639220e-01 1.089355348672119472e+00 2.213229740792471700e-01
-8.760893619051828285e-01 1.042200703495151259e+00 2.780486775312455805e+00
-6.529590105037003100e-02 -7.802231430844396298e-01 4.936061677991601115e-01
-4.853633359678959924e-01 1.663802005735637302e-01 4.317881182948113405e-02
-7.995182599865815476e-01 1.084941236788578567e-01 2.675372765128009256e+00
-2.919190668020872348e-01 -9.350757205286202023e-01 3.867680432757156783e-01
8.237991592426134879e-01 -3.380364111155854667e-01 -1.967123658952207865e-02
-1.477384077938764806e-01 -1.084187084897697773e+00 -4.604471766770853458e-01
3.017227123736866412e-01 4.833758625998098024e-01 -1.462057410901086651e+00
2.551929907911967721e+00 -3.149302345580162754e-01 -3.792918202520583204e-01
-1.779278535591548804e+00 -2.456789642420126318e-02 7.304439547187402404e-03
-3.040822820758085632e-01 2.209550627584651039e+00 -7.318071115626854084e-01
-3.941384869220286857e-01 -2.431010227102953225e-01 1.517940219222752463e+00
-7.276709295107302022e-01 -2.875904207590633810e-01 3.045903239090536063e-01
2.557480286474056452e-01 1.423203469173766500e+00 -5.619513978055614700e-01
4.176354996085983040e-01 1.031069808932231657e+00 1.247764355115918544e+00
6.935715712030099400e-01 -1.160495385231740118e-01 1.217283814623978166e+00
-2.393058723746539940e+00 -1.663835780166981193e-01 -1.671972610370393131e+00
-1.134399959701774430e+00 1.744215265016677563e+00 2.938092931709900490e+00
-6.169961242560926262e-01 -7.596375267174411139e-01 -1.121843793313531013e+00
-2.918600252742986623e-01 5.331583447586947244e-01 5.859069908068725852e-02
4.495420867161812328e-01 -1.541228678398469665e-01 1.113014411825967942e+00
1.554742602994465095e+00 7.766867449510939103e-03 -1.105431390613812015e+00
-3.807300014121101084e-01 8.107287131076692521e-01 1.574956978058182910e-01
1.151013308499398757e+00 1.656314614487570669e-01 -2.441043303415416643e-01
-8.403683215408658258e-01 1.166070420678512187e-01 -1.665943301124871878e+00
-4.761915392881936882e-01 3.025619577677517436e-01 1.250093700048016787e+00
-3.990316403704460835e-01 3.616395320679033354e-03 7.047346050984433230e-01
2.939314070704303061e-01 1.213106688280266132e+00 -6.293555285350949102e-01
-5.093121606227773990e-02 7.028615583667485733e-01 2.762528489244017171e-01
-1.075855968008972541e+00 -6.754343698717291122e-01 3.145457225587313665e+00
2.623414855937650891e+00 1.344219707597030578e+00 2.079294709200306124e-01
-2.614606923774660974e+00 -4.034049008473103437e-01 1.125701878666495404e+00
2.994260833119478660e-01 -5.743183338660380333e-01 1.209151774708603910e-01
-2.517031792621402531e-01 2.145056798363090600e+00 -2.625046374766397683e-01
-1.365407807339767743e+00 -1.886226837682780655e-02 5.403959454999991419e-01
-9.179068897731459398e-01 -3.123826108076752650e-01 -5.740151458993991707e-02
-5.168940075662158407e-01 -4.206578614400060534e-01 1.167806219666413847e+00
-4.682118882199303167e-01 1.309819874653946226e+00 1.543239041960529523e+00
-1.703070170767448932e+00 -4.163669216669323436e-01 -4.801759570729805526e-01
7.141725142327848275e-01 1.152183846898973574e+00 -1.314670139858133302e+00
2.340147603251393482e-01 -1.958964210410193640e+00 -1.811118273668798073e-01
1.180911878647716851e-01 -2.490301960823005922e-01 -4.398682194227973019e-01
2.330892632160436184e-01 -1.036186669014601325e+00 -1.225898757869238853e+00
4.445847678768409805e-01 -7.509100661400314181e-04 1.322280669961748867e+00
-6.187882288064652236e-01 2.228373221577778507e-02 5.957155419540572927e-01
-9.019076272880106604e-01 -2.088270471251663984e+00 -4.687478539361782937e-01
-2.831072765066159347e-01 -1.836811021863696380e+00 -1.058265473497017606e+00
-1.315988486340689878e+00 -1.022648355778437823e+00 -1.330292429892467876e-01
1.319101303333260589e+00 1.198416672476992906e+00 -4.177996888890179727e-01
3.789557770588758423e-01 4.716830882228655319e-01 2.175245974846259589e+00
6.687448100594743927e-01 -1.355594406601216217e+00 -5.092658273152300685e-01
-2.433158469447251337e-01 -1.171659307890054791e+00 -7.486153226350634737e-01
-1.343332504601361777e+00 -8.672003811847637245e-01 1.514409133575138622e-01
-3.614709989092081965e-01 -8.208619036550393044e-01 1.643147295309997702e+00
-3.361266472149552209e-01 1.307887448859360147e+00 -5.341048977266424913e-01
1.410610220261726777e+00 -8.150145602109080123e-01 1.609682902996583120e+00
1.179567485382336800e-01 -1.017430865512047644e+00 -2.361815550920741025e+00
8.414334013092461539e-02 7.945403784156424010e-02 -1.431309515801545862e+00
-5.590455190740712954e-01 2.748060930965434689e-01 1.225316520361006356e+00
2.846401771092681887e+00 1.928398087599177080e+00 -1.204345593502055944e+00
-1.921343592320123861e-02 1.389060693214891673e+00 -3.593026166374585495e-01
-3.723229609111493588e-01 6.160002831709483484e-01 1.059455994087156405e+00
5.313910603867504356e-01 9.714589759737530805e-01 -7.377584839877335821e-01
-1.702029419889411699e+00 -6.482623446482569385e-01 8.107519494440562635e-02
4.808368403721474671e-02 -4.381777375491818782e-01 -6.911688806084048675e-02
-7.593358340038887100e-01 6.237090336997421769e-01 -2.373938849452849054e-01
1.471431129891144440e+00 -1.482540963563025782e+00 -7.546576173759731443e-01
-1.939543483052864059e-01 1.544093563542925374e+00 -1.379649765008295059e+00
-2.223900730199835252e+00 -7.329752613633715441e-01 2.182720537910479486e+00
-1.080841353133803695e+00 9.931340521843901037e-01 1.215786321280429849e+00
-7.641800787556709551e-01 -1.730855511671641978e+00 1.669287139200829717e+00
-2.924417090939680497e-01 6.449105104147442313e-01 6.462218816371260166e-01
2.373247607240472234e+00 1.722251076143815229e+00 7.935001850493443865e-01
3.910748784758611984e-01 5.984371183753021128e-01 -2.548946996993272096e-01
-2.151362548992175050e-03 -3.056021850572161913e+00 -1.331678667824642615e+00
-1.356267574675438681e+00 -1.544496534433122958e+00 -1.682370151223898103e-01
-1.689517628116022685e+00 -2.174406823585433024e+00 -6.010697002211317086e-01
-6.859271880940760457e-01 1.150354602911725088e+00 1.090553420112235106e+00
-2.958852965330703855e-01 -1.137643365215191826e+00 -2.753567375922585381e-01
-1.173332570712064316e+00 -2.084961909265291347e+00 -1.475754095602617610e+00
1.074013832551986125e+00 -8.196348371370023589e-01 -2.226583913074076104e-02
-3.926485754957896868e-01 -1.637001918660921262e+00 -1.676468490660071753e+00
6.636546667578411274e-01 1.594336402722598134e-01 1.292632456590890211e+00
-1.869714922137923896e-01 3.050005397622120307e-01 9.757122875718918786e-01
-1.420630289850541406e+00 8.019771828699173710e-03 -3.680171703435319852e-03
-2.890699215406747902e-01 -1.497369783374386198e+00 5.814713583828345911e-02
-5.647803659436076984e-01 -9.052038581982577714e-01 -2.911080263436777726e-01
-2.983272245243789200e+00 -7.354173336128355665e-01 -1.656789666834800334e+00
-2.490929370521208774e-01 -6.675812212544840474e-01 1.235619905741227154e+00
2.007596565591062365e+00 8.973951701512288270e-01 1.651041325491033440e+00
-2.736863109987953013e+00 -9.361598221644207296e-01 -1.044037066644171841e+00
-2.166708026115962582e+00 -1.325541766154122447e-01 -9.527177900062537841e-01
-3.047416336712546192e-01 1.765534601494785916e-01 9.972844114761894030e-01
3.456029233084630947e-01 1.051613759276918802e+00 9.744670966613422358e-02
1.236587021895195981e+00 2.065756025174777744e+00 -5.978829421315736692e-01
1.278454253181545486e+00 8.765314387858718082e-01 -2.280983028173068083e-01
-5.013508928624033079e-02 2.315317404063819140e-01 -7.382637387381392191e-01
-1.596772182889519609e+00 -2.309201174686031921e-02 8.384389551700295318e-01
3.347860399001764686e-01 3.607898860437013688e+00 -2.984464538482817897e+00
1.121338044534059941e+00 6.730792680899536640e-01 -9.378576477437394754e-02
3.648139835345346471e-01 -1.013513733678980122e+00 4.539246672423780105e-01
1.103288097542959756e+00 4.693553140047403982e-01 9.105904565949807239e-01
