-1.334366133362328455e+00 5.955647702891360140e-01 -1.617695749476917744e+00
1.796070258172129508e+00 7.748217737442053554e-03 9.102180061822020551e-01
1.382532857293897743e+00 -6.085643271735164950e-01 -9.327010601825919123e-02
1.581730661929272141e+00 1.054666307285385685e-01 -1.369666798790505124e+00
4.060215943277784012e-01 1.534118073817239303e+00 1.622476196979985019e+00
7.238888963825553802e-01 -6.635955285355652489e-01 3.069952907514722495e-01
3.883080747450156633e-01 7.199647867423254466e-01 -4.068165836621285836e-01
6.272208193420920619e-01 -1.667920070774394414e+00 4.431285367298896105e-01
2.715228952742752000e-01 -6.525207710772429337e-01 1.378594719691621506e+00
-1.948160293599596971e+00 -1.443965809366830610e+00 -1.424751717769637160e+00
9.554898045159709863e-02 6.935877946738119304e-01 5.587574979711842360e-01
-1.312616495880743805e+00 -1.627220102134764090e+00 -1.898344671131919070e-01
1.358727734947617671e+00 6.747886897823685004e-02 -1.087632230880932527e+00
-1.227549413353538066e+00 -2.834528131829230357e+00 1.828120537410045099e-01
1.230645201727124327e+00 -2.992288364902077058e-01 1.418645447217077304e+00
1.365363793539119852e+00 1.117193412350717674e+00 5.422608950529884675e-01
3.245977274948027347e+00 -1.551709655593175308e-01 2.555067694043365645e+00
4.674395233200556721e-02 -1.649540759145925017e+00 -1.359001609484352002e+00
3.678033106049604095e-01 -4.569736522751732810e-01 -1.998722210386940201e+00
-3.274472040796627681e-01 -5.457390972454736477e-01 -6.070684680658526844e-01
-2.299547623271829266e+00 -5.105994799523264627e-01 8.743519124791299113e-01
5.916579577514455845e-01 -6.372825086575850673e-01 1.531386130351504837e+00
-5.730174558350562553e-01 5.586369526099398408e-01 3.038967671249953595e-01
8.768072086285430000e-01 -1.833403978370041987e+00 -1.389936515059695843e+00
8.686661734675953372e-01 1.376666584296630136e+00 -7.711797514353389005e-01
1.257401218858368974e+00 6.004191830326972568e-01 -1.195291962045048839e+00
-5.344701951729537992e-01 -5.778669074280826656e-01 1.124645596520153612e+00
5.703784592245995100e-01 1.825884125640119482e+00 9.762768973885578294e-01
-2.968352147359001325e-01 -1.564877154493266032e-02 3.618987113590111937e-01
6.463041674719791629e-01 -7.441557244200436294e-02 1.700779767084708571e-01
