-4.133932732616300010e-01 9.593114525771884171e-01 2.984605670989737281e-03
-6.667812464534371708e-01 -9.023326970414796699e-01 -1.667009409936927034e-01
-1.125066977823088621e+00 5.450736871684564999e-01 8.879131640726700692e-01
-2.191104926718994150e-01 -1.047823103358644259e+00 2.065460016772419749e+00
-5.409602352557506544e-01 -2.817334423938676613e-01 9.610441427066842568e-01
-8.258718998194761740e-01 -1.706014544339208960e+00 2.424619656685789160e-02
1.514986749722346815e-01 3.507326562522047331e-01 -1.188949576935876440e+00
6.099406506070446099e-01 -1.559954731375682302e-01 5.411381824794030404e-01
-1.366617158356242090e+00 -3.795963377920563708e-01 -4.637909234113888335e-01
-9.604092725640929196e-01 -1.317257531778584623e+00 7.676707566501916880e-01
4.727358204301946865e-01 -4.508163995153465775e-01 9.064249871949009441e-01
-6.609061255080471708e-01 -6.850757144782502195e-01 -4.655658731392898209e-01
1.440323792852804763e+00 2.413623472728627206e+00 1.244764570226867484e+00
1.387176591742928622e+00 1.157144463776080823e+00 -7.057784190220441900e-01
-7.449591659744310146e-01 8.167029057568866435e-01 8.805518401842570286e-01
-1.370842327892762835e-02 -1.138766955619414656e+00 -6.875133845278393885e-01
1.592418887759333490e+00 -5.630366510977042882e-01 -1.322519719718171949e+00
-8.788555453476696311e-01 -3.239221754892027683e-01 3.834305055006926199e+00
-4.542361901697156146e-02 -1.688839534773076689e-01 -1.341111022887583104e+00
1.400602830264468412e+00 1.459271633674473989e+00 1.014227655785259197e+00
-1.276947694849126957e+00 -2.039136375556930503e+00 2.518224626993422754e-01
1.822824310445723350e+00 1.324698686025763239e+00 -1.795730284730739923e-01
3.795268826794577777e-01 -9.600592512128413025e-01 1.761608973743178819e+00
-1.023614719259211547e+00 -9.908927572480659141e-01 -7.636311920507962148e-01
-1.903711900352993647e+00 -7.968306409558998382e-01 -7.399225155971815848e-01
1.256013583795688060e+00 -2.070057472341897409e-01 -8.217834158847256987e-01
-2.293816546829551051e+00 -2.251556877052351524e+00 3.076973952328183604e-01
-1.557097050752258349e+00 -3.010698205417233764e-01 -7.918379815479266171e-01
1.309219654728035032e+00 -9.257728329395720213e-02 -1.512373109426450757e+00
1.021455940412923979e+00 -1.126889725692785227e+00 1.167832215894887282e-01
-1.154488625461651985e+00 -8.543983112699577998e-01 -4.907315209079328167e-01
5.346321271253565710e-01 1.626554366882073110e-01 -3.699743397349165575e-01
4.839433095631738291e-01 4.007650435293984015e-01 6.052851539835757411e-03
-1.854538180791751589e+00 -3.258085207274250550e-01 6.095874899223556742e-01
-2.305554588155841467e-01 -1.478943422395029517e+00 1.440853058744987480e-01
-1.374880293874147785e-02 1.647349749449822598e+00 2.992152819876280567e+00
-1.566567149474532350e+00 -2.408471477635305558e-01 -1.643082414773076927e+00
-1.468511447404092340e+00 1.613065785001431829e-01 1.708625934410568092e-01
1.962276905155196483e+00 -5.175044285751042583e-01 -4.569503957836481556e-01
-4.149731131866701839e-01 -1.915713406994506762e+00 2.854795644693999268e-01
6.934419018641950760e-01 5.845070230037811010e-01 7.869895154328893083e-02
-1.393466458661445584e+00 2.086598986281458790e-01 1.017132789662583026e+00
5.373650347618664780e-01 2.005422222234270802e+00 1.001395190259924961e+00
-2.341134805004898567e-01 8.983409787483861431e-01 -3.975948762184529084e-01
1.717064036306772401e-01 6.278256008768710039e-01 -8.093677894798625427e-01
-8.147018112024930758e-01 -5.842844145211721907e-01 -2.000438771744399435e+00
-1.211099463201617432e+00 -1.893970856195192676e+00 1.910617916349241163e+00
5.739624428833223213e-02 -5.806176957476618661e-01 -1.584094113548896177e-01
1.806761993433906310e-01 1.471154835337279199e+00 1.657619467129285429e+00
-1.109823988817363549e+00 -9.293455810414223972e-01 1.865412013748356301e+00
1.767312363336780989e-01 4.799321207169928716e-01 7.816327558504255757e-01
5.218506495628539854e-01 1.060171801522693968e+00 2.184488461652843716e-01
1.086521449771013614e+00 -1.260017535349357454e+00 2.641101025493936549e-01
-3.460077668219769809e-01 -1.006538698972778700e+00 1.313322562991729114e+00
-2.559833752695119813e+00 -1.014179755951408746e+00 1.330947185517743270e+00
-2.649895406259584751e-01 4.163533516908426435e-01 1.215189908723773415e+00
8.787864318312488265e-02 4.878241279906127548e-01 -7.532602623756241567e-01
-3.656677838619304399e-02 -5.491115853776088462e-01 1.670898784488281663e-01
-4.577345796836319591e-01 6.634498610877339608e-01 -3.721251522579961390e-01
2.321179598350104900e-01 -4.066111496150648374e-01 -2.141020953024427520e+00
-1.217216875796437670e+00 7.534816549597807001e-01 -1.101089465007272672e+00
-1.755335204722441755e+00 -1.622119454784692216e+00 -1.589622618756137085e+00
-8.434200731318802768e-01 -8.292274953877692978e-01 9.880316159189939107e-03
4.303992637363928120e-01 6.006002046355655155e-01 1.167926572404328400e+00
8.073643918400648101e-01 -1.587418670973050006e+00 -1.156680915226349082e+00
1.348343564428409191e+00 8.275043536886594886e-01 -2.227330328746457422e-02
-1.348081126049538891e+00 -7.095908193829286725e-02 -2.550215391098071271e-01
-1.612140710057559767e+00 -6.249943757816766032e-01 7.881767409623652298e-03
-8.286556629039724120e-01 2.068638276463819814e+00 -6.244838713791084350e-01
-5.748102620082230496e-01 8.729191861486036430e-01 3.082610846518324399e-01
-3.154454806571931336e-01 -1.191208083951616814e+00 1.455290811566491982e+00
4.533477469091258816e-01 4.056119295749260334e-01 -2.113514134616399920e-01
-1.057844937595129764e+00 -5.275104623699629069e-01 -8.009365909622141455e-01
-7.630142155449093355e-01 -1.454801862147138802e+00 -2.234278658764295988e-01
-6.536113941146706185e-01 1.053998494388816543e+00 -1.121951889646655154e-02
-1.145959650571160005e+00 4.504505463810688504e-01 -3.959465361283451834e-01
8.945286137345662691e-01 8.410174302506225885e-01 2.268265896295146078e+00
-1.003899711961240060e+00 1.030317620099537423e+00 1.159153214151437794e+00
-9.197675803044674803e-01 -2.810327383848052030e+00 -2.607413032163073296e+00
-6.247443431330907959e-01 -7.728494188582113456e-02 1.036535208273156261e+00
1.867128201740180460e+00 2.653340489341290631e+00 -5.863221076876383719e-01
-6.358427006631772738e-01 -1.113868229661014508e+00 -1.752723484931825171e+00
5.063479998284778905e-01 1.281914902000401479e+00 3.187320593769068289e+00
2.492234450057875250e-01 1.164692357664569133e+00 1.607501412296735710e+00
3.205118338471678596e-01 1.150547787911232023e+00 2.580990975895237405e+00
2.968971567828710967e-01 -1.467560312030791403e+00 -1.993652095999610019e+00
-1.220919977652010768e+00 -5.591996249279116427e-01 1.264853772151693256e+00
1.285368658419816512e+00 1.092405998375708176e+00 1.587293647509602446e+00
1.539781371869023863e+00 2.005560367999322580e+00 -4.384549313076639976e-01
-3.971743424870124994e-01 -1.329696121383016738e+00 -1.120392708929138781e+00
-3.063109677547348753e-01 8.227969216621803250e-01 7.657962783530867235e-01
-5.928181974879646043e-01 -2.173699686921967134e-01 -1.346078784507892756e+00
-2.144606298634338937e-01 -6.121218044161631511e-01 -9.732397905205851796e-01
6.830648690214851104e-01 8.362651909080093260e-01 -2.342145843553143925e-01
-1.100276201854521796e+00 2.712282142944045571e+00 -6.999131512756802120e-01
-2.845695193375007426e-01 -9.649970012788489093e-02 1.041388087598224543e-01
-4.512786419652689007e-01 1.521017551616776986e+00 1.107500000127277229e-01
-4.730841015624337453e-02 -9.654410016271688377e-01 -1.801102905481250405e+00
-7.400218286007120838e-02 2.867316822993588588e-01 1.973661387081233398e+00
-6.388933174367859014e-01 1.539753867012684241e-01 -7.552781787062381458e-01
-2.995258620686597206e-01 7.870435052618393046e-01 1.754638752834898785e+00
-9.952130753535237684e-01 -8.395576121055623453e-01 -4.930036032407255076e-01
-6.248360769424705641e-01 8.163715756828113790e-01 1.736534113975379601e+00
2.061445300459294194e-01 5.505153426834203945e-01 9.965645950055181945e-01
-2.510555541256639600e+00 -1.618277524354552188e-01 -7.521991788301133353e-01
-8.396369943629771182e-01 -4.337812159437809401e-01 1.045445765709569930e+00
4.653017648222579350e-02 -2.944546253179912476e+00 -2.444156909603643069e-01
7.607764282687206059e-01 -7.453950264463432562e-02 -5.189229638765130437e-01
4.812069018143397825e-01 -7.685157694541857598e-01 -7.428764912946217436e-01
-2.978602533425267485e-02 8.286023809745838298e-01 1.712520179604900550e+00
-1.645019590987530922e-01 -1.150566125672236373e+00 -5.762567068353472433e-01
4.268971755049255634e-01 4.281965741602022923e-01 -2.582092963090971693e-01
8.861509664913633788e-01 -8.707637190722511411e-01 1.094190409580341417e+00
-4.185964233965409065e-01 2.361859028981528885e-01 -2.050453577795732674e+00
9.311692887185261114e-01 1.985193213748595586e-01 1.643933201985788628e+00
-4.965909128870354405e-01 -1.419637128766194856e+00 -5.061903290845444214e-01
1.277032687224066709e-01 -6.209898041368785426e-01 2.016935943630068229e-01
6.903635168909605380e-01 1.100050988838485289e+00 -4.448555618155974889e-01
5.429880809459730617e-02 -4.373521842566102658e-01 -7.420851481659092030e-01
-1.527977870700911511e+00 -1.453231091357753080e+00 4.247338044473010221e-01
-9.579792821900987576e-01 6.802745532489865576e-01 2.628519252155448460e-01
5.313573410048008094e-01 5.695700276683203223e-01 1.384303297533276522e+00
-1.469058479939875372e+00 -5.920703303710463938e-01 -2.801121111914857131e-01
-8.221254201112127014e-01 2.626561391328726680e-01 1.421483091193174397e+00
5.450832842613217988e-01 -2.651717238882891792e+00 5.084740703265464568e-01
-3.321960952179052184e-01 -1.585783769535630716e+00 7.228964524171725969e-01
-6.094973569940991265e-01 1.396574481110374855e+00 9.938781816540163128e-01
-5.671483138344346475e-01 5.462475193200180268e-01 6.452155400936671059e-02
-9.124703081717761011e-02 -1.483890854798336933e+00 -6.492543199511368046e-01
-1.790733114691573924e+00 -6.250332688909574497e-01 -8.010238763182118138e-01
3.656967458199875676e-01 3.645042953705549538e-01 2.646467546019976025e-01
4.319340095922663547e-01 -2.118099897263461262e-01 -1.037689451180256128e+00
2.222938373036405402e+00 5.444945916660259844e-01 1.289487779136069268e+00
-1.825657266034610426e-01 -9.727234069972630071e-01 -1.847165467939636319e+00
-4.548946549012893303e-01 7.132693270303522848e-01 1.117145235369262357e-01
-2.596709552659680065e-01 -6.401934775902530239e-01 -9.163254054122144110e-01
-3.843516659071519181e-01 -1.088383324207838676e+00 2.725726228852475286e-01
7.970399064170845538e-01 1.207468991672827840e+00 -5.100743816688033672e-01
-8.013448942346288462e-01 -1.176745307410007824e+00 1.305472265381664831e+00
1.345476968990170885e+00 1.398254858150072222e+00 2.186388285240099538e-01
-1.027341577426847508e+00 1.355115442009680482e+00 -3.396552047468400781e-01
-3.509568812282586325e-01 7.771898232660992001e-01 6.633078846410618290e-01
-1.176159450932830808e+00 2.523714499627452978e-01 8.810779851199784796e-02
1.301969585539971552e-01 6.836420048621396628e-01 -7.383506786509079767e-01
5.117665239615989403e-01 -7.246796014147136589e-01 -2.841217450505235109e-01
-3.552232087656505000e-01 5.521262501311664517e-01 2.111501561135711746e+00
2.250716537103026882e-01 3.318441256357704816e-01 1.205248257449066607e+00
-1.299946759026249010e+00 -1.575369059296755747e+00 -2.531835028062873860e+00
-8.747286586878129100e-01 -3.526508484268749966e-01 5.093775180703827843e-01
5.329016336160198319e-01 1.616567399313099784e+00 8.741268204517628204e-01
2.177562508582510326e+00 1.052911363894733165e+00 -7.628939762712110273e-01
-1.534836184867024222e+00 1.526362342664039806e+00 1.131580003479564223e+00
5.931299828256925144e-02 -2.054596417025099653e-01 -8.819035658704419411e-01
-1.408210171707393599e+00 1.807453350305505690e-01 -1.175965689842713435e-01
1.903318496948011029e-01 -5.682408367409538252e-01 -5.370100102056561964e-01
-9.612952829267956689e-02 6.505478673507794074e-01 -1.359125331309322782e+00
1.030827370110484198e-01 -1.807567507185873446e+00 -1.727446086163199612e-01
6.674694950211508271e-01 -8.737883193439959228e-01 -1.519981560418204536e+00
-7.132445603653934096e-01 3.046018791088127564e-01 -1.003818956660467610e+00
-1.268144929032367196e+00 1.753206126709095480e+00 1.287069396056360393e+00
2.516061981418343807e-01 2.158166508697624941e+00 6.520968021131503534e-01
9.771248042427764791e-01 3.896206705637994538e-01 -3.319900758853775447e-01
-4.436245631473889617e-01 1.086318740735177646e-01 -2.855975171775382293e-03
1.619027697087412898e-01 -1.515155910444586640e-01 8.183009731210271198e-01
1.433722835317793765e+00 1.343797079579597709e+00 -6.510640893896773029e-01
7.462293239820074753e-01 1.791162497206560289e+00 -6.343444169312311143e-01
1.224054215100053744e+00 2.050228920093722706e+00 1.346931280633536065e+00
1.290043060775885042e+00 -8.865643836007541800e-01 -1.353274924699083614e+00
1.362963527969968780e+00 5.056960963227243866e-01 1.871600617423246238e+00
4.801933802350301095e-01 -1.325645273339852270e+00 -1.016326645462966249e+00
6.596027829369479623e-01 -8.816272366924422510e-01 7.133125436181076973e-01
5.451648622588157744e-01 -6.317980953151045576e-01 -6.383756021630335731e-01
1.506336474097179634e-01 -6.691181554478422555e-01 2.966857367119343225e-01
-5.083315910443464425e-02 1.129973456330712001e+00 1.229218577978215876e+00
-1.690290714237397296e+00 -1.930271877955652693e+00 -9.813178294058155782e-01
1.514692939392908166e-01 2.551129950868704643e-01 6.721535500842423794e-02
4.368980538147784198e-01 -7.865860963523887417e-01 -4.598544227922103378e-01
2.494778827770930185e+00 4.475029668486314449e-01 -6.940522621293483407e-01
-4.331283973111793029e-01 6.729378611918448438e-01 5.029979498359185008e-01
3.253664497288100144e-02 7.558054530536587601e-01 9.367401242067368017e-01
3.577926520139511624e-01 -4.358748262694354669e-01 -5.296134156083994737e-01
5.643301920889888246e-01 1.249734806391172848e-01 2.950160958947606327e-02
-1.242414452798010771e-01 -1.214984481991934429e+00 -2.543901844147798963e-01
-4.050448624660811792e-01 -4.511833334801919060e-01 -1.196422124556852928e+00
-1.238714366513830933e+00 1.223010986132109679e+00 1.300450427360249961e+00
3.420923851031166807e-01 -8.724330251245032697e-01 5.057727494424906212e-01
1.631710848472258668e-01 -1.007308556877214656e+00 4.115482665437930621e-03
-5.611886949630380261e-01 2.419644865393103306e+00 1.752852282947677365e+00
-5.881596759448448619e-01 5.884137206334376646e-01 -2.391966321850230059e+00
1.545524088142657959e+00 -1.837631283706405716e-01 -1.814159847365413025e-01
-1.318566681934649099e+00 2.358751616643486315e+00 -1.501659769541176193e+00
-6.662615649495901016e-02 -1.243040722608288906e+00 -2.274938104767787461e-01
-6.183853649739994296e-01 1.924995745963170135e+00 -4.628189117995792357e-01
1.260964377279581772e+00 -1.347488666702148508e-01 9.365781608859067298e-01
1.104508997676680870e-01 -3.768541029641222506e-01 -9.730881640690114409e-01
-2.833674907628249695e-01 1.287674726406032644e+00 -9.315069317582380659e-02
-1.641066500936860573e+00 -1.047265232094891418e+00 -4.008516411884754937e-01
-1.075258761937821994e+00 -2.624677068537650815e-02 4.839568835604805552e-01
-9.303880249403042590e-01 -1.119282026914867334e-01 5.137445750785000209e-01
-2.766874582506380076e-01 -5.506083456913635210e-02 6.552608465297902196e-01
1.163106255485320872e+00 -9.634976901515650560e-01 -2.789759574444981460e+00
-1.821807171171686335e+00 -1.645771834859432792e+00 -1.003873329417952265e+00
4.722416853286551808e-01 -2.846284840565151075e+00 -9.248286697380404542e-01
-3.051676013120252939e+00 -1.202348835632227608e+00 -1.299276377057153042e-01
6.432214520964362192e-01 1.323369797990417762e+00 1.836454826298375531e+00
-3.311273226308847351e-01 2.016964166003576420e+00 9.992423806676060671e-01
8.457702247237599558e-01 -5.676418697520102530e-02 -1.246241175407556634e+00
-2.842790790009144253e-01 -1.020709695456232025e+00 -1.973635090242394030e+00
9.291324634658759685e-04 1.471086003840689771e-01 2.389210403766444557e+00
3.523581607503651902e-01 9.548030408192964558e-04 2.311958058875194233e-01
-1.206426388917134052e+00 5.350620353263613183e-01 -5.541815149303035426e-01
-8.163212407376461144e-01 -2.409952952610353805e+00 -2.133280736012060252e+00
-6.000900218777130979e-01 1.329897546378598694e+00 -9.461735623350735480e-01
4.623656038750946218e-01 1.222899602530496121e+00 -1.073916066667968128e+00
-2.834446609289604790e+00 8.122965834653996797e-01 -3.464052691235124937e-01
3.317145174107416494e-01 6.700905056852256569e-01 8.284323448692203495e-01
6.202154999703206606e-01 5.403988950368572297e-01 1.565090876166134182e-01
7.684012355450452469e-01 3.854763904314251755e-01 -3.447964364145139626e-02
2.375759938888796219e-01 1.247791855013085982e+00 -5.256703509102256255e-02
-8.595290657986371929e-01 -1.442311137331150128e+00 -1.595932064795057559e-01
-2.748645880048158130e+00 -1.311854063825429240e+00 5.624825004163340747e-01
6.625586145442884378e-01 1.430709686628919730e+00 -4.782912267306829168e-01
-3.787359902304540116e-01 -2.785196099757467181e+00 1.777627201388368938e+00
8.660624067967759299e-01 -3.265670213603656391e-01 4.389072277432948255e-02
-1.265072669694755403e+00 -1.265082653172323823e+00 -4.633703493445434640e-01
2.056627682939871082e-01 -3.159377141107421183e-01 -2.045719084186656822e+00
-1.871101796317642396e-01 3.304667754309821071e+00 -1.359208269353677334e+00
3.227179983405313868e-01 7.378087568488693737e-01 1.623824010280056740e+00
9.365634686417082522e-01 1.111105979529392940e+00 -6.732212400509842709e-01
4.413738063927022393e-01 1.309421877000203072e+00 -1.751963906101141610e+00
5.085337030122216717e-02 -8.237691812058729468e-01 -2.145478197517361352e+00
9.150802399419331046e-01 -9.149738109931260244e-01 -1.169385442234295747e+00
1.406149933905370464e+00 2.125661213267632910e+00 -5.148545523756300479e-01
1.215853890112551516e+00 1.878973372091724547e-01 5.011769503058455255e-02
-2.482658819193811484e-01 -1.567399593885744125e+00 -2.542568076535515420e+00
-7.853749202123104789e-01 2.005218203904698404e-01 -1.294351994469970513e-01
1.406352648769902736e+00 1.920060254129354327e+00 9.454463911318703451e-01
1.209582938437861577e+00 1.613617545651579555e+00 1.965025690232714339e+00
1.306154472848843895e+00 1.413967770019123882e-01 -2.605325030744745085e-01
3.939447423021414929e-01 6.051021013476879373e-01 2.667392366518831492e-01
9.395205988016170906e-01 -2.063438521951325155e-01 -2.410138596635356123e-01
-1.024980025849298038e+00 -5.136003705981804224e-01 -8.161508698225955483e-01
9.143044408298413028e-01 -9.234471611107231137e-01 -1.092464210045323236e+00
-2.217423365021248260e-02 7.741000735896652607e-01 -6.863133842242655769e-01
-2.266863182450219227e+00 -8.266847906419696468e-01 -1.122969885945625190e+00
1.493961869701948997e+00 3.180347668554823759e+00 -1.064460013743382394e-01
-6.709580634122369602e-01 1.093473391993552424e-01 -2.235737162276659529e+00
-1.003024915276277129e+00 -1.248656966359745546e+00 -1.093821196657826178e+00
4.616161672729938714e-01 2.280845963286668443e+00 -7.444799819275482733e-02
-4.190670617851121049e-01 2.972294814618919867e-01 3.392168127270094313e-01
-6.848793656094549487e-01 2.179598319318604815e+00 2.461824880580977926e+00
8.287541974041778836e-02 -1.129650385765077925e+00 1.938815233155299911e-02
4.089092307300165596e-01 1.726229944295552432e+00 9.818363981688194020e-01
-4.191325843323364664e-01 2.347336460202582131e+00 -1.490568761255470109e+00
9.177153174730343643e-01 5.422747579539112239e-01 1.653532667859804350e+00
6.767330578958574705e-01 1.568269333841399327e+00 -8.173701166129880846e-01
-6.694718362483726981e-01 -1.747054218679264803e+00 -4.199764611814718052e-01
-8.437108615342132634e-01 -1.025454338538837717e+00 2.673877089009095709e+00
9.972667767666957284e-01 -2.580200906472195355e-01 6.713559693636430570e-01
7.779158539872297329e-01 2.727377122016128030e-01 -2.252208745661779865e+00
8.298778637141897008e-01 5.915527444709980376e-01 1.558125600210540362e-01
1.236580345551326232e+00 4.633250810416302823e-01 -3.792234056293467548e-01
3.439681828651982576e-01 2.665856685875219956e+00 1.705522490260062307e+00
1.379244361163407540e+00 1.990050486206631941e+00 -9.863261829723102281e-01
9.657315439749951658e-01 -2.287990322208014238e+00 -8.463371132035115707e-01
1.777352110717979938e+00 1.303455079142137318e+00 5.638482735359832132e-01
-3.017732338559742100e-02 -1.337707621450757944e+00 -1.481795153217850380e+00
-4.703378358624110689e-03 -1.125803498332094144e+00 -9.907227880000919473e-01
-2.216936008382347501e-01 -2.589364349995899595e-01 -6.971413169008864319e-01
1.209028534127823518e+00 6.829959834327028467e-01 -3.555866440963639796e-01
-7.661676126865246683e-01 -1.083907334930485300e+00 5.768022480539202190e-01
-9.806536082807630894e-01 -2.169775766885910229e-01 -1.289011954625461698e+00
3.361848703298410124e-01 7.431693027667936047e-01 -1.387295216237617534e+00
1.862364119523965411e-01 -1.276463852047711400e+00 2.057699572237871588e-01
-5.826919646042687528e-01 1.457897951584411489e+00 -1.938063669492503749e+00
-4.640535957814840295e-01 7.627668284697539658e-01 3.337742802912047058e-02
6.777923506777288054e-01 1.313910749088596841e+00 1.775453194992994144e+00
-1.074486741119506705e+00 3.683701436013746555e-01 1.445594857060921834e+00
1.565177039305742035e+00 8.101355374612755345e-01 -7.283491835530082614e-01
3.885696149311946845e-01 -1.343537957185653720e-01 -1.049348407139343298e+00
-9.730157193693704798e-01 -4.701172458295789225e-01 6.858719087005493709e-02
-1.153097902182559364e+00 5.716713566723288231e-01 -1.088640020578153234e-01
1.137223455875197020e+00 -1.003627430457141756e+00 1.446980188706608716e+00
4.383909580110247894e-01 -1.799266733599647061e-02 2.191985786367022793e-01
2.287549948255382049e+00 9.706954158757042928e-01 -1.678401818512283761e+00
-1.519067371955689527e+00 1.936459126274591713e-01 4.866162161320535251e-01
1.502302339658308838e+00 2.814190572562819126e-02 -7.527112948291685424e-01
-1.616620338001701906e+00 1.606037540855541845e+00 -6.609227288239843956e-02
1.424339298856513558e+00 -2.025880653002802401e+00 1.803651563976141903e+00
-2.565265327165018316e-01 -1.300386206520218302e+00 2.928381215291393502e-01
1.108996673003852518e+00 -2.967945484974743309e-02 -1.127394394187175131e+00
-8.569587023689746452e-01 1.020699952566992641e+00 -5.611063603043232595e-01
5.560862205613369413e-01 1.108928120026603237e+00 -9.540130881369635052e-01
4.887016697364598983e-02 5.411599267176666617e-01 4.050699432901614383e-01
1.967077472317943609e+00 -1.518305091189190215e+00 -2.251671289710613366e-01
-8.931840438204174948e-01 6.170951522390331068e-01 -1.337358079380482900e+00
2.208626898418367013e+00 -1.506269733082981066e-01 -9.082171265023357698e-01
1.476510186422993254e+00 -1.406011039376892757e+00 -1.686134581243487363e+00
1.953160670708230739e+00 -4.652508743823660642e-01 -8.887501745256815022e-01
1.033888342886065903e+00 3.838458148416222793e-01 -3.071621710345205924e-01
-1.908102374799598433e-01 1.672863397425065068e-01 -2.145244146249003503e-01
5.059231866179388915e-01 1.146904588401571168e+00 -6.842105804068678854e-01
-4.159886582953609135e-01 3.151661176862502467e-01 -6.172401634766289114e-03
-1.148227971699999905e+00 -3.982680277926078927e-01 -1.719644482987926493e+00
5.429821161808456864e-01 2.463613522146647083e-01 7.654234482654103111e-01
-1.405387365022987778e+00 1.391702542926649411e-01 -4.328745084837240520e-01
-1.137755971874848449e+00 9.278272611297463390e-01 3.537632461327604450e-01
-1.783155761312317900e+00 1.067891001891755787e+00 1.454253408798958924e-01
-4.597723351648951851e-01 -1.238749698351804263e+00 5.084025718205571476e-01
-1.486712270885338416e+00 1.740202802267922788e-01 6.010444607781426640e-01
1.646998800802074836e+00 -5.765023254583068191e-01 1.323459321433447133e+00
2.869373463099428867e-01 3.491997211036578230e-01 1.013460340072989352e+00
-1.087161658730285252e+00 7.257887425226268174e-01 -3.367423263174118553e+00
6.058158300521987449e-01 -1.000840396063874094e+00 -1.904363133297080957e+00
-2.033471272810030150e+00 -1.035880271146663478e+00 -2.303902972336948629e+00
2.126401684309902618e-01 -1.157964982702257783e+00 -1.382507600949138160e+00
-1.267678534243829702e+00 -3.073677068549981461e-01 1.097682561889482100e+00
1.934817966862334426e-02 5.917146554624685972e-02 1.503220569231378811e-01
-1.385979590364980307e+00 -4.891439919597934116e-01 2.190096703560706626e-02
-4.177122581640474452e-01 -9.380012866801263893e-01 7.957080699229124310e-02
3.816757192295613388e-01 1.195450173890139300e+00 1.848362154921805445e-01
1.490576942179105968e+00 -7.761136123301047851e-01 7.247954907166291871e-01
4.410082675600200952e-01 -2.600238692764599291e-01 1.811163496946060825e+00
-1.138545383977138670e-01 1.303414750959327240e+00 1.107380484305440782e-01
-2.944083960451173265e+00 -7.700735909605522789e-01 9.756130003800476125e-01
-8.200528381992567839e-01 -4.448941203570475067e-01 -1.337403667276667374e+00
1.659370552183265790e-01 -1.541854151819769037e+00 6.117854223501950628e-01
-1.366817480817039021e+00 1.200268149230966364e-01 -6.037208184169822189e-01
6.619127921859846442e-01 9.381223789033380500e-01 1.648075489381243264e-01
-7.312555491989576328e-01 -1.637434249292882282e-01 5.816394799717459207e-01
3.503820224118797122e-01 3.120555133832627615e-01 1.049584765338854364e+00
9.424599053844135987e-01 -1.465046232590563102e+00 -1.103180556933631262e+00
2.535232765334356486e+00 9.156264955207009670e-01 8.425127608982746485e-01
1.127962560323382935e+00 -1.335657993741387273e+00 -8.132151287787514615e-01
-1.407949950871630440e+00 1.472440807758998993e+00 1.087384873421775477e+00
2.016583526526854797e+00 1.563966430001662022e+00 1.780882212764181238e+00
-9.443610187762614405e-01 -1.549013909582440007e+00 -1.536514447783909665e+00
-2.134532850156123374e-02 -1.249535672278714316e+00 -3.343001957556751558e-01
3.425220894412517314e-02 5.510096567237079412e-01 -1.235808074488081054e+00
2.011109705824492000e-01 6.612346102076760435e-02 -2.265330701631132371e+00
1.551359389708324432e-01 -6.754471262181682700e-01 -1.942920706212378779e+00
-1.494786554567514303e-01 1.694341886008090547e-01 4.705407609177257311e-01
2.886832315137410898e-02 7.192277316191341141e-01 -7.223598336713117352e-01
9.754254809634786971e-01 -7.001120851403628276e-01 1.797494334119192683e+00
-9.292004771771272820e-02 -1.057902248922737432e+00 -5.407464475396966952e-01
1.836892899524052769e+00 1.537167292621491432e+00 -4.233628721293054564e-01
5.310817791697487467e-01 3.207741746528239846e-01 7.812552978463456199e-01
5.543935930189487493e-01 -1.273010354756660689e-01 1.498570836341790891e+00
-1.770352203283677817e+00 7.097011750125855611e-01 -1.104396534336862246e-01
1.499932861272351481e+00 -4.653379744449659405e-02 3.364189642514825440e+00
5.456792190800493492e-01 1.834763756717445737e-01 -3.374430836445805326e-01
-1.231435919952276414e+00 -5.678671184268422323e-01 -1.173027009553226363e-01
3.849995173595193720e-01 -8.133500365636145979e-01 -1.248789257326119895e+00
-1.628358322901632405e-01 9.049630504506425144e-01 -8.387679837218223744e-01
1.554051775502824473e+00 -8.339753262817113377e-01 6.056726905559641772e-01
5.361289508939253157e-01 5.399590718428326497e-01 2.008545522624297641e-01
-4.136908646145659452e-01 2.598140223476060662e+00 8.038166499189776104e-01
-1.000100427925983970e+00 -1.903169237793389312e+00 2.233562754142013329e-01
1.908813463979270431e+00 2.109743473045962991e-01 -2.190840122858858097e-01
-2.279088698981076577e-01 -1.384386581067465483e-01 -3.542064805690418039e-01
-7.408284704795040643e-01 7.300337025405718716e-01 2.638864434272509274e-01
5.529553139733756062e-01 -5.399244868857073776e-01 8.762399751610125964e-01
7.860492112319614755e-01 4.268837833343832600e-01 4.506024196650645353e-01
-1.736167655109656649e-01 7.062411570924247428e-01 -1.066889671335206735e+00
-1.631696548881223841e+00 -1.006493846289929106e+00 8.431645216766563422e-01
-6.122953683841771966e-01 -6.507538072109958494e-02 -1.341500208339123645e+00
3.865639218411537903e-01 1.882180375184467236e+00 1.004927237048052202e+00
6.462551155530313896e-01 -1.343196165030171141e+00 -1.245273440158315648e+00
3.015356901769220554e-01 2.016746873425829256e-01 1.553452304351537361e+00
-1.662359270255469257e+00 -1.344009662884960932e+00 -7.218370905477070609e-01
-3.527832870675704502e-01 2.676765842577274457e-01 3.483521050791164031e-01
-3.965005230397217195e-01 7.324435239601911896e-01 -3.434526388710597455e+00
-9.122500491935219280e-01 -6.692316365325221561e-01 -8.183827493462680902e-01
1.482920611956720425e+00 4.916939669864655027e-01 -1.035041495367945874e+00
1.533200225697197272e+00 -7.524198642611433785e-01 -7.519890870505177016e-01
1.141283598242769592e+00 9.969196634937659285e-01 4.205784894050685896e-01
-7.866298553689289319e-01 -2.030531154696594065e+00 -1.005413041725410572e+00
-1.099899445943328447e+00 -1.010807437303276046e+00 -1.539809604127091447e+00
3.434800296137622277e-01 1.525570019468097449e+00 2.248149096149217208e+00
2.230013595882767707e-01 1.724602951727503553e-01 1.522459722283994177e+00
5.500110400103865871e-01 1.308374913663327144e-01 1.581222205762257138e-01
1.697191198184602845e+00 1.548289797993904537e+00 2.744441010932979541e+00
-3.520375172093196947e-01 -5.551575509109791806e-01 -1.259978437960092235e+00
2.927728551243306554e-01 -1.031781878198177571e+00 2.542725451663228053e-01
-7.303336811327119094e-01 -1.025398073113012343e+00 7.531093110346411823e-01
1.589325778807165745e-01 -1.022060261271355408e+00 3.789778162752260871e-01
1.631070887513755840e-01 9.681725614541373259e-01 1.332298419378127541e+00
1.203331435096532731e+00 -9.398970020774748413e-01 -1.368778439780540923e+00
-4.083052693283361623e-01 -5.511038962378423944e-01 1.609238133237907320e+00
-5.933761847410725654e-01 2.278539472248514386e+00 -5.438060470308225813e-02
-3.262815448059693813e-01 1.345850962275851215e+00 -1.644449185659637713e+00
2.090222084833532890e+00 -7.270185393417201158e-01 9.514812406291864866e-01
-8.344325715030724844e-01 1.125096355389915592e+00 -8.380695304497202125e-01
-7.201444418862579244e-01 1.503616810985535235e+00 -1.064690316294123029e+00
-1.081009660875652756e+00 5.950353218772266306e-01 -9.122009702950184540e-03
7.194115967789822541e-01 -3.563188748342109302e-01 -1.366988180378330364e+00
1.270961019936700742e+00 -4.684995024368605598e-01 -7.954060055750378222e-02
-1.115860807659981635e+00 -3.246937704808642300e-01 -1.008712582301683147e+00
1.601486218874105916e+00 6.173681081770860946e-01 8.768357374186457331e-01
7.685116038865158483e-01 -3.808050151589209564e-01 -3.673482571315758172e-01
1.013348830598299832e+00 3.762170970597171760e-01 -2.474400136425749519e-01
5.477810345825745442e-02 1.716089154684537599e+00 -2.575879566730483461e-01
-2.814575088580760998e+00 4.911235613126502253e-01 -1.277438714419265042e-01
-2.053674555902382792e-01 2.459355728373874284e-02 1.265271709158971802e+00
2.559836349033750569e-01 2.685892334331170805e-01 1.003215353710961155e+00
7.708071709071548927e-01 4.946932176131481618e-01 8.242999808705340214e-01
-1.177217790695516575e+00 -1.420129093877996684e+00 -9.642083565349173213e-01
1.516552933538607428e-01 6.814620397992954270e-01 1.063760629950740721e+00
3.167191709494812102e-01 -3.293570071600139260e-01 1.669434849720725089e-01
-9.914026768791117661e-01 -6.409855162314370691e-01 -6.680073454848892700e-01
9.204691016336025156e-02 2.484397465988169573e-01 1.004844361042656287e+00
6.319243194768129346e-01 -1.716621074642344702e+00 6.016413942059484210e-02
-2.870339307914088200e-02 -2.861296763848016345e-01 3.133929876428183103e-01
1.936736411962390880e-01 1.523827762050698142e+00 -1.938727112210615333e-01
1.124722380358386564e+00 -2.063749885950787011e+00 -1.568975924357123963e+00
-5.428450946848439873e-01 -9.882885902855167437e-01 5.530051763584942215e-01
6.929918297645292213e-01 -1.547480711684096955e+00 -8.275190275422796837e-01
-2.880853845004147207e+00 1.753130183631639749e+00 5.753590381113189434e-01
-2.430348056486801411e+00 7.328570185871357001e-01 -8.620023380826644654e-01
1.820512600075428367e+00 3.323723686654156406e-02 -2.571991230847003873e-01
9.518681900171190868e-01 8.699491914387587066e-01 -1.531425592258590096e-01
-1.617010409587647191e+00 1.346176706479084162e+00 8.848988795323748935e-01
1.723496390967639846e-01 9.250255517465715283e-01 2.015521024240611858e+00
2.267422335969859759e+00 -4.835758750703726960e-01 6.804753252855215706e-01
5.369516342447959723e-01 -4.941493064493256981e-01 -1.243716806613551551e+00
6.043877305024671909e-01 -3.371117073847643031e+00 -1.318854312281373620e+00
3.827068011051771301e-01 -1.269984080025601259e+00 3.493937469087790015e-01
1.804830970232931708e+00 1.524295171720063680e-02 1.233431979686648194e+00
-1.312382586404400309e-01 -1.221362067956039965e-01 2.369873069330772353e-01
-1.474170467003454554e+00 -1.212425629167765084e+00 1.437996391745447688e+00
2.681099342216698433e-01 -6.520604707384569654e-02 -6.516697740529084903e-01
1.233683333677723537e+00 -4.224718022991327260e-01 1.588470942454558998e-01
1.383531173348568455e+00 7.337210750954739069e-01 7.133012504600204640e-01
8.109662745154011532e-01 2.762293745904362829e-01 -1.818809181931782426e+00
-7.491610035579427951e-01 5.547358424671170463e-01 2.955183371867708964e-01
1.067239872125592237e+00 -7.499697451956628402e-01 -4.001521772273642918e-01
1.190185013164844152e+00 -2.305276449956110696e-01 2.229620351829255664e+00
-1.991588197478228350e+00 -1.794131492985884702e+00 -1.909850746013937450e-01
1.518575089741011297e+00 5.950758113796041915e-01 3.886150719122960506e-03
-1.448875752710484521e+00 -8.446267457283925806e-01 3.152369085268780236e-01
3.737540595612686145e-01 -1.629561390435956048e+00 -2.490849936391383856e+00
-5.697730279366974848e-02 -3.083661223577097932e+00 -3.652763932619971232e-01
1.616372615449238381e+00 -1.202610063505131111e+00 -5.800622391425093172e-01
7.548315333604613819e-01 -1.390964648351558086e+00 1.266170850657178715e+00
-1.020502914255286608e+00 -6.030099287233335881e-01 -1.440918107393446501e+00
3.569646472657319602e-01 1.725899377791219935e+00 1.032226737472907274e+00
-1.342408253850280619e+00 -3.366615308602069478e-01 -8.494469419838948099e-01
-1.530707260063385755e+00 -1.284687908298750791e+00 -2.705311395272862462e+00
3.520941834354284206e-01 1.516498490884624628e+00 1.125147716876902848e+00
-2.081205150335810217e+00 2.660313380707470809e-01 -8.614625913424416304e-01
2.049289670630364490e+00 1.035985053690613444e+00 6.667157078169038131e-01
-4.465968326397824484e-01 -2.662392837876099705e-01 -1.374332122158375746e+00
-1.086737348567873962e+00 -5.234835502462713563e-01 2.545084574273673850e-01
2.310423418863508105e-01 2.072360112291709022e-01 4.753059796778602020e-01
-4.600299971932613197e-01 6.710860496503443517e-01 4.802791391077421701e-01
1.021155134269597253e+00 3.515672226223383046e-01 4.392057626946920812e-01
2.434415705499504701e-01 -8.207230374981056009e-01 3.798007919414038702e-01
-1.254524577787344830e-01 2.934493224861632887e-01 -3.914147026922598638e-02
-2.233847844006625394e+00 -3.969255214352294114e-01 -2.112229902630569978e+00
1.957961290009208932e+00 1.706299308350507804e+00 6.786832634464831093e-01
-7.724583309847199430e-01 1.358416311769503393e+00 -1.025143746471632422e+00
-1.353290164881132851e+00 -1.823819438010144234e+00 -4.955492648907462994e-01
-1.077081550569620960e+00 1.647523964032370447e+00 4.071331386092238436e-01
1.720053109989045925e+00 -1.048786628958686684e-03 -1.394075112653253568e-02
-2.939285794015338293e+00 8.027061525358814009e-03 -2.609576820707863565e+00
-6.477898288940060478e-01 2.223003974449135001e+00 2.403064993767141666e-01
-1.069015428419491265e+00 -1.573840436040377044e+00 -1.735573177374222231e+00
-1.184481415023272088e+00 -7.168478536783287058e-01 -2.398792969653085194e-01
-7.321927518146407188e-01 -8.817874444358781982e-01 -6.998231955445136654e-01
2.494785405372586529e-01 1.627631577565679555e+00 -6.870570117290353274e-02
5.486938204774088890e-01 1.966795674089725887e+00 1.327999352200584404e+00
-8.002715278240470909e-01 -1.452893356061184527e+00 -2.145159703615909130e+00
-5.365014946955336539e-01 2.031141144855278524e-01 -9.215638125477598752e-01
2.192097748405005486e+00 -1.181600508945861439e+00 2.307059408283492541e+00
-8.214367674528526564e-01 -1.229197450895653243e-01 -1.559365966538714732e+00
-2.083766562700681391e+00 -4.344582193178373464e-01 -2.589194529616375196e+00
-6.494992829009635926e-01 -6.152729655410351661e-01 1.774723191097461683e+00
-1.683804952056790594e+00 -1.259398608194130187e+00 -7.179542114363824945e-01
5.110139253559442540e-01 -7.155146817666017123e-01 -6.122335361072117621e-02
-6.861045118300268530e-01 -7.448554460695062662e-01 -4.782244693348187692e-01
-1.299722879442976264e+00 -2.480534264544055567e+00 -1.710443149824832254e+00
-2.037148537316052499e-01 -1.435365050337948922e-01 2.471934359064517750e+00
-2.589565174004190506e+00 -1.513894657009738909e+00 2.012736760438762484e-01
-1.624939731812653276e+00 -2.230612990873867663e+00 -9.533689490777291775e-02
-1.201349217593908891e+00 -1.566824730632961238e+00 -1.522201122850436183e-01
1.041765201584848421e+00 -1.017985313888480459e+00 1.443055895605219296e+00
-7.898409142496213287e-01 -5.461377157802410620e-02 -1.895735094553005484e-01
-1.570225699550199527e-01 -4.808574565699436087e-01 4.842515737748686044e-01
-6.224428711701348593e-01 7.906235757341472103e-01 6.204068580331105753e-01
7.761272879668190683e-01 -1.691207788340147511e+00 1.986930675619014153e-02
-1.730220802957750825e+00 5.031507268153683210e-01 8.229270354796913711e-01
1.344474253231839223e+00 3.571923722673873147e-01 -3.529573316304317476e-01
-1.244200209412599234e-01 -2.979880545511865431e-01 -2.554577934041765808e+00
4.799265152200447027e-01 2.197839043324434805e+00 2.551845198724511099e-01
-1.458986526259148930e-01 -4.768262948981615845e-01 -1.573324501224813377e+00
-1.681226958622505929e-02 1.414607196926776833e+00 4.251004105778676267e-01
-4.881993185668109803e-01 8.848544531045042794e-01 5.120721656140825306e-01
1.597495380122485042e-01 1.579521978920613634e+00 1.790315920905267255e+00
-8.408493964433940704e-01 -1.459606844207731458e-01 6.685483473324829173e-01
1.451829948479521182e+00 3.341808771251075783e-02 -2.464115711751379223e+00
