-5.838420878819718940e-01 -2.567604819749742529e-01 2.207743221099400355e+00
3.132365953782366708e-01 -4.007767414363043734e-01 -5.261990878717281994e-02
-6.624925264469339048e-03 6.087243210214676736e-01 3.517540421381822879e-01
5.411881736622174977e-01 -2.612535544740585358e+00 2.018803230539735205e-01
7.837267402949916750e-01 2.248306729117699909e+00 -7.393851249171052853e-01
-1.737816456208862492e+00 -6.405934560568620206e-01 -1.727193825188118259e+00
1.297524939916568254e+00 3.310253684843406097e-01 -8.404379872988547717e-01
4.324980838105287329e-01 -1.439291497482657611e-01 5.733998490014720062e-01
-1.515399917322038381e-01 -3.163123159852928579e-01 -8.666510038068744315e-01
1.467708218614703464e+00 -1.387092700527605693e-01 -8.914802392016429877e-02
3.885950552669582558e-01 2.751425490429187937e-01 6.832843580006535689e-01
4.635225852077886621e-01 1.572210014319474380e+00 -1.708792861504073723e+00
2.560101917667950477e+00 2.076477148622368318e+00 1.378924556307199900e+00
1.283208954453300410e-01 -7.811950081601060081e-01 -2.998577136136055810e-01
-1.319254267570307837e+00 4.092398756734891285e-01 1.413956258544828870e+00
-2.759530489040548651e-01 -5.269912197792344655e-01 -2.451551877283355552e-01
-4.006618637619889234e-01 -1.607900799912953538e-01 1.064591369979150270e+00
7.302759769080646723e-01 -1.504095289190079843e+00 6.339531069924864148e-02
-6.344434828869095488e-01 -2.180752199709292682e+00 -2.419045470204990167e+00
-1.288395971361823711e-01 -5.585275549475798851e-01 -8.217136064983108223e-01
7.757874300023970271e-02 2.302926822586763844e-01 8.635665377894967687e-01
1.043415959168845664e+00 3.343977836019293104e+00 1.376687831053569067e+00
-1.479443527336093966e-01 2.374239100600331054e-01 -3.716390911913354245e-01
-2.073174138393204746e+00 1.708695200612792009e+00 9.454662014853181251e-01
8.467257275951494133e-01 -9.107340884263298575e-01 8.606815573086179505e-01
-2.315431002351850398e-01 -1.735709756440833917e+00 -2.627559697566242303e+00
-1.130302309070437827e+00 -1.397705559567892664e+00 3.358978067165523385e-01
1.292031820414450527e+00 -6.734576080323906311e-01 -1.558560128530377398e-01
-1.254085058487262927e+00 8.256046303796393815e-02 2.465022516827678478e-01
6.989192664533941945e-01 -2.147734872491788849e+00 -2.146083222905382559e+00
-3.180147505999046387e-01 -7.227288537067554364e-01 -1.553915242782559214e-01
-3.795506690207808287e-01 -6.066901322440332311e-01 1.248163968040841842e+00
-1.614149873374413069e-01 -1.181542660575931603e+00 4.097238594740348905e-01
7.116410735174977242e-02 -3.016101635735363162e-01 2.397147929357461571e+00
8.884413353886571052e-01 2.146175062423195445e+00 2.280017848913434841e-02
1.349308610461511293e+00 -3.454444944325186784e-01 1.434978751371497108e+00
-4.794004244646328239e-01 -1.336468052664367079e+00 -9.730385193904012020e-01
-4.345593271808343427e-01 4.923284432387889931e-01 -1.928782520286920210e-01
-4.297429430573351805e-01 2.095698170525601256e+00 1.176058217712996123e+00
-5.081748871436065906e-01 1.275920040103710518e+00 -1.919065716228270935e+00
4.124975439244871200e-02 6.676154921109829221e-01 -6.997931114816783316e-01
-1.325077273620574592e-01 -7.604006746719965681e-02 1.599303314864998882e+00
-2.080626031490022676e+00 -7.522293561231592207e-01 1.660207796604818986e-01
-8.387426611637727181e-01 1.848136805667241811e+00 -9.153606520017814052e-01
1.785384000117787862e+00 1.770361656436184150e+00 7.827275834044258307e-01
-4.417326797549512296e-01 2.804119954324486574e+00 -4.254918991587326449e-01
-5.614280518892781346e-01 1.863431387948748963e+00 -1.850683733346318305e-01
7.702500996851591175e-02 -1.804124732182589286e+00 -9.584417842452466196e-01
1.026212494858293356e+00 -7.298870877176613092e-01 8.636222155608208606e-01
-1.640581290402726822e+00 -1.340156225973268445e+00 -2.215027427901206103e-02
4.392926802123846008e-01 -8.265294257717850090e-01 7.704416584496862619e-01
-1.872460772067774393e-01 1.211148721659939920e+00 2.124712011657928556e+00
-4.931094922988131235e-01 1.026026358196962418e+00 6.211804476670421682e-01
6.536033629008386470e-01 -7.157875839955737396e-01 4.589491934707048415e-01
3.009356206404155132e-01 3.905425399041906886e-01 -5.678393765391476222e-02
-1.022560334200727006e+00 1.972760081755430051e+00 -1.380361077356563992e+00
1.681155699338194198e+00 8.417270152019042939e-01 -1.836833047549967901e+00
1.494263234870961465e+00 9.055770895083115057e-02 -9.384424881932300622e-01
-1.027125988115984878e+00 -8.132969509258056728e-01 2.375868809050334374e-01
1.413817898211839896e+00 -6.141934144737015711e-03 -1.495320924156426035e+00
2.835651675281031792e-01 1.117365889300367510e+00 5.915382677422236224e-01
5.839946728011997656e-01 -9.820085642517873969e-01 -1.057985501426297326e+00
-7.235732672532092513e-01 -1.698460613747721837e+00 -4.940160434678636525e-02
-9.036053974474815842e-01 -2.216783810075166894e+00 1.387144268883356402e+00
6.081851654597566492e-01 -3.974654497697784894e-01 1.235543133519891867e+00
2.952469716926908183e-01 2.187008142910322195e-01 -9.591447219401625368e-01
1.284573793622923787e+00 -4.724740563352680667e-01 1.080743293040355102e+00
-1.459077950883009844e-01 -8.886418655995043103e-03 2.910863219421009895e-01
-1.444708431900156853e+00 -5.307900722790177550e-01 -2.050981646210444653e-01
6.429715696440230221e-01 -1.439238150442296416e+00 4.635714978348964843e-01
-2.005517413013264250e+00 -9.950207314101666700e-01 -9.359288948203394742e-01
6.951757623439294154e-01 1.303721021863094798e+00 4.885445957595773159e-01
3.594924447163527770e-01 -2.286509807798891458e+00 -1.738013340668037143e+00
-2.655673886875508649e-01 -1.850102059842099411e+00 -1.421850460895931700e+00
-1.096317012667467061e-01 -6.759794367609583965e-01 3.545651052880363641e-01
2.120500508632281456e-01 2.074682387288398377e+00 -2.080492652509629892e+00
5.723008280667402081e-01 -3.567969357322997581e-01 7.677272663009615528e-01
8.585197089967615547e-01 -1.830843387727181915e+00 -1.380610125777111286e+00
1.674361589804274075e+00 6.137951698869528183e-01 1.566576107482940294e+00
3.716047460145173176e-01 -1.034354208837926059e+00 -1.948369657011299827e+00
1.396731038430107485e+00 8.934730394519008190e-01 1.019917601265523999e+00
-7.372211182004151375e-03 7.936379203161453288e-01 9.111761545190593115e-01
1.739216405713179814e+00 9.619785598293786322e-01 5.033188836723090365e-01
-9.742146789538663754e-04 1.605442794428432851e+00 -5.779045128686464139e-01
6.050494225236568990e-02 -4.837382859058887430e-01 4.870513144261150451e-01
4.180291315569910626e-01 1.022236776725566898e+00 -3.910534170120140152e-01
1.723321282106008434e+00 6.024041414287533147e-01 1.462186606469058958e+00
1.818105696483253375e+00 1.149260962973867928e+00 -3.504156946406355999e-01
2.163918799076085531e-01 2.136620726340209275e-01 -6.902394162358498342e-01
-7.631264968515210079e-01 -1.188793496361156610e+00 -8.262139191205462030e-01
-8.550227849542120229e-01 -1.503140627478293800e-01 -6.268030974597675886e-01
-1.491027721478846546e+00 -1.412140654230526149e+00 -1.602036096001653531e+00
6.770607367595450343e-01 1.720684360702366411e-01 1.874053751533159007e-01
2.123666175148110291e+00 8.674086213102369936e-01 1.364392263861687882e-01
-4.564060365382238693e-01 -1.222105174919858595e+00 -7.708380574903361815e-03
1.418634506008497276e+00 1.275188881732161050e+00 -2.212225328018531112e-01
3.536117033062787240e-01 5.556111829524600365e-01 1.275585304803454667e+00
-5.989536509450033019e-02 -5.479627090693692804e-01 -1.350089768310437588e+00
-1.454911006713161425e+00 -2.733757291438124737e-01 -7.159652255520284614e-01
-1.550998835927972941e+00 8.420958583969985201e-01 4.229482842114268282e-01
