-1.860028670133577755e+00 -1.070264387849056975e+00 -3.990484368720925157e-01
9.488884800901826733e-01 9.184657098780484308e-01 -1.030078980111400089e+00
1.289524004724886819e+00 2.530807826191846521e-01 1.009604377248358054e+00
-1.978376868058684401e-03 -1.230376255566397958e+00 1.717036526969223376e-01
-1.132301573662023220e+00 -3.682246709393138806e-02 1.537510631650043536e+00
6.373920239366239748e-01 2.182613949598684044e+00 9.012349103250845150e-01
5.408531039692969777e-01 6.351178399814928488e-01 1.283634497667527796e+00
2.006751753038868991e-01 -7.449203302235554158e-01 -1.507391014791469086e+00
-1.806615176820870472e-01 5.560788666032374650e-01 1.017080284040333127e-01
-6.325149169360200219e-01 4.484089889163229703e-01 1.565332943024856593e+00
3.319245232549561386e-01 -7.861539660393002116e-01 -2.327404299861514314e+00
1.144501906085163334e+00 1.425352580986261497e+00 9.887912240040472867e-01
3.831082598537668971e-01 -4.345694962422562702e-01 8.402681537380853882e-01
-1.517088944592705824e+00 -5.836365113299853968e-01 -1.232571142295120437e+00
4.884550268951459717e-03 -1.774061871613410446e+00 -2.079098787781892277e-01
9.636782099631674425e-02 1.036233353853822869e+00 1.007614444534854936e+00
-2.803821156398170755e-01 2.324851282716189349e+00 1.018922327556662122e+00
-1.074592411235008260e+00 -2.309534203408366015e-01 2.234262925029387725e-01
-1.680699249951243424e+00 -1.388918681367815822e+00 7.169676227265502355e-01
1.701829843128634723e+00 1.252386560713500518e+00 -1.868483891449346235e-01
-4.234239925513523239e-01 1.112230150024108966e+00 1.684224876454327502e+00
-3.888077556219200481e-01 -8.232336056072191433e-01 6.504541885630973352e-01
-1.225545468619115619e+00 1.598329207747319902e-01 1.461592962482571867e-02
-2.455237576298476831e-01 2.007871481632325761e+00 1.287462988075817716e+00
-7.980858784777085102e-01 -1.163426663234801595e+00 5.633853944738034247e-01
-1.479971480644218795e-01 -1.302096204967489790e+00 -1.191839183678576664e+00
-1.323794951363872929e+00 -2.657322812035017634e+00 1.295453250286707769e-01
-8.553008223508550278e-01 -8.675169235117839994e-01 -1.406205869760035032e+00
1.004327288617000713e-01 -8.421970370884344081e-01 -2.289609937847919774e+00
3.354518323191788554e-01 1.969595327663804518e-01 1.078471434117812544e+00
