6.469933511588707997e-01 1.194613530423443315e+00 6.071347730131119169e-01
8.622251237563655080e-02 -4.471942935482122738e-01 -1.191473009203215083e+00
1.555791621420471449e-01 -1.240751483515442732e+00 -6.747687905891728288e-01
1.288365162107334427e-01 1.126896785958484415e+00 -1.274912422968860426e+00
9.019213946471070775e-01 2.846883336532538555e-01 3.640834644743597415e-01
6.464493136561251241e-01 -1.794205977406645003e+00 -4.141230212718366444e-02
1.911022312186134720e+00 1.286316728237565932e-01 1.814822496873405022e+00
-2.121651956068602018e+00 -6.817110702985089699e-01 -1.127558981551087358e+00
-1.178951806061385499e+00 -2.057090630736342796e+00 -1.328756809573192310e+00
6.078755504210758831e-02 -2.384699604609210599e-01 1.609307023895814925e+00
-8.354592978593655683e-01 1.891960616378772775e-01 1.270464325681585516e+00
2.375619491425164376e-01 -1.309836599868145601e+00 -1.295080174302772447e+00
1.916645527574081243e+00 1.216290694441542808e+00 4.943314921819806362e-01
1.347832083433137207e+00 4.534108579370811354e-01 -1.756406255994465981e-01
-8.047543701355033274e-01 -8.923733796634327753e-01 -8.155566770988458281e-01
3.142541542950297861e-01 -4.014711032898311771e+00 -5.929452575216866972e-01
-4.806676662805104971e-01 1.635047873207390090e+00 1.043253978772282320e+00
-1.246390667723682455e+00 4.009652891729237334e-01 -2.264509048476721631e+00
1.102718590249113451e+00 -4.281469381762430526e-01 1.151811214991653287e+00
-9.584978034995694784e-02 5.337496258276970273e-01 7.881650222460401256e-02
1.053789125910802760e+00 -1.134098785156752331e+00 -9.288544007802925773e-01
1.941853916179356210e+00 4.169512886694750065e-01 2.212161582319650321e+00
1.001904532433962158e+00 1.509570959497471776e+00 -2.408031823124339166e-01
-5.961025938548720760e-01 -4.405816372998295760e-01 2.145764033393431913e-01
5.535886490776087410e-01 -1.202178229386384523e+00 -5.196396051844542896e-01
-1.582308875002764736e-01 4.431783272243980942e-01 -4.980821664517113834e-01
-8.231262875032194781e-01 -1.044047373626288966e+00 -1.094546037350716539e+00
-2.662581537705655421e+00 -9.035678121298367227e-01 -1.126375842505596303e+00
9.867811261338508277e-01 1.207097628467676875e+00 -1.247367415607460339e+00
-3.326149033514341768e-01 2.838486913373389209e-01 -1.325515680667050944e+00
1.007132499496560807e-01 8.236541248543984839e-01 -1.084863265758015727e+00
1.492470784420266483e+00 -1.288766370788833937e+00 -4.707653508061143133e-01
4.925044278727156999e-01 4.225152553380748799e-01 1.066359727182429440e+00
-1.286892005396298888e+00 -3.613306130222179169e-01 -1.556102487414799285e+00
-1.604607391827685969e+00 -2.165145787125649424e+00 -5.131032486842057594e-01
-7.278117454507859740e-01 -1.897952737030415005e-01 -1.240550651777753810e+00
-1.252980591468668692e+00 -5.797997981005634793e-01 3.008310347830156495e-01
-6.478943529557611436e-01 -1.385305421072225762e+00 -2.736453082515523771e+00
8.916251360186073782e-01 1.269931920746185217e+00 -1.313991899642691141e+00
-1.227899992094690917e+00 2.662323509892258189e-01 -5.470340557303731144e-01
-9.369141386830504015e-01 3.714039780138906899e-01 -7.733237927664367017e-01
2.113103395673736062e-01 -1.860226012706577947e+00 9.372752761818865519e-01
-1.183307385597205386e-01 -9.848142101792438652e-01 7.861124581768434982e-01
9.675957075596008927e-01 -2.127010970132887202e+00 -5.777242576302953347e-01
1.443723515973960869e-01 3.086078359918731917e-01 6.844703400710786534e-01
5.932105511910890083e-02 -5.333198520663673392e-02 6.638693235788259983e-01
-1.328601558294163931e+00 -2.903702627850341056e+00 8.437116443661500931e-01
-2.239772627011969997e-01 1.498117585902298377e+00 -5.602278204743331713e-01
-2.283495614419693620e+00 1.323909862821674555e+00 -5.138575196354827623e-02
1.311481982868948570e+00 -6.703854414735821443e-01 1.228532024778473897e+00
-3.783425891905085048e-01 -3.874638461333814177e-01 -6.363448428203479779e-01
-1.126405573189502407e+00 1.114779663168375734e+00 1.936663627519441544e-02
5.972825814278948098e-02 7.078927182267580331e-01 8.962671230254353194e-01
-1.526643086110140546e+00 -4.241156348590886527e-01 -2.467880741086308838e+00
-9.144761718841663001e-01 1.631682677006203730e-01 1.044010084195363230e+00
-1.519323296520710853e+00 -5.623524478064911847e-01 1.014736725060641165e+00
-8.046510144427965194e-01 7.611208874604979968e-04 -8.902502324991672378e-01
-5.774939141684451993e-01 -6.579594543850623145e-01 -2.588074278163323694e-01
1.006059737311496782e+00 -1.955850242938850458e+00 -6.554848705874809500e-01
2.879119052708968285e-01 -3.497757933587594126e-01 -1.780201272442853977e-01
-7.488479171707821402e-01 -1.009121583985165715e+00 -2.191166288185659727e-01
-1.217652903210874271e+00 -2.185137581679566843e+00 2.250392060594120780e-01
-6.753956731619121800e-01 1.217012666888825700e+00 8.711878072785081972e-01
-1.741712003135109099e-01 1.184409255934387728e+00 6.591422836484095438e-02
9.782046569964255589e-01 2.222005710225979369e-01 1.211760280110964594e+00
-7.800727788665726692e-01 1.168117083425380676e-01 -8.576652174614329827e-01
-1.033909296823191104e-01 1.214678983927377054e+00 5.954854357203742676e-01
1.120166856333073557e-01 1.685996130457034337e+00 -2.005942719822979559e-01
-8.963488606947345172e-02 -4.132611480221666800e-01 -2.041049733324151738e-02
1.710604318110279465e+00 2.504948458802867428e+00 1.427858320406132808e+00
4.218999636711930901e-01 -1.102833652926257679e+00 -3.351138442461210065e-01
1.681686653214619964e+00 -1.020751193663743006e+00 1.459189993975659405e+00
1.381223243933691336e+00 6.152348756711558675e-01 1.827388981814785041e+00
1.244370297351112820e+00 -3.118336729395581042e-01 1.726253118184859048e+00
-2.999606101538087266e+00 -8.936197087003663331e-01 -8.257432600615999263e-01
2.968985006723237619e-01 -4.047867590178672037e-01 8.706318240219852456e-01
-1.208346744953036067e+00 -6.126622731181602388e-01 4.202793140013340034e-01
-1.729910004683935076e+00 -1.138193073201092531e+00 -1.128363863036300208e+00
9.372799788064551940e-01 -2.220966900655186649e+00 -1.047726106826529335e+00
-1.710420876463819129e+00 -2.214541688291635779e-01 -6.282056409182311674e-01
1.629570499204496148e+00 4.498342506120208140e-01 5.465025985551397181e-01
2.979096766808642105e-01 -8.279652764392255726e-01 -9.538430610749718541e-01
4.968443042811581112e-01 2.094874614865018359e+00 -1.687378166808820579e-01
1.699169948442547096e+00 4.302628642016083083e-01 1.723276531771799625e-01
-2.324047619168937429e-01 1.157524386908043379e+00 1.544670696101702489e+00
-7.962435244398529122e-01 1.635825199768142779e-01 1.640768222326506875e-01
3.064692069335840374e-01 6.761827736079186746e-01 -5.830146099263484594e-01
6.389080554002540824e-01 3.057960173809880278e+00 5.685402061760969072e-01
1.075537509961694838e+00 2.415810307031761361e+00 6.560227398595466219e-01
4.380419361750702567e-01 2.515437892766720918e-01 -1.439937256041421643e+00
1.043069581469457940e-01 -6.908992247374411422e-01 -2.069219498769758303e+00
-6.130009800972250344e-01 3.355149115685474026e-02 -1.336089757970974290e+00
1.399477107798784203e+00 -8.401611644044979510e-01 1.568744808958004167e-01
-2.955837548022988148e-01 -3.759185626670603630e-01 -9.962835392495507092e-01
1.841253432420558722e+00 1.228887214458530108e+00 2.398853362738601058e-01
-1.559944628046136650e+00 -1.159965645992172334e+00 -4.134104756462254060e-01
-3.692631728292172788e-01 8.147543283266707181e-01 8.529049480191785992e-02
5.151248920105457874e-01 -6.775814842996579213e-01 -2.093277139079905425e-01
-3.175556600928257645e-01 -1.893628960365361769e+00 -7.545648301626122212e-01
-1.163591700141139995e+00 8.848484278112944690e-01 -5.096754146252375772e-01
