-1.133390647667275708e+00 -1.814711963008008411e+00 7.947017491481784823e-01
-3.073022496067651099e-01 1.413725360918242302e+00 2.092570585995560117e-01
1.956462998898915506e+00 1.916046435994049335e-01 2.063167487826094160e+00
-9.578009616563321060e-02 -1.076424749239868639e+00 -6.827934183121351364e-01
-3.783825480041671518e-01 -8.863695896450274336e-02 -1.616327979940460624e-01
-5.672826508868527018e-01 1.313962723182282355e+00 -8.591484261751997087e-01
4.641855593318644502e-03 -4.156107147382021028e-01 -8.802401114788871439e-01
-2.872786656024219898e-01 2.773382078628928160e-01 1.225958334652714199e-01
1.151483464039164240e+00 -1.196383679408126177e-01 -1.610580044548158618e+00
-3.389435506052010938e-01 4.191966725356169876e-01 -1.956690177207193404e+00
1.117735939995243566e+00 7.895095032585450756e-01 1.130199964237027732e+00
4.175670588566405272e-01 1.224189372079053983e+00 2.282415115505386227e-01
2.545703385649329409e+00 3.085009917015343883e-01 5.611884557354640535e-02
1.113340757502998546e+00 -6.050122701424236471e-01 -7.644175756267990174e-01
-9.963053761607121306e-02 -5.008962760399786607e-01 3.027991672419627633e-01
7.665986096767036795e-01 1.350447593414429326e+00 6.607117215204052485e-01
1.385512007483389318e-01 4.782428160359021296e-01 -2.599681134987819942e+00
6.882072886645016485e-01 7.730339351852155705e-02 1.697281947937405056e+00
8.716756262289261370e-01 2.999816043144514222e-01 -1.109502847762412037e+00
3.988739196928559050e-02 -1.427580934247189681e+00 3.323719226679932026e-01
-8.757373859303509978e-01 2.758554139228165392e-01 -1.174660822169326657e-03
-1.219100543359664668e+00 -6.088281171199623198e-01 1.444766250490472359e-01
1.317302588600575142e+00 4.946268423987176810e-02 -6.172646233760730183e-01
1.481850147486188707e+00 -1.133876269901821887e+00 1.055212155037835497e+00
-1.033502035704505495e-01 -4.992008634084604823e-01 -1.776895657765323877e-01
-2.095981711541006209e-01 -3.808976212963323116e-01 2.408207490112236115e+00
1.244006828851199842e+00 4.268256704002120205e-01 7.342277561479892967e-02
3.631031270748265039e-01 -2.025483045258082981e+00 -1.502053185604424579e+00
-1.996556721136078627e+00 3.392815063313825430e-01 -1.851728160254456634e+00
7.045440414031413079e-01 8.780260447575400917e-01 9.399301882719490742e-02
6.761577258920963285e-01 1.589503801737384703e-01 5.709723677170239764e-01
-6.748097827167962581e-01 -5.615281445713014019e-01 -1.268524964785460174e+00
1.806104635897210375e+00 2.443308402975640226e-01 -1.898875220252150831e-01
-9.957532950418261919e-01 -1.218628340972350621e+00 2.338070081501739672e-01
-6.616464268680370964e-01 -9.530815931251521711e-01 -8.789188815888360207e-02
-1.663750572765890112e+00 1.412832045895822564e+00 2.736392051191719466e-01
-6.450997331055519091e-01 3.352342049377171840e+00 8.444530408945967181e-01
1.457119945097485658e+00 4.378559369175417659e-01 -6.474200218572423449e-02
1.190158635187071212e+00 -1.315973426283314041e+00 2.886690249140483333e-02
-4.057589880417893369e-01 2.164155397743415143e+00 3.500962973087500818e-01
1.024801436607626348e-01 -4.441999183809058893e-01 -1.229491164552267257e+00
-3.110282000188180351e-02 -1.136725615530378430e-01 -6.723080398127871948e-01
4.521615128286783358e-01 -6.656802049407151145e-01 3.591389565638358761e-01
-1.927336573278903287e-01 3.860039277159460491e-01 -1.014639649997621795e+00
2.037658590631256317e+00 2.332857110444562121e+00 -9.891466984339505331e-01
1.516417682823585134e+00 1.121064462323718036e+00 4.756085007554551880e-01
-1.828886418753887799e+00 2.896613077101400924e-01 6.282095928122114481e-01
5.037045239711681610e-01 5.262922317503082592e-01 -9.211613225372863312e-01
-2.063766986219199406e+00 -1.468008224661230043e+00 -1.817484931547792559e-01
5.515689859955964502e-01 9.042813926858350726e-02 7.519033548616000928e-01
2.862213723655226971e-01 -4.484796201053252718e-01 8.852948605343555766e-01
-1.245672924422888350e+00 1.243920808065933414e+00 -6.306946458929205690e-01
5.725099846884798005e-01 2.536176914143906669e-01 9.361793767474009265e-01
1.544223176823551924e+00 -2.862779145380297541e-01 -4.123230153823289612e-01
1.370348437391267771e+00 -6.235448617529419923e-01 -8.095002253459209207e-01
-5.999692368110151053e-01 2.348109031080075626e-01 -1.631516896471960631e+00
-6.829639972542975723e-01 -2.015991056611984966e+00 -1.205510609702161728e+00
-1.140697003213210214e-01 1.732213916362986161e+00 1.413290518754797276e+00
1.601031888860101615e-01 7.409369400144563134e-01 -7.856177517966826951e-01
-1.824711022033985941e+00 1.779617271177828641e+00 -5.674538474103987262e-01
1.410245230778178094e+00 2.069413178533205944e+00 4.372197133358052268e-01
-1.605716263872897898e+00 -1.703860480226123020e+00 -2.313282070905197774e+00
1.630240720282973399e+00 4.152304438687494104e-01 -2.047436566477595754e+00
1.281786410233397566e-01 5.852693474943765350e-02 1.888253627757517927e-01
1.083757410924553799e+00 8.291631371988971155e-01 1.942503909860602507e+00
-1.440035310396930779e+00 6.661513435085684165e-01 5.048659015455794208e-01
1.028541142506533612e+00 -1.607468571551508463e+00 4.849721556082691176e-01
-6.234224441560923813e-01 -3.804215753890502483e-01 7.085957330023815448e-01
5.650953269711586069e-01 1.656267066930878107e+00 -1.201893083044852650e+00
3.644701950388715139e-01 6.827655332111930431e-01 2.544368401623318121e+00
-2.401162097224162073e-01 1.674924020787408319e-01 1.176697965434746695e+00
-4.549691838932345966e-02 -3.071207775401039175e-01 6.522471913067589000e-01
1.107399138784597836e+00 9.790054837552690792e-01 1.414604972180818487e+00
-1.381498651497723884e+00 -3.325501121903167712e-01 1.437798424955278875e-01
3.520067925302255984e-01 3.850998945282890773e-02 -1.360045581861592190e+00
9.279207164600229429e-01 -1.523003996831583384e-01 1.319675945586487043e+00
1.045746754480958218e+00 3.807029584145013024e-01 -1.983135812068278492e-01
4.640730622090074586e-01 -1.516236419210824860e+00 -5.394556334826704491e-01
1.112102046414340517e-01 -1.073113853597413292e-01 2.945380982479175458e-01
2.425217710740729782e+00 8.937031532091449515e-02 1.052849189543594743e+00
1.953572884178103042e-01 -1.246940103159271063e+00 -1.961403343432617241e-01
-7.439540215916362609e-01 -1.415105912417774503e+00 4.695198737565643432e-01
-3.267505443313634128e-02 -2.074178538868944432e+00 -1.578824930122952885e-01
-1.297765115423080040e+00 1.155191741691830254e+00 -1.153327262831381539e+00
1.247086622686746971e+00 -1.072840026872911912e+00 -1.753506621211527783e+00
-1.263958879123909362e+00 -2.472285161319873747e-01 -1.123520884197408254e+00
1.485205675198863595e+00 -2.854722374701900156e-01 2.268562515416958081e-01
1.282517292862050962e-02 5.992483567833093439e-01 1.569104687412414822e-02
1.919780425222802567e+00 4.560116107800890606e-01 6.450339050317069889e-01
-1.078036886222043078e+00 2.585631718371891319e-01 1.564071614599122917e-01
-2.168795313380341039e+00 -9.223149473113074759e-01 -3.238389712840946122e-01
-8.759808139016704853e-01 1.186417470680403818e+00 -1.349626206778169246e+00
-4.421497145889884406e-01 -7.365826004732685117e-01 1.797221282701348954e+00
-8.429714703205588577e-01 -7.347158429821893932e-01 1.065960985851443610e+00
7.411197040865864505e-01 1.080131222923215617e+00 1.230193874096797035e+00
-1.026409315424742230e+00 -2.847999544563752927e-01 -2.923119628616850929e-01
1.085056492714866483e+00 -3.782923849687809259e-01 -5.773536785961699280e-01
9.729050556609920575e-01 9.170250386617164740e-01 -1.310377662998633230e+00
-2.241240583105063688e+00 -4.016544648715774102e-01 -1.371679738550100058e+00
8.528296047078389730e-01 2.702442215110632873e+00 8.869171874572832071e-01
9.211314889456752031e-01 4.081175463310562357e-01 -1.215735480421104686e+00
-3.261013844164999842e+00 -4.535752948910166116e-01 -1.384917675103865875e+00
2.523310662711067742e+00 -2.896625040678674212e-01 1.113805770016769614e+00
-4.812697154785007259e-01 -4.474978417765858030e-01 1.829336806005792848e+00
-6.178440965230211912e-01 5.949252506251364592e-01 5.375640007940470921e-01
7.200189126644128690e-01 -5.952150474515778278e-01 -9.398926432061585068e-01
6.311590554476766979e-01 9.953248982220381791e-01 -2.927611968711012480e-01
4.358910009428725862e-01 -3.421454953559883716e-01 -1.396552345442720888e+00
-1.329816412262311287e-01 4.452820921481451810e-01 2.397879015682278236e+00
-9.604009955964796230e-01 7.073035519794796944e-01 9.219269937779062118e-02
-1.292024059203231268e+00 4.658862545722769477e-02 2.220883215965392843e+00
1.584395750269067982e+00 6.236132619091314666e-01 -3.101246515998762332e-01
1.619561753609129129e+00 4.208721887296322794e-01 1.868922309865731490e+00
7.004746370750392082e-01 2.778386716827218605e-01 -1.227519915832363528e-01
-6.835489137508087287e-01 -3.381444524591324940e-01 3.779150308760352850e-01
-4.850202889833704623e-01 -1.072327419818391192e+00 1.907294858194503728e+00
-3.743696983238076204e-01 -1.726138163300346084e+00 5.030911370490387391e-03
4.786878909732026899e-01 2.603983673491614970e-01 3.861247923259691905e-02
2.334739437481206381e-01 6.593881530351761722e-01 -1.644049907984379555e-01
2.183332600519229949e-01 2.269897473621422801e-01 -1.830257933535378134e+00
6.682875273298287677e-01 9.019370311721887079e-01 -1.109501981947204730e+00
-4.444334301091701356e-03 2.356281899831667470e+00 -6.421843463289509391e-01
-8.981842305371471324e-01 -1.657138123513839600e+00 -7.702947542520449664e-02
-1.045300126326254464e+00 1.166113876409955452e+00 -1.082463932730825196e+00
4.995061165690018457e-01 -7.179794595446931105e-03 1.417557424550285106e+00
2.073741107027725628e-01 -1.728674449269305580e+00 -6.750338253479735151e-01
-5.243302953475650341e-01 4.296661994200208778e-01 6.304273633903925145e-01
-2.414349061253707185e-01 -1.005747911336051237e+00 1.014261744966640677e+00
-7.798842224092853437e-01 5.884025891230166838e-01 -6.636127516810066407e-01
-5.754325520984510112e-01 7.230144103667057731e-02 -1.836056205086928239e+00
1.602160973006858891e+00 1.005912112033836570e-01 1.584437730203282602e+00
5.596368962578357475e-01 1.190953224287506274e+00 -4.333278070927583658e-01
9.417154858155245556e-01 2.553062386649675441e-01 -1.008717832491975441e-01
-1.034955235419323216e+00 4.678505309890907959e-01 -1.207084533632999612e+00
9.193449624032594691e-01 -9.116771438246862314e-02 5.480874527066679214e-01
8.339636858488530535e-02 -1.389459840463700413e+00 4.497028677787442419e-01
-1.571943339766050496e+00 -1.091647250298036997e+00 -1.207517633090524178e+00
5.781585201591263878e-01 4.734169712975155875e-02 -6.508891331736323949e-01
7.002600280086278550e-01 4.800064631663396586e-01 7.058845953857726396e-01
-1.027614532783323487e+00 -1.386798479423003161e-01 8.623706661363499393e-01
-4.234913801752681062e-01 -7.378592511858792502e-01 -8.888602945278134548e-01
-7.999757653684851366e-01 1.082915788377085464e+00 -5.962554048022075115e-01
7.834382077225818808e-01 -3.780652030787309825e-01 -2.192448209643426793e+00
-6.469259250800638572e-01 1.629022615071073821e+00 -7.407323113397419334e-01
8.067230165534799990e-01 5.684814651267149355e-01 9.803902515497056047e-01
-9.392492502372200569e-01 -1.465381976199120473e+00 -1.024798998836576214e+00
4.582810720754239564e-01 1.856878527255778621e-01 -3.225190223269703838e-01
3.894596066682947111e-01 7.227405201598720019e-01 -5.997449083566142036e-02
-3.300100378136526791e-01 2.368231160598310847e-01 -3.427732789174281480e-02
2.423586769259719720e+00 2.283581826077595522e+00 5.416912596029826998e-01
-6.441509102313512924e-01 -5.436470904076829980e-01 -8.645252247720385252e-01
6.169725054268113684e-01 7.996492763499059020e-01 -1.664766451844886808e-01
7.604542455976794901e-01 1.073868921930327680e+00 8.552995247909814802e-01
-1.610627877728923130e+00 4.260359842107976913e-01 -5.856200814640115659e-01
1.309431651279761244e+00 -2.161300026824858556e+00 -6.061688709071635373e-01
-2.236594165203014128e+00 -5.272208266937237209e-01 7.236402052305836996e-01
6.999497155851417407e-01 -1.016920632943945968e+00 -2.024320760596281410e+00
2.998292670246653913e-01 1.592207271458338180e+00 1.437001087163744639e+00
-8.649844236492558736e-01 1.205620031215936527e-01 1.630474591457163447e+00
9.062674277766202824e-02 -5.387312388069083191e-01 1.081766618254083046e+00
-4.702036136453214832e-01 -1.236988298435432565e+00 -1.043861133285519660e+00
1.323452784108496427e+00 1.066975470611242871e+00 -1.106680346129006454e+00
2.612949219163148151e-01 4.677199774480033656e-01 -6.286716098064792924e-02
-6.037034051117076139e-01 -2.739331038194983137e-01 -9.118066860453268863e-01
-6.377830001878597166e-01 1.276233682287463367e+00 1.984386561043277375e+00
-8.106723517536318369e-02 -1.706905840283346576e+00 -1.778913969325110589e+00
-7.857182062015080071e-01 -1.723061306520554892e+00 9.480320952298793014e-01
-1.073916684657363341e-01 1.064236946933879491e+00 4.642451553054091073e-01
-1.233306888089504394e+00 -3.280804419255459736e-01 -5.465440381606463394e-01
3.685081955839570877e-01 5.497281180803270662e-01 -1.295114794646547551e+00
-5.040481455384057119e-01 -1.162000016646020928e+00 -1.172714260414442711e+00
-3.547823827694234211e-01 3.217786031433248484e-01 -2.275018256158420904e+00
1.656772225818419431e+00 1.525092852136150645e+00 1.101022321221156952e+00
4.887925075407055786e-01 -5.214643953501718610e-02 7.878733337886121291e-01
-5.812937978057016730e-01 -5.479973955122268148e-01 5.166433818897435692e-01
-8.829108184907960011e-01 -1.569318061367200867e+00 5.700191808210857136e-01
3.235296123925067713e-01 -3.520741187512634873e-01 -1.308307726015857986e+00
7.895988139045573284e-04 1.066452226209358423e-01 2.581988306283276025e+00
4.057315106740255750e-01 3.313049458581470708e-01 -1.216643817392144999e+00
-1.921022297492179787e+00 4.881732931524956909e-01 -1.935132611096521460e+00
-2.597395673028439322e+00 -2.617791159705974202e+00 -6.750851873639566181e-01
-7.509656681751917251e-01 -1.733296671519326537e-01 8.003342184455271013e-01
4.716970793591655498e-01 -1.307917624948192081e+00 8.908595029961479117e-01
-1.442261867281579901e+00 -6.405278259653319761e-01 -3.490138563262612514e-01
1.206693507466002790e+00 4.911539937313044168e-01 -1.502655615961901114e+00
-1.618692080702091918e+00 3.872599391112481193e-01 -2.332496124052296338e+00
3.184028583796353340e-01 2.849505826802690045e+00 2.347111351110337640e+00
1.587747295945368231e+00 -6.290200561605008289e-03 1.047318826460850616e+00
3.765853257911256913e-01 1.401365258424216442e+00 1.006638742481772208e+00
-1.145149896662875477e+00 -1.287350894416776192e+00 6.355929717209647389e-01
1.330295725970652709e-01 7.313897561526213620e-01 -1.511397524202788833e-01
-8.441168240126692979e-01 -1.389302621330131160e+00 -1.829004354400438070e-01
-5.676947340583837764e-02 1.999333457037050787e-01 5.890461848021927294e-01
-2.318049161590978180e+00 -8.145014040834199776e-01 3.090715792640796877e-02
4.007890290188635407e-01 -8.664806246468723661e-01 9.334330179935290683e-02
-9.320879715724067482e-02 -6.312383255217380862e-01 -1.264879919037763756e+00
-5.571427140747744478e-01 -5.925663144378985336e-01 -5.729977365884825202e-01
5.938777912430912576e-01 -8.518885346374738265e-01 -1.234329320337673286e+00
1.817793210349905930e+00 -2.445258191362777445e-01 -4.864261652971177963e-01
-6.464507247066539897e-01 4.811365743209266022e-01 -5.691046649289177584e-02
-1.782079658327310745e-01 -1.399741059851242198e-01 2.618153415167099318e-01
7.287581938526725978e-01 1.084591586104195926e+00 -7.128424717246741871e-01
3.023017496450155495e-01 -5.811311720520023760e-01 -7.122134310067034235e-01
9.412153545917728570e-02 -3.640554768371131455e-01 -1.129495452744075923e+00
5.609360014553246288e-01 -3.065307568976156638e-01 5.466106273918297509e-01
7.789274671047322629e-01 6.290745729804769759e-02 -5.306690311980433172e-02
7.526456179703790994e-01 -2.660311638903383180e+00 -2.124020764126631988e+00
6.700055163868878783e-01 -5.128603745993117746e-01 6.803563362285340865e-01
-7.469404154149987818e-01 -3.845134640942665660e-02 -4.923146914717030920e-01
-1.631935831281313032e+00 8.672247074921688448e-01 -6.830250925476399892e-01
8.131697887551019299e-01 -1.522032543596625320e-01 3.048970185415376677e-01
4.940607352492272786e-01 5.363218850258072434e-01 3.089566205319147496e-01
1.215077295260033274e+00 1.723290590291905455e-01 -9.421195471362184826e-01
-5.941919105800378409e-01 -1.217146189984611215e+00 -2.489920152831020528e-01
-1.244740530908827747e+00 -3.425470899250557810e-01 -5.699155041381296360e-01
4.015912294863510090e-01 -2.665197614289072092e-02 4.266270763739901661e-01
-7.224431921375025212e-01 1.181396943232234875e+00 1.623873265845570346e+00
-5.364539555544509675e-01 -1.498566299064990393e+00 4.494219537934351916e-02
-1.895130060145915563e+00 -6.255670947331026799e-01 -8.998814536936348141e-01
-1.644147105337190773e+00 -3.085066858124378419e-01 -1.357687044540733634e+00
1.182427927949540880e+00 2.655728940088775580e+00 -4.244367566630931066e-01
7.226284563398048810e-01 6.610412606579116890e-01 1.032956180988628070e+00
-1.235963589902299153e+00 4.148659256066604684e-01 -4.567033758178812297e-02
-1.027291198993239618e+00 -6.058437551341494531e-01 1.581214976069386768e+00
-1.823251936915915250e+00 -9.656627925070597751e-01 1.481818007075910160e-01
-5.670841191023611172e-01 4.615172437123856719e-01 -1.447840603270966753e+00
-1.045241427043095417e-01 -3.097036773405156929e+00 -5.253410237840967500e-01
-1.616387115936493757e+00 -1.486566739030569240e-01 -6.774528537914796811e-01
1.932623422017673454e+00 1.353521871468148507e+00 3.819171877799446002e-01
-1.598739826782262341e+00 -3.415145897867617464e-01 -5.112406439557911630e-01
-1.165876032498118331e+00 -1.449796681145111954e+00 4.196344921124082750e-01
1.369488830083991360e+00 -5.862601992290250585e-01 2.156831039590933141e+00
1.875187603830936522e+00 6.739234514050171931e-01 1.802119607750650720e-01
-6.004353813172531584e-01 1.190210308126430361e-01 1.684714718563969260e+00
6.128541228366848337e-01 1.351451710852846322e+00 -8.683666810401038383e-01
-4.830965776963069835e-01 -7.509051166346415451e-01 1.807827258528248437e-01
-9.670143780344575557e-01 3.048327794652203604e-01 5.253300966250429305e-03
6.210179113322832345e-01 6.239634005244487636e-02 -7.021979352399299046e-01
-1.435340907836275992e+00 -2.213473897719047678e-01 4.988096378222489635e-01
8.074320587953540684e-01 -1.245148030285711416e+00 -5.430643814192709362e-01
-1.314674415362456772e+00 3.766711329061039892e-01 -1.294120264481704474e+00
7.774036708882217095e-01 3.122927001385332191e-01 2.988148218655765631e-01
-1.402709771046084963e+00 -7.542204495540048015e-01 -2.288804312155432452e+00
-6.217705207507808751e-01 -1.132669875519646263e+00 -1.485870959241815337e+00
-1.647350057831607373e+00 -1.682910431538573448e-01 1.838306895040733968e+00
3.147183279644555354e-01 1.428783756210593170e+00 7.057834471309853974e-01
-4.430812741689802992e-01 2.152416955011707822e-01 1.796086639841069310e+00
4.291965912869754041e-01 1.337053080362835766e+00 1.406547902804327954e+00
-8.698711114240311737e-01 1.893397470154770001e+00 8.768599497823537092e-02
3.654220697391581396e-01 7.031078941425576989e-01 2.648753397228543749e-01
1.890565380893892922e+00 -2.133659602239868835e+00 6.804383982149948551e-01
-8.827881843418383667e-01 -3.115498351171451574e+00 -1.403919824552494866e+00
-9.456971540025906897e-01 -8.503222792400868535e-01 -2.873262778870885992e+00
-1.084699338245340261e+00 1.315328906749328119e+00 -1.574425394374724840e+00
-8.374529351189220483e-01 -3.648775942911596903e+00 3.290298284509446392e-01
2.894415056450551749e+00 3.441843561196002987e-01 -4.149973418041963402e-02
3.736236547117716134e-02 1.899357304120415701e+00 -5.367896247137946553e-01
-2.476655432605928686e-02 1.064374030455865316e+00 -9.888441024493657139e-01
3.102842671539139396e-01 -2.614439175465755882e-01 -3.640487331766739665e-02
-1.771912180464131903e-01 -1.000701029743606529e+00 1.045192376794102262e+00
-9.584312925821403262e-01 -9.517600133144916708e-01 1.002222867235198711e+00
-1.471679246898102589e+00 -1.895288553892023220e+00 -3.577464748399860062e-01
1.652614559693226681e+00 1.181520570710270057e+00 7.840945875448502855e-01
-1.393520768422253919e-01 -6.022783516316976282e-02 2.531090877698388031e+00
9.882473836616147977e-01 2.858685783519645529e-01 -1.871481918862043514e-01
1.369008137051593188e+00 2.116155695816521742e+00 1.637091100571008151e-01
-3.757630869773028737e-01 -1.329519462702127175e+00 1.872380780924971511e-01
4.931496115786490608e-01 1.387458860879195788e+00 9.715345978552325512e-02
5.333649530782211823e-01 -4.638360740472436961e-01 -1.337441983765770281e+00
-1.970088871722405877e+00 7.258311212826676906e-01 3.913280155891186718e-01
1.460894861242035159e+00 -4.281873887260578826e-02 -9.650870645097786582e-02
-1.478880944732281266e+00 1.352634617799620909e+00 -5.519770963926562413e-01
1.424211261162863229e-01 9.626337945193332857e-01 4.568328843290215824e-01
3.515496266152269289e-01 7.013006229790441637e-02 -6.571997723945866010e-01
3.058265419287834463e-01 -6.610546605902656303e-03 -1.267642760145204051e+00
1.274754800648360664e+00 8.356099511177152994e-01 8.937759154744063794e-01
9.822112604077652964e-01 1.469906520570092745e+00 1.030612535758671067e+00
2.089845259378407150e+00 4.819263450060490839e-01 2.633630766632304443e+00
1.574927397063954349e+00 -7.570955362756086604e-01 1.148191432773388865e+00
3.825931249050206762e-01 -2.261146311718509327e-02 1.845826962386226677e+00
2.571616268028850349e+00 1.933159777656421774e+00 -3.048681912201610666e-01
1.917538681594770367e-01 -6.365991406128412855e-02 -5.026023900791409815e-01
-1.868591893862886488e-01 9.985748940489487246e-01 2.790878254646241285e-01
-1.786315549059642516e+00 -1.012398924249430010e+00 4.632290755032153484e-02
1.580057194827328315e+00 -5.300918546415513966e-01 1.659038861108041329e+00
7.327123927994030339e-01 1.505467247213060578e+00 -4.324915337060966092e-01
-2.814684421696154182e+00 -1.778926097206682044e+00 -8.674201349541135198e-01
9.677544241503301947e-01 5.474102859317433456e-01 6.960220542758142059e-01
-1.634751477892141258e+00 -1.335883464661744791e+00 -9.314131008395237776e-01
-2.986411343460817935e+00 -8.429529156918285082e-01 -4.534909195203962740e-01
2.146783678897465908e+00 4.559583101581610176e-01 1.434048872367402527e+00
-3.414923388288115813e-02 -1.003177872271198812e+00 2.827886508304507385e-01
-1.724871364203461876e-03 -8.691580654791625227e-01 -2.031615834091365258e+00
6.442183270270092077e-01 -1.460990900091917677e+00 1.253858855429280439e+00
1.679656255950868315e+00 5.602420628470324848e-01 -7.244053723581507231e-01
3.690771704929920460e-01 -6.127288361957577978e-01 -1.563482629951851166e+00
1.248647208291042032e+00 -2.067470771951379849e+00 9.373347075332848499e-01
1.794183960011325185e+00 2.530342860022702922e-01 -2.355190192175574682e-01
7.306363113483440586e-01 8.676706120260013755e-01 2.712616081259359158e-01
1.071116418652344082e+00 -2.144972399564471388e+00 -2.447535482073884605e+00
9.393112158063003925e-01 -1.705131356603639681e+00 -1.822795488224576710e-01
6.562986417072500522e-01 -3.170715947546890456e-01 1.966355133520675924e+00
-3.047126189846416366e-02 -1.409002568993126481e+00 1.102766042888151832e+00
-3.644417942703616076e-01 1.327265239033518784e-01 -8.101701134903627199e-01
2.266558163085165556e-01 8.667453353068731436e-01 6.125755294991666045e-01
-4.537577293260804945e-01 5.934799220348498938e-01 -1.838850558140034952e-01
6.515498748739365631e-01 -1.011701056928020481e+00 -7.821782102112984081e-01
-1.246656901151255825e+00 3.966510437702730485e-01 -1.443866593447556745e+00
-7.969105059057103313e-01 1.470369020068885701e-01 -1.313598712729832751e+00
2.841213286774001423e-01 5.150587531843905387e-01 8.664492906992502519e-01
3.706223201627850128e-01 6.599394877994084752e-01 2.391263567371920140e-01
-1.962899823732148219e+00 -1.536418533039757062e+00 -2.906224524105919471e+00
1.092673560160438484e+00 -4.673107372567741891e-02 -3.506260081840778531e-02
-8.672849579238013362e-01 6.017631488437260590e-01 1.246924660651082206e+00
-1.719015457271517500e+00 -9.782100899852788078e-01 -7.907056058906334339e-01
-1.375486011442308421e-01 1.338557055351322633e+00 2.006799565896738802e+00
5.294080174286401874e-01 -1.207117828743772048e+00 1.813093340720021374e+00
-2.020757149287260024e-01 4.585047592776425596e-01 -4.481062117400627653e-01
1.134713042903182645e-01 1.524769562476410600e+00 -1.218038197653462218e+00
2.101905483843149902e+00 -3.332621902812133996e-01 -7.829777478141108915e-01
8.182287821312392850e-01 -5.498208927414415248e-01 -1.322031605352491646e-03
-7.536640345714920031e-01 -1.833971032872130369e+00 7.135701499390327829e-01
-7.638438443063118033e-01 3.367378640564134828e-01 1.447648166795838076e+00
-5.932737741824574140e-01 3.651063060551018591e-03 -4.123403951105528709e-01
3.792397265689160246e-01 -1.966842672607259646e+00 -1.393976793340778952e+00
-1.003265770204881724e+00 -1.933823842198639231e-01 -1.243902784896504077e+00
-1.778039732141792673e+00 -1.499016220830170720e+00 -1.679898853011230875e+00
1.895531582652333569e+00 2.918796139420626989e+00 1.830549222107990426e+00
1.280637086329270202e+00 1.275906185541630933e-04 -7.510827270521645005e-01
-2.250895398163310634e-02 -7.574127957455378812e-03 8.953194088206086754e-01
-7.669270588653340770e-01 -3.064901343816942347e+00 -6.285970679029584396e-02
2.224241576654125474e+00 2.179027121413928958e-02 -2.473653319943247553e-01
-1.457182513667018675e+00 -2.368374293757026239e-01 1.036550686489148054e+00
6.168202608908376350e-01 1.790386584963432837e+00 -5.375789558413746061e-02
-4.776719936397015864e-01 -5.877750241444079649e-01 -4.043771721131907970e-01
5.591743355265919035e-01 -1.665758886924362026e+00 -3.722920973449262982e-01
1.712255278407471826e+00 4.028496138184040620e-01 1.077304055699107366e+00
1.237588130859698765e+00 2.605204636615978675e-01 5.796783469608578487e-01
-1.487401814419994306e+00 -1.759267885818032728e-01 -5.053278834944737730e-01
1.237130067460689764e+00 -6.602019999681751905e-01 1.327572632039801359e+00
9.777099195008707166e-01 -8.305732184194534184e-01 -7.012213747353446269e-01
-5.714817067519384342e-01 -1.600947956347370305e+00 -3.497617091966720437e-02
4.184136637427504635e-03 -1.313801847653886856e+00 1.503743547616733567e+00
-6.438915075066733440e-01 -4.973281889462188854e-01 8.146433694065993159e-01
8.840548023113716791e-01 -2.014756252927448088e+00 4.597130594016796135e-02
3.816257740424515710e-01 -1.893691258621774010e+00 -1.085396009447212151e+00
-2.117156527011156086e+00 -1.389197177236903169e+00 1.554511824620233629e+00
-4.797645664821290623e-01 6.812925863643914948e-02 1.435444579478882599e+00
4.747097161523334274e-01 5.564626474383816968e-01 1.257524638711848830e+00
-7.292193680602437889e-01 -7.736282619293317619e-01 -1.509427654611824599e+00
1.716857763395421177e+00 1.132402759726053088e+00 1.811126499900653553e+00
-1.062110234380654106e+00 1.637937965860126299e+00 7.058591934412558055e-01
1.530919630755768202e-01 -8.274772771854768116e-01 2.367045418233965082e-01
1.995830004374615330e+00 2.273014213634046432e-01 4.362066327553685285e-01
-1.483989569134031683e+00 6.487510192960828093e-01 2.720327498295164181e-01
-8.486332775122157335e-01 -1.554416254505491590e+00 7.126338340158655527e-01
-2.162261756546620894e+00 -2.103403276472119998e+00 -5.243254665029257744e-01
5.663897816503318250e-01 -1.488945933643157638e+00 -2.487935498419256319e+00
-4.203571677828550346e-01 -1.233774773009294612e-01 -1.680480265743238055e+00
-5.644982533040763251e-01 1.042920232249839874e+00 1.593807884373764083e-01
6.777253802831895158e-01 -4.542328677067111742e-01 -1.459164199891302971e+00
-1.225989694786262740e+00 3.089354863488809055e-01 7.699502068817909439e-01
-1.449457660351260779e+00 -5.260286489053017656e-01 6.885858574908789720e-01
6.166864600451816836e-01 2.833331232777815956e-01 -7.693204307826730926e-01
-1.966918519433347612e+00 -3.049161446844204093e-01 1.350110869497220589e+00
1.412958704463993520e-01 5.007399933060442399e-01 7.753717066447423090e-01
-4.060112922498793075e-02 -1.409551128704097156e+00 1.380976025117995665e+00
3.622194429979375130e-01 7.336561038772867471e-01 1.533306087171177889e+00
-3.156539160640263741e-01 -2.554173479167425320e-01 5.811847267962767516e-01
2.728512611145140765e-01 -1.001722346777829675e-01 1.361588764927036399e-01
-1.335503591084920005e+00 -1.777868313978033576e+00 -2.151017241886399312e-02
1.073539139380444540e+00 1.261351692668222224e+00 6.691087194134012206e-01
1.225117197515671053e-01 1.274814632089672495e+00 1.625272911302230394e+00
-8.058978971698096405e-01 1.145026574735611646e+00 -3.028349723435508345e-02
1.603375150556472173e+00 -1.407985213499302724e+00 -3.158034594379588444e-01
9.959058062925513211e-02 7.727539988861137354e-01 3.814374234349521275e-02
1.450606692497705685e-01 -5.421372232702460492e-01 -8.943116869698681803e-01
-1.439906428928171778e+00 7.578624909138516053e-01 -1.460734643488467821e+00
1.501013574085273028e+00 8.852863579514338443e-01 2.123250946846272136e+00
3.398462152101400235e-01 -1.379380010669521983e-01 1.284804447973895813e+00
-1.256683516322548932e+00 1.293240959270613999e-02 1.520822697183854544e-02
-2.424641467054933663e+00 1.518208668395450989e-01 -4.983136858249444523e-01
1.771601172735149943e-01 5.897877435361440490e-01 -1.161868543814197796e+00
-9.192504584904420684e-02 -4.953439008180527403e-01 -1.135954758307961665e+00
8.026423343741760918e-01 2.653572819685067197e-01 1.759527561713229771e+00
-3.039771496581102905e-01 -1.949108496142914815e+00 -6.588966407722662844e-01
8.225377198740795315e-01 4.034214559333594297e-01 4.891720790637952843e-01
3.963393216103369143e-01 5.463798107662924952e-01 2.693064580200990044e-01
-5.237776670724149097e-01 -1.739145021250684819e-01 -8.157153322809355123e-01
4.425095257766131773e-03 -1.218870631660099235e+00 2.628742232537064627e-01
-7.889242800081130991e-01 2.446167573895583480e-01 6.238542871741379336e-01
-1.818079657378984360e+00 1.469747844869565112e+00 5.796314684562471342e-01
5.611686660104266977e-01 2.684361215783392929e-01 7.002679274172851631e-01
2.090364206595929919e-01 6.593142381088806792e-01 -1.454388907669192266e+00
-2.452222139744001161e+00 -9.414925746886315672e-01 -3.073492357927632979e-01
-9.215419199535506145e-01 2.051526887966632628e+00 1.620612636708293142e+00
2.029700565627178821e-01 1.837135331983698938e+00 2.147091554205992625e-01
7.842647957925767965e-01 3.671201932228017606e-01 -2.857753307666678344e-01
7.409904011843579941e-01 4.495223052662251084e-01 1.877365721862978454e+00
3.777997762840681339e-01 1.251588580369282777e+00 -1.056323291388970298e-01
6.806006182714063879e-02 1.168607228177280799e+00 3.393537238247613663e-01
-1.295263117778885809e+00 1.939592671042139393e+00 1.021451783356926324e+00
6.326227199988374572e-01 9.868374058470027466e-01 1.278729824914958124e-01
-2.603815890173967196e-01 1.005626880338356677e-01 4.522351728184292874e-02
2.740322000372078515e-01 6.345605140243868458e-01 9.721027667374171344e-01
5.214751696871037234e-01 2.471495616275104723e+00 7.964904668817462952e-01
-1.348813644839810033e+00 2.223187255658140016e-01 -7.110702967494956228e-01
-6.367966051376454661e-01 7.946274496768144235e-01 -1.504942485336623337e+00
1.663256228234811118e+00 7.973175251516027018e-01 1.363243272486958091e-02
5.887402963400942824e-01 -1.802010320336457694e+00 -2.665503341909191137e-01
5.900789749116386318e-02 9.221965110570449209e-01 -1.692499744789968563e+00
-9.041014493953833941e-01 -1.563628859423730866e+00 5.415638368605268926e-01
-1.855474047748089550e+00 1.560502927824073405e+00 9.652556542176013998e-01
8.110816646939518204e-01 -6.928315417601478288e-01 1.226405563995829784e+00
-8.230906484608411233e-01 -7.866600241968590979e-02 -6.313353029826888063e-01
7.451071414170715723e-01 2.175759244646532364e-01 -1.344416434542319294e+00
-1.625794649235489553e+00 -2.076005301973005146e+00 -1.121595311231246672e+00
4.546656260534611693e-01 1.061812680229367034e+00 -7.723484988155564501e-01
-6.665592251493627218e-01 6.566397933213035110e-01 6.545646420252821951e-01
-1.338084970530166284e+00 1.374536383736715717e+00 1.762381709941966745e+00
-2.520685511817043256e+00 -1.287866435146733934e+00 1.925965303831471687e-01
-3.161460080725078114e-01 2.291927993983048917e-01 -2.617865170978953548e-01
5.444833247813584132e-01 -6.262340089020939082e-01 4.854891922950145267e-01
4.408410250800612329e-01 4.127952541748570181e-01 7.414712455932258584e-01
-2.235434503660178041e-01 -1.780781942339284551e+00 -6.294710253274808931e-01
5.825331386970694636e-02 -1.032848038604256002e-01 3.781505508596637588e-01
8.522594744529254918e-01 -3.158431803359663670e-01 1.047361682615384759e-01
-1.285767244458350111e+00 -4.963940274261281482e-01 -1.152412295117966945e+00
6.009739884238534113e-01 2.865097445763229445e-01 -4.417936036954651091e-01
-1.065300896574405409e-01 3.865638441182689400e-01 -1.128893312608389987e+00
-4.964617431509276146e-01 1.961741786559593415e+00 2.215110834122614669e+00
-2.526316438184871283e-01 -8.725225810836123586e-01 1.894224255275647195e+00
-1.961224086471319517e+00 1.260839252370186792e+00 1.112263047355553702e+00
1.363658760454249830e+00 7.056177115547851431e-01 6.240438101677592275e-02
1.167704959814728216e+00 -1.584126649004916398e+00 4.835692466293181613e-01
4.030748313953507189e-01 -6.637050042016381379e-01 -1.179580084841618248e+00
5.220049454788389109e-01 2.365718143613542157e-01 -1.470944717134428981e+00
6.987283753705995082e-01 2.428140457952582265e-02 2.888888150676192090e-01
1.441994151345356689e+00 -6.792347302946494247e-02 2.456481436687364406e-01
8.654110283986785612e-01 1.093480992339856406e-01 2.339806770300973504e+00
-1.531046143193395492e+00 -9.870778550635596060e-01 -1.160004167509517181e+00
-1.290034966293604368e+00 -4.364983043304794252e-01 -3.232419313870911748e-01
-1.571742093542096486e+00 -3.860319811349655073e-01 1.131929032419355385e-01
3.126598731840259937e-01 -9.001864674362873853e-01 4.983432320801314264e-01
-3.952613558427265361e-01 8.864048518247893416e-01 -1.587551490285343592e+00
-8.254911854611127753e-01 -8.691763895766686510e-01 7.836047478088077334e-01
1.048082785517175708e+00 -1.782245057141280231e+00 3.316702080905141736e-01
-5.665767854230487899e-01 1.694608777088716156e+00 9.863580015860631267e-01
-7.444770825624825727e-01 -1.805944605814832515e+00 -1.960389270716974774e+00
2.579524346965916259e-01 1.356367873358055753e+00 -1.278990485808318756e+00
-5.275195040543535496e-01 7.118181475194953478e-01 3.537613243423064491e-01
-7.820449144594050495e-01 -1.257528040947221371e+00 7.748439744902495541e-01
-9.206038109634135935e-01 -2.523696046019275885e-01 -4.282277847859367048e-01
-8.202194643697577892e-01 -1.810566075690814847e-01 5.734107177255844956e-01
-4.651019464743696430e-01 -1.474743947822199530e+00 -1.336945181241108394e+00
4.980196464920427779e-03 -1.306076894051391157e+00 -2.279417454574602431e+00
3.372343815275495871e-01 1.097865170770210286e-01 3.678261147510580864e-01
-2.284495994544657460e+00 -1.881723336806603752e+00 8.880530622257629680e-01
-9.854474037616622883e-02 3.336222915673777711e-01 -1.344442839116902766e+00
8.638874105471718856e-01 2.537717943696796152e-01 1.704718136551875318e+00
-3.437095626225736833e-01 -9.827733942002785383e-01 -2.557594461439818279e-01
2.094361280474378861e-01 6.410814839087116690e-01 -5.528443665219777703e-01
2.648503105982522587e-01 2.191317526054773479e-01 -4.009127671249148595e-01
1.737994233517407228e+00 -7.178299272238566342e-01 -1.322792337278550501e-01
1.512581914151724494e+00 2.932911346959126586e+00 9.674733389570592257e-01
-4.379246412151530099e-01 -1.790040335226943391e+00 -6.815253458189559632e-01
-3.387434962553778073e-01 1.912361942999662556e+00 -3.531580182923356737e-01
2.041799125475390886e-01 -1.694278430512681677e+00 -6.488569316651437990e-01
-1.288204961265367654e+00 -5.725287805951013720e-01 -1.576215728441664909e+00
4.110818322337824182e-01 8.224393314030971069e-01 9.867627805242418226e-01
-2.769081710785674666e-01 1.445733682184432878e+00 -1.396903079751488308e+00
4.017296308378231484e-01 -2.312813816770562525e-01 -1.394617889865039428e+00
-5.824052431986673772e-01 1.198290754814949066e-01 -1.107030674744761356e+00
-5.057764726888555051e-01 5.267752786775692364e-01 -2.995453024906982176e-01
-1.022309824819694013e+00 -3.736353269005411315e-01 -4.280041102181512125e-01
-8.634258369259282251e-01 -2.931073045105869745e-03 4.089070196506362498e-01
7.100024077713060766e-01 -4.948608666486415952e-01 -9.654994824598062131e-01
-2.178008878814325477e+00 -2.039531264741714089e+00 -8.207728342174803737e-01
-2.500722718127237343e-01 1.516757810307657772e+00 1.202796588789587062e+00
-6.689164045725763952e-01 1.073756782184667635e+00 4.938507251333213444e-01
-8.791350556571699837e-01 5.139903267658139097e-01 1.241078278414431413e+00
6.608242527751583273e-01 -1.746949220543991821e+00 1.029677071662817633e+00
-1.938273213799359240e+00 2.258103056849130041e+00 -2.557536178237962421e-02
1.245041135553508260e+00 2.928252253758067414e-01 -2.268972578244654592e-03
8.603063620684046064e-01 -1.520978014820856927e+00 -4.102591926144485424e-01
1.060534206022532455e+00 -7.611470623521587875e-02 3.506514784565670784e-01
-3.846477225985719395e-01 -4.776771523280674003e-01 1.981880215653555322e-01
2.544594944894935651e-01 6.869429277982292970e-01 1.041859572504896247e-01
-1.560969739468653916e-01 6.291304693140078452e-01 -7.551834307362179644e-01
-4.946657524790613047e-01 -1.022899197526069281e-01 7.914363363912343408e-01
8.298811692351557578e-01 1.579472584433220250e-01 -6.822302985932073849e-01
1.202704052210137764e+00 1.010550265566530159e+00 4.267518362023678402e-01
-1.700562400179448597e+00 -7.805405364738633445e-01 2.026732587007270547e-01
8.096433347099311062e-01 1.888298917583252967e+00 9.129857743039754281e-02
9.864954270843753203e-01 -4.239481228122715661e-01 -8.991741750523583043e-01
1.969946140152816216e-01 -2.632203952506515954e+00 -5.262200547642936765e-02
5.004227642664602627e-01 2.152157772030309779e+00 4.262767336542273577e-01
1.559519162986985341e-01 3.972685240247616489e-01 2.467249071210004807e-01
2.119350441986472822e-01 -8.561819774580182729e-01 -4.710968968129377599e-01
-6.246004025650400138e-01 7.325184608608029668e-01 -1.339871586317078256e+00
