-1.506989619615441534e+00 3.929727502943038964e-01 1.206337280588366756e+00
-5.890092850608052988e-02 6.109420791401727335e-01 2.514054283685393631e+00
-4.627776498450336118e-01 -8.813141601037035588e-01 -4.368246569181890027e-01
-4.457466231256390632e-01 6.741222271314473158e-01 1.480880283516063933e+00
-1.736385720782961828e+00 -7.214216573973717406e-01 -7.206172772007088945e-01
-1.717050308051966123e-01 -9.246021208834220850e-01 -6.128597025859676695e-01
-2.972054593956350854e-01 -1.970459860374367267e-01 -2.055849202358356997e+00
-1.012166228305825033e+00 -7.063700884213031106e-01 -1.283603516211830442e+00
-2.429240956993946599e-01 1.784230426035615102e-01 -1.096200592927273565e+00
-1.754250227618594504e-01 -1.265147529374964330e+00 7.423375416706438079e-01
-9.042730071048297180e-01 -1.129699153430715697e+00 -1.465524480842379074e+00
2.245009797764010884e+00 -1.565118348164483697e-01 5.182780253990556529e-01
3.017024308206837091e-01 -1.209215298840831565e+00 -3.768818269229870510e-01
5.914206930997711886e-01 -5.385193912167756114e-01 -9.121110374807578358e-01
-7.473651874880737900e-01 1.795300762970521991e-01 4.680087326438238104e-01
8.349255335429066616e-01 -1.672576627505673041e-01 9.898540016715278167e-01
-8.849851264999519795e-02 -2.799274429639212469e-01 2.216219651168637728e-01
7.045901099061475659e-01 1.191953455294722630e+00 -1.282986154200139062e+00
-8.022437095786891792e-01 9.776728962485230490e-01 -5.846581936115167188e-01
-6.489184985838267750e-01 1.008771683682398779e+00 -1.457140874465577607e+00
3.516204627568669805e-01 1.551506179295241594e+00 -1.365508888758525941e-01
-8.611157065162364788e-01 -3.137727194417449517e-01 -2.528986169556313168e-02
8.857619541111878547e-01 1.738252598945370098e+00 1.620962255388593620e+00
2.223629953535661841e-01 -7.658975439188242529e-01 2.552922882815437111e-01
2.066799047224384900e+00 1.806036083734722686e+00 -8.451248190556588380e-01
-1.482280754021187086e+00 7.486103381274862301e-01 -2.840062092157726426e+00
3.101559742702506561e-01 2.300977273380665267e+00 5.171499557094968447e-01
3.817406179088486673e-01 -1.149784603627537205e-01 8.954336295918028377e-01
-1.793827639301457388e-01 1.462558518827802967e+00 -1.607160820903800413e+00
1.764956579668350622e+00 -1.114102698276409065e-01 2.069232007992889422e+00
