-5.348002605946052812e-01 -2.097829355061152423e+00 4.148427730872181751e-01
-2.712875344823879598e+00 5.446952793385115843e-01 -1.948845345800369055e-01
-8.204193065565940080e-02 7.441680918429671721e-05 -2.667677909949070170e+00
-4.734169427484418158e-01 2.003640477009796417e+00 -1.533133989837728306e-01
7.080561234576623342e-01 -8.613442151172268080e-02 1.585539451361304808e+00
-9.415885365940273033e-01 -1.666880824932799765e+00 3.380481212601152974e-01
7.750002262301247669e-02 -8.120832343942829823e-02 2.386158761653817129e-01
-3.461506145983999083e-01 1.004207487379908059e+00 5.465470508971217445e-01
-2.956906893371260558e-01 2.132340130056309402e-03 1.322004832617349468e-01
1.235645140178676771e+00 1.344270098932759616e+00 7.601415535897542153e-01
4.352040308822465731e-01 3.840237338428509895e-01 5.885857746905739374e-01
-1.151655518611738316e-01 -5.494555782303285341e-01 2.731939304173639504e-01
6.471726453457693484e-01 -2.489264569564162421e+00 -4.663743938430630620e-01
1.065245176914041414e+00 3.395864282561573688e-01 3.430209574476712486e-01
-2.962982374083394266e+00 3.625372814656681042e-01 9.030997404436418297e-01
-1.455590352990085101e+00 -3.581534770383487665e-01 2.061733229348918783e-01
9.613791060686005530e-02 4.075022230978281312e-01 2.357385299321367311e-01
2.405814940073224828e-01 -8.018224026397284820e-01 2.488513458017410085e-01
9.365873320106410382e-01 8.727302570678885374e-01 -6.054580541597853749e-01
-7.669371973293663824e-01 -9.158819309797858743e-01 -1.376703494438367148e-01
5.631976104245254300e-01 8.400661444000236955e-01 -8.156250365936534852e-01
-6.431241003748402463e-01 -2.079894265666990982e+00 -2.084153360825699575e-01
-4.223445961087696210e-01 8.015918278429581267e-01 8.189440728837507066e-01
-2.739960821689906290e-01 -4.276340546650837515e-01 3.177027179884113206e-01
-2.645259087207288307e+00 -8.910449669209882240e-01 7.199619699393957628e-01
-1.255504846863805035e+00 -2.201083739635386394e+00 -2.793949751661681358e+00
-2.451877202091307772e+00 -3.356639093537053586e+00 -1.070884108948028768e+00
-8.432312271168935780e-01 -1.699407870263245357e-01 1.093600327877492617e+00
4.815947445258800808e-01 -6.942653547563524263e-01 4.550440368940540936e-01
-5.165796957162397396e-01 -1.014265208306089239e+00 -8.652667899039434563e-01
9.362638092090935782e-01 -9.368247543895866780e-01 -3.896507933961798065e-01
1.122695296461806436e+00 1.001511135572546785e+00 2.099689142036549327e+00
-5.203291987953585496e-01 -2.917948256685518604e-01 -1.401482216924136104e+00
-1.634304150458557370e+00 -1.079043836041967186e+00 -2.146470651391073403e+00
6.227124166863307053e-01 7.654417071633853320e-01 1.291579862204690343e+00
1.705921537284299516e+00 -2.434453653803114737e-01 9.780990205629397360e-02
1.050580463466731951e+00 3.933382189740246004e-01 2.964790624874626968e-01
-7.673193504646965701e-01 2.208039794360030506e+00 4.161163248469013087e-01
8.181789478312559982e-01 7.030251674955054764e-01 -1.079454803822940345e+00
-6.096914950826534119e-01 -2.082135029195564258e+00 1.457446681865909976e+00
6.453429821439281566e-01 3.362279292185947899e-01 8.130998028569760283e-01
-1.164390781454808010e+00 -5.179158690069506354e-01 -1.043660087966869821e+00
8.908659861506540434e-01 -1.014049428588032375e+00 -2.110694459079802132e-01
1.171066936495866573e+00 -5.314652073094209284e-01 -8.877299156373057443e-01
-1.075787011533981374e+00 -1.564748046374492496e+00 -1.056387312282083268e+00
-1.378315257456497855e+00 -5.458989323631247004e-01 -1.158405701299196844e+00
6.087959770436796036e-01 -1.605277207011901464e-02 4.801198797138083174e-01
-4.663968949483537907e-01 8.373260740212249420e-01 4.986374637555818778e-01
1.415424807834289256e+00 1.627649619599673914e+00 1.982090486881195046e-01
1.612041348950000730e+00 1.063566011134903899e+00 1.790724694943240380e-01
4.921286272751790314e-02 -1.371285080783452570e-01 -1.183153039163052700e+00
1.416981625218033392e-01 2.126423113726207070e+00 9.887546443265521345e-02
-5.008788916636242039e-01 -1.337621410591104842e+00 -8.405777881374698612e-02
-2.085179148135894778e+00 1.163854942824673611e+00 5.037687491796511985e-01
8.675896854545861459e-01 1.073058669519598718e+00 9.159212235701456040e-01
1.339243043256199472e+00 1.297018464577776697e+00 6.136022094487422196e-01
-6.507613036358610437e-01 -3.506519821598559350e-01 -1.065387897550208685e+00
-3.531645576649120599e-01 -1.656970722216256853e+00 -1.150463771269712776e+00
4.535294350138036057e-01 -5.525900101466775238e-01 -9.816864099417643708e-01
1.079421844093733540e+00 8.646646580044026198e-02 -8.256300990869642753e-01
-1.339367633251739020e-01 1.548194646582403688e+00 -1.338377131856881563e+00
-1.178715064992362782e-01 4.295815018820369757e-01 -1.007390944797474264e+00
4.697403095509514737e-01 4.796012028047502707e-02 4.155097052950652570e-01
-1.909005123051699115e-02 4.493684838506806223e-02 -4.886248445526275019e-01
-6.548011276783327617e-01 -2.220933701889701961e+00 1.222765814583020916e+00
-4.954912076589892411e-01 -6.874252986092332929e-01 5.524838145962019942e-01
-9.682350865297535414e-01 -3.291122625370496158e-01 6.492055379400580861e-01
-1.632963827240460075e+00 -5.102566261962527827e-01 -1.621258847248746027e-01
1.805009676938157948e-01 1.331358440796952980e+00 1.184998612227063042e+00
-3.710400727349173478e-01 1.808674182101133399e+00 7.401816193582941850e-01
2.762943968114467408e-01 -1.246244707584439393e+00 1.215325830717678635e+00
7.480325528244758937e-01 7.449368010880748070e-01 -1.181642696370085455e+00
2.120479443921291507e-01 -1.200706654253469452e-02 -1.265621414692165825e+00
2.089671241557160997e+00 4.787373778514137368e-01 1.552113003239185662e+00
-2.311035340438590602e+00 1.511701764420432248e+00 -8.183894001080205260e-01
6.906203058898965352e-01 -1.403942087047241216e+00 -9.941063308200576154e-01
-5.203980672130446017e-01 1.615411338342156444e+00 -2.972933001553967891e-01
-3.954310337349558613e-01 2.018165740471170588e-01 7.623909304993907732e-01
-1.886704431645217284e+00 9.451206058447132463e-01 1.084649047576932146e-01
-9.228280615865577241e-01 -2.508653635539582760e-01 -7.424094822773180669e-01
-5.426402137851806806e-01 -2.732656624231569520e+00 1.343117908328513299e-01
9.543967408961273602e-02 6.162425101803599148e-01 -9.967640913187030272e-01
1.021124822453584602e-01 -1.240430996176707934e-01 4.760750887836451284e-01
4.959088936796111069e-01 1.142733361810054360e-01 4.847161797049793219e-01
-1.092953292483602290e+00 -2.221300680850630815e-01 -6.455641511268845889e-01
8.617646255426347768e-01 1.771803950456322108e+00 5.318824056780667719e-01
1.319827625849556707e+00 3.275432624845570073e-01 1.120241423274910275e+00
6.959314731247973063e-01 7.215605999577742180e-01 -1.009198264067191486e+00
1.548310389787764585e+00 -5.636647066967501729e-01 3.680663102493619276e-01
-6.866206949675942584e-01 4.197913229916787614e-01 -6.702664408295861964e-01
-4.976098724366959658e-01 -2.111679113112713502e+00 -1.145070559879942662e+00
7.913616394617661864e-02 -3.457509519236113826e-01 5.286421396903587810e-01
-1.617334248496410609e+00 -8.693332354314400323e-01 -2.218475856242060340e-01
9.022670931068796918e-01 -6.753646371830226425e-01 -8.348862526389211336e-02
-1.723209696075410413e+00 1.863538353470175046e+00 8.468132609781872100e-01
-4.174733385523218265e-01 9.250186632735835079e-02 -3.284841860050187634e+00
1.172067186358949353e+00 -3.364468566060028198e-01 1.447127387599159487e+00
1.420566326301190285e-01 6.835751648773906730e-01 -2.433697402442288826e+00
-5.860900110529412288e-01 1.083030565374546228e+00 1.638564046707692068e+00
-2.593962383452804499e+00 4.382394380290794977e-01 4.372856798779505283e-01
-1.007020522596792311e+00 -1.806462013585295345e+00 -1.061480751449467519e+00
3.687262753388307335e-01 -1.080904615958538706e+00 1.938917483275613973e-01
-1.056573412456740302e+00 1.876618306120211521e+00 1.721002909181943208e+00
-1.668304932890273040e+00 -1.030949590822658912e+00 1.014931986618622162e+00
8.838409548335190991e-01 -4.785415049755452621e-01 5.073632998308097442e-01
-3.675246680016135414e-01 1.457005969731806738e+00 1.652493660025885935e+00
-1.257929224599502183e+00 -1.404376118713207999e+00 -4.287664806594837508e-02
5.014177971207152140e-01 5.195256118262875367e-01 -8.015200925624665906e-01
1.199362941817216921e+00 1.388824044007143099e+00 8.505779601801497503e-01
-4.444013688124376360e-01 -1.549106477729171871e-01 -1.959670229746407921e+00
1.340245439055290921e-01 -1.143260939732225978e+00 1.444033602723288290e+00
-3.682680956720653098e-01 -1.328988233658412677e+00 2.221421826397189214e+00
-1.002823918148907811e+00 1.107587357030179298e+00 1.542997729790763772e+00
-3.514926145198626894e-01 9.169434059642304069e-01 -2.239508301907208176e-01
2.589716080309391710e+00 1.346864012905635288e+00 -3.471463988686321889e-01
-6.621790327473378035e-01 -1.567568693680187808e+00 -1.195176189724362459e+00
3.813479838790140297e-01 -2.120400803903225828e+00 -2.813882267148782312e-01
-1.646741894259157846e+00 2.254206782813696019e+00 5.359160525585170420e-01
1.034391928382669690e+00 1.455941643271437269e-01 1.700101636824705942e+00
2.519833156323033618e-01 8.362651626188846166e-01 2.120980117466432224e-01
1.908769712438741495e-01 -1.720651554137480721e+00 -1.932492243164452561e-01
-1.771483998411330862e+00 2.138072170358294777e+00 7.337591765407993627e-01
8.032933251043623546e-01 -1.250147829674482125e+00 1.390585997506811111e+00
1.275061254463063287e+00 1.138137015546822006e+00 -7.135728870493418530e-01
3.344968011936269581e-01 1.584922434755247633e-01 -6.096183096599003814e-01
-1.804121105376412793e+00 -1.959753850737810055e+00 -3.909717794728432283e-01
-1.392101747868133454e+00 -2.376990035776087029e-01 -6.428982627817954043e-01
5.534436920596916831e-01 -1.064200602932005690e+00 -9.854972651918505466e-01
-7.562679853628584414e-01 -7.366357304072425061e-01 -6.048737619872824878e-01
7.464680452056915438e-01 -1.253230377024669551e+00 -1.797456148158109501e+00
-1.620531653822832041e-02 7.501937046333031489e-01 8.558118787996120691e-01
1.176868331688943226e+00 3.390686489947171700e-01 1.024157344244035706e+00
6.243791721596232414e-01 4.324256568586229421e-01 8.448918646017720135e-01
-1.469853284526845272e-02 -3.876766174094141704e-01 -1.189386761807415205e+00
-1.244969740755262344e-01 -1.406863326054693220e+00 -7.556277831047104598e-01
6.811654714137005406e-02 -4.499712544230320965e-01 -1.046921704518509522e+00
-2.238192749593656661e+00 2.229655733233422588e+00 1.469533275096034375e-01
-1.536545127342186512e-01 -5.075053140679438579e-01 -1.355002685998159873e+00
-1.543999411154902912e+00 1.433880812915142577e-01 2.751347532413314090e-01
2.653042434241142389e-01 2.323319862344234155e-01 5.327438795674578342e-01
-6.528185891352582537e-01 -9.153968015224230870e-01 -2.100071933950056202e+00
-9.529762336820688517e-01 7.269196711151366674e-01 5.906093629019408819e-01
-3.546472516084153703e-02 3.297400045095778554e-01 1.463383509557011131e+00
2.375350403875525762e-01 -4.958252273469396787e-01 1.310825070910779822e+00
-6.231406991901842218e-01 3.742325660462670900e-01 8.452772180081247200e-02
1.587962221489710446e+00 -5.750996269917065806e-01 6.518383797426614557e-01
-4.904715367959566752e-01 7.712510600748104794e-01 -6.536587200696919453e-02
-5.548880986681932193e-01 -1.206546280914338798e+00 6.369952703956720530e-01
2.576119068786659305e+00 -9.013167699732496096e-01 1.049129043160208496e+00
-7.656482185108517413e-01 5.735727845259019908e-01 7.210745859306713079e-01
-8.177374594893229709e-01 2.447571093907716211e+00 2.611554214424308684e-01
-3.279014415780677760e-01 1.031839142604049187e+00 1.571695531326137152e+00
1.109153797706663447e-02 4.217890664705390424e-01 2.478202589519942767e-01
-1.935631190385959766e+00 -6.793611174727858248e-01 -1.298478050994873678e+00
2.228106446916719996e+00 2.552509545534641155e+00 -1.758338430531281027e-02
-1.942449305676344551e+00 -1.120664454395642107e+00 4.089628516509979939e-02
-3.091256365161476616e-02 6.858240545092736395e-01 1.262013485604388086e+00
-7.570965588795628420e-01 1.288878714313001383e+00 -1.337969570298314093e+00
-1.179899500293648540e+00 -4.608450931031580766e-01 -1.272791663758711778e+00
-3.353937371923657595e-01 8.177769584660106172e-01 -2.491232018133380244e-01
5.902877443010143832e-01 1.175244941335344073e+00 3.442998154527579846e+00
1.158804260214911341e+00 -4.315479648338721441e-01 -3.500404056509753836e-01
2.589826708516145826e-01 2.927559225832101486e+00 -9.165212964317785982e-01
4.870505539642142612e-01 4.784306467759735781e-03 -3.417594893159208724e-01
1.058721122830252437e+00 1.528867085214479671e+00 6.463379537786932971e-01
-1.183865938874888446e+00 7.222873146469180883e-01 -8.050111921538456450e-01
2.751923497801381568e+00 2.093192268887386298e+00 3.380252106979116933e-01
-1.043173835772024383e+00 -6.046063909554280080e-01 1.079556386419508129e+00
7.629383322960093805e-01 2.160910433358417260e-01 -4.674054892095169667e-02
-3.088865322774430044e-01 1.030017764634666655e+00 1.722845806543314984e+00
5.114916040219668059e-01 -9.817079647203641457e-02 1.592114169186791495e+00
-6.861615638081142166e-01 -1.236735895278944453e+00 1.941695054074839888e+00
6.488501488274194262e-01 -5.577804747296508658e-01 -2.491760052523926405e-01
1.066272811141766308e-01 3.369300179688783925e-01 1.033160579119496880e+00
-4.824186675836333871e-02 -1.211449773280828701e+00 7.590024620389344001e-01
-1.768120520759975278e+00 -7.458292704271785034e-01 8.600438573853443902e-01
-2.068894887812927630e-02 -4.440549626718159892e-01 -2.762531929922857898e+00
9.615931154994792340e-01 -1.074183171986513030e-01 -7.785565498375581761e-01
-4.064230171092710897e+00 -1.386766387654995825e+00 -2.844575995865186613e+00
1.710792417089902706e+00 1.413754547418288432e+00 2.958531098204062459e-01
1.155963549546844993e+00 -7.811301109484144467e-01 1.045562793844401206e-01
-5.688676024575667345e-02 4.573880900835749497e-01 2.302329340685113745e+00
8.912984024677652606e-01 -5.164995379729621083e-01 -3.101979133844383063e-01
6.298297414510986014e-01 4.085840927944056622e-01 -1.915851112595737815e-01
4.192038017872498079e-01 7.293087583036775845e-01 1.055529608075868042e+00
-1.385121819321325720e+00 2.702195324930558584e-01 1.999534942090616108e-01
1.886149614266495744e-01 1.987549549525897907e+00 -2.053847952401354204e-01
-2.208665657678957617e-01 3.372214336845306137e-01 1.003550691628706248e+00
-2.370769513459077271e-01 2.518194373372504291e-01 1.003947975319782193e+00
1.800377641632260328e+00 -7.847202872797225393e-01 -5.054079912243684136e-01
-1.283214498796342085e+00 1.530223017075251324e+00 -9.606032382834851502e-01
-3.145423506212796205e+00 -8.669771862763524517e-01 -1.156565843394725124e-01
7.887753855584904716e-01 3.181458627513377158e-01 -1.316983810913658348e-01
7.973772144084299018e-01 -1.640366259104160118e-01 2.262539382696047152e-01
-1.411080564887461919e-01 -1.671440016035113274e+00 -1.029416415975680010e+00
-1.133155411365942555e+00 1.015694963831238473e-01 -4.688575488654813106e-01
1.465656467590807921e+00 -6.174503111952105439e-01 -1.438578353642282481e+00
1.105584701470469167e+00 -3.812917874371490878e-02 -6.889120009669202904e-01
-2.123127180740070674e+00 2.014440182166132409e+00 -3.525295454252783678e-01
6.342003019930535501e-01 9.331662644737942491e-02 2.928781293119558926e-01
3.762055228291125153e-01 -6.715186213153401251e-01 1.337134863487480230e-01
2.207990526281879973e-01 1.247311417754497498e-01 -1.401702262292157108e+00
1.225339559424141189e-01 -4.237888097618990324e-01 1.432345247456993098e+00
1.815877020188417568e+00 1.829352906766777753e+00 -4.693071327628444145e-01
-4.591112529881627435e-01 -6.026879367939622645e-01 -6.712728640659276769e-01
9.806769053800923341e-01 1.832424658617613611e+00 3.821401494865808712e-01
1.698103152766942125e-01 1.906846049052937975e+00 -8.586549171001582881e-01
9.533465420453612893e-02 5.459596538641722230e-01 3.100126962805807018e-01
1.035118498903307982e-01 -3.934186639930898899e-01 1.692609506026122812e+00
1.098983494589684806e+00 1.508470490038147371e+00 -3.386173439028894450e-02
-1.095515584056856673e+00 -1.728774753267708908e-01 -3.891848408253920644e-01
7.367559118524952266e-02 1.432002785151538893e+00 1.050618047198105032e+00
-7.371250522391918913e-01 -2.751780285032120243e+00 -1.201518046052424182e+00
8.381373998929713132e-01 6.690529734616224022e-02 -3.684965017549927668e-01
-9.958216498050758148e-01 -6.813318647879542667e-01 1.067069569121879891e+00
-1.508402479737982471e+00 9.268329417886128629e-02 1.418957456283790108e+00
4.653989176979644871e-01 2.512777451874054213e-01 3.425751438595604492e-01
7.244093403872207126e-01 2.509867576747933704e+00 -1.468791206253367010e+00
8.831097532789520255e-01 -3.028149279809777106e+00 2.098070401693366005e-01
-2.519756671155747307e-01 1.175460436491101213e+00 -1.454764440906596068e+00
1.493188336830292062e+00 1.091634624252743935e+00 4.700193879720969137e-01
-4.841503856194634414e-01 2.593092419656491954e-01 1.950309017226383723e-01
1.350932646422148942e+00 -5.619167071633179855e-01 -1.038988433573413195e+00
-7.637405842021479652e-01 5.545951470368797320e-01 7.538534095267859225e-01
-1.238901924383725817e+00 -1.660908554867341236e+00 -1.390709157543075225e+00
2.768881962113521888e-01 -1.072619425371649893e+00 -2.505912014734531290e+00
6.642594927853349152e-01 -1.658952415478141429e+00 -5.726785984071789404e-01
-7.737097248417215134e-01 -3.634481270184047874e-01 -7.743502121958600881e-01
-9.141123122567818005e-01 3.136670115006419568e+00 -8.264859509693103234e-01
6.185486900867585014e-01 1.010162747801094607e+00 -1.902931919194065902e+00
-5.160425297272155376e-01 3.288373198498994454e-01 1.111026343624995860e+00
1.294205095617777523e+00 4.270673318828849263e-01 1.007052131737311118e+00
1.811669106892932479e-02 -1.300878316724927153e-01 -1.300899325426768449e+00
-1.626129138025285137e-01 2.688271999591519412e-01 1.013892392696835065e+00
-8.083557167710415658e-01 3.821878855741159819e-01 7.374256260555231979e-01
-6.727775858910234330e-01 -4.274047659067631288e-02 -1.846562374091157643e+00
-1.317813589741310687e-01 3.699992507238476502e-01 6.260446775490486893e-01
-7.085430714413403219e-01 -2.772508209809395607e-01 1.853977752452562910e+00
8.070564555133532547e-01 1.114941224341148729e+00 -1.875384030196534102e-01
1.028798807820042738e+00 -1.349020956156013584e+00 -1.015822634436147176e+00
1.167593443653025531e-03 1.340226940932917721e+00 4.892114008408839365e-01
-3.850410979172518844e-01 -9.329328343880451957e-01 -1.301310322450506707e+00
-1.558864621127969752e+00 4.157990532939426220e-02 -2.139826604768516605e-01
1.531864162606302870e-01 1.590697296213630096e+00 5.048401971934611820e-01
4.233407987015316842e-01 2.139037185996567336e-01 1.334583495832054378e+00
1.679586801416519837e+00 1.658582124771594390e+00 -2.645830776664105377e-01
5.495448496270622929e-01 -1.826819906719434616e-01 1.397823753178272899e+00
1.023014216657946118e+00 5.417528369855290071e-01 2.397312572780524675e+00
-1.102131591455014492e-01 1.709360082913873535e+00 6.091500010788916120e-01
2.686822491740409324e-01 1.514306539035035204e+00 -3.551812224346651004e-01
1.585693560943919334e+00 -1.610360323773200264e+00 6.518254485619520144e-01
5.670110517756554724e-02 1.170677313248522644e-01 -3.981002062677324038e-01
-1.498315700341095624e+00 -1.561406687002111493e+00 7.217455698984065471e-02
-1.925275951839870547e+00 -9.774180536096130911e-01 -2.490826255396871858e-03
1.964365076456859871e-01 -4.089150910113051318e-01 1.165618356924731591e+00
-1.858849393100141079e+00 -3.392242353995400528e-01 6.579988735164210567e-02
-9.979905080543876039e-01 -1.597433760116931389e-01 1.102266876198343404e-01
-7.149725818358987350e-03 -1.490724705299484976e+00 2.989465395897934474e-01
1.494623365136188209e+00 -1.434567561591715501e+00 -1.192238700971933740e-01
1.139075611115769826e+00 -8.455948170748783799e-02 -1.459042449012920128e+00
-1.497093106854849420e+00 -8.083516854614281044e-01 2.161013494327279627e-02
1.825456219458247986e+00 -9.359565820104256417e-01 6.053670922705711721e-01
-6.298803982428140547e-01 6.099636678547226687e-01 -2.416615414165426134e-01
7.370166624392722188e-01 1.192763559854401079e+00 -1.223486068652670955e+00
-1.454211751086719406e+00 -6.468182507821316207e-01 1.938874166717581948e+00
6.178748160533471534e-01 -7.705843264129874637e-01 -5.231810796740216096e-01
1.982395934971791673e+00 6.354956920646605001e-01 1.393380452192759522e+00
-1.998119235635254398e+00 -1.300547296566913813e+00 1.398772748178759295e-01
8.218019009998214219e-01 5.131808067829474185e-02 2.283084386265259003e+00
-1.309212583756783621e-01 6.035472270213368962e-01 4.683325724022668890e-01
2.184449616985101983e+00 -5.684697709712691616e-01 -7.425545892230209777e-01
1.237294219276226404e+00 -1.728257532936625651e+00 1.575436243319397578e+00
-2.725919445408578889e-01 -9.079261763789160389e-01 -1.376609994380638025e+00
-6.762741510703850212e-01 -5.812250748795957378e-01 6.434698161659579974e-01
-9.389100449049243569e-01 -1.134761135738426852e+00 5.170758772960835081e-01
9.109267424906766220e-01 -6.558174646919860962e-01 4.467980389087492510e-01
5.316486044942589917e-01 -1.599031793564766213e+00 -8.617349875578181884e-01
2.124136683518204283e+00 -2.538645028931044045e+00 -3.606070389887295891e-01
1.335927582674173886e+00 -1.353929497611825017e+00 -8.457443898680534478e-01
-2.537605408549472585e-01 -1.398230757813269776e+00 -6.230954911735779866e-01
-1.379500231937338839e+00 -1.216966504946420891e+00 -3.663177456998727433e-01
1.391993546423520245e+00 -3.699261161046932811e-01 -7.017365889947044799e-01
-6.576333403498630936e-01 8.381973760945706786e-01 1.181584713406455878e+00
7.273141532183120539e-01 5.120321741657796188e-02 1.667789938655456217e-02
6.982011271476794567e-01 8.898321956220337503e-01 7.693243856049992724e-01
-1.831591828939969302e+00 -4.340452322814659647e-01 2.201118279018673407e-01
-7.522237943547888106e-01 8.081754096832953760e-01 -5.181204741936416003e-01
-1.097998362713106024e+00 -4.503939650754761326e-01 5.485563824542549760e-01
-1.358777117838421145e-01 1.375949724966626597e+00 1.688714321590577105e+00
-2.335991328721180871e+00 -7.110988292411435374e-02 3.345200836145159062e-01
2.194700221009781238e+00 2.526128328363612674e-01 5.230880416645704578e-01
3.407488159813395479e-01 5.370658137498061091e-01 8.022600781392352776e-01
-9.797976806598351907e-01 6.847611934517685572e-01 2.234897392218433976e-01
-1.026080101477667039e+00 -2.767058520739090199e-01 2.131966544716151990e+00
1.128574168443686965e+00 -7.447724194163634071e-01 -4.396114148754631801e-01
-1.003239436359022907e+00 -1.147446963197263248e+00 -8.647738845061538893e-01
-6.770903245738053577e-01 -6.097767926859958276e-01 -2.803712417903291065e+00
1.331999579024845115e-01 2.459885284295993957e-01 3.152044809403298231e-02
4.459289486455242923e-01 8.668630879227998687e-01 9.150458544320609899e-01
-2.985035903455802941e+00 -1.553344264485661652e+00 3.940407033533516179e-01
2.116172821707666074e+00 1.419182425575263418e+00 7.343039388315562022e-01
-3.453926096084821928e+00 -5.926012600077074088e-02 -6.400286461054699449e-01
1.048398689922938276e+00 2.615502251385402488e+00 2.658796715634636487e-01
-8.997814372615913214e-01 -2.014416980362678800e+00 -3.622979848287682936e-01
2.035907436722820263e-01 2.241217817202937890e-01 1.687061205296943034e-01
-2.467157897249933063e-01 -8.940418271908696646e-01 -1.014524871763775815e+00
6.673244866283400967e-02 8.788070910681475834e-01 -1.184792658730928760e+00
5.936856869452208363e-01 1.881963166496925854e+00 1.974304868770876409e-02
1.466882903351164558e+00 -9.564197629131907519e-01 7.639912830103718910e-01
-8.472194627254239219e-01 9.189807421627210759e-02 1.675780681962643626e-01
8.604894707154784328e-01 -2.135659332256073739e+00 -6.127075717415366718e-01
3.260895127990909304e-02 2.730131144591190662e+00 1.043758287831251241e+00
-1.478447064804692790e+00 -2.078407490278769476e+00 -1.098774491086152771e+00
2.291339130200064744e+00 9.157559875218229672e-01 1.000122058293679395e+00
-1.062760597069424939e+00 6.933728985074509854e-01 -1.815998671193575387e+00
-2.960239663162704815e-01 -1.784984234953087112e+00 4.681339259440649991e-01
-7.347746064939930655e-03 -9.791205190854110896e-01 -5.611644004983741274e-01
-1.313312736957771731e+00 3.024910285322331971e-01 -1.137060794348728310e+00
5.312058122954560480e-02 -7.223137696745789427e-01 4.477761659290807605e-02
-1.772958217192088792e-01 -1.869759985074498365e-01 1.501775467519729901e+00
1.988930643812171661e+00 -2.235463689024367318e-01 2.372992693867066016e+00
-1.126632396871477759e+00 1.204812807262780616e-01 -8.623433349455724706e-01
-3.631335958488982607e-01 4.608105190551793351e-01 2.537829421600773294e+00
-1.865084604083191211e+00 -1.198248529104736781e-01 -2.698594192611952103e+00
6.601305837755555572e-01 -1.312941492099002572e+00 -7.471635882463384393e-01
1.159702046530168618e+00 -2.255490913285518317e+00 1.967929893319066537e+00
9.062972143763095012e-01 1.028352547326493838e+00 1.730045224829936057e+00
2.108657653307889901e-01 1.094753624187815300e+00 -4.727333960109895150e-01
-1.363262908156690489e+00 -4.827320715259272865e-01 -1.292562861937122776e+00
1.151056268185552955e+00 -4.645056570859239509e-01 1.548969635942451517e-01
7.973076998259249759e-01 6.824215971211339271e-01 -9.287683902033716521e-02
-1.282027265209722433e+00 6.061512560877226896e-01 -3.321012513604110761e-01
1.074133890451470341e+00 -3.612771057121855200e-01 9.444382688518349056e-01
-1.033949424205520051e+00 -1.677020356169267146e+00 1.190579706907118229e+00
5.212316033293447060e-01 -1.627626828815675886e-02 -9.046669708866328374e-01
-4.666874367048130523e-01 1.182907738973662193e+00 -7.416543236067902889e-01
-9.259409526090197629e-01 -1.721229036569667192e+00 2.903946700121318170e-02
-4.142260619507218133e-01 -2.240529646850845658e-01 3.347441062821553404e-01
6.573824645325310190e-01 4.793426337902084722e-02 -7.006988117390904325e-01
1.130095777580479188e+00 1.283522157238855765e+00 3.443560738215593720e+00
2.503789116370085388e+00 -3.963367638498067613e-01 1.645126915040528548e+00
1.450818117434376830e+00 5.214267614488816704e-01 8.524841994439640303e-01
2.273502972226907337e-01 -1.387822110773485829e+00 1.709943081442566459e-03
-1.534152051897095248e-01 -3.699734651037968058e-01 6.023432065365743604e-01
-6.670010552734263465e-01 -1.254257592087187678e+00 -4.515694518428964854e-01
1.274903739842796480e-01 7.599850105590169047e-01 -6.081718108102446285e-02
-1.553103273665636497e+00 1.591490474908351604e+00 1.884576042051809175e+00
1.032905201884693813e+00 3.780796104186736617e-01 -1.218610818655850636e+00
-5.126647341174028760e-02 -2.212569936117080083e+00 1.137052102937722298e-01
1.149327068128363827e+00 3.130632498886525283e-01 1.255526783803867508e-01
1.072248662498173966e+00 -3.567496721426932638e-02 1.273518983956968054e+00
-5.485205915148706479e-01 -1.238244710319686526e+00 5.208407926251645836e-01
-5.622231635765551072e-02 5.627618623630490369e-01 -5.424436146190039221e-01
7.402293222035414288e-01 -5.549297173404732497e-01 -2.001920194354910087e+00
-4.996029039489013890e-01 -8.013087575670608809e-01 -1.514003743326392870e+00
-1.523461210659165177e+00 -8.752172283266723696e-02 -7.061814852565457823e-01
-5.928136911906682904e-01 9.833267028275105570e-02 8.920515780333244660e-01
-1.264452455270272946e+00 -2.027419277613392024e-01 4.655001330138982540e-01
7.300134568081502184e-01 -5.953623213804538628e-01 5.563859134892681357e-01
-3.946919588643788002e-01 1.275834035290562163e+00 7.734589266324175538e-01
4.985781674350073245e-01 2.627386872915901783e+00 -2.176034705726451746e-01
2.881722975576761492e-03 -1.189646566982907050e+00 4.993971876362811591e-01
1.074397208114974411e+00 3.737424710115665460e-01 -1.438111206430892075e-02
8.041439117667146252e-01 7.362361532406039855e-01 1.007659467770289252e+00
2.316424029524757344e-01 4.882844705440694266e-01 -1.403460536021639449e+00
-1.127186434191648878e+00 1.534693049682756660e+00 -2.080285769355048053e-01
-2.015189598360032641e-01 -1.070563272547853773e+00 -5.228889118940641678e-01
9.742109726803700465e-01 1.528076439021398558e-01 7.586019516639916915e-01
1.204209802708200883e+00 2.229403985316202874e+00 -5.796638282644259732e-01
1.537047942344045293e+00 2.997825042096057047e+00 2.468197849881411443e+00
-1.046782816195079402e+00 -1.929717135005171391e+00 -4.490828132827779373e-01
-1.591982313757316359e+00 -9.098635334888509618e-01 -4.948469657354196416e-01
-1.131844219911858573e+00 4.957405131279456478e-01 -4.316988625359679532e-01
1.475848818786152927e-01 1.041968080396095120e+00 -3.917888165008757140e-01
-1.835278020553299250e+00 -8.901286581744882742e-01 -7.667556133411967956e-01
-1.363735594023380848e+00 -1.598579649987915241e+00 5.944697254065722802e-01
-1.939058637837856036e-01 -2.474019554356475803e-01 -1.188152340691557285e+00
-6.518272608331965312e-01 -1.470268916837300655e-01 5.152689630919145003e-01
-1.850868040080157151e+00 2.925270177476143596e-01 -3.275400775171477541e-02
-1.687390650766221745e+00 -1.017777210653869613e+00 7.631079917639422838e-01
-4.490362205157970577e-01 -7.555131633576086525e-01 2.014659239054557016e-01
1.791549641100546930e+00 9.312777192014995986e-01 1.501848708353725081e+00
1.437956569035369947e+00 -1.157776229956662295e+00 -3.154137530274874202e-01
4.379190907303163183e-01 1.596852055312677265e+00 -7.571938245154479219e-01
-2.745972671872686455e+00 -3.820592508978372659e-01 -7.996184576376568209e-01
-1.358846052032133267e+00 -1.197318827747754444e+00 1.343025467418659691e+00
-4.473275619995509267e-01 7.007107468979746345e-01 -2.614233995126978849e-01
2.752745456263702151e-01 3.311506458809118092e-01 6.652096393816330222e-01
-5.099116718213443367e-01 3.977419581634313861e-01 1.723334909583489560e+00
8.598165807726571019e-02 -5.168950424984946057e-01 -4.733868847349796960e-01
-2.023940682015726855e-01 3.248142994504977232e-01 5.542308239890706423e-01
1.034449537325945467e+00 -7.113797489196367341e-01 -6.123356971996405385e-01
-2.410679243529159077e-01 -3.354819764485704736e-01 9.881803176642882658e-01
1.827269502105633991e-01 1.445818464899488065e+00 -2.130781040380595570e+00
-8.716432655807971885e-01 -1.096394516733568469e+00 3.338614452046306802e-02
-2.529010770526411434e-01 -8.737905235383353064e-02 -4.576314136506203778e-01
1.421398837225624545e+00 -1.602369723816019942e+00 -2.003030436585023999e+00
6.557556320713744391e-01 -7.969490130664650396e-01 -1.844078194392338998e+00
3.525740495864483570e+00 3.409893783270383949e+00 2.711652359483275099e+00
-1.476238034652137099e+00 -7.547304686309489474e-01 -7.622653031766644105e-01
-2.100132912314219169e+00 -3.699656287292173440e-01 1.404049478539693085e+00
-1.642235340004280619e+00 1.903110005914748770e-01 -3.170039573188179194e-01
3.472398449390561304e-01 -2.734971918356491116e+00 -1.020822269315193598e+00
4.447838947203338611e-01 1.138417198629596783e+00 -1.361648569440400358e+00
-6.732645215852625098e-01 -3.392818410372345772e-01 -4.061934283921434519e-01
1.934705240240263802e+00 -1.221640758915729652e+00 1.682301620835586764e+00
2.428156955274389239e-01 2.155643181151471133e+00 5.245912025694927650e-01
1.598512781661336479e-01 -1.805354032684461485e+00 -8.304947927669624752e-01
-2.558908454646071196e+00 -2.309938258667085798e-01 -5.252143990732738299e-01
-7.981888828013177228e-01 -3.430697009048827573e-01 -1.454489240876845280e+00
-4.529819986574329382e-01 6.498366116680593940e-01 4.594963330492761733e-01
1.695963004286180631e+00 1.431544438025564858e-01 3.338197247673461154e-01
-2.160979883759508446e+00 4.518320667121966672e-01 -1.304656355005448187e+00
8.039551890770122444e-01 -9.082478700295948393e-02 2.369215963942034708e+00
-1.243193456560419907e+00 -1.743147248125450632e+00 6.566891628400131076e-01
-1.072007558935266891e+00 3.244480620706312601e-01 -2.423608160864201833e-01
1.878727035353894292e-02 -9.783379849466611322e-01 2.018181822848768903e+00
1.480341822319764411e+00 7.370374516602019588e-01 1.594523800759183318e+00
-2.203221876133313106e+00 1.790941997473270986e-01 1.527602853863064825e-01
-7.654764223633736542e-02 2.581931948435188806e-01 3.424517402111774134e-01
8.277305960498595461e-01 1.983223217458005005e-01 6.956477163295595734e-01
1.169619464020828614e+00 -8.269545463114027495e-01 -4.857292463242512959e-03
-3.862100810299470277e-01 -4.571938320228155495e-01 -6.678612249451831850e-02
4.263798437441809197e-01 -5.796384309493890497e-01 -9.080421142792294287e-01
1.589751513677121864e+00 3.082635553387549798e+00 -6.930063219574387201e-01
1.197088457363820524e+00 -8.163515997495776055e-01 1.678313316992689819e+00
-2.094398389444614317e+00 -2.798670975102085734e+00 6.789535313006473949e-01
-4.778896988890307673e-01 -1.556159541473540520e+00 -1.216241303936303808e+00
-2.969592801955472927e-01 1.198419824556727686e+00 4.453561055936830493e-01
-7.604538090202224154e-01 9.678975689600601839e-01 6.067034904468543433e-01
1.040574806214901393e+00 1.643558467055737493e+00 5.550876763938777936e-01
-2.601112465693037112e+00 -1.335697780900947151e+00 -2.612133260712737881e-01
-3.699600001565900298e-01 -1.060298833190695955e+00 -8.692515281335315702e-01
-1.434813854815970791e+00 -1.445886037155883930e+00 2.980738421205851862e-01
3.343299043791999603e-01 -1.115393993066933209e+00 -3.386695657299048645e-01
-1.264564867387834468e+00 -1.802422626156160668e+00 -7.993704060342471385e-02
1.107127058812231724e+00 -3.348474679299381362e-01 -6.606160109322638530e-01
-5.712077896052712989e-01 -2.657410336530087180e-01 5.614425951986372620e-01
-1.057829131276826873e+00 9.214494689269661087e-01 -1.740223184301474824e+00
-1.136154419432419571e+00 1.540401010446576402e+00 8.150520191917786095e-01
-3.074401215043937041e-02 1.107715035218328703e+00 -1.098890815986802716e-02
8.958860621331499186e-03 2.112912229587311508e-01 -1.684056923132737360e-01
-9.854273753510280898e-01 -3.044082687990062208e+00 -5.020887861830699572e-01
-2.391958731321636722e-01 3.964992591183670312e-01 7.060172663056658582e-01
7.850772946206772129e-01 -1.696231346154652986e-02 1.079590722555512139e+00
-1.890213342982147715e-01 -1.082314179104811869e-01 1.103006369456850155e+00
1.318903439742780126e+00 2.589613542849222849e-01 3.066864001729570632e-01
8.588872778088505466e-01 2.958247994774244605e-01 2.359976854772843913e-01
5.920803025770164929e-01 7.679456801347120942e-01 -6.369943267183253433e-01
2.502297508631935230e+00 1.701427864784235688e-01 1.756042223618892173e+00
-9.766776347751728871e-01 -9.721222660337531796e-01 -5.159741307009273470e-01
1.163682473474306533e+00 1.869129907885676234e+00 3.017153038413435961e-01
1.085253657613627576e+00 1.378396044128812115e+00 2.939666829716002239e-01
-9.105983941740332099e-01 1.818390172166571617e+00 6.503536062476030777e-01
8.013118499957192498e-01 -5.059714429016742843e-02 7.654940892641726169e-01
-2.710330808021488291e-02 2.248431367391585667e-01 -7.743419243240377003e-01
-1.132487791228402596e+00 -7.078129696266169946e-01 -1.136983986222665610e+00
-1.181694675606482225e-01 -1.580001677759929057e+00 1.010831795704619118e+00
-1.294808598331820493e+00 -1.345204075451420511e+00 -2.512292082374690261e-01
9.912495004549106703e-01 -7.323834399462065825e-01 4.509451288218475629e-01
-1.528360755206554344e+00 -1.141255784849791732e+00 -1.086074565873156317e+00
-2.643519786675274652e-02 4.539627590039885252e-01 7.352892111591433633e-01
-1.435250060746600553e+00 -1.652943585678798177e+00 7.389166680032011048e-01
8.019538278105964313e-01 1.880361843974818870e+00 -2.323333474577953250e-01
-8.441827390810443532e-01 -3.848299997700271868e-01 -1.003558015438642537e+00
7.838019865487124704e-01 -1.564624458432185783e+00 -1.241353101794157254e+00
-3.230017059230969600e-01 -4.007663226435892456e-01 3.084276637578413638e-01
-1.830728319785019265e+00 -2.127914805690074740e+00 -1.802956943348157592e+00
2.697169841665031376e-01 -1.853874879022246569e+00 -5.039891902709814353e-03
5.005940977396171609e-01 1.574332218637833347e-01 3.733049315978727023e-01
-7.733638405038054664e-01 4.859745896355194272e-01 -2.830985932472346311e-01
8.514360483423328851e-01 2.318952922112451631e+00 3.237833919601244004e-01
4.057991718823697469e-01 1.318532109991919388e+00 2.287356892177558443e+00
-2.054054235545856422e+00 -8.771816356369908085e-01 1.577114875698086838e-01
1.349618558318829820e+00 2.454152168897340558e-01 2.336222959147170819e+00
-1.278194663627171046e+00 -5.872026768142133424e-01 1.017513130577125668e+00
4.665114999743041335e-01 -3.468868588161002631e-01 -7.427436664391628973e-01
7.239610981631640074e-01 1.491231365087911431e+00 -4.320946934838144626e-01
4.185726449830222684e-01 -1.796038371573848713e-01 2.078528650309917625e-01
-9.853218603284394916e-01 -1.815721520619824059e+00 -7.868678628974683509e-01
2.151350292815520149e+00 8.610314654508024468e-01 2.228449555643255975e-01
-9.300191282366604417e-02 2.120600024995273891e-01 6.034549075096469206e-01
3.358699466519627919e-01 -1.000093951048803165e+00 2.142126191652498957e+00
-2.341368995797454833e-02 1.335934245350703931e+00 8.508033867201307832e-01
1.576060341870280546e+00 -1.870352578477121996e+00 -3.381741562667734513e+00
1.427518749371069262e+00 -8.091985773877656829e-01 -1.008835392512054785e+00
9.515846097885918287e-01 1.493673694084124426e+00 5.413757831109194951e-01
-8.743248952817348485e-01 -8.067635181994423643e-01 -1.939307849748728163e-01
4.134225262478433138e-01 7.822575145004075914e-01 8.810746115811693979e-01
1.549689495586089816e+00 -4.158755935628253297e-01 -1.273275650128953718e+00
1.448726357976664048e-01 -2.331251397860149233e+00 1.530117236722475793e-01
9.296775336854974370e-01 -3.759166699205626072e-01 2.024916292107364235e+00
2.445943164677919057e+00 -9.603126297729775995e-01 -1.371179502837499120e+00
1.416494747856157588e+00 2.930220663806896164e-01 -5.316784003627228472e-02
-6.154525282827294497e-02 -1.979484880948233494e+00 -9.726924581433507022e-01
-7.296178571850168160e-01 -1.989187320536313530e+00 1.563481536308986453e+00
-6.063300435640200936e-01 -4.724025821641673617e-01 1.006268087339972084e-01
-2.285219617152834948e-01 3.020986439257928868e-01 -2.135886388090994181e+00
-5.233010948363062687e-01 -7.110387654093651699e-01 -1.707734858231521935e+00
-8.304891142391326309e-01 -2.317287390321440377e+00 -8.436068376135833491e-01
3.735568925388873529e-01 9.760486202529348176e-01 -1.412032364425921838e+00
-2.304658232062439360e+00 -1.967406533835882376e+00 -2.073202420492476161e+00
1.670245898434967513e+00 8.237944179944136636e-01 -1.859761185654028592e-01
-3.229034103086221297e-01 5.313893714211639363e-01 -3.460331466224987107e+00
9.523583748806705440e-01 1.210367180433618572e-01 1.502831395950273707e+00
1.528674721108961077e+00 -1.104699842483525485e+00 -1.844476805267374342e-01
-5.956957759572991673e-01 -2.157810487390809939e-02 1.286560322780643029e+00
1.773667212411559890e-01 -2.427359200807709394e-01 -2.978522473644473756e-01
-7.416233493546020572e-01 -1.069389342210750549e+00 -5.362828044193944654e-01
-1.375061801559617436e+00 -2.587836051027372353e+00 3.609652789968118558e-01
-1.353719304931009226e+00 6.580473469616574533e-01 7.401018979238827011e-01
4.984735539505640300e-01 7.515225552050927016e-01 -1.778216699406253820e+00
2.618242308183672540e-01 3.311743946950435058e-01 3.517980409051137403e-01
-7.754271813334685515e-01 1.180550583342974358e+00 -5.138398230417247081e-01
-5.971085968890217366e-01 -5.986909088468062023e-02 -5.533985209657446003e-01
-8.777235178897369039e-01 -3.510050511795335115e-01 7.547004962754699786e-02
-2.942127516745504767e+00 2.305869923282216405e+00 -1.042500577098994352e+00
7.011602472573434941e-01 -2.218326353961614483e+00 -1.456890673825217419e+00
-1.622585695497265057e+00 -4.199503243421232046e-02 -5.470442251332323647e-01
6.284727162503626063e-01 2.355201630564552895e-01 -1.137485519170284398e+00
-4.372357623813574179e-01 6.457701439082400574e-01 9.569225767673168459e-01
-6.541734916709180947e-01 -8.133654718563989583e-01 -9.094239866178961407e-01
-1.083732352204038740e+00 -8.703754399131002906e-01 -1.216857531831378458e-01
1.487023724547698711e+00 -2.109724679315021056e+00 -6.530283774402791952e-01
6.742443693462678578e-01 7.542897013139313600e-01 8.441488242735055714e-01
6.581391412638009086e-01 9.596999072627283578e-01 -8.282919999905611341e-01
-4.070269791878950993e-01 -1.213056813331681028e+00 -8.792184723273632763e-02
1.553474857706512058e+00 -5.943472708808368310e-01 7.741235334458695938e-02
-5.224740889284976708e-01 -8.265629557459348575e-01 -2.456044991454380821e-01
-1.867175279604255667e-01 -1.549103546799647013e+00 -1.694105892527979051e+00
-2.107731793587240166e+00 -1.322894255591656743e+00 -3.439799954486776334e-01
4.915264045874577770e-01 -4.368198076569925759e-01 5.188406100199113302e-01
3.886004625409046342e-01 -1.726169738897453509e+00 -2.961533813169232587e-01
-5.473098091756884997e-01 2.926822218064156766e-02 2.885696554832080096e+00
3.619961773951374528e-02 -6.595782695295204778e-01 -1.350873002226959274e+00
5.738040897142215879e-01 -7.358647752323524971e-01 -1.088817914914496754e+00
-3.044128199289146131e-01 -1.817177830662406013e+00 1.792863550390585203e+00
1.186516472208454243e-02 1.123192058618182276e+00 -8.608229067538766266e-01
6.980651846167642560e-01 -1.476049226668892045e+00 9.335191471521694373e-01
3.537632982614735244e+00 -2.210790818873312746e-01 -1.840323149816985859e-01
-1.335458155994071250e+00 8.598103890486719081e-02 1.207966015283914452e+00
7.500113452500518640e-01 -7.386710621715922853e-01 1.983928422163967920e+00
4.015337823903392112e-01 4.271929958920443471e-01 6.738061535069030938e-01
-8.918472578452003585e-01 6.201941560850385837e-01 -1.080659545609196304e+00
-6.879958908558585495e-01 3.435267708588896629e-01 -4.378505611451670720e-01
7.265808876223297519e-01 1.166572650260644384e+00 1.299531913440356901e+00
7.466568522316987533e-01 -9.976418271680056460e-01 -5.345308692978990583e-01
-6.658705825519293242e-01 8.314693292067641961e-01 -2.813177162509920004e-01
-3.576376492567361343e-01 -8.586954562438686711e-02 -7.084409088208134531e-01
-1.088431008672731570e+00 -5.525252558268765046e-01 -1.294649175467444957e+00
-6.054756337973866698e-01 2.638582178749012686e-01 1.176987937842766119e-01
-1.131977808213603165e+00 -2.463346399497525208e-01 -1.706408351946010482e-01
-2.270831587871269708e+00 2.200567549529763856e-02 6.275367646163843016e-01
-7.517392090457963860e-02 6.078740020288535550e-01 -1.838552327057691116e+00
5.918928790019890585e-01 -6.553835785759980492e-01 -2.673729292796183654e-01
-7.082893503935776547e-01 7.753699171282225633e-01 1.300938781690678780e+00
1.023581012910536270e+00 3.179593650688093742e+00 -2.595762863739570214e-02
-4.556800842129344886e-01 8.147061748869621756e-01 -1.385144852977836072e+00
1.930288689921209055e+00 -7.486361657796808400e-01 -4.345724975601432671e-01
2.358632571574427739e-01 8.173709795700082603e-01 9.909984218228123920e-01
2.377172855349913849e-01 1.858948285420224611e+00 -2.971916896091011395e-01
-8.922041108700276002e-01 -4.367149752628414205e-01 -7.223736973921637272e-01
-4.557280780199089998e-01 -1.978175142968596312e+00 -8.399757503245468548e-01
-3.442262462635359288e-01 -2.067597900975363778e+00 3.437203429771828467e-01
-2.381595338129895545e+00 -1.096334776148888412e+00 5.961747690022214385e-01
6.650443224535510511e-01 4.912077351859639451e-01 -3.495627872845061823e-01
-5.678327938143821196e-01 -1.287002742310711767e+00 -2.006831798735217998e-01
2.518229561589597765e+00 9.388308900137765090e-01 -1.225825598310636977e-03
-1.837943338950930094e+00 -7.308941434958633465e-01 -4.668298456163731402e-01
4.333096215571848875e-01 -1.004794755369469605e+00 3.900883879077823302e-01
2.603914454899351472e-01 1.610727588161566359e+00 4.212271224681896076e-01
-1.153368216406889246e+00 3.295810515593178280e-01 1.430884785757613020e+00
-7.377855203613581381e-02 -6.849551699708813501e-01 1.378148503757733456e-01
1.561281933169004432e+00 -8.678333690840289716e-02 1.068480737405479664e+00
-5.571271662736326791e-02 -1.843713787993437769e+00 1.794176133732595879e+00
-1.425149069824899861e+00 1.122077660964087009e+00 -7.805712901291457229e-01
2.303180822854270504e-01 -2.117280425596801408e+00 -2.148539000099472851e+00
3.379555090650288030e-01 3.424947109188327676e-01 -3.837483894000714990e-01
1.479672093355123730e+00 -1.639623075822560505e-02 7.149961629829434395e-01
4.907980857230798133e-02 -2.630219421070489894e-02 3.103519103511872768e+00
-1.845832310851275304e-02 8.144479501974486446e-01 4.057655723934801006e-01
2.487662254359157554e-01 -1.902664908591191306e+00 8.594851306143211911e-01
9.537254939410627630e-02 1.946277779323710488e+00 1.456234146841711041e+00
1.460410616009322204e-01 -1.354448388031774142e+00 -5.169127902128499708e-01
4.400544255414261530e-01 1.221564912938164271e+00 -2.524647278311853427e-02
-8.703170478142143729e-01 2.614347506895762230e-01 8.401646771165702798e-01
1.268097433560610110e+00 6.386407249939429764e-02 8.506831541662600582e-01
-8.629933028420915253e-01 -9.395809247227977501e-01 -5.131270966862795380e-01
-2.390698509516994363e+00 -4.458644931021887303e-01 -4.534298570977041143e-01
1.462219464901169275e+00 -1.288549453883736096e+00 2.937546602928887696e-01
-1.410515939096172788e+00 5.637263749182543915e-01 -6.595245790287620480e-01
-1.084670798352739829e-01 -2.828853623276329277e+00 -3.388074231554942806e-01
-1.179479101968712307e+00 5.959794012665124985e-01 -7.645331117738167759e-01
-1.036132115772764983e+00 -7.307020994838600014e-01 -1.517367316414799827e+00
1.441882586767572860e+00 2.689730798123977973e+00 2.611317211804690119e-01
9.982618692349018996e-01 -1.979671831422679107e-01 -1.868812073707374566e+00
7.512401738611482749e-01 -3.258714573331337183e-01 1.293444554213602160e+00
4.797272674957663297e-01 -1.492247150795903199e+00 -2.726457241496106909e-01
4.721700435832781317e-01 6.155478806299656824e-01 3.168397311963666141e+00
6.382433630290005322e-01 1.921295724056758081e+00 -4.098921569122959685e-02
1.890903714580137507e+00 6.930784195784005508e-01 -1.422621881991585679e+00
-6.938892378056848997e-01 1.281261730845013602e-01 -2.251365906486616719e+00
-8.529231644131083367e-01 -5.032398433853964015e-01 -4.970679480618164781e-01
-1.583772592749929986e+00 5.201279651045904728e-01 -1.698588710938616630e+00
3.798655130753498810e-01 7.600626163404740065e-01 1.317066715940722110e+00
1.536887446436697724e-01 -1.155990006810672988e+00 -5.856219437161050978e-01
2.370881835824547590e-01 3.441212714064135758e-01 1.316376543578429814e+00
-2.485018354796985740e+00 -1.637059889946333557e+00 7.662123910114515546e-02
2.213849674251620936e+00 -8.389303116205998334e-01 3.731321734059394046e-01
1.301226755266926549e+00 3.777671995914240188e-01 -3.586347021012687986e-01
-1.639764032880284494e+00 -2.434529826845727385e+00 -7.534047475302279029e-01
8.714080100560378517e-01 1.406474578629034911e+00 -1.170194085608758705e+00
1.506738973326510411e+00 -1.082618513370580349e+00 -4.021661459311441922e-01
4.257133443855812271e-01 5.868807829285851430e-01 4.753516218741840049e-01
3.847585606226767152e-01 4.640589304519261993e-01 9.688245609180867746e-01
-5.943311768337498080e-01 3.170781141464931174e-01 1.995227636983274433e+00
-2.847115781268608758e-01 -7.516334950804886006e-01 -6.948094797006132417e-01
2.142369580266741957e-01 -5.681424211953129966e-01 4.243041528830125975e-01
5.730952068949792810e-01 1.271386956848364225e+00 4.840680734517344153e-01
-7.402069768138103134e-01 -2.273984074413844869e+00 -1.318290919812675765e-02
-7.029245985135936792e-01 6.685971879059384726e-01 -3.506463644402693092e-01
1.135241627445926493e+00 4.115590093629588608e-01 -2.821708946452080591e-01
5.217421554961030328e-01 1.275287579294276608e+00 8.060828013186605023e-01
-1.723255651041145198e+00 -9.380750849199358532e-01 4.613374888138681573e-01
-1.676607529736722668e+00 3.478997795844562813e-02 1.911593434747374864e+00
1.325471354253826117e+00 1.736531172344636609e+00 1.063856930591818406e+00
3.324898981937864928e-01 -1.507206194916305808e+00 -2.007723121586010295e-01
8.040686802324459315e-01 1.633841774254975787e+00 -5.201648556340860985e-01
1.445834931386297484e+00 1.693256629278929282e+00 2.013773476150789499e+00
1.857012647936435279e+00 -7.960261067220844033e-01 7.925027951052763253e-01
-2.323719848626229378e+00 -8.716723667782553253e-01 -1.021720424958737272e+00
-3.527064183086336957e-02 7.542536178159551241e-01 -3.660974120417190836e-01
5.623139814822113447e-01 1.762970890115918454e+00 2.444587504579570636e-01
1.712386573715954929e-01 -8.689481029935082201e-01 4.546508072948900470e-01
7.663189288812205513e-01 5.153078105167163692e-02 2.142535152353575612e+00
-2.588876164150986536e+00 1.124239587155953402e+00 -5.717127538529478414e-01
2.211765235263221108e+00 7.737425626805463086e-01 1.052070482310476063e+00
-1.734680430536045259e-01 -1.090110126401588442e+00 -1.057265711046650791e+00
-1.983542378730324129e+00 -6.666093454095237680e-01 -2.178775901194779374e-01
6.180641502063143333e-01 2.807644956387528090e+00 -2.096698882560300570e-01
2.113393670232663002e+00 4.911112320446143209e-01 3.712744945819657083e-01
3.357461434710375947e-01 1.705953203086246095e+00 1.015604667437550734e+00
9.394609105039113395e-01 1.195188256030527141e+00 -6.942292939212908465e-01
8.493618620852250167e-01 -1.725637441218391688e+00 8.507874951736960067e-02
-2.062794857715672059e+00 9.985929841316618649e-01 -8.919495786450291064e-01
-1.544674479709156056e+00 -1.748653294089239640e+00 -3.036646777872643033e-01
-1.116602882533602958e+00 -5.008471150949826978e-01 2.083467985876606754e+00
2.408008431467361987e+00 -1.158411640894353223e+00 -9.281907827817581502e-02
9.542959287531638246e-02 -3.321211964509612757e-02 4.656763806001240624e-02
-1.617073536527480648e+00 -2.560544189619646804e-01 -1.598893693638074320e-01
-1.820965717963938912e+00 5.855304384477408863e-01 -1.250385748510129957e+00
-5.393216033726642156e-01 4.082695821809783077e-01 1.934988622942930947e+00
-1.625831297659146912e+00 -1.684174606501888771e+00 -1.757811530958238277e+00
1.996852436259739960e+00 -1.821450339027942400e-01 -5.839547541993888036e-01
-1.282842162157058707e+00 1.122805601864166780e+00 1.401247816789769729e+00
-8.044919160066184016e-01 -7.544361155572856248e-01 -3.993175863477830823e-01
1.774979684083992426e+00 1.478600088977338078e+00 -2.533055067546440275e-01
-4.157006714684509108e-01 -1.438311162291123768e+00 -5.423315789852909408e-01
-2.368484769240885579e-01 -2.561609726100111395e-01 -4.044555856052047815e-01
1.394002417778602787e+00 -3.683845245304170346e-01 1.372965682491955164e+00
1.664072537986172495e+00 -9.190401399115668557e-01 -1.162255705165076813e+00
3.254339264284827893e-01 6.330712919391625615e-01 1.886014207145549459e+00
-6.012636235033859133e-01 8.818959126986256614e-01 -5.354373044431026685e-01
-2.768543240250884718e-01 6.500764613937530800e-01 -7.415781288889545797e-01
1.339082987072777398e+00 1.182204763265764402e+00 1.414070278209788478e+00
-1.567274052934170436e+00 -9.120802926829767454e-01 -1.442960171577788664e+00
-1.312226935907324421e+00 -1.326861099030318680e+00 -1.592601435632079232e+00
-7.535962493324855904e-01 -1.602006824092672366e+00 -8.516072468861268785e-02
-1.114932700197774906e-01 2.173572998085973929e+00 2.812141880142379868e+00
-2.393078493214327862e-01 9.049067400269141803e-01 7.841906908233219342e-01
-1.209673018537625211e+00 -1.574329275030831088e+00 -3.687984312451801916e-01
-1.299836392053173251e+00 1.109307104122386090e+00 -4.386270830923187369e-01
1.265735310580570649e+00 -6.741350272947925770e-01 1.192913044764297936e+00
1.211151678858359837e+00 2.537739143368139549e-01 7.503936608480288317e-01
-6.111804188045200092e-01 -1.802531432915782661e-01 1.867164807264351190e+00
-1.124262139760403567e+00 8.148314461947216980e-01 -1.127049677057710975e-01
1.383070377966882925e-01 -2.605153822235084071e+00 6.752268440161859342e-01
2.185298762902484482e-01 -1.255673176384654033e+00 -1.073548948442680118e+00
2.432156225800053972e-01 -6.641068516419096346e-02 -1.571408269881378938e+00
-3.710645338517706837e-01 6.638178696893413111e-01 3.288681741484933418e-02
-6.696960583047870674e-01 7.687043677382043860e-01 -5.126623439358566348e-01
4.452189724976954865e-01 7.271758788027016251e-01 1.534145542323389622e-01
-5.433062758827005290e-01 1.083724207213270674e+00 7.056628465168273134e-01
6.866362126285032730e-01 -7.628423002387374474e-01 -4.594125829328514765e-01
2.388942212121297759e-01 -8.803280392992955949e-01 -3.371710054725435279e-02
9.134539663457225123e-02 1.379016055660021944e+00 1.352196481565474784e+00
-3.215115354388347058e-01 -5.550686263661841480e-01 9.788853234561707417e-01
-3.898035488356410561e-02 1.649465382479422537e-01 1.007797888403413999e+00
-1.076145211917951539e+00 -1.441195081251474885e+00 -1.920860276526499266e+00
7.938597481698093095e-01 8.774720159570106315e-01 3.635015112821108341e-01
-3.792890057262813253e-01 5.181389875730830763e-01 1.447629453187993409e+00
1.886824611596767953e-01 1.305959257638819038e-01 2.925751346160757604e-01
3.147710303364349427e-01 9.243373244765737962e-01 6.661637217036415759e-01
-2.059053204488448530e-01 7.108245294400949987e-01 -1.589271421122293804e+00
1.505972220739076883e-02 1.843399170946650734e-01 -9.501354365358747334e-01
-2.334756993618704257e+00 2.856614989998672582e-01 4.170014407297834014e-01
6.233279614659470447e-02 7.291461250167979857e-02 1.185188783822937575e+00
7.470919920704434114e-01 1.758407945490968016e+00 9.472632119956532204e-01
6.553981047139847416e-01 -1.434463245570019030e+00 4.677949932209667372e-01
9.948252580923252486e-01 1.245072469460634323e+00 -1.759285267569674627e+00
5.551783013416073942e-01 1.550142719370406486e-01 -4.263975066084734200e-01
1.179336219227418381e+00 -2.300989200918730493e-01 -7.557310938097945296e-01
-2.054496424573287072e+00 -2.831203411193852215e-01 -2.827740025358184139e-01
1.450560886960568840e+00 4.936756630012772984e-02 1.330890880094733664e+00
3.106784018615861287e-01 -7.885761470191618994e-01 -3.685143481712777058e-01
7.271781477947492078e-03 1.475284239366590588e+00 1.428210824084575892e-01
-8.861830526688991849e-01 5.427071581535101163e-01 2.046313458641796146e+00
-1.451394561677089134e+00 -1.371930862055397604e+00 5.743218855672904688e-02
2.241197567077378161e-01 9.736739969324561539e-01 2.734962266211969251e+00
-1.147914583458235827e+00 -2.304737754745757705e+00 5.274354612956544397e-02
1.402870755733757191e+00 2.002048138399407096e-01 5.065119119828302985e-01
-7.506275016311977355e-01 -6.051254360663570475e-01 9.955067657657992175e-01
1.655583316607659672e+00 -1.214918003143938163e+00 1.342323473497111896e+00
3.752320080602989938e-01 -4.821374680423982650e-01 -1.302534319252697248e+00
-1.917593294984917929e+00 2.658644629129678916e-01 2.591698425810760931e+00
9.479132855451952722e-01 5.707155904426286508e-01 -1.047520750921409061e-01
1.223258438684187155e+00 1.440789907119990332e+00 -7.143753639712913106e-02
1.006405938227758146e+00 -1.334168672217133533e+00 1.043038723928945810e+00
-2.511947298869535161e-01 9.937901355335707620e-01 -8.918846783319772653e-02
-3.880487030713980490e-02 1.988455437822851835e+00 -3.077097517415680050e-01
-4.124230659376182384e-01 -6.205054806612817497e-01 5.172425326774181542e-01
-4.157491009970182283e-01 3.825991458242980481e-01 -7.976545230743317116e-01
5.187116348064209070e-01 5.059655073777253875e-01 6.538883485340933888e-01
4.401280510753325936e-01 3.666748942503865738e+00 2.934273139076633008e-01
-1.110969841939440705e+00 -1.647411695411576948e-01 -5.636759140712568339e-01
-1.012324009048243489e+00 1.412613697439840665e-01 -1.557236903927570415e+00
6.782683538081100139e-01 1.887807347352854492e-01 1.327937014595673482e+00
1.441875964722625358e+00 -2.257290104886763293e-01 1.523630033433202691e+00
-6.706670395349931812e-01 -8.359608534423879078e-01 -5.177451004006022872e-01
6.552460771469673650e-01 6.243837534011956736e-01 -9.751089760458602207e-01
-1.242175196320713937e+00 -8.294081937589106168e-01 1.351281955869524598e+00
2.455063974480227174e-01 4.278958563915513658e-02 -1.239698032813175033e+00
-3.306735590092236610e+00 -2.295396371789955037e+00 -9.397161099614899094e-01
-9.408677681626147482e-01 -1.536678009103337628e+00 1.310423851259828742e+00
1.679337523222278916e+00 2.593475494930244096e-01 -1.998079021971101987e-01
-9.590189254395061758e-01 -4.551952965823884423e-01 -2.051784740165282894e+00
9.271202867388657065e-01 -4.152694310912802278e-01 1.058755092394243924e+00
-3.986665163753786434e-01 -5.773331067587685883e-01 2.168878311821605287e+00
1.001312327822082349e+00 5.422101876600108339e-01 8.104043478279763235e-01
-6.787364881813854334e-01 -8.565885844003732208e-01 -8.495744922711689906e-02
1.104698704200529180e+00 -1.018595570939250239e-01 -3.544680381044917894e-01
3.559874178927436850e-01 -2.065763486444082808e+00 -1.187204389228007528e+00
1.232666554630784006e+00 1.825146461216402338e+00 1.263205625609157501e+00
-2.301892872678552138e+00 -7.927138157389008732e-01 3.703070205443792506e-02
-1.036506460176741751e+00 -1.236626540488663828e+00 -1.523360938012928267e+00
-4.245778704890001976e-01 1.120847207701661796e-01 -7.941116010927864455e-01
-1.141020527817728225e-01 -1.210760896569541778e+00 -4.813879029222723482e-01
-7.572173770691384975e-01 -1.093259256217176567e+00 8.840672794208026541e-01
-1.162032555075170226e+00 -1.153583327905652212e+00 -4.422026705584899964e-01
6.388749948738404738e-01 -1.363328811447066524e+00 1.204817737277326550e+00
-6.642502879631140278e-01 1.598660193568991250e+00 1.266957310455114172e+00
7.345418210438164897e-02 8.901997185648569122e-02 1.568477884518007626e+00
-2.476120116722368980e-02 3.354518270872348662e-01 5.099330698276529628e-01
-2.869953647224039450e-01 -1.511659879362014181e+00 1.691444557607723720e+00
4.881058833000093689e-01 1.469713265178146822e+00 -2.676933967636586642e-01
-6.731224417937489157e-01 -2.540997165571575067e+00 9.984655381317069089e-01
5.052358390960397516e-01 -1.052995264462417424e-01 2.003500452934210974e-01
6.994962910358353270e-01 -1.904437440136741655e+00 -1.219855400426672620e+00
-6.489020376189025274e-01 -2.884635349205761923e+00 -6.480018301912416900e-01
-1.850433129688827671e-01 -8.153841824264465021e-01 2.521692821072017976e-01
1.138243067472820336e+00 1.695203096983077362e+00 1.358697439332617662e+00
-7.004684020905361796e-01 -1.626139706340135049e-02 -1.244336541483415992e+00
9.080475283319788815e-01 1.227289670430493640e+00 2.306444202988807923e+00
-6.040934783864078117e-01 2.118021298271803854e-01 6.254576576458967807e-01
2.424242015311109388e-01 -6.822332970751465719e-01 7.103396685201319727e-01
1.023542183777126358e+00 3.227600553275175033e-01 -7.867651381499694008e-01
5.329048492151874372e-01 8.760924567526107154e-01 1.567156875445704589e+00
-9.365547591357110679e-01 2.719144388206698348e+00 -1.371068258149827690e+00
-1.533069634271448378e-01 -1.295261797775256518e+00 -2.888607677342948099e-01
2.197370887942366124e+00 -1.459098377021883497e-02 -1.359203610276763063e+00
1.770282679064370535e-01 2.850280697494998461e-01 6.120360153353948673e-01
1.490596021168597796e+00 1.408023836495204906e+00 -1.188096744706763186e+00
1.923557766350299181e+00 1.448521923641682196e+00 9.688548007952413332e-01
-9.906094398318677774e-01 -1.652172326360839660e+00 -4.803943961578275301e-01
-2.299778974744308258e+00 1.345822299641640241e+00 -3.632075525343458899e-02
9.113835541026960030e-02 -9.090297091202872437e-01 -2.697980658773747598e-01
-1.245000129277139322e+00 -5.374252880973670043e-01 1.610740574650513235e-01
-7.801237251184556243e-02 5.182622078779286490e-01 9.754060522185401538e-01
-4.122934131764898202e-01 5.610372711343096785e-01 1.117931424142562413e+00
-1.996667296414826653e+00 -1.284917199653221598e+00 7.391319040112296346e-01
1.644816387045060502e-01 -3.788434829152246941e+00 -1.055763315682541892e-01
-1.223980295367779192e-01 2.794898802883971189e+00 1.036021582473883651e+00
-9.140112815934664514e-02 3.897305868031979426e-01 -2.671080913361902898e+00
-1.358718734885697277e+00 9.850002633268721830e-01 -5.716690057613911247e-01
-2.365860524167035628e+00 -1.555656849631459782e+00 3.949583548073702932e-01
-1.576055701787397734e+00 -1.043823040264137303e+00 3.022841821377921789e-01
1.715417413995703910e+00 1.207260448041574397e-01 2.908752530647572554e-01
-1.978086876631014013e+00 7.863072804823267870e-01 7.972956611661505821e-01
3.594315068488359022e-01 1.937003626996232075e-01 7.249620187513943215e-01
-1.356659230818947570e+00 -6.301035898782327838e-01 1.197046612122777631e+00
1.017389551403500736e+00 -4.585055749989863094e-01 -1.528536384001738524e-02
-1.532780884320212200e+00 2.137378141445093194e-01 -1.493450943715858070e+00
5.688421733503890021e-01 -6.908447007589636479e-01 7.159769482040310162e-01
-1.190960588351339000e+00 -2.137539922941760206e+00 -4.087480067814289186e-01
-2.386466735102047654e+00 8.463527210665875433e-01 -6.530426735849172992e-01
-2.205506866598103688e+00 1.382917854280155456e+00 1.573464601780019567e+00
-4.536523811889692226e-02 2.332899394132398108e+00 1.255291816232577906e+00
8.937061317405594618e-01 5.177133368993807050e-01 -7.613295133447879337e-01
-5.528512223562614958e-01 -7.544265931945293158e-01 -1.788270110728087947e-01
-6.930231420914744200e-01 8.873391990396608531e-01 -1.477962763139681446e+00
-1.514068154881241357e+00 -1.589458454276718058e+00 -1.343608932831244385e+00
1.657645389176787054e+00 1.399996534456655839e+00 2.199972068068237085e+00
-8.449792484072903287e-01 -2.060825106916465144e-01 2.571356602302172778e-01
1.941294308506903876e+00 2.141362582402646098e+00 -8.378120425405133354e-02
1.284568077298026578e+00 -8.510466367194313708e-01 -2.792309974741823408e-01
7.346993542286044399e-01 -4.004963644271557488e-01 1.992488415847764704e+00
1.705920554532760924e+00 1.020434689192266653e+00 1.190236256018485594e+00
6.836740271582903983e-01 -1.059894343298087405e+00 -1.393946289810732209e+00
4.347747485450091931e-01 2.101178296619911068e-01 -2.650752277014397085e-01
4.740607182370916162e-01 -4.302725595669891212e-01 -1.081671320541989889e+00
4.559014134451377931e-01 -1.945997259251222689e+00 2.360564177472881386e-01
-1.452248755222045329e+00 4.495458514885375401e-01 7.580551035842193475e-01
-1.710370778121269364e+00 -9.395814445263481751e-01 -5.886632342787917471e-02
5.627828166957515865e-01 1.801463325564919948e+00 3.400293938859859644e-01
-1.972511636759325393e-01 1.034202793400545772e+00 -5.325448320883894304e-01
-9.084484250822147944e-01 1.182119295467346509e-01 -1.604427055403188529e+00
-4.977904522907926066e-01 -4.802982358598678614e-02 -1.117034867565992684e+00
-1.009989732113349747e+00 -4.419860754651338541e-01 -4.516724723318842338e-01
1.823734962654429026e+00 -1.020715885327338146e+00 3.208447033750250199e-02
1.892144484256053083e-02 1.077680796942614760e+00 -6.495545074495184812e-02
-3.927800236118578203e-02 -2.438732390669981598e+00 -5.114533873395308294e-01
-1.469464007424027940e+00 5.344012828418045480e-01 4.599580795747416628e-01
1.564639242990994994e-02 -1.113041982713442790e+00 -2.281194479214707194e+00
5.845342578256733646e-01 -1.005096772139290717e+00 -2.174307917155335446e+00
6.534304309209804096e-01 1.473521853307834917e+00 -6.711988555091976671e-01
1.666636268149154665e+00 1.468819557208222992e-02 1.675397181715817529e+00
1.477631697586013981e+00 -5.671893914831616090e-02 -1.601630968366883900e-01
4.822848030476585279e-01 1.032043867582640218e+00 1.573796725013139941e+00
-5.331773604284031354e-01 2.879154202948516206e-01 1.919759674584346154e+00
1.623738607669858558e+00 3.116846254975472741e-01 -5.946073886588674196e-01
-1.712827561198438930e-01 -4.423958760449709926e-01 -1.208093994090907453e-01
-1.073706114733949946e-01 5.577066911404416905e-01 -7.197592459274106957e-01
4.595564070121368472e-01 2.364822560391846573e-01 -3.284670168992294137e-01
-4.106146376345747862e-01 7.745579984500867710e-01 -9.356707470187769493e-02
6.195922502006363519e-01 -1.982321077684159327e+00 9.129817076605073467e-02
3.597167199499815560e-01 -3.552666481964088518e-01 1.135124238777144745e+00
3.740537027774041290e-01 1.795335860828462415e+00 2.241078184803524942e-01
-3.245314754800832091e-02 8.294474525598771741e-02 -5.375054541380246409e-01
2.291389254020275601e+00 2.495509800923144672e-01 1.477298576051174983e+00
7.240398614381817755e-01 -8.041846122526805640e-01 -9.412935109043940596e-01
-1.444976088895942867e-01 1.256741191435540861e+00 -1.004011467306187733e+00
-1.559006773180434902e+00 1.104016185389095739e+00 2.315196027440577176e+00
-1.650899492489610099e+00 4.449449409323423810e-01 -1.695959633533658861e+00
-1.896506387369638613e+00 -8.267578343899697479e-01 -7.433482994817104395e-01
-4.358923799981607727e-01 -1.188811830743174092e+00 5.712891057781877002e-01
2.489268713890718798e-01 -4.275243398566306308e-01 1.436652567640778200e-01
9.936636287715088223e-01 4.338599729321664933e-01 3.549869376006349331e-01
-7.929359276360958830e-01 2.559981859875779531e-01 4.533903908416161421e-01
-3.090636346727451134e-01 1.705313756419879478e-02 -9.315977048728334431e-01
-1.154838348549703131e+00 2.874262291587370566e-01 -2.517970355172580721e-01
2.983470647785733676e-01 3.235564293330471797e-01 1.976451104990311625e-01
-3.841215648276463113e-01 -2.513520009773365871e+00 1.199175994874677187e+00
-9.459793513138130550e-01 -1.119583015782887436e+00 -2.896065211415596252e+00
1.812364102312866931e+00 1.714047172113529971e+00 1.083310589350494402e+00
-1.105615251850459391e+00 3.681605091360949933e-01 -1.335850912718542727e+00
1.514452677553040916e-01 -2.133136852339592604e+00 -1.544486797691617230e+00
6.127658708486184436e-01 -9.916277038783947173e-01 1.311081340091477809e+00
2.538525159029701994e-01 1.719173115237382365e-01 -1.494003762760476306e-02
1.197703402972770448e+00 -7.402611031409522813e-02 2.674267499586513441e-01
9.705363393665604743e-01 -1.052434114995592473e+00 1.539859496752157275e+00
4.912005855879756355e-01 9.490596779409384842e-01 1.614049544255588664e+00
5.089009607678294245e-01 -2.030995752743804950e-01 -1.575031846548744285e+00
1.645240567429564038e+00 4.098626837070367124e-01 1.480506828033922861e-02
-3.734359247728036291e-01 7.849381006255877757e-01 7.052886272431010406e-01
7.899646894876610759e-01 -1.566930941118630294e+00 1.125507379117060225e+00
1.760977388505283958e+00 1.771309835689180101e+00 5.703771670093696899e-01
1.046768521357991810e+00 4.639891529861573938e-01 1.123610388379211456e-01
2.197653292515275858e+00 4.869969990310142882e-01 1.356433567757872272e+00
1.291267782597634195e+00 2.230838534363929204e-01 1.178321895014497578e+00
-1.331511418170193917e+00 -1.446510393898567060e+00 -2.465061762704510162e-01
2.017775261140849707e+00 1.813077920490349326e+00 -2.402965894036368510e-01
1.345487275650837145e+00 1.373851504965160508e+00 1.109077356449494456e+00
-1.746955905782443308e+00 7.738714039679537304e-01 2.554491067386922554e-01
1.114706116632937505e+00 6.639822621060926799e-01 -5.860853169546191843e-01
4.888095083739313340e-01 -1.356084401561074904e+00 -4.430628337669120786e-01
2.500480714860060516e-01 -8.989101975035544978e-01 1.809542632025474274e-01
2.233439685055757629e+00 1.537929396951587702e+00 -2.556797699714281613e-01
1.054263018018590348e+00 7.976098906514382803e-01 6.493382349601383163e-01
4.537583352808137183e-01 -2.114195237118922099e-01 6.148367476280570676e-01
3.481701677653171734e-01 -2.515149982666340378e-01 1.811010933778139931e+00
5.148497805183822607e-01 -2.618023616514195684e-01 -2.033361995850108350e+00
2.184650355497138818e+00 -1.150481481340075884e+00 -2.245498908243388936e+00
-5.348890476228196356e-01 -2.545260365592164842e+00 2.114997219436625664e-01
4.805180070549271987e-01 5.539734388101512641e-01 9.947766768750554434e-02
4.350284186571700129e-01 2.383843125157637521e-01 -1.847718165440893401e+00
6.239853373772377143e-01 -3.274378376067961227e-01 -6.903169685560245350e-01
-1.400307549688531550e+00 2.350144461407854823e-01 -7.050505633692394358e-01
-5.602559028637748018e-01 -7.955128878653063840e-01 -4.920934262155461925e-01
1.272989807062879120e+00 1.345233415628618978e+00 1.189555030935709468e+00
2.061714696273957870e+00 2.112584803582106652e+00 1.027604158971095138e+00
9.470841518213382049e-01 -1.147630143448350459e+00 -9.990829109336150093e-01
1.135726036470777522e+00 8.115916882599016891e-01 7.007184887398032469e-01
-1.871910167246981782e-02 -3.121892208061429752e-01 -7.625531732108441485e-01
1.648544973876596043e+00 5.853763811756853563e-01 -3.030032524971961738e-01
-2.143824337211538977e-01 1.116575415254592141e+00 -7.741799884671074494e-01
4.765713640259860995e-02 2.940977290253087850e-01 1.796390096808644365e-01
2.398266772723675055e-01 -1.031672923735462044e+00 -1.010478243713691437e+00
4.372576264189255157e-01 -1.242916722034224097e-01 -2.914937187992699297e+00
-7.429191359590390231e-01 2.382744238071487608e+00 -5.073192607500593976e-01
1.830066904925010673e+00 4.879853119652086124e-01 -8.324206625035091012e-02
5.810530278255642278e-01 -8.796657331300679061e-01 1.522526168302729577e+00
-1.235247745835506450e+00 -4.031272984832976469e-01 1.081660040712771442e+00
2.981181715068391691e-01 -1.442633590055535375e-01 -6.411559469056722360e-01
-1.060618568164196862e+00 1.312405811344390383e-01 1.727450523152783468e+00
-1.101020625524089080e+00 -4.673217945392148520e-01 5.336913054615114449e-01
1.297254184161513724e+00 3.765058791255026516e-01 -1.346317302175433106e+00
-8.674235703869681569e-01 -5.275755232431147412e-01 -1.513749856708477060e+00
7.454479152286117571e-01 1.766191252610651019e-01 6.908756343790978249e-02
-5.583420419827974657e-01 -1.784914406150974520e+00 1.093360929587339214e-02
-1.468162025398959791e+00 -1.031585209636160405e+00 -1.451363986763015701e+00
1.512748409854556275e+00 -7.023547363062858651e-01 1.368548061472273925e-01
2.128236653799504552e-01 -5.555770529470306363e-01 -5.940045927137866943e-01
-2.987195460888761867e-01 -2.235323334125053130e+00 -1.625829870791513310e+00
-3.864326580469917838e-01 6.904622934345836516e-01 3.576783235456376664e-02
-9.213700296754001595e-03 -2.248312091725344963e+00 8.383514642048901511e-01
1.477343262427859072e+00 2.598116825860714130e+00 9.485703929451588801e-01
-1.711885420069835462e+00 7.434741610047648219e-01 1.396613791541229777e+00
-2.142109789598868552e+00 6.735691262357967890e-01 3.527578806923478139e-01
1.017016036877439467e+00 -2.444214339587106877e-01 2.654183201806428194e-01
-4.697378015977063948e-01 7.448643663951726168e-01 8.148327721814215829e-01
-6.933271265570994935e-01 1.635561200778097302e+00 1.564660445838255365e+00
8.618456340147850891e-01 -1.507236425248121403e+00 -9.608307967891049906e-01
-7.886520348086480947e-01 -9.822409216645748842e-01 -8.471311935846441710e-01
8.649369752194940864e-01 1.018534963626504641e+00 1.607881677340985638e+00
-1.591821225193926770e-01 -1.208491326379145470e+00 1.215980240364284981e+00
-7.501322376977149764e-01 -1.309457056833113198e-02 -9.048494447564594534e-01
7.523541664300836818e-01 1.153517635348684456e+00 1.318520392808208763e+00
1.435910258037640386e-01 -1.028908355478777237e+00 -1.193864982934318419e+00
-2.677625746007784580e-01 1.036189197380573468e+00 2.112303422576482959e+00
-8.688553051671171756e-01 -7.859374252525919147e-01 -7.099867174661390612e-01
1.829931174337114497e+00 -9.746616249330410930e-01 -1.026254836519819635e+00
-2.168809199093718609e-01 1.592903878943177309e+00 -4.773984189663287303e-01
9.229120570793926115e-01 1.629946217095299410e+00 6.964658210235491476e-02
-1.193528812245954640e+00 1.818976358239788205e+00 -4.313853835650156565e-01
5.595359009564875308e-01 -1.038792061232618469e+00 -2.463070755129217027e+00
1.119802421067705112e+00 2.855175834694215764e-01 -1.454057153926221257e+00
1.927195297376308458e+00 7.228676249579134572e-01 7.798197549216298041e-01
-8.821458989246209192e-01 -6.191344860760048530e-01 -4.609223835464473784e-01
5.167216580612293830e-01 3.054736693995705465e-01 4.850569846956153119e-01
1.267459548214155074e+00 -5.731030523990465753e-02 2.050232813883702931e+00
-8.840017219094109535e-01 -1.029160609409322857e+00 -1.926399648075173943e+00
-1.310745057846756989e+00 -4.692081740282179059e-01 -9.490027585639525531e-01
-1.532217284095990228e-01 8.649929295176234101e-02 1.654523530898371897e-01
-8.979754641484711808e-01 -6.513011489641822305e-01 -8.571290268874210971e-01
1.894212689787499126e+00 -2.013228767149127574e+00 -1.727713310343643727e+00
1.881312100581213897e-01 -2.193339853954968111e-01 4.464225281886238239e-01
1.043846193758246055e-01 -9.427240022187672874e-01 2.585343108912588672e+00
1.042569212658420508e+00 1.058600855462616952e+00 1.097077555760446188e+00
-6.005715678133283220e-01 -1.542821880971643411e+00 5.785187110221441387e-01
-1.989613154812618356e-01 8.006067781232834024e-01 2.572494125313088187e+00
3.415828395903680592e-01 5.076395942807837569e-01 8.839824906804938376e-02
1.121335451801373506e-01 1.599477749230533874e+00 2.301315064227328899e-01
-9.499320161403306262e-01 6.563946731969707571e-01 8.305982552753859993e-02
2.254079993372963275e-01 -7.561952180513029642e-01 -7.139985214209334519e-01
7.458116023746885759e-02 -3.379663242973025561e-01 8.820504728162658070e-01
-8.831558516516677670e-01 -1.376904916992817141e+00 -3.205450226118434776e-01
6.723437477493001690e-01 -4.706506742435377921e-01 8.255251047285866450e-01
6.673417556225476055e-01 4.147230401040627457e-01 2.178306959005887222e+00
-1.007322872869924835e+00 2.453165305168877319e-01 -1.176102794584383382e+00
7.944228414465110966e-01 1.982557062735922915e-01 -6.453666247448923698e-01
1.304044394432792631e+00 -1.127457540826473092e+00 1.694320828106672838e+00
1.038711046797808901e+00 4.481342012794680141e-01 -1.246350233116337414e+00
1.438399043986556602e+00 1.749824450201419301e-01 -8.687667424379283965e-01
-1.202621462649808848e-01 6.417052751353622408e-01 -1.113395272134913183e+00
-3.652668417024473868e-02 -1.174994320288660354e-01 -8.005908240728414338e-01
-1.372847186230724326e+00 -1.026879880785262378e+00 -3.551490722524801580e-01
-1.807777480446495666e+00 4.197628595769569149e-01 -9.936556579563521341e-01
-4.909406011848913565e-01 -3.364295171229260140e-01 3.744798055480964560e-01
7.083100228210557070e-01 -6.189246249580946380e-01 1.615829695317063663e+00
-1.756629408010063287e+00 -1.992913189246594552e-01 2.488572308388909415e-01
3.418394508500161022e-01 1.145047887164217348e+00 -4.559787687777938636e-01
2.469791353789690280e+00 2.250152119993154565e-01 1.465643940045864735e+00
2.287102086031389536e-03 7.232919748965096485e-01 5.012890408161219113e-03
4.030966157357290802e-01 6.773425808482629318e-01 -1.011042634208403790e+00
-9.432631389473136174e-01 -1.041823632100835839e+00 -5.128409847647086295e-01
-6.082138531691556604e-01 -1.856992192299531386e-01 -8.066354049758877043e-01
-4.267663778220533999e-01 4.744516227375722983e-01 2.055591049314897667e+00
9.263277436844796764e-01 8.533525140543842813e-01 -6.944439901489629641e-01
-1.938941586473140077e+00 -5.789888494803047125e-02 -1.370209173130898517e+00
1.373059874109114231e+00 3.931897467718196149e-01 -1.107401591157743503e+00
-1.960548539410639224e-01 1.235584295988351400e+00 5.081497275110579137e-01
1.603868943984516626e+00 2.263239828260790176e+00 1.472264551546471179e+00
6.136883497847949176e-01 1.656157572825005531e-01 1.747392585418621636e+00
4.579924404807914629e-01 1.292680790156351733e+00 -2.338935977690794754e-01
-4.607097026672147821e-01 1.776512156857672053e+00 1.844777167903372206e+00
-7.483398548727038246e-03 -1.812947103492389855e+00 -4.694476653146840150e-01
-8.029266703528568083e-01 6.521837783965487301e-01 1.682641633614459398e+00
1.419525653124729780e+00 -3.029076840237429069e-01 1.145302476583535678e-01
9.478947290332611075e-01 1.676260252252880223e+00 -1.708193980788312416e+00
-6.993687404826672838e-01 2.993047947753022520e-01 -8.265227609824219446e-01
6.168705645181273844e-01 1.516355143167482211e+00 -1.414019876566608991e-01
5.895263210490860883e-01 -1.589415854559122376e+00 1.421341349665241061e-01
1.139287358608785272e+00 5.422372703152481543e-01 1.500294232233761571e+00
4.850806132000551329e-02 3.655859254031366135e-01 -1.080241732782365238e+00
-4.195728938329099655e-01 -2.359387800654810796e-01 2.693733889084100608e-01
9.403148069206652693e-01 1.855346055022311313e+00 7.371973842843211333e-01
1.649412902404336911e-01 7.868256111751870119e-02 -1.945551060472415550e+00
9.300080104831237593e-02 6.580399327715404922e-01 4.491597984657688114e-01
-5.507019177839548307e-01 -1.661278919413292643e-01 1.687648011102189205e+00
-9.277176125464703382e-02 -6.392868067213186567e-01 8.090124459012917324e-01
