-2.161039189265913096e-01 3.013553758386352532e-01 1.150206389033520793e+00
-1.313681974875660519e+00 -9.539820877329606708e-01 -1.314317295487805737e+00
-1.431577054007907579e-01 -2.042785492305966843e-01 5.702337039497060722e-01
2.128369968855272631e+00 7.362100138620616407e-01 1.256845203542851452e+00
6.263068112021402678e-01 -5.592964143025913604e-02 -3.175497804115173794e-01
6.851025680962279374e-01 -8.054429415177022378e-02 1.457357035319807315e+00
-9.900809494548721279e-01 -7.526871207488583515e-01 3.071276789196355494e-01
8.265819330862027581e-01 1.390901957079301976e+00 6.885626814724710165e-03
-7.063208318127781604e-01 7.118552643868050200e-01 -3.797331600868969481e-02
-6.669786406507857146e-01 -1.356960967262405005e+00 -2.854931209842537676e+00
3.872461475998979497e-01 1.297670763844107622e-01 1.103626202778461352e+00
-1.258901707507921408e+00 9.636523212716714415e-01 -7.422208343283778209e-01
9.867371140312943822e-01 -9.439583996558971180e-01 6.991287240135908299e-01
1.179798852530396625e+00 -1.381656163801475490e+00 -1.056131789979976698e+00
-6.627288901594543535e-01 4.151057686768702681e-01 1.739359026092007099e+00
-1.386263816275186356e+00 -1.146401670462682820e-01 9.561235348804058010e-01
5.752529723045779475e-01 4.008676982884363804e-01 2.032296393178380178e+00
-7.507947863488952933e-01 1.126856822056674812e+00 -8.463156109173042285e-02
-9.010906117662942361e-01 1.963672763802114973e+00 4.389034255406647489e-01
5.747424388493734826e-01 1.380970460201102368e+00 2.345000031366544224e+00
-3.399289486297032981e-01 2.470401944844458075e-02 -1.860754806698138863e-01
4.850263705200014153e-01 -1.386788454100394086e+00 -3.859383300311372555e-01
1.845835006351692842e+00 -3.907255088358907447e-02 1.920097770852182251e+00
-1.051495415312109438e+00 3.561741647143448208e-01 1.886459327303013911e-02
1.197006151426010634e+00 -3.905907884488515336e-01 1.121203426600571040e+00
8.593378781806046973e-01 1.643173263311751509e+00 9.973542386724857378e-01
-1.899273809780390510e+00 -5.793873931248860742e-03 4.650275488347453967e-01
2.715569443702278818e+00 -4.895462951318311218e-01 6.712241451894719324e-01
-1.609811764448097149e+00 1.838629817264533450e+00 -1.425903968961615309e+00
-7.920048606301350880e-01 -8.651858815794326585e-01 -3.329674432349046809e-01
-1.133953922859035623e-01 -8.499686105223118737e-01 -5.771796331204320785e-02
2.157124674192887781e+00 -5.163337186466598894e-01 -4.486976351808155128e-01
5.605049917075428656e-01 4.947726333063337534e-01 1.784487949001067886e-01
2.846507154927709893e-01 -1.229413120061585429e+00 -1.246319006968040988e+00
-1.676663674125114190e+00 -2.011974966619042959e+00 -1.843246864434221699e+00
-1.026347497866972880e-01 -2.832612211847607697e-01 4.932780910945315789e-01
1.937364937329152381e+00 7.637911317542421807e-01 6.484129174097248427e-01
-1.112178885143032314e+00 1.367351354995896440e+00 1.061753654409444803e+00
-1.194305394028292167e-01 -1.205530534149313882e-01 -5.025754265027648771e-01
2.620235187760415752e+00 1.846772335331787751e+00 -3.064905620963529476e-01
2.029346661655016426e+00 1.047439694525881038e+00 3.167904405623560127e+00
-1.315336429150919972e+00 -1.714505131586252729e+00 1.541214397802364910e+00
1.735191140229866980e+00 -1.727795773976222860e-01 7.611759200950061199e-01
-7.342927691547793678e-01 -7.445786283376202297e-01 -1.074688022975680113e+00
3.577235262067397503e-01 -6.793031558292741412e-01 2.538033778689075426e+00
9.006989988696343374e-01 2.635491019399776480e+00 1.064684417175485898e+00
1.143260279736735718e+00 1.087689381741234973e+00 -1.041830031979963156e+00
9.953958989909703625e-01 -3.222790363787931822e-01 -1.386650203763121203e-01
1.413595324312658663e-01 -1.714633722383551717e-02 -1.309548392200834965e-01
4.872086046836099360e-01 1.865806091269969214e-01 -1.018064308862217437e+00
