4.374450509883373028e-01 2.417583908921947966e+00 -1.775348300554842940e+00
1.602987033992985033e+00 4.008547044744496524e-01 2.796104857681954936e+00
-3.216226222593241424e-01 1.613388260367326632e+00 1.786889501543309278e+00
6.976694543756724043e-01 -1.408914081410259866e+00 1.191659231961220033e+00
-1.306023867465675004e+00 -2.659036035949608134e+00 1.036941311413148936e+00
1.633729088516703287e+00 -3.611162964577258050e-01 -6.971639573778090071e-01
-1.347709919190559047e+00 1.149941495082155374e+00 3.267815587418787526e-01
6.974098403740536245e-01 -1.144851569163540361e+00 -4.145947437354117193e-01
2.677146340474164665e-01 -6.732383166827875520e-01 1.412714485899572714e-01
-1.876516827140086496e+00 -1.476331018430785180e+00 6.818784498483916323e-01
-8.397390602150776040e-01 4.934216448311934400e-02 -1.619936533998178607e-01
1.726261978958198995e-01 2.289180690318226574e-02 -1.449777914392400335e+00
8.392192001062841467e-01 -1.659584697507197948e+00 8.540875741970344048e-01
1.980095925976853022e-01 5.861870177405826832e-01 9.848832850669615446e-01
-6.374205808863026013e-01 1.949905434252097169e-02 -6.227182753833554463e-02
-4.014237534653836148e-01 2.005171346482189421e+00 2.997052694674068984e+00
1.407686457648287814e-01 1.080138704786653303e+00 2.394690988254238873e-01
2.055615053092242128e+00 3.212663499833329217e-02 -5.718824671588678132e-01
1.737752301498804997e-01 7.714504032938124256e-02 2.373544354794768219e-01
6.904338400417278088e-01 4.111704519595782426e-02 -8.061405820538500855e-01
-6.341377928383655771e-01 -5.421841862300664783e-01 7.285558724279295184e-01
-3.065907251223603525e-01 -8.285760703844766706e-01 9.787476660038170184e-01
-2.838703698905571393e-01 -7.132372809305840278e-01 -6.258064972161070383e-01
5.901735117289264032e-01 -2.079322747907619284e-01 1.380833735324685563e+00
-9.453836040554852715e-01 -1.983153891737483021e-01 -7.060098449491991612e-02
1.490098395591934910e+00 5.259342456101454566e-01 -1.857967913428306694e-01
-1.641265591600876705e+00 1.177715185672280063e-01 6.265209952886019451e-02
3.158814005810444137e-01 8.927241696113885627e-01 -8.483939319859845618e-02
-1.384456266722051243e+00 -1.109665353942278276e+00 -6.158117580236828204e-01
1.299257419754972886e+00 1.595170292324208816e+00 2.808402193347583342e-01
