5.638653610426758167e-02 -1.399135197240283235e+00 8.137888774965453820e-01
4.147990439186128864e-01 -8.182610377389762935e-01 1.341193026699680546e+00
-1.211263864196726825e+00 1.230318888013204326e-02 -8.640132884923877876e-01
-1.012738146961140284e+00 -2.005101234563365864e+00 1.608029639210966977e+00
-4.827813359076410515e-01 -2.793006271800370088e-01 2.525307496450451827e-01
9.621641937477929396e-01 2.714994386280602523e+00 8.041431842311758116e-02
-6.247737048384847114e-01 3.179290829306751220e-01 -1.861065532578695336e+00
-1.182763372057552775e+00 -3.455867377721585365e-01 9.285387095339203700e-01
3.089069058885934860e-01 4.789597897767155499e-01 9.337367875899897918e-01
8.544119569379968748e-01 2.190154613190707922e-01 1.047920606884412020e+00
1.420319253634464873e+00 -2.102423099449618249e+00 -1.052063174028250003e+00
-7.220532649877221543e-01 -8.056386275514717532e-01 7.546258962469096776e-01
2.102185519003723524e+00 -1.227519016191362056e+00 -6.364150592702710885e-01
-1.212268612767161136e+00 -7.591578371777119028e-01 1.294498699123368235e+00
-5.756650092048023470e-01 -1.624958349265265944e+00 -9.789215998260084595e-01
-1.085402579532055434e+00 -2.717785018668931740e-01 9.034042329116451775e-01
-4.043546550508368975e-01 3.629672124176146486e-01 5.960386333117151381e-02
-4.881611391842091141e-01 5.381338385188073614e-01 2.782309111946394520e+00
-1.947368048175652566e+00 -1.015402081465879291e+00 -1.299170820440676555e-01
5.096379002727077223e-01 4.463885680742764039e-01 8.111067956014823555e-01
-8.915006945172854191e-01 -2.345480494732916643e-01 -1.484641692167947946e+00
-1.358256693912144319e-01 6.405414158887395848e-02 -5.551789394666974964e-01
-1.587727098936759784e+00 -4.207156333662890324e-01 1.003443185388251058e+00
-9.876139274385946631e-01 -1.403380221916457060e+00 -1.336773167302315102e+00
1.382543758546496804e+00 1.170640767957280781e+00 1.576137916298980368e+00
-9.281914175455618921e-02 -1.709137814511870745e-01 1.215452103859114397e+00
-7.910380849476204013e-01 -2.230722271295668246e+00 -2.798288152371799065e+00
-9.054161380862859598e-01 -2.082597186032537628e-01 -1.682045069110275071e+00
2.966451722271447045e-01 7.624349949682460714e-01 -7.100598857316724466e-01
1.065549273013149389e-01 6.405790735613980935e-01 7.558637472919791378e-01
