-3.847283616553699992e-01 -6.853070953297246692e-01 -1.138659466675403742e+00
-1.119883181736155864e+00 -3.652502137002878180e-01 -9.908037874899895403e-01
1.526682789405947149e+00 7.381000113690074915e-01 -6.912642832012620975e-01
1.378491712086364007e+00 9.592399561357065618e-01 1.529211581332513781e+00
7.783458431407359601e-01 1.314126731156400885e-01 6.957651071059433034e-01
-1.927292685868987387e+00 1.598920789306578216e+00 1.033700425011502722e+00
1.430795618782054524e+00 9.748818976884754406e-01 1.655436022679932062e+00
-6.297053159699363967e-01 -2.357382348829425656e+00 -1.380932665828915828e+00
5.528621350195386253e-01 -9.685491677422526369e-01 -4.009781210029123577e-01
-1.059042601051193966e+00 -1.295606704148251964e+00 -1.203009053034033382e+00
-1.948676444456494350e+00 -5.484481090779090851e-01 -5.863333421693204262e-01
1.644934222698319681e+00 -2.581153293640596758e-01 9.172278449311292992e-01
-1.161382183128295775e+00 9.151435864190011760e-01 -7.503426610933714436e-01
-2.502778479725999539e+00 -8.624571112606320700e-01 -1.305263526256392304e+00
-1.055945458790470637e+00 -9.918109897077693748e-01 1.525192416498734715e+00
1.752789566185958270e-01 1.721612895050782965e+00 8.559367682566807467e-01
-1.141923816047396789e+00 -3.702087789505583704e-01 -1.917151981958020279e+00
-4.710577551487676318e-01 -4.158828170642646649e-01 -1.176041224091810999e+00
-1.585417477426174226e-01 -5.463362024643090287e-01 -3.959384541272938929e-01
1.713113087173293581e-01 1.535736362346431960e+00 5.161543327241535639e-02
8.683768865145249372e-01 1.169359370580434154e+00 2.139618563641749738e+00
-7.169926740218730554e-01 1.647059346621547071e+00 1.195126867159040263e+00
-1.000602069449326059e+00 -9.101863025606491409e-01 2.977785147024349488e+00
-3.922955244612094106e-01 -1.912155873756468560e+00 -1.341875901482436628e+00
3.138650441464100549e+00 7.877363459355654074e-01 -4.505970006389129479e-01
5.626910835070590977e-01 -1.137673778751272513e+00 -5.406045953517445435e-01
-1.463728568967032739e+00 5.796644353489595058e-01 2.261148531530576822e-01
-6.670440846032379412e-01 2.422572527448174640e+00 5.995661285426758802e-01
2.298869352624247853e+00 1.426734630811528071e+00 1.139012147348008819e+00
3.810927918536557435e-01 1.665101466580895528e-01 6.255153347499650129e-01
-8.269641250588544157e-02 -7.693986864099103817e-01 -6.397100983821202291e-01
-1.377400711163131231e+00 -3.891216543633944092e-01 -6.375173210005923297e-01
-1.093829185053830644e+00 2.879177860616318751e-01 9.447967333969953252e-02
2.626252097719750100e-01 2.943498507039385981e+00 1.889594062572408362e-02
1.176117179884893282e+00 1.616493412285368581e-01 5.638794174743686494e-01
-4.160401419456788430e-01 2.007560798421001991e+00 -1.263984606348341755e+00
6.168259474223638517e-01 4.685942643547610365e-01 -1.006022820816209862e+00
-1.033552791306695084e+00 -1.134893297471370466e-01 8.851522854025037912e-01
-8.378130531227125921e-01 -5.020111846992643123e-01 -5.210658421030978094e-01
-1.667043900787363864e-01 1.135116912079578766e+00 1.109134851190713977e+00
-1.212062358408723561e+00 -6.172155466292941206e-01 -1.249720218347751821e+00
-7.128060332629925222e-01 -3.938228005008849175e-01 -1.230728473330423345e+00
5.148354394281478008e-01 5.027357399358141077e-01 -4.441992836497402619e-01
3.631008419230725703e-01 1.710144029829556933e+00 8.913533220098093235e-01
-1.555794830224172198e+00 -1.951950731111188109e+00 -1.626758016824331632e+00
1.486687191751714598e+00 -1.182277322776156048e+00 1.158002590778884677e+00
4.806744005233798411e-02 -9.808424854598812859e-01 -9.109187841948578335e-01
-7.695199284802722861e-01 -1.100907426989002680e+00 -2.269853088013016329e+00
-8.478866050372182439e-01 9.587559314585158976e-02 -7.157719109538687174e-01
-8.440203962726937625e-01 3.302381775118390372e-01 -1.537482287767849121e+00
1.616897430624575360e+00 -1.074390543899024220e+00 1.217747316272518754e+00
2.861758831731296304e+00 -7.722772403397430985e-01 4.875436726124767750e-01
-4.585656086447829072e-01 -3.173150304697192059e-01 1.897698049644993112e+00
-9.685119562742339205e-02 -6.193050341310020190e-01 2.139644734519917657e-01
4.871067746958137601e-01 9.474442868850685429e-03 4.342207778188034162e-01
-4.343515107454842816e-02 -3.937686542874200279e-01 1.119229951246364152e+00
6.973183613789886159e-01 2.212536482103747426e-01 -5.907752684280371813e-01
6.132072051831338744e-01 8.144512421552445591e-01 5.937187757755031381e-01
7.823447800048788370e-03 2.018051019090205678e+00 -1.231412939088091241e-01
-5.870490162049701865e-02 1.515032275224585945e-01 -2.426116948895631342e+00
1.547731375258587061e+00 2.087731754246934912e+00 1.403120883785763162e+00
-1.154821719724243634e+00 5.082524417261946592e-02 1.116743200448164997e+00
-2.268920858360135906e+00 -1.009401676702195605e+00 -1.584917007379978982e+00
2.511826375908145614e+00 -1.793298355910433184e-01 7.101954414277489303e-01
9.550976818718559525e-01 5.440964936550992670e-01 -4.419756475445059118e-01
-3.435358309015278389e-01 -6.150762439792001324e-02 -1.292675150654342131e+00
-6.998238052868850367e-01 9.916676086446917227e-01 5.321431324224391579e-01
2.028354069597838816e+00 1.769801348437840760e+00 1.134974264817750211e-01
4.480293665364509792e-03 1.149582034992838175e-01 -1.413880544671847206e+00
4.055969479362028229e-01 1.039169921105379535e-01 -1.328500415762420062e+00
6.634713192001402415e-01 8.685708495258581685e-01 3.463927996725150171e-01
-4.582161960155642921e-01 -4.844667444143265778e-01 1.646499386646697705e+00
-1.458763414529108404e+00 -6.946421408457187363e-01 -8.941662630760640607e-01
-1.640910996638043073e-01 2.145616050698139876e+00 3.575832362059971903e-01
-7.791694772599825347e-01 4.673978893534431744e-01 3.459020954926156355e-01
-2.377057333184818821e-01 -8.484306973952735476e-01 4.423914176296293577e-01
-3.798093025220062868e-01 -3.851923690568710423e-01 -2.625867416582849057e+00
1.170534499839869902e+00 -7.195748398307426630e-01 3.999729387986372675e-03
-1.613264371428206445e+00 9.058558116533329541e-01 3.594600592483764290e-01
7.951339947083676529e-01 3.890939102358503821e-01 1.017317272010927365e+00
-1.662829311833858181e+00 -2.906699443559906282e+00 -5.120709583366052087e-01
-1.186524818982594986e+00 2.431374894194601177e-01 -1.098676366711483610e+00
-2.009900508236395211e+00 -7.972369363990048363e-01 -1.722393741840896331e+00
5.992192802985363276e-02 -1.773359088050699972e+00 7.543668921085371348e-01
-3.824579085983171867e-01 2.561316492784859733e-01 1.876099437389784574e+00
-1.438918983874792890e-02 3.178665294826702459e-01 6.497694337903058281e-01
-9.052812159043970297e-01 1.862658813375349665e-01 1.040011212076411340e+00
-1.256585577055394420e+00 -2.296576607722874419e-01 -1.277120248834906935e+00
-8.494280556135083149e-01 -1.821485484736392158e+00 -1.017117283724096044e+00
-9.486158347253519363e-01 -1.327558186062360868e-02 -1.462930659824159818e-01
5.998025013254058013e-01 2.138853430760805807e+00 2.204840951626336754e+00
7.572915313565395934e-01 1.830569091806525384e-01 -2.443976659690847431e-01
8.652276780355834251e-01 6.928515764932537957e-01 -1.527488721688594620e-01
-1.028824740467493282e+00 7.941800418059083988e-01 -7.223325639925122221e-01
-1.535003119372056135e+00 -7.438873831211560983e-01 -2.332865741293241424e+00
-1.676047521736540036e-01 -7.128857895378668541e-01 1.776651277395193684e-01
4.545564447057086621e-01 3.069550918561574360e-01 -7.637963119629612718e-01
6.789826960620197749e-01 1.045049683222937009e+00 6.387463144836552642e-01
7.568364370501126093e-01 1.461691134918900792e+00 -4.358951864251094932e-01
1.080541898851796301e+00 -5.774681992844012957e-01 1.689093962884341549e+00
8.783061999155322708e-02 2.406953616789416106e+00 1.812998515177331127e+00
-8.955155127055723918e-01 -9.013335045284232017e-01 1.432472810650010420e+00
-4.214618808849717180e-01 3.333777888451983640e-01 1.277900997146675266e+00
8.832586867070214565e-01 1.696435328796239483e+00 2.083319330197727304e+00
-4.343414253292804617e+00 4.448731771723036799e-01 -1.010318507498651819e+00
-2.953182121885011835e-01 2.587685986795735249e-01 -9.298276669740896949e-01
-4.418518162214333245e-01 1.034690347546337597e-01 -1.764125320160796262e+00
-1.082474696286483962e+00 7.325308146602578230e-01 -8.036515454996395746e-01
-2.352477292167580281e+00 2.025463940261546192e+00 -4.400480346157632505e-01
8.556965971007455263e-01 2.104017923580677740e-01 -7.049901261847058009e-02
1.918015964394250927e+00 -7.115392295862503769e-01 -1.169402906097535499e+00
6.069354705215566081e-01 3.795188984584056402e-01 1.508480069277445601e+00
-9.209834860299980219e-01 7.031904115414233658e-02 -6.624795237461114095e-01
-1.794325882059529143e+00 -1.606692983424554022e+00 -1.320220562443211731e-01
-1.371511825646046789e-01 -1.032003798349803159e-01 6.407542784369121280e-01
1.442400243930011206e+00 8.324391997345437222e-01 6.737103927452134933e-01
-1.674491894415994331e+00 1.708845633389580732e+00 6.300036661371930524e-01
1.426060769927316008e+00 2.553647563472498661e-01 1.374272175872072177e+00
-1.103437002149935342e+00 -2.144375515533158527e+00 2.492653867709491156e-01
-2.139922110814246103e+00 -2.157589592560343883e-02 -8.334242642820727243e-02
2.430827689789997192e-01 -1.656391699583881882e+00 -1.481558831965466005e-01
-3.836835339331324812e-01 -2.171978563709813237e+00 -2.710777790150896149e-01
2.220208561561045624e+00 -5.467817996960990801e-01 -2.209819984226724987e+00
-1.929905563441397076e+00 -1.378486599834546911e-01 -3.069412385815535327e-01
-1.797237151370071340e-01 6.370920640408955782e-01 1.838072071401727570e+00
1.045235512234927278e+00 1.579553573035983871e-01 1.087516612327631638e+00
-1.982262031264867996e+00 -1.017705102234419678e+00 -1.091531716898049842e-01
5.611343881950247026e-01 1.600201546263633645e+00 -1.255015231823299882e+00
2.084127741197488337e+00 1.579570512998763387e+00 1.980068098057074510e-01
-1.884800730328085372e+00 -1.308593987366755140e-01 -2.048500581525796171e+00
-7.736821452830027201e-01 5.192139733698433179e-01 1.138790314490913502e+00
-8.704896393500857199e-01 -1.506209526155231071e+00 3.614252340392104523e-01
9.748228623322485742e-01 1.551885687764331001e+00 7.014200720350175500e-01
-8.348434522741878805e-01 -7.042906324312621091e-01 -1.415318109888217046e+00
3.650607818601734333e-01 9.826487831072192591e-01 -1.898282074255856156e+00
-1.244147646960528153e+00 -1.060165171237971604e+00 6.942283154266659650e-01
5.432872298981950010e-02 -1.785582836697457099e+00 -1.081875023904127486e-01
5.105868253377207067e-01 -6.438511979397871787e-01 1.800449330236869816e+00
-1.152520682486779968e+00 1.617713144036643236e+00 -2.008245099712019366e-02
1.161422690618972631e+00 1.020635327931739278e+00 5.871908869371389450e-01
-2.151453241982580256e+00 -7.962991261128751219e-01 -5.279482667414402419e-01
-6.211399899115372936e-01 -9.227268206791165994e-01 4.880501558184360267e-01
1.025033854196382377e+00 -1.556542727807910476e+00 -5.408674083926979792e-01
7.988614823198458836e-02 8.273217034392887914e-02 9.380362315126067330e-02
1.616106176062416910e+00 -1.001382787117842454e+00 2.251886460032672233e+00
1.751016099260311432e+00 1.897715214209562129e-01 1.622253229602494407e-01
-7.040426673910014088e-01 -8.907749168566481135e-01 5.913290133540520799e-01
-8.217076684990298752e-01 2.954879347965521097e-01 1.208655059387641062e-01
-1.471938868470084039e+00 8.036791448359441592e-01 2.022793986421777213e+00
-4.234143232192352224e-01 -7.691333723823046142e-01 1.595193199534125750e+00
-2.522498482818255061e-01 5.222137398638710959e-01 -5.934964826459593334e-01
2.595125820722034571e-01 1.528718058599451535e+00 1.190260528293729969e+00
9.897032414188848826e-01 7.393036888436870235e-01 5.296115406802812675e-01
1.607558500743765384e-01 -1.432798633695371748e+00 -1.017262238392414808e+00
4.725771733124263241e-01 -4.892427747479261013e-01 -1.926640568298421119e+00
1.342159515548754678e+00 -8.144714254971203715e-01 -1.565848546608869407e+00
-2.274730066565205377e-01 -6.597204210821189241e-02 -1.073152381778164077e-01
-3.716807211307948666e-02 -2.083324320813697561e-01 -1.376506296825499076e+00
-1.269816743234405410e-01 -3.611141962069830402e-02 1.322217650474027728e+00
-2.733232848799235226e-01 -2.695740480704109654e-01 2.167707936932983692e+00
-8.290829041778828845e-01 -1.634333777982224234e-01 7.713535334794503484e-01
-2.498702600786314454e-01 8.849404009384282954e-01 2.620161584978093483e-01
7.758993493775472317e-01 -7.069220932409184810e-01 -1.766377008634586021e+00
-9.117233777850934917e-01 -2.757780997761487995e+00 -4.433547547313371751e-01
6.566434479839260430e-01 -1.398071437632604441e+00 -6.305581337049979140e-01
6.835679594862733577e-01 -2.585068558281716777e-01 6.630290992924314786e-02
-1.233330537709710129e+00 -7.515862165906356251e-01 -1.418742796290485941e+00
-2.206701593901458036e+00 8.483405910723296195e-02 -1.867588422948876836e+00
-1.263692004344460607e+00 -1.090836697285587187e+00 2.956436736772175000e-01
7.243704748881985012e-01 4.244965488490651806e-01 2.814100642273652531e-01
1.214536530999219988e+00 1.386941338366190823e+00 5.615013429032195136e-01
-1.401595991624101645e-01 -1.196839113717119929e+00 -2.389965157630493109e-01
-1.183364852577728721e+00 1.149238040363411262e+00 -1.054425052051190859e+00
2.785256831075356709e-01 -2.223724558822800290e+00 -2.582805104542973407e+00
-1.412152551060377736e-01 -2.180645645955981315e+00 8.069785004921110616e-01
-5.768880615902172160e-01 5.699804486872572795e-01 1.400907162032484443e+00
1.502683457446275073e+00 1.359688895676573139e+00 1.481675108143309050e+00
3.503847200624758962e-01 2.956941469727807359e-01 -2.034486115525872663e+00
1.321319432434487240e+00 -3.114276332060872399e-02 -8.827611750383368427e-01
9.976979166236086272e-01 -1.136530253637843213e+00 -3.421339283212173621e-01
5.096471393026269503e-04 1.110362454345791505e+00 1.486725547686950755e+00
-9.651659479761325322e-01 7.524026241612452592e-02 1.486613855313236865e+00
-4.672017820991872794e-01 -1.485215939108860961e-01 -1.087926498428198441e+00
9.600456184851503538e-01 3.683738378382789280e-02 6.733898065025728519e-02
-1.459170694857632400e+00 1.316657440160018844e+00 -2.258340053600021990e-01
-1.386289230683725560e+00 -7.595944763601719663e-01 -1.074548582444852851e+00
-7.133095813772931670e-01 1.137626896191245907e+00 6.482002891512492759e-01
4.077997951173218394e-01 1.644520333037753357e+00 2.799813923064069954e+00
-1.535787985670217459e+00 5.739097424705925654e-01 2.487353230549882444e-02
8.469918471628465895e-01 -4.458048134886375968e-01 -2.274102572119049093e+00
-4.162818014917092913e-01 -1.990920365022310623e+00 1.028991017272710140e+00
2.158687792492538504e-01 7.056932489778222628e-01 1.250623702155753803e+00
-2.687545103093774035e+00 -1.019317222004527457e+00 -9.355936159416284870e-01
-4.744958991553479555e-01 8.427907650663881700e-01 -8.908355848356965812e-01
1.204847875065153673e+00 5.858877431259961188e-01 1.051675637678045838e+00
-1.115319427872976776e+00 1.216824970494119196e-01 2.023896402979199927e+00
3.056470889707809668e-01 -1.644153366204971878e+00 4.377672624105368726e-01
-8.397427550702096788e-01 -1.553872603262453467e+00 -8.431892211101661427e-01
1.824761451730031014e+00 6.595505232044202026e-01 6.187926712688737174e-01
-2.511728093306710097e+00 -1.413783440455920859e+00 -9.073024528932295274e-01
1.121358785337868591e+00 6.508188498689014834e-01 9.292915451803505089e-01
6.485021409509870161e-01 -1.345560626996001874e-01 2.430232903280521994e-01
-2.265265186340327808e-01 -2.344035315374423667e-01 1.199996266800276157e+00
-1.621054592338697642e+00 -1.126892781704771362e+00 -9.879750248521474987e-01
1.490003147886959312e+00 1.507745251883719106e+00 -1.735798160843196491e+00
-6.514674873963649526e-01 1.895519208910213527e-01 -3.359908374653766128e-01
1.162543775589846007e+00 6.121196371456028018e-01 -3.362550579563514663e-01
-8.598583074226184841e-01 -7.341067478806690971e-01 -7.264343296596880162e-01
-2.505900394551923704e-01 -2.659016146693023441e-01 1.418380846251066085e-01
3.772200799557708928e-01 2.334928973143711062e+00 2.617701690490599198e-01
-1.298492375857845937e-02 -1.175903033705887335e+00 2.406808832999973724e-02
4.629908796111328328e-01 1.227328310559305802e+00 1.927738581134000873e-01
5.388288372415959149e-01 -1.905194214218573157e+00 4.219442791748622135e-01
-7.450606924584268764e-02 1.397747623621034885e+00 9.054744291728333838e-01
4.026984979750756199e-01 -1.376561430496401561e+00 -6.125343179426123719e-01
1.813248238132677104e+00 1.640398640276285347e+00 2.104031435957237628e-02
-6.632457559217250775e-01 -4.233952355853698446e-02 1.094773020172035149e+00
8.231861965082768462e-01 1.103021301603238857e+00 2.101358314103092706e+00
1.530264926431921468e+00 1.986535085609307250e-01 -2.618785797124825176e-01
-1.204927013367177890e+00 1.301032357575058862e+00 1.298452502244272999e+00
-1.336719144725186936e-01 -9.651071817849832257e-01 9.182280290527577993e-01
-1.069488157119511840e+00 9.413042096302015604e-02 -9.214542972797878928e-01
-8.988912025260176186e-01 1.013109068644342248e+00 8.599410732743602015e-01
1.077173145448954372e+00 4.044078282589347317e-02 -2.069555933730545805e-01
3.780201033847626624e-01 2.096587404847939595e+00 -2.357401683242665857e-01
1.012563294189501750e+00 5.983702832155085582e-01 1.889016316275321516e+00
-1.990094753805978112e+00 -1.243563267201447942e-01 -2.924675598826487199e-01
1.953205996765626784e+00 -4.380075827304000802e-01 1.871401889472576574e+00
3.411675656548318614e-02 -9.648586832898546906e-01 3.297304389504603916e-01
2.963579621958401411e+00 3.004250974140834640e-01 1.512998190124513753e+00
-1.886780214053410010e+00 1.370287271168294518e-01 -3.057667404141517498e-01
-1.274810217936400702e-01 5.519899577159838033e-01 -2.007531910941119380e-01
1.846863898660011216e+00 2.201871356884926634e+00 1.749144029651992227e+00
8.184229814485637355e-01 1.858027044786737081e+00 1.164895658422893110e-02
-2.812092719642926841e+00 -1.891016395657246774e-01 7.261982557526656112e-01
-1.613658378016167849e-01 -2.285002879585426028e-01 -5.606658113703795188e-01
-8.173061198809418171e-01 -1.096256611645998635e+00 -2.630902097806433915e+00
-1.488424216649181897e+00 -1.424963267800698929e+00 -1.002161820413864035e+00
-2.433955246334903233e+00 5.636489956154269176e-01 7.105855626549917314e-02
-9.333182584187134090e-01 -5.342239098647600937e-01 1.536704407878103362e-01
1.003020628258991742e+00 -9.626582944905992534e-02 8.420156011449086986e-01
2.094996665453415119e+00 -7.280821276352607008e-01 -1.698287558385857210e+00
8.888693607286778375e-01 2.053795616964009252e-01 -1.237262826239734492e-01
1.519670782122793495e+00 1.763250710452711201e-01 -7.927148541339037457e-01
8.087095353685214150e-02 -9.271719691681901132e-01 -1.001606699248903443e+00
9.375763535680132765e-01 -3.660980495993204631e-02 5.086566687366371742e-01
-1.586432448211921198e+00 -1.766538438173864467e+00 -1.125250362047857333e+00
7.600425679788773703e-01 2.249901779376742850e-01 5.321590927277874972e-01
-6.628584156078125567e-01 -9.262129721603820087e-01 1.531727136810272505e+00
7.474724324720425361e-01 -1.634785444369904472e-01 -9.715588319466161860e-01
-1.722840144088647607e-01 -9.323159525597537467e-01 -7.890780271515189792e-01
1.005865582899698296e+00 1.200843282206340845e+00 2.707564969941482769e-01
4.067744525049232784e-01 -3.343130803791856676e-01 6.080908005638141489e-01
-3.914109769030854613e-01 2.346374164112857708e-01 -8.419736742822822029e-01
4.041615068825838986e-01 -9.123826975806059725e-01 -2.215088643669989921e+00
1.926461787951335047e+00 1.467961020369627390e+00 -5.237534443051690136e-01
1.807991473878995947e+00 -7.816228912248377458e-01 -5.318165381466100072e-01
8.768569181841583404e-01 -3.593827277468986114e-01 5.999707945502165130e-01
-1.116405009408961257e+00 -9.371764594295213247e-01 1.197663097155169831e+00
-1.640234194889153452e+00 -1.415711655162009919e+00 -1.554714278380394443e+00
-1.642248054577319927e-01 -2.765456948054395570e-01 2.041763519855633202e+00
-1.189911190346136127e+00 7.215335220148335615e-01 -5.860251234347028104e-01
8.940089398104540397e-01 -5.351477239199144975e-01 2.320378157772473138e+00
2.714354103543450414e+00 1.021445092587334402e+00 -3.526971048572826728e-01
5.713042408705613084e-01 -4.531743146812927669e-03 -8.017301505535547879e-01
-1.528178650258603111e-01 3.232745381625090619e-02 9.268770295573065532e-01
1.945713659720407218e-01 2.776149611307459963e+00 5.644063082335012416e-01
-1.482251701796697851e+00 8.219553910779149319e-01 -1.554943047754484109e+00
-1.402064293359458480e+00 5.963489812503945942e-01 8.972085716164728275e-01
2.395800802070734203e+00 4.583559496266348399e-02 3.634973947076847178e-03
6.180533810673718431e-01 4.168053370666410240e-01 1.962870976433575443e+00
-1.003527809270165161e+00 -1.094643563441434875e+00 7.960919547875173752e-01
-1.483362731972794335e-01 -6.454335274019855628e-01 1.130839263051759414e-01
8.063081123278267315e-01 -8.771285327271534094e-01 -1.667202999341492742e-01
4.669987748173597408e-01 5.483516046225067608e-02 -1.065943404109311210e+00
-3.508473318179985978e-01 -1.073934351025185752e+00 5.385829480691790572e-01
-1.014124097587734585e+00 4.941707188973191167e-01 -1.146780160650955893e-01
4.367848966354713758e-01 9.408568612707861600e-01 3.888835635829535620e-01
-1.338221620240240162e+00 -1.252071841869804913e+00 -4.656718004750625139e-01
-3.125603539898806904e-01 2.592360261841764046e-01 7.197912059191439171e-01
1.186373693587675859e+00 4.504929687922972770e-01 7.705526889405965862e-01
-5.465694473118036800e-01 -1.208929041994947218e-01 -7.721785815515300744e-01
5.416119895750106661e-01 1.371204051821626191e+00 -1.708444524458540004e+00
1.427880864875067601e+00 7.813027835023089729e-01 6.446323427776589066e-01
1.627625438435932326e+00 1.676768941952690439e-01 1.134763652082074969e+00
-1.508920213593981208e+00 -6.404098863833839195e-01 1.029093127120773943e+00
1.342898245800667301e+00 2.043046072399504087e+00 1.102146600316443070e+00
1.156040819215692128e+00 -5.876736621790041859e-01 -1.124121402962939831e-01
-1.663775430905253261e+00 -1.579762647746765225e-01 -1.240847619483745334e-01
-7.804940837565772505e-01 -1.402236718915172542e+00 6.173768244765984736e-01
9.850593995831511407e-01 -1.420208846920542056e+00 9.261871076534067271e-02
-7.504019470142846426e-01 -2.091431948110719641e-01 -5.469777342160750955e-01
8.716794823715661167e-01 5.187424777883498095e-02 -3.703329337438536761e-01
1.019571727989444287e+00 1.742715256522224365e+00 7.930974289480846595e-01
1.210520500717067405e+00 9.741955398410049316e-01 -1.487770156366054808e+00
-1.979110275598866764e+00 9.654459490385736142e-02 -4.337749502057692830e-01
1.420081177537505956e+00 -5.936631588621725797e-01 9.521303620001899670e-01
4.052633308265952139e-01 2.094785637768581954e-01 2.858221572546192579e+00
2.520618621566637962e+00 -8.315272767181556279e-01 5.931288531810849918e-01
-8.375260563505355638e-01 1.103456376174596576e+00 -1.199121882017942786e+00
3.426263034286650466e+00 3.481470466442092571e-01 2.121031463579468479e+00
-6.489008622017530259e-01 2.589869526105639252e-01 -8.299120836661485479e-01
6.295811487869846790e-01 1.822179077494116672e+00 3.683420253890216101e-01
3.314558045829083532e+00 1.032156740676851037e+00 1.458799145539308340e+00
-1.367304054803347046e+00 -1.261814970929974189e+00 2.398377063796940378e-01
1.737764838982998050e-01 8.442408382336865635e-01 3.920983486498281767e-01
-2.073426310480699364e-01 -1.838024665817004522e+00 1.086541609000633013e+00
-1.952940528295468825e+00 -1.276273256854667082e+00 -9.104243977632211493e-01
-1.694025385138772100e-01 -1.263891296168087042e-01 1.074500719996292375e+00
-1.626380527793661601e+00 1.019915324488313013e-01 -6.074446499210579553e-01
-5.987087024359423193e-01 -2.913972424528891159e-01 4.909777215122991256e-01
1.554031843421625370e+00 2.649436149135872665e+00 1.324527845661427783e+00
-3.715993324061239722e-02 1.552527763184771814e+00 -5.447280740209140548e-01
1.335824954624146521e+00 1.333889574508812403e+00 1.257640629791072939e+00
-1.083417421385644008e+00 -1.333393568841919397e+00 -7.563241504210482802e-01
-3.679331708467907802e-01 5.848764448240910685e-01 -2.372271645832472187e-01
-1.961049995286793024e+00 -8.352970077453027997e-01 1.369045166678385939e-01
-1.948784879500569778e+00 -9.349858131486544766e-01 -3.631784050652400175e-01
-1.643829010951775693e+00 -1.737852390786305712e+00 -6.189958208404873208e-01
3.042535794426486362e-01 3.002061867086329716e-01 1.485283636330541057e-01
1.026479718054022827e+00 -8.062096579728394996e-01 -1.884667345919869730e+00
-3.233006756260404235e-01 -9.882816369419713531e-01 1.576597315849892489e-01
-7.044004523169753451e-01 3.661149759685483618e-01 -1.303128534283141793e+00
2.881083715379742505e-01 9.186210571370772016e-01 1.344881154614854690e+00
-6.020953369303068126e-01 -1.458183680267020943e+00 1.235682583890802988e+00
-1.047923614397991088e+00 1.175621636448169971e+00 1.154592760370277027e+00
2.412912627337489013e-01 3.950105206337584107e-02 2.043254538984680124e+00
3.122769778636936833e-01 1.861056439479654268e+00 1.404184531828150950e+00
9.491699099692668673e-01 3.013892045511784579e-02 2.037837425819220449e+00
-3.145419182669767499e-01 -6.130978149446437708e-01 1.067174832579520061e+00
-9.662121242544381428e-01 -7.418004743926371880e-01 -1.875403105617985844e+00
-1.496688880371904284e+00 -6.901468505474951387e-01 -2.627650817265068106e-01
-1.018829970952328079e+00 -1.759445985098776033e+00 1.763988813835093428e-01
1.910160202116954364e+00 1.183446391643056650e+00 -2.824784300983855800e-01
3.051110768335587586e-01 1.680073769823268170e-01 1.369295680925678882e+00
-1.420404453919467347e+00 1.700027136666925287e+00 -1.622047552980829144e+00
-7.772432606361514562e-01 -1.299566357419982499e+00 -2.203310328962736708e+00
-1.438186955267181322e+00 -1.542922685788971071e+00 -7.326192395034905047e-01
-6.898857132353728439e-01 1.348085306544549056e+00 2.322717977603037109e+00
-1.575959348371749114e+00 -1.220806475562930649e+00 -3.335307011062780269e-01
9.671463690386261636e-01 -1.664122298377693765e-01 -9.970852818723696664e-02
-1.193726423213387622e-01 3.013836782241039458e-01 -7.397949253020061899e-01
-7.006508429055863241e-01 -4.895380982010844040e-01 8.676323446935281236e-01
-1.574752195103358732e+00 -5.764410931524699411e-01 1.286764974886712043e+00
-8.547619097006977640e-01 7.484020434292607549e-01 1.262330513469065441e+00
-1.401742578423237795e+00 -1.899926405938801244e+00 8.760723703908550597e-01
1.042678707891707690e-01 4.389690031466760844e-01 9.821112666790225987e-01
2.160040911382592022e+00 -1.413708605886514480e+00 -1.529502623812885709e+00
6.099707421403199881e-01 8.100302539681480951e-02 -4.379127348842872247e-01
-1.322537638890299627e+00 -1.769986400043783492e+00 -1.789597213397726150e-01
3.047006549814778031e-01 -3.006697200740359177e-01 -1.671644934751587153e-01
-9.212288333436700061e-01 1.802810861886238181e+00 -4.053059329283191792e-01
-1.570634030975795348e+00 1.451959004542678233e+00 -7.152038392824371371e-01
1.011197260773061268e+00 1.202460079565315088e+00 8.283875411825717405e-01
1.950620687389985619e+00 1.660502949275381113e+00 2.523985240029288146e+00
-8.186954337684382299e-01 1.047471965351097545e+00 7.588751909212392288e-01
-8.440154494064868729e-01 -3.320036655455096408e-01 1.075788249390858597e+00
1.403153464156698060e+00 1.518830401340593772e+00 -3.094807976462908838e-01
5.165408131362072552e-01 -6.881256162337614501e-01 -3.601647161656157947e-01
2.593039484643983705e+00 1.327540262676855098e-01 -7.535194157511106994e-01
8.571202535620151552e-01 -1.257978642888051501e+00 1.209056345526275389e-01
1.218918127422249364e+00 -6.547210590804175556e-02 5.566106717774507162e-01
8.145396226807521955e-01 -1.870128326358309945e+00 6.117601536746306579e-01
-1.643272145953488805e-01 -1.362766581190066884e+00 -7.538282036755048487e-01
-8.933163127595328268e-02 -2.116722641569063867e+00 -1.244952402066673791e+00
1.014499507399439171e+00 5.060034626445528705e-01 -2.426467480668658361e+00
-1.395558017663901751e+00 -2.153554775538534471e+00 -6.395142327493077428e-01
-5.668562705231677823e-01 6.171029072603428922e-02 6.381833389533353440e-01
-6.637073691738049064e-02 8.236977621007557371e-02 -2.272054024521670712e+00
-5.033875053670977540e-01 -4.479662673898889280e-01 9.043259666822145437e-02
2.560173960178672381e+00 4.389707418035900255e-01 2.212433055153933292e+00
-4.338992606426396725e-01 9.383535500621920100e-01 2.959057873156667462e-01
1.680133351636477812e+00 -5.782957834252628881e-01 7.201410688968592488e-01
-3.202266640266735465e-01 5.764818084084801786e-01 8.681451025674526978e-01
8.786409561831949322e-01 -6.735075360119089360e-01 3.144445020283395675e-01
-6.412506045109553909e-01 -1.248424679581556340e+00 9.991168218906749665e-01
-2.607238786739869418e-01 3.622117054519856660e-01 -8.488641698614194375e-01
-1.219835356072086707e+00 1.483686065873910387e+00 -8.311490264754921586e-01
3.883703940587199255e-01 4.673786847428663127e-01 -1.119013523187522008e-01
5.607491239207852418e-01 3.275543830176648186e+00 -5.322634639442136439e-02
1.133713993181815649e+00 1.443126482117639942e+00 6.048380335777742145e-01
-1.622083453777787287e+00 2.813509922964460008e-01 1.292403202872998147e+00
9.613302641959688977e-01 -2.688462573359197139e-01 -7.403217178036149981e-01
4.425378557401393742e-01 -3.893447713340976168e-01 2.464207535470264721e-01
-9.901477171728054749e-01 -1.251725574147962261e+00 2.282557449190247834e-02
-8.807644787464530278e-01 -1.643572764127673835e+00 1.054971717171904189e+00
4.256671161788894708e-01 1.499047552149306739e+00 1.204468248824945409e+00
-4.765065004221510359e-01 -2.824345991426383762e+00 -1.112740376923865293e-01
6.335761306711912288e-01 1.127101927827679484e+00 6.795581888177681940e-01
4.935551548471210914e-01 -7.826879252117826535e-01 7.059005801624214094e-01
1.651009127069796856e-01 2.001685325594159348e+00 1.602630032903688440e+00
9.754845885679033213e-01 7.012033033512177216e-01 -4.651228586855582492e-01
1.698407138433649211e+00 -2.042922005605862790e-01 6.129862421582370491e-01
-4.150169342402786343e-01 9.016601978160447839e-01 -1.367420707614046549e+00
1.523409476877454649e+00 1.978502837078407683e+00 5.992567057592573798e-02
1.454241533525169050e+00 1.088663295522570795e+00 4.386114009037165307e-01
-3.294625564837238563e-01 -8.978757958984378007e-01 -1.574568543029643219e+00
-2.767356172011040893e+00 -2.012211247708616924e+00 -6.644917649688928396e-01
-4.061173281610819807e-01 1.090242026903956996e-01 -2.072665005968188812e+00
-4.133209376852477468e-01 -1.189098518891890333e+00 5.544166498682168154e-02
6.280636554806504623e-01 -9.503191906561914148e-01 1.039468784146046598e+00
5.848715264268979919e-01 1.177503347627807839e+00 -5.274265019678269217e-01
-5.730669688709658649e-01 -4.554877191467554542e-02 6.752893702919526842e-01
-1.441664209237540462e+00 -5.796473093442329194e-01 -4.952858849260729501e-01
-5.060529714614148133e-01 -9.856530826934284395e-01 2.836472586055890366e-01
-1.762795491744318932e+00 1.079613150374927555e+00 -7.780657030434705579e-01
-3.826192024525663649e-01 -4.441637635414044660e-01 -3.132204476381216240e-01
9.896345614450516859e-01 3.712996349693462594e-01 -1.694100553781025642e+00
5.426289580910899080e-01 9.361632522667640011e-03 1.098319904759804011e+00
-7.517191874096849080e-01 9.658614281475954577e-01 1.025992631589932591e+00
2.467689212160052215e+00 5.035447045057432902e-01 -3.159692442126311729e-01
1.117415134093700635e+00 2.158386854459770632e-02 -2.350207383834864938e+00
4.914464244894354295e-01 8.356354324624621910e-01 -1.113058945017891821e+00
5.804320013601027561e-01 -1.577862162650339073e+00 -1.712320161032391264e+00
-7.762499016313095801e-01 5.496613516512085518e-01 5.479513928551256186e-01
9.768997836370347798e-01 -6.775788914803224650e-01 -6.861834306547884843e-01
2.793482080987056415e-01 -1.358397561172043355e+00 7.509345515437977348e-01
9.655662518288771201e-01 1.200878325745394770e+00 -4.886292422298577076e-01
-3.721271749291860664e-01 -1.738827691766947181e+00 4.536150723219273262e-01
-2.317061892106740739e+00 7.816191903701641408e-02 4.796847809943300955e-01
2.816900840910321779e+00 2.153319228702903931e+00 9.561547307202660217e-01
1.566481916123198426e+00 1.131180934856240938e+00 8.533270770970720065e-01
-1.554167718213925964e+00 -6.396892046890778616e-02 -1.400393313588211619e+00
4.140796568273837353e-01 2.008659783667497756e+00 1.707219414266286206e+00
5.412879132016942263e-01 2.988482220834964842e-02 9.400495179198335993e-01
-2.542662781789228887e-01 1.168495856436805092e+00 1.426816917901632342e+00
8.293805127648823383e-02 2.295619623613809335e-01 -1.096716867558912512e+00
-1.888894936334052921e-01 -3.535703271588912511e-01 -7.926998210013824764e-02
-1.726499885481514340e+00 -6.849941946383505398e-01 -4.302690784696824311e-01
1.348638050970565772e+00 3.781942147999053372e-01 -8.496895957319638981e-02
1.052054145471883695e+00 1.125556886249094779e+00 2.766444921286927539e+00
4.829181447293512397e-02 8.942502858778011987e-02 2.138847532272670549e+00
6.978167031551195665e-01 -8.518892790804382109e-01 9.315112395882574337e-01
-9.768458612763990523e-01 2.541238325600185810e-01 -9.648641730877951517e-01
8.001401680321269527e-01 1.299834860862746577e+00 -2.163877594257678227e-01
-1.032695064003485763e+00 -1.127316516299976978e+00 5.470408024033457384e-01
1.368141442958587417e+00 1.896396948690573403e+00 2.023119752623800061e+00
-1.297199586253632964e+00 -1.042560524655337328e+00 -2.139415800957056746e+00
-1.781507032018916581e+00 -6.076242759617046518e-01 2.838315336452820192e-01
-5.360376576899696932e-01 -1.024666612843638802e+00 -3.271002175143513657e-01
-3.219828166205933040e-01 -3.862715031005342636e-01 4.643951259671510456e-01
-5.987561745322002027e-01 -1.936067986966532928e+00 -7.574215838852560445e-01
3.676692837723916085e-02 -2.112751729166678416e+00 -1.100898218655807170e+00
9.952956169147497700e-02 3.245903944764791382e-01 7.291110733475676398e-01
9.950788310867524356e-01 6.804571303808817362e-01 4.550537536027705610e-01
1.217958783356529184e-01 1.102664640697988974e+00 2.492966114241161324e-01
-1.657313086316382078e-01 8.489529281790839654e-01 -1.582907358177041868e+00
-1.652676188717453698e+00 7.008641187683052332e-01 -8.913347669797511141e-01
-4.204963971725910188e-01 1.362133922024173938e+00 2.389584238221492463e+00
-1.763985950855460061e+00 -2.193796489706056341e-01 -2.583224050845594810e+00
-8.944583440974052113e-01 1.026927924291842764e+00 5.155405865251031505e-01
-1.128695778647257342e+00 -9.708075875016467515e-01 -8.502175059371577248e-01
-1.636331321194302912e+00 -9.035942883764604971e-01 5.468856420849079747e-01
5.155001645688916945e-02 -3.980506570863366900e-01 5.898982283724414355e-01
-2.472365090662221876e-01 -4.206274367717232066e-01 -1.044464112033719028e+00
1.664381346827637831e+00 -1.519625813142470694e+00 -6.010644822180104541e-01
-1.512242240730147902e+00 1.430207361515545283e-01 -3.792826200659936142e-01
-1.383405417002949500e+00 1.300728629546053505e-01 2.547101619120919036e+00
-1.204479208464919182e-01 9.574203537468654046e-01 1.314040172501481418e+00
-8.752265218632409027e-01 1.536203812241594413e-01 1.039213319755782239e+00
-1.555164298468096007e+00 -2.422922992265022835e+00 -1.172550371232931710e+00
-1.300025153226250563e+00 -1.036907831180373663e+00 -8.785794249737155504e-01
-1.150083045762182010e+00 1.215950142203947815e+00 -5.869477605592301472e-01
2.203077197006278354e+00 -2.960167876429389278e-01 1.274051538810353934e+00
-6.940099728990956063e-01 1.208069996736351737e-01 3.822586245613939226e-01
-2.972395673238692471e-01 -1.587186156697140138e+00 1.994943702214883041e-01
2.928104252061465296e-01 4.919686980309499469e-01 -2.887459904861127136e-01
-5.147379384394724644e-01 1.280729842970507182e-01 -1.507977407710897610e-01
2.276998158055962840e+00 3.184486440989556799e-01 3.152539229331430271e-01
1.546391427518901462e+00 2.702953891867599268e+00 -1.030974378579817108e+00
-2.824925727363957750e-01 1.887539577565406024e+00 -5.563421954970887429e-01
-1.282287667388183783e+00 1.571066585886397471e+00 1.261035765577674272e+00
1.609742352292224066e+00 -5.279129363654804230e-01 9.176165637659674523e-01
2.060647778591004897e-01 1.145551595270340783e+00 1.716709147720119510e+00
-1.907520262730059146e+00 -1.998358919997445193e+00 -3.339321066759742829e-01
9.247898145565813799e-02 4.047802774730177022e-01 1.106988102006693175e+00
-2.121885494242603087e+00 -8.426744423231478098e-01 -5.607120253025907886e-01
-3.469342301151094321e-01 -1.687070516729065051e-01 -5.662856468310378810e-02
-4.562962204650433673e-01 3.985524584819725158e-01 4.639222394657394055e-01
9.194782295463048705e-01 4.175075530146105662e-01 3.985836792273410589e-01
1.391530739530204119e+00 3.457508610095337609e+00 9.687197520832249165e-01
-2.113375102627874647e+00 -1.657002236524924843e+00 -1.980015169657231899e+00
-1.632538826860311376e+00 -3.288726393563565775e-01 -7.175756415612606354e-01
7.319264651421168999e-01 -1.676665816390188191e-02 8.555061260081491259e-01
1.191227623670683800e+00 -2.668151595086376560e-01 7.316211441110624936e-01
-4.695329944886654228e-01 -8.323613008518200296e-01 -4.397670205434480728e-01
-6.710700479126763263e-02 7.360238076911058691e-01 -6.274914714246673242e-01
6.235998816663657074e-01 -5.000092532721902572e-01 1.181122591530906263e+00
-5.862464799929084647e-01 1.796585493365367103e+00 -1.722754105913751888e+00
-4.367730772182754073e-02 -9.207171703459855472e-01 -8.955384755758882820e-01
1.235183498384413880e+00 1.021330886444478558e+00 -6.894604880659425117e-01
1.715584890362513493e+00 6.899124666800582339e-02 1.769648828592557122e+00
-3.152003092895935055e+00 5.835791053930585726e-01 9.239238198398624924e-01
1.603007525677802025e-01 -1.163232506986450421e+00 -3.995836418117087452e-01
1.952476755724525281e+00 -5.293076940176735246e-01 4.932732633842681347e-01
3.733215579848367383e-01 1.098668053262108479e-01 1.236863824259063493e-01
-1.869550631276986064e+00 1.997901348405974886e-01 2.025176698718917923e+00
-1.973824975873968324e+00 -1.172540587744742346e+00 -6.329279327345542772e-01
5.996565370390141148e-01 -3.092871910059502571e-02 2.276078288779560310e+00
-1.656381226226736114e+00 1.608983707951424647e+00 1.065957876403327287e+00
2.951562331991626209e-01 9.738073563475078132e-01 -2.041162746514667559e-01
-3.138293212433505008e-01 8.188754447069324094e-02 5.619921791222278751e-01
-1.380534547108317467e-01 1.013640246619619045e+00 -2.224782366040487958e+00
-8.671853087960633699e-01 2.015026409209399461e-01 -1.492815598506299413e+00
1.685724855850750048e+00 5.713963241336893484e-01 3.238675118288305010e-01
1.304423803307511065e+00 3.315283339063997969e-01 9.471909290855002883e-01
-7.194062075312289695e-01 2.426682630030319032e-01 -7.935213320327447750e-01
8.650786429992738391e-01 4.533840693173445957e-01 3.222724650113287237e-01
-1.432473668128220190e-02 -1.318906181635285835e+00 -1.278605205013075841e-01
9.833834784437863741e-01 1.102705704684336929e+00 -1.751189486307029419e+00
-7.962650561644302183e-01 9.524241601076779418e-01 -2.188729477156053260e+00
-7.816013143761015858e-01 -5.941898890366019703e-01 -6.380906344319017265e-01
4.882271764636966216e-01 1.246293261916104012e+00 -2.350638626256311703e+00
7.249751177981488270e-01 -1.014766815293062230e+00 1.480978839062929153e-01
-1.143751439146205584e-01 -3.204686065676343731e-01 -4.433651649289382934e-01
-8.266498671136601750e-02 8.185370034717907028e-01 -2.036869116268184676e+00
2.858215984100365148e+00 -5.088473734924872094e-01 -4.172073829198741368e-02
-6.781558231566899853e-01 2.862088544449079563e-01 -5.505223847038198670e-01
-5.219306475099518838e-01 2.242188654367520129e-01 -5.191544781606576286e-01
-1.555864894215356120e+00 1.107632477621506295e+00 -1.455674961919103616e+00
-9.702970089034252954e-01 6.898364112442383345e-01 1.190326691359581135e-01
3.187957562558418334e-01 -1.708932233597658668e-01 1.033810864934640583e-01
3.871674273375118047e-01 1.057001940966624254e+00 -4.983608458667181385e-01
-1.630036759739584395e+00 -1.334794922222430458e+00 -2.398908524307986623e-01
-1.109580693147914632e+00 -1.527090901036198378e+00 -3.705267207663115459e-01
4.632320043098553386e-01 -1.980624007772666451e+00 -2.359846403765876843e+00
2.029052197168006000e+00 -3.322011449839994413e-01 2.160038110926874033e+00
-2.164450057310629560e-01 7.066916280031936282e-01 4.968792638603611866e-01
8.792765958051386166e-01 5.642540284036495768e-01 7.052042212250414499e-01
1.421729905770992231e+00 -6.783275833939599320e-01 3.148476543615027490e-01
-7.208617508431498511e-01 9.402594354301985202e-01 -5.098706316743766287e-01
9.891110228750059630e-01 2.674441330590872301e+00 1.538700313028263045e+00
1.343780742643035264e+00 -5.446276211887992602e-01 1.495248805081532240e+00
7.863479186384927377e-01 -3.030409128863842394e-01 7.995949042093790649e-01
1.603633059058326982e-01 2.331865414547262816e-01 -3.576583929081561530e-01
-3.333755552512785991e-01 7.925987353509869049e-01 -1.929131022764456471e-01
4.422437274755109948e-01 7.581547071186862663e-01 -7.162468915711819317e-01
1.217769307625474751e-01 1.617295587133075419e+00 -2.175193586450940408e+00
-4.641808997668356307e-01 3.291498119098431596e-01 1.811127556220724077e-01
-1.324999449829830978e+00 1.063974800224652961e+00 -4.556462455932083211e-01
-1.608640893690550522e+00 -1.283815297690176438e+00 -2.263616606091231276e+00
-2.708685240887416246e-01 -1.558055911655438663e+00 -1.577883957302523177e+00
-2.382594809960850157e-01 -4.814338685360873282e-01 -1.435104858848076814e+00
8.290494186896792961e-01 -1.133754043682452917e+00 -5.065176472198152924e-01
1.331974856162243537e-01 -4.196396921955062309e-01 3.622138378751781351e-01
5.594488438898387317e-01 -1.112663021467825031e+00 -4.294815786450608686e-01
4.022028271199503680e-01 -8.464341513964567243e-01 1.722456294867247273e+00
1.844107892764902945e-01 -2.383461101290407225e-02 -1.214600001186275424e+00
9.629521867254273726e-01 1.957104025020531823e-01 -9.419203966688078911e-01
6.809152497709871632e-01 1.138677147956995261e+00 9.477394751758227986e-02
1.753176821999772317e-01 2.255903667934600065e-01 -1.207916468958200928e+00
1.720836731502799921e+00 -1.715877224424788405e+00 1.410053157047481021e+00
1.608826182586371445e-01 3.466323170037498569e-01 -2.571412447220713826e+00
-5.968237814343836378e-01 6.566901899223354100e-01 -2.497847989927995394e-01
1.410978721398728819e+00 2.128140612700256673e-01 4.484147351283805372e-01
-1.446431221240649379e+00 -3.917510043153311639e-01 3.815838700892792978e-02
1.270134687352581837e+00 3.263288608004989433e-01 -5.765708349718656756e-01
-2.482281976767757303e-01 -4.655293699723162537e-01 -1.936013771502354430e+00
6.474751282764017457e-01 -1.202154742588391056e-01 7.068032585479064878e-01
-3.080587412761481847e+00 -8.567650998721740851e-01 7.124171839793771444e-01
-2.718019280857260078e-01 6.493619253248867906e-01 -1.719165679301985383e+00
2.640135167705066621e-01 -5.842329719119039311e-01 -2.454441925367896182e-01
8.355090675395742128e-01 1.811051551811194038e+00 2.418903686958366883e-01
-1.262317491409540304e-01 6.632266199662673056e-02 1.771026729180976034e+00
-5.218119670282492795e-01 1.094950842518332079e+00 -6.872009253593993616e-01
8.918923348228378067e-01 -5.016311237355093322e-01 7.450152328598680374e-01
-9.013080279026255415e-01 1.164385622840464096e+00 5.477038093410302455e-02
7.377698880858138963e-01 -1.429216691147650042e+00 -6.882971306175151849e-01
-2.297509950285514968e+00 -3.433210871931231534e-01 1.013891857892810222e+00
2.119282471254163358e+00 -1.630869859165798852e-01 -9.135230854030129688e-02
-2.156971587662259715e-03 -5.679606314114663546e-01 -1.081262985329546567e+00
4.944059402128014868e-01 -8.037553141775599652e-01 -1.293066641354841062e+00
-4.575195737156181330e-01 -3.662849705651909926e-01 -7.797175058975152062e-01
1.909287388616241810e+00 -3.082214903666400385e-01 2.883766472403242465e-01
4.028992735133651304e-01 1.644747126328323095e+00 6.020811094177058731e-02
-4.993548177818465383e-01 6.190962686646364066e-01 -8.798737606153608226e-01
1.278141497140561134e+00 -7.288075955681043716e-01 3.239809081856986905e-01
1.556775435317289791e+00 1.888663377391641252e+00 7.088067388263161739e-01
2.083861190699461297e+00 1.251208515627644235e+00 3.635530888202299638e-01
5.093855628799048851e-01 1.785814431014723924e-01 -2.997975553896803369e-02
9.996392518163126351e-01 3.835534237909764554e-01 8.556816077681816957e-01
-1.237259421922112246e+00 -1.472743697715168110e-01 -5.512271080779121979e-01
1.992794296280258060e-01 -1.831257580634299886e+00 -5.034201062720869979e-01
5.734264305511376225e-01 9.808187904017615644e-01 9.960839678834738642e-01
1.887373014675013616e+00 1.118440979539558455e+00 3.293135819758091776e-02
6.915308119475926940e-01 1.945431233974412422e+00 1.236978282032294985e+00
-4.966886945364857864e-01 -3.847280115301934256e-01 -1.168325154615213357e+00
-4.125696756620798045e-01 -1.207395324404209269e+00 1.043963354207188221e+00
-4.178685254490784873e-01 -1.981356407509928141e+00 -2.354120355924662178e+00
6.741098101629328099e-01 1.089359328415983708e+00 -1.859862644039306012e+00
-1.205998228388381333e-01 1.366417690196530144e+00 -1.004172321172821736e+00
1.492196269771082218e+00 1.453133650340827088e-01 4.573137519802417117e-02
1.839045265228944626e-01 -1.065113642655259429e+00 -9.399752817840008046e-01
-6.208192791353803752e-01 3.556660767400159351e-01 8.593197505999805585e-02
2.031092375151993812e-01 1.110301623468698651e+00 1.264101489124873190e+00
1.417375800682506015e-01 -1.881321590709581493e-01 -1.334787919439474058e-01
5.407865367076896135e-01 1.677448270995985924e+00 8.667201059879491298e-01
-6.001178378257373547e-01 -1.107401283277972937e+00 1.038552020798358955e+00
4.660537634190147216e-01 -6.499634919309346115e-01 -6.670768264755843058e-01
1.179051654407173633e+00 2.113275163843290283e+00 1.756914291959554841e+00
3.259432626310079240e-01 -1.869317489980897751e+00 2.944823705859935359e+00
4.656844461940947144e-01 2.929148964023242097e-01 5.955498591920471707e-02
-1.882209153116703337e+00 -9.758195231024913152e-01 1.495935766582208171e+00
-6.865465264357828445e-01 7.050233732053571289e-01 6.097451741599858588e-01
4.372433023657087414e-01 -3.580341304607469466e-01 -8.026447732242784072e-01
-1.581821737216758228e+00 -1.786445292562673370e-01 1.231499247038720934e-01
3.506014644573232086e-01 -1.493816982585500552e+00 -2.284355028716028357e+00
1.814819817198721208e-01 6.666951048489722087e-01 1.185750655489842931e+00
1.278719575765138172e-01 2.242142981597448959e+00 2.407894917423062386e-01
-4.646259753912064250e-01 7.845257100664970729e-01 -4.381456446684683925e-01
1.362534725121913981e+00 4.642647367280499093e-01 6.373356627252464435e-01
-4.728027540173748156e-01 -6.743411458063062192e-01 -1.219136075576083389e+00
1.570767064422070147e+00 2.717009356042340062e+00 2.237496510996282773e+00
-1.199648580289148336e+00 1.160349052079193921e+00 6.666234033132405479e-01
-2.035373090087169157e-01 -1.064285183010639013e+00 2.229303433005771495e-01
-1.238384106896814441e+00 8.733126966357180887e-01 -3.499670510011568814e-01
-8.946829928243166252e-02 -7.222055588735788456e-01 1.543651786360196176e-01
8.639009583709122975e-02 3.780712965796207969e-01 1.564060167530018974e+00
7.564956644401046315e-01 -4.114349516366397896e-01 9.278275213527120702e-02
4.146279289437255766e-01 -4.915330422562780299e-02 1.634812826124480756e+00
1.554614119879049960e+00 -2.386687046073588947e-01 -2.050092369732214870e-01
-6.684084447753111391e-01 1.049129024115382336e+00 1.263346898082914116e+00
4.464842253205871803e-01 7.489223456746914032e-01 9.575663096521755957e-01
1.203415669060510229e+00 9.694567016280946081e-01 -6.957518431835769679e-01
-1.065720223270341771e+00 -2.053318516948041683e+00 8.197104602013438601e-02
9.988332488767139861e-01 8.773667526632444869e-02 2.585345523163896875e+00
6.927436978102046172e-01 -1.729125639898376088e+00 -1.127600445119898431e+00
5.522620251935679292e-01 -8.973822416905055110e-01 -1.845856301211344919e+00
2.728711668484448127e-01 -4.552954096931958183e-01 -7.944962002644959664e-01
-3.979980119498704449e-01 4.265687521941230465e-03 3.143566697700005408e-01
7.036831407456983767e-02 -5.289837808577408929e-01 -1.396345451830914852e-01
2.017109593402150569e+00 6.524129102047036000e-01 -1.117030308441662845e+00
-6.240209761215853579e-02 -1.748027135446981184e-01 4.363344317002604833e-01
1.808482586620750565e+00 2.953027251615329418e-01 1.040718881411303753e+00
-5.043585003119605004e-01 -1.073577914646736686e-01 -2.351706968233194250e-01
-1.028788157630708078e+00 -9.970994675307267574e-01 -5.788979463516108481e-01
-5.199729127158309039e-02 4.647152211529923527e-01 1.293006595833038341e-01
-1.336514871448955422e+00 -2.042852766995799207e+00 -8.540431568793049877e-02
-1.006438277736350528e+00 5.599368752831257456e-02 6.148059320356047408e-02
8.196049664891167374e-01 1.444476260091589026e+00 1.106658619973077684e-02
-4.462910468868450664e-01 1.265813603750970184e+00 1.190290852884758221e+00
-2.807127084832565789e-01 7.597749172738548218e-01 -6.726154741584222663e-04
1.318113708020997921e+00 -1.604161979343231792e+00 -2.769011569522961125e-01
2.170490667900565995e+00 1.274587623247199986e+00 -2.568627095721698339e-01
-1.267074494563787512e+00 -1.356643205674033514e-01 -1.596648733756798055e+00
-7.318082816184756645e-01 1.395410404103065272e+00 -3.123355554943061385e-01
-4.256056082748289615e-01 1.298783079424754128e+00 -4.960799352464093648e-01
-1.529836517463323275e-02 4.723000271858406318e-01 -2.137329666747438406e-01
-1.844598325439059661e-01 -1.394355084133761524e-01 7.028663257728352542e-01
-9.339609658918783808e-01 -2.170272077077139095e+00 1.525644041740890078e-01
9.520949366978925799e-02 -5.910994629084177499e-01 -3.127701444940955700e-01
-1.276753967066828643e+00 2.438999503249260625e-01 -5.641389326604923093e-02
7.308033268939498894e-01 2.073623835981022179e+00 1.077024507632505124e+00
-2.085388537546736254e-01 -1.161092861064860315e+00 -1.066636030297881010e+00
1.768217355268103308e+00 1.543419893195054904e+00 3.183239058190007187e-01
-5.478462887152883987e-01 -4.140898954795386722e-01 -1.047818626727902824e+00
1.724925741712321603e+00 1.736279881267794645e+00 -1.021166321906439522e+00
8.747132727771460559e-01 4.621888077334740941e-01 1.760723384879241626e+00
2.915838458111020826e-01 3.444970855740359106e-01 -7.566365422461749368e-01
-6.807497049631887620e-01 8.019197021855307694e-01 -4.255548420375243612e-01
-3.231959197295329878e-01 -9.817959991190343683e-01 6.359154017513501955e-01
6.207756270332387416e-01 -2.501987800850701937e+00 -1.992485346174447836e+00
-9.393519957288168909e-01 -1.476385617301357644e+00 -3.719239634806129624e-01
7.780868680687290651e-01 1.451534081938327114e-02 -4.859595411368913265e-01
3.177940444490456873e-01 7.540793992810292945e-01 -1.042628704136847162e+00
2.183939732823994007e+00 -2.467563216157647732e-01 1.459130501612856401e+00
4.176586888382486373e-01 -2.228574610775054587e+00 4.559709206977322626e-01
-2.492118450465705237e+00 3.224772492188950901e-01 -1.881643080670269752e+00
2.943644241432283315e-01 1.507247452087932871e+00 3.978777002527161266e-01
5.292309335844922469e-01 -2.157986257024489873e+00 -1.661378889769798528e+00
2.481875616367712478e-01 -9.590967625882065306e-01 -1.517971851331875843e+00
1.089014010124246479e+00 -5.529210913503668223e-01 9.811242105272063307e-01
5.947389969158711764e-02 -4.127054167530037621e-01 -1.468920869401742824e+00
6.843894614837375823e-02 -1.047691595988622160e+00 -1.012149078051624018e+00
-3.493305856022075884e-01 -1.990228978920680070e-01 8.396867554364195740e-03
8.289575743900312599e-02 7.038951122701342378e-01 -2.110146321456793039e+00
8.426828727900752547e-01 -1.448701778651294125e+00 1.328328188292030143e+00
4.333442411131482874e-03 5.631774326632770222e-01 1.214158438891067338e+00
1.250118056832512980e+00 -4.765243294128641560e-01 -4.758422070307637419e-01
1.409189380364626043e+00 1.044078482221530546e+00 5.373761879456491197e-01
4.913903352140549519e-01 -1.995286442631587942e+00 -1.639546661220733670e+00
-2.499359925234646562e-01 -2.095766084770054771e+00 -3.188028066662867976e-01
-3.943565420547331946e-01 9.102117272394565362e-01 1.561699851202044131e-01
2.329419669480509159e-01 1.277215776084443810e-01 -1.024101267055067765e+00
-2.600596583097021242e-01 -1.498484097730442555e-01 2.533137374739943271e-01
-2.227619307927969139e+00 -3.709088872602117615e-01 -2.264577993320247562e-01
9.413446585772851094e-01 2.828298984494304502e+00 8.596856749667161068e-01
9.139176326437151721e-01 7.082391274517794155e-01 -2.348575180565380949e-01
-2.440916394650578081e+00 7.020334937639203243e-01 -6.195408178399913757e-02
6.375928888061233035e-01 2.410421276334004936e-01 -9.767727421907204111e-01
-9.887875407115451765e-01 2.177257562609438146e+00 1.645282905920510408e-01
1.124374108274969419e+00 1.022099740402665713e+00 -3.136360366538764044e-01
-1.573062830571268833e+00 -1.215437528340759687e+00 1.752980856013139910e-01
-2.506337151424088416e-01 -1.528399988129796938e+00 -1.607929628497373864e+00
-4.547152916129059141e-01 1.416911108019142662e-01 2.030718054573220854e+00
1.110091671973634231e-02 8.459840135690080976e-01 -2.032353509292441629e-01
-1.642778476710303748e-01 9.628326792870649520e-01 -1.162401740970164576e+00
-4.719899250156605608e-01 -9.963763072819842304e-01 -1.881015363778943517e+00
2.287063008278887311e-01 -6.730086226156475337e-01 -4.172818520456056390e-01
-5.521192558645294790e-01 -4.694603703523361760e-01 3.919629976121892234e-01
-5.968288517079434197e-02 1.397940597992903378e+00 -7.296725999353743664e-01
3.859862615135571939e+00 1.254202727742172119e+00 1.699582174431857107e+00
1.274281249546252992e+00 1.451776371390316900e+00 -1.216368082215463886e+00
1.580768116579531757e-01 -8.273647658263099114e-01 1.585133357544994404e-01
9.953813799489419356e-01 1.758755958840403810e+00 1.107628960271372254e+00
3.101453092284431889e-01 -3.562078500609746623e-01 2.618525323055508336e-01
4.347112087663971280e-01 -2.502161943592509097e-01 1.556240983571453018e-01
-4.142076388971382972e-02 -1.224503410751542898e-02 6.599150001372555696e-01
7.304767925580718524e-02 1.829392889766495167e-01 6.650341381846217592e-01
-3.778473859143217650e-01 5.832379535513898539e-02 -2.712090013118581666e+00
-1.650411804572111674e-01 -1.448835884790194761e+00 -5.130148214430210185e-01
-2.711006256680275950e+00 5.239911092529505598e-01 -1.369171053854463249e+00
1.139340729673698593e+00 8.760474943394949143e-01 5.071936727040269322e-01
-3.789682230430010401e-01 -1.357559150215290611e-01 2.735925204466769234e-01
1.725072773007297222e+00 1.154013641874819474e+00 2.796974089079991010e-01
-8.000994559743161982e-01 -1.101953382805521686e-01 -3.377316423757341646e-01
4.352515999106061351e-01 -1.257063498283399916e+00 -1.536912763571237406e+00
-1.205608290353231249e+00 -3.391715104990548069e-01 -1.969674266809882113e+00
6.010382871728476850e-01 -3.045888908186487054e-01 -1.323571233937234082e+00
-4.847333703693900153e-01 3.832312949041382089e-01 3.669339125139351454e-01
7.545699397709748624e-01 5.311468016704787853e-01 1.166135261328004491e+00
3.310373673307374087e+00 2.093846659416587208e-01 -1.529705234343209597e+00
-1.563912952744277884e+00 4.583151801576827444e-01 -1.724719603373323640e-01
-9.406965611715513154e-01 -1.209320533590552360e+00 7.646994964420719132e-01
-8.110581783829781122e-01 -1.895503352827318855e+00 1.818352846088678199e+00
6.388701597033769053e-01 -3.652835373242879768e-02 9.950592849645555349e-01
2.208431042625403240e+00 1.841199507909347277e+00 -3.712128645859286147e-01
8.891557153051725670e-01 7.556892739810838755e-01 3.331968805677325562e-01
2.695493591109466847e-01 2.633678112270002591e-01 8.993417278458151198e-01
-3.378490135474223610e-01 -6.686372513066689560e-01 -1.656965716490450546e+00
4.584139349222965398e-01 -7.554920016727924015e-01 -5.976167097161535491e-01
6.951148705460242772e-01 1.581336841014567840e+00 1.407477127387763094e+00
-2.868760403158698846e-02 9.331171059729999051e-01 -1.963793846021767431e-01
-1.545032982337718686e+00 -1.362384926071101843e+00 -7.533145382880199747e-01
5.484575698973410685e-01 9.446634231040341723e-01 6.913910727034859871e-01
-1.464814940399015608e+00 6.789779821207317934e-01 3.553697060868817870e-01
-1.381059353116343980e-01 8.246747129698803747e-01 -8.837095210907723875e-01
1.738681819810336537e-01 8.338493789480623253e-01 -7.713341115119107805e-01
2.440231942421526856e+00 3.821730357966349967e+00 9.192132798984862241e-01
-3.873204459881752770e-01 -1.527281338585491310e+00 -7.156963470770240088e-01
-3.723881562785205102e-01 2.062242589411517280e+00 1.097517281463403771e+00
1.000221561964373396e-01 2.291750195589272732e-01 1.701845017713971453e+00
2.625833266962505963e+00 -2.669957520082959501e-01 -1.093001102241336397e+00
1.274926173536456098e+00 -7.940495715790939490e-01 -2.880815640414035039e-01
-1.129489834156393924e+00 -1.083091746619269546e+00 -1.496638107787217287e+00
-3.815600330353654535e-01 -1.132241142097555331e+00 4.888614740915896983e-01
9.322643002295480930e-01 -2.795958287843929857e-01 -2.110841434133346795e+00
6.132627405558024325e-01 1.340246160020575505e+00 -5.671864473260574968e-01
-7.931324896643010547e-01 1.413900054925794514e+00 6.018910626824917065e-01
1.072386775163556738e+00 -1.061108352001392863e+00 1.022805633285520877e+00
-2.924307218764998773e-02 -2.927619173389144347e-01 -5.785858982673454110e-01
-6.186215686997880159e-01 -1.116295037192666317e+00 2.371354877318573307e-01
5.655946740054957900e-01 7.422217175521708121e-01 2.091918801179338150e+00
1.472991031149181840e+00 -4.183482224673351624e-01 -1.051797935472281287e+00
-3.169569447713249666e-01 6.182572691486487582e-02 4.990138991162185178e-02
5.776946730325235313e-01 -5.690118898534064495e-01 3.643018984972403729e-01
-3.589559244445558184e-01 -7.399211210888601009e-02 4.962642135137078636e-01
-2.154168751110608682e+00 7.486980580129540819e-01 -1.203041693322726147e+00
-1.314024834747049009e-01 -5.244874237304302245e-01 -2.252387080197564728e+00
6.565862119746433967e-01 1.393961896712043735e+00 1.302831355952553505e+00
-7.831355411247595821e-01 1.813556083297978461e+00 9.308266094914814381e-01
-8.697967665951502614e-01 -1.361562279212790716e-01 -4.142377792805533310e-01
9.338822990280957193e-01 1.833260256257323029e+00 -2.698597803486195712e-01
5.724923288004659661e-01 -1.978717133824437480e-01 2.402598742946341348e-01
1.620954563755844235e-02 4.147956988934455858e-01 1.504087151531713129e+00
9.869549197472509139e-01 -2.224852195111317599e-01 1.215642500261364889e+00
-7.374862647467923527e-01 5.518259352086685166e-01 7.454501209760888703e-01
-1.306983997860623692e+00 -7.154976923437548209e-01 -1.630685428564371264e-03
-1.017774280593756409e+00 -1.150863519342543384e+00 -1.586542566632678897e+00
2.144374458214872270e+00 1.360870317441355448e+00 -1.234323903508376397e-01
8.633771902868396797e-01 1.232820204363951788e+00 -6.474988655893183509e-01
7.836463912545797994e-01 -8.894822438661875719e-02 -1.270699872019199761e+00
-5.830008745792391034e-01 1.313393516213833268e+00 -4.247113733488823151e-01
-4.127213464669708953e-01 5.554328742439366140e-01 -4.603196893481297236e-01
2.046891285805724436e+00 -1.546746087212796938e-01 1.342316202444567286e-01
6.849808953188332161e-01 1.102769530076962656e+00 6.766325417527634389e-01
3.903138782996686817e-01 1.401902654970135442e+00 1.294589092317794510e+00
5.592309856346389108e-02 -5.710027039332018495e-01 -2.135854868539081686e+00
1.142323792090221168e+00 -2.000873732551240902e+00 -4.594564344833530489e-01
-2.814500334167882034e-01 -5.577507419028052693e-01 5.319770835328634373e-01
1.104127947289841760e+00 -1.325739234459627935e+00 7.075605854926715343e-01
1.411855312368751836e+00 4.408127408485826848e-01 -8.192344845949641741e-01
-8.833592096561843077e-01 8.498445274738262167e-01 -7.027977269867911048e-01
-2.661837715952675154e-01 -2.001215749155843326e+00 2.166389591885140575e-01
5.409816615600036016e-01 -1.513579731793599947e+00 -1.943497365505262087e+00
-5.587287713324864402e-01 -4.013589653501786758e-01 2.246097748764771751e+00
-5.155292900069563533e-02 1.303404483575491657e+00 2.146266626920729337e+00
3.972775477098466901e-02 1.791751283187723587e-01 5.939927942268039551e-01
1.543187755456021382e-02 -1.826462414632668896e+00 -1.403055480449416859e+00
-1.539562797440356512e+00 -1.483284827617549873e+00 -1.782631738935196442e-01
-1.726188628223618959e+00 -1.468903741839309607e+00 3.741219868705407681e-01
1.101415511004266046e+00 -5.637127710584201035e-01 -1.573260972406057778e+00
-5.057271559956804108e-01 -2.185011501307759119e+00 -1.653711597688518609e+00
1.817589093094111430e+00 -1.004902103560051385e+00 -4.149994548800777228e-01
-1.556041104214870296e-01 -1.468157887506106540e+00 2.336684350128400700e-01
-4.246062648904809222e-01 -9.539721684411623936e-01 -1.853622629323548043e-02
-1.366718559856259230e+00 -9.986718727932675232e-01 -1.732250730986105713e-01
-1.456971692618824754e-04 -1.326117980938738561e-01 2.875187290619984903e-02
-3.090842395501980366e-01 -1.493454548965378326e+00 -6.198299390712256329e-01
-9.219578679600315407e-01 -1.177432477045555759e+00 3.092736111540391741e-01
-2.051650820582718637e+00 -8.427021134788472700e-01 -5.400912663764745325e-01
-2.250566549740117273e-01 -3.092971847362089299e-01 -2.242653661723769787e+00
-7.234912639203339157e-01 1.580499009315041725e-01 -3.920983689573510067e-01
-5.337535933919634878e-01 1.008662468488596309e+00 1.247836613841607711e+00
7.591662946055846017e-01 6.789545578153131089e-01 2.668734155958675469e+00
3.865775434455385740e-01 6.784223782129592539e-01 1.446655053879192687e+00
1.099340563444800578e+00 -2.565083368863935176e-01 -7.264972665423531373e-01
1.637700802260331878e+00 2.194822103034458127e+00 3.370525380826310813e-01
7.587036782772798027e-01 -8.838236159921526447e-01 -1.738844086317196114e-01
2.126814727814505535e+00 1.657902648839951532e+00 1.603413987475204250e+00
2.514194285368557269e-01 2.690363265731039455e-01 6.907110695363670727e-01
4.245430290310236998e-02 1.012482601544606009e+00 -2.654280059694437144e-01
-8.090301257351018016e-01 -1.051445617361224660e-01 6.278845279010114577e-01
-1.389552022575006429e+00 -2.499623610983455091e+00 5.476228241280365339e-01
5.882187624067685139e-01 -3.209555841689909483e-01 -4.586104023827708431e-02
3.738646272810119409e-01 2.218990213252370336e-01 2.194258596203315648e+00
4.583887728398222672e-02 4.607154838145988140e-02 -1.096906266040862388e-01
-1.249061053045615433e+00 1.997630096585478743e-02 -1.841104496752793418e+00
-2.083060584187484965e-01 1.523262043470145155e+00 -1.005808212427299897e-01
-4.593500855534570215e-01 2.901771004199974469e-01 2.442760420843589131e+00
-8.127071973908004399e-01 2.392802733111276670e-02 -3.374739738886280094e+00
5.566043701450362757e-01 1.117184087821225802e+00 1.970619242806826987e-01
-1.181295826344718636e+00 1.535254145888754751e-01 1.287707944331133891e+00
1.680556708350979811e-01 -1.207224504038542090e-01 2.611818763961678558e-01
6.507439453497059212e-01 -6.891007582438963830e-01 7.730225577145706239e-01
1.613954072097340431e+00 -6.469491001676817010e-01 -9.842223143624719839e-01
-2.064955021880772179e+00 -1.042930712878277433e+00 8.698759983678732155e-01
-2.279063547681947632e+00 -1.184426405277100969e+00 -2.645474490114049226e-01
-8.684506841499317620e-02 4.655981475161591332e-01 -6.377885341241984474e-01
-6.322795894621628943e-01 -5.662119774698199937e-01 3.450915770088988088e-01
1.842495047556055088e+00 1.771565096332949452e+00 -9.131968557665699482e-01
9.547287444868834960e-02 -9.077235932785034933e-01 -1.326047366323987453e-01
5.553626242878040298e-02 -1.588242115939790589e+00 -3.650180473820393012e-01
9.214224342271093438e-01 1.133762001280687937e+00 9.273447123035527540e-01
-6.481470058906252385e-02 -4.310087405291199714e-01 -1.540480355150793290e+00
-1.615545047609028950e+00 -2.445553431584935211e+00 -1.019777507840925468e-01
-5.747546514783478111e-01 7.492836254578696398e-01 5.948135757255812450e-02
-2.709425748338525342e+00 -7.736675161397130740e-01 -3.727657385679973290e-01
7.746375243339385097e-01 -8.700124672985896090e-01 -1.746946269249080030e-01
5.505161456613255622e-01 7.972819089342810805e-01 7.604259583088027741e-01
2.458088515884818470e+00 1.447642603971936559e+00 1.217308780904328369e+00
1.061454601113132501e+00 3.088756332016459050e-01 3.352419684370290809e-01
-2.644187357268152017e+00 6.663823561622164160e-01 -1.554727973665459562e-03
-8.883143460462517016e-01 -1.081088962611140847e-01 8.487629788680095544e-02
1.513332565124615225e+00 6.433118510182850303e-01 7.661192067285561569e-01
-2.453716798202020488e+00 -1.683420161997092324e-01 5.541801231612079048e-01
-3.648387660517344311e-01 -2.316867650165009840e-01 1.739941350140776777e-01
1.872222301147629331e+00 1.271698082797477203e-01 5.814128134419641603e-01
-7.069636498990834461e-01 -5.971567241252169200e-01 -1.013483027135954950e+00
-1.055286601299865623e+00 -3.206131043892774812e-01 -3.776405410757522896e-01
1.106847146661558368e+00 4.483087866921339204e-01 -9.769081854565071499e-01
2.252851354581595800e+00 -1.876304875535249606e+00 1.360803225590963450e+00
-6.265784332512711607e-01 -1.169829241283530719e+00 1.932594836729151222e-02
-1.153139011702405403e+00 5.000526289014475267e-01 3.152733002782192040e-01
-1.384273577103322328e+00 7.014604681098561834e-01 1.929067064502818507e-01
-4.785328491518086036e-01 -1.056648430737345823e-01 -6.761550093022948849e-01
1.393894366236835269e+00 -1.464793660418170385e+00 2.034823220091790397e-01
-4.851082556933454804e-01 2.305303344610690752e-01 -9.381948022078252514e-01
-2.317968944011492560e+00 -6.708262140794913897e-01 -1.691688494906385731e+00
-1.530620264395163188e+00 -4.484767029133500116e-01 -2.168797288369305187e-01
6.777484833316206325e-01 2.627883046515716359e+00 -2.539982156556482851e-01
-2.711110120679670832e+00 -7.943957563390995347e-01 -1.452844327766519505e+00
6.095810867146490564e-01 1.617748119327376610e+00 -1.231424441308878404e+00
-1.239380309809256620e+00 -6.045008488641379074e-02 -3.264432010076556256e+00
-1.006883408954758474e+00 -8.832757856127254614e-02 -1.045417619168127477e-01
-1.480696699014869000e-01 -7.628009042551051611e-01 -9.187560132635042009e-01
-4.951121389965598141e-01 8.498475964923100090e-01 6.625403092029229501e-01
9.786079167030077297e-01 4.373978248563998861e-01 1.519567683952702586e+00
-1.319131133314538573e+00 3.015973092280714862e-01 2.231873709686617580e-01
-5.654384483862315847e-01 2.136374137215350189e+00 1.148457092341767849e+00
7.967970740425216469e-01 7.361584083832373171e-01 2.566212939730466935e+00
2.101314397353576391e-01 1.096919833264869748e+00 2.181778579496771009e+00
-1.081795948954710873e+00 -7.395956290599017269e-01 8.114572441165168737e-01
-1.014989784531316941e+00 2.249946551882261447e-01 2.297972954838035875e+00
9.178384841171161046e-02 -4.492876286673780362e-01 1.930867304109597171e+00
-5.658109723231187216e-01 2.817803319936138529e-01 -1.086573402673786326e+00
9.459788262031876283e-02 -1.665082796603646997e+00 2.392861960791274889e-01
-6.901386915292266888e-01 -2.470561128372939397e+00 3.654743877165963495e-01
8.073062875269243488e-01 -1.626852704441783093e+00 5.024340192631933100e-01
2.865739857261284662e-02 -1.238657598512323599e+00 -4.748688660828509489e-01
-3.108005229244915624e-01 -8.133883899817005991e-01 -1.136068950646304199e+00
4.136604136455883651e-01 -1.206904947453831811e+00 6.998895569581973231e-01
5.959274152576671257e-01 8.700894770129974365e-01 9.043162952275045630e-01
-1.225561959895101527e+00 -5.273535399825721726e-01 -1.601967665798051277e+00
8.882837360412590977e-01 2.290632489506798208e+00 -1.609268164789773303e-01
-1.338366445646556269e+00 4.774102715472209324e-01 -1.349094787692792230e-01
-5.710295139249665919e-01 3.197323654447013497e-01 -5.576392814124695452e-01
7.093582845833528161e-01 -3.709754003762825714e-01 -6.532542778601098110e-01
-1.925780761948536757e-02 1.878419012806388455e+00 9.413145655636485643e-01
1.474341000026126558e+00 -3.740998889405793282e-01 9.940840255208265308e-01
1.510964650603821902e+00 1.019619415553120412e+00 1.776869264176492935e+00
2.454905046100946397e-01 -1.125695127344375601e+00 8.205127072199625005e-02
-2.414654458626066535e+00 7.139709964461042890e-01 -1.053074255956592875e+00
-7.144958818515625421e-01 2.120225254204731957e+00 -3.178343119926559934e-01
-2.103597235673181576e+00 2.859952399058688366e-01 -5.648970166183586716e-01
1.659191927762361907e+00 -3.046452957976120146e-02 3.262965887466401371e-02
-9.952992052502878106e-01 -1.242036915362720428e+00 -1.286248730512754013e-01
1.855938909862425268e+00 2.759718460665355089e+00 7.188121428172656868e-01
5.883474270236874748e-01 4.497129513499340536e-01 -3.506224419321223307e-01
1.048681574250364790e+00 7.942373674205309708e-01 1.962797390488696947e-01
9.445656066581492594e-01 2.719072679432474882e+00 -1.516739245895405208e+00
3.019431820489500984e-01 -7.507044604530543896e-01 1.523940032181728910e+00
6.290916795455592236e-01 9.167276879983937699e-01 -2.835663323353404541e-01
1.617892162984600590e+00 4.968332796218598024e-01 6.867042442153081794e-02
7.299579137083168634e-01 2.329338768535674564e+00 -1.139052221476711813e-01
-6.791781684493198856e-01 1.498731403640013227e+00 1.601429623175157246e+00
1.716981876317987821e+00 -8.534043642614266290e-01 1.553126118056781468e+00
6.946273686062442998e-01 -2.397580587585005585e+00 -2.228246707315645558e+00
-1.355842557409049576e+00 1.211113161311740960e+00 -1.351793191115002513e+00
1.467140361913619184e+00 1.207348401536278093e+00 1.389362187247500380e-02
4.735271300993231236e-01 9.806800715400059154e-01 6.860304428436265756e-01
-1.203930128587151205e-01 -2.458884997652995841e-01 -2.259874406082116316e+00
-6.815274242556439432e-01 3.665212082206699140e-01 4.782866267494206847e-02
1.669108249487735618e+00 1.159885250160460402e+00 -9.489511075788537031e-02
-2.930274535654354140e-01 -1.098332437531191808e+00 -6.867143891855886917e-02
-4.288430523981549003e-01 -5.148807068041538759e-02 5.162921829880394720e-01
-1.115831445264950705e+00 -3.928975290904362927e-02 7.055364077398051936e-01
1.139851375162229230e+00 1.486912667941389321e+00 6.174991178988048501e-01
-7.838796349362215921e-01 2.857023670478747501e+00 -1.167104896923332191e-01
5.820800518529803957e-01 3.043498377393163423e-01 -6.368213070921604491e-01
-4.478022786384787679e-01 3.657790383407670820e-01 -2.066743242274325709e+00
-3.282135828079629780e-02 9.455075960263825685e-01 -1.460888666055670804e-01
-3.431601272059430219e-01 2.493634168095875570e+00 3.154976695333675529e-01
6.222636763272670901e-01 1.007645478801787009e+00 2.224490872362520300e+00
-5.709427134850133534e-01 -1.494587221440010882e+00 -7.323472346655002241e-01
-2.017267677961270600e+00 -1.148847352427248003e-01 1.851414067887640957e+00
5.770188875280051199e-01 -7.492428164899830323e-01 3.901707581277323866e-01
3.814305750862967415e-01 -1.083279427827920083e+00 9.321052541361112276e-01
6.938674697897423416e-01 1.696483824453455025e+00 2.308787584485060052e+00
-2.602166947969595245e-01 -1.822564130932179616e+00 -3.645794629126903885e-01
-1.983469131507368033e+00 3.247585441465581368e-01 5.388859541183199653e-01
1.048203399286525839e-01 2.124394921189383112e+00 -2.766654940402744067e-01
1.636747308746223650e+00 5.746195211845672723e-02 8.336199606466379031e-01
-1.904050471964021662e-01 -4.940929556796044286e-01 1.274183503711459498e+00
-2.496512514397847937e+00 -1.468756472863072537e-01 -1.701330792421401394e+00
1.727278211734713853e+00 4.179974201341284390e-01 3.363187389073586941e-01
2.001217076071576395e-01 7.208861122858334358e-02 -1.960819967928186802e-01
9.122909015242665065e-01 7.968610091418117936e-01 -4.466122934744114481e-01
-3.655201904137201918e-01 5.476435343414443047e-02 1.418908080101811464e+00
9.442923764881652193e-01 -8.064955429527689290e-01 5.494506860845818075e-01
1.095182911297222228e+00 -6.930181422361780808e-01 1.191615619848046315e+00
1.130244543783225586e+00 -1.308462662422065215e+00 -4.964727026528322207e-01
8.210873867701105056e-01 8.673139498430265659e-01 1.617757971866656264e-01
-1.893341756437434409e-01 3.291595279616418956e+00 1.503933595866473238e+00
5.061368608788513468e-02 -7.985514177558896698e-01 -4.547861274142301902e-01
-1.623764602121265277e+00 -9.120775253103967639e-01 -5.329144415661996037e-01
2.311276692146567946e+00 6.778383039632331908e-01 -6.646221392662576832e-02
1.099369597487211525e+00 -5.391118421018394891e-01 -3.264038045541330924e-01
-1.377499785272079613e+00 -8.119569779863378134e-01 -2.893234633096005037e+00
-4.928319986420318100e-01 -2.450046497714784444e+00 1.461620997880239692e+00
1.877205369641505417e+00 2.891637169900053372e+00 -8.928198646021701101e-01
8.481297898302069260e-01 -1.780746523835824657e+00 8.253248939172512788e-01
-2.679309720731796851e+00 -4.395526759963591656e-01 -9.189837163563083777e-01
4.478481561074391104e-01 -1.533723923093014863e+00 -1.342488468761859011e+00
-3.026142472061101873e-01 1.550265025164210497e+00 2.002880302684764580e+00
2.598013585720794771e-01 9.013738793560401863e-01 -6.440355001319411077e-01
-2.007123157486921938e-01 9.860654287215525615e-01 -2.203646327342823064e-01
-1.115930909906546642e+00 2.043044413524078173e+00 -2.365725559535743372e+00
-1.223745004712827100e+00 -2.583708625027096417e+00 -5.242869798553299043e-01
-1.243319906462262203e+00 -2.314386489544383085e+00 -1.791257910947474663e+00
1.592037820043461060e+00 -1.903480715518073296e-01 1.720927741240456443e+00
-1.710551727646882458e+00 -7.500788013063000026e-01 8.112558008565200485e-01
2.022662150284670890e-01 -2.558314015872789060e+00 -1.086497684348436410e+00
4.277985445246238472e-01 -1.493290449257314023e+00 -1.676024767165486429e+00
-9.901166507469763012e-01 -1.974804696304940599e+00 -1.560073642751390377e+00
3.936134233608111210e-01 1.477903476759056867e+00 2.942283930149691695e-01
-7.661035290919075980e-01 -3.645138428332039826e-02 3.998118935455136080e-02
-4.129590048307130723e-01 1.472986794130370924e-01 -9.539329172893251663e-01
4.853030902491684562e-01 -7.738538382576884977e-01 9.439168461698165258e-01
-1.357731172627052008e+00 -1.679574843052822120e+00 6.335024537640687736e-01
-8.200237557821052903e-01 5.380361939530218240e-01 -1.668274308099235159e-01
6.922982461805998744e-01 4.160835953848510682e-01 8.502209706679375589e-01
-3.250451737953479192e-01 -1.606939188508923699e+00 9.766106271877639244e-01
-5.420516723404480430e-01 4.473575252658639201e-01 -2.594302018106313668e-01
-1.359722891700200442e+00 -2.102322936580410584e+00 -1.353711349858577995e+00
-4.809262252010171323e-02 4.597752795041751828e-01 1.796966434788066724e+00
-2.565360991863097517e+00 -1.585960434607295855e-01 -1.246722758175847989e+00
-8.094055153282517789e-01 -7.499455336033411523e-02 3.300766992079278150e-01
7.699408635420110780e-01 -1.469182549872494858e+00 -1.641644890721303263e+00
7.916809208258246411e-02 -3.559945684577382474e-01 -9.327383928622337006e-01
-1.027369870335520741e+00 -9.300320666073438325e-01 -2.996806543579632054e-01
-1.161856635448133002e-01 -2.012607916465690705e-01 1.529169171865216725e+00
1.383204652399333545e+00 -5.455049984503936855e-01 5.814326458192278224e-01
2.217510981275012671e-01 -7.117272560634320122e-01 1.349558716558198590e+00
-6.228087552418948292e-02 1.407928156015517684e-01 -3.522670291280638466e-02
9.962128152544809101e-01 -1.639198624834200979e+00 1.172671517768376637e-01
-1.521662019344957262e+00 -6.881671677471588033e-01 1.920007612480700843e-01
2.909304779826795695e-01 -2.342019278346938460e-01 1.599680687828851866e+00
-2.174994220816403034e-01 1.026783663577709005e+00 -4.574565757770332475e-02
-9.757820934304085592e-01 9.235531040607116715e-01 -1.101348224529907771e+00
-3.920415000414047002e-01 1.475091775147117534e+00 -1.977330489860186225e-01
-3.292425131753398571e+00 1.446071911449098746e+00 -2.994385809580374369e-01
1.456767044261239041e+00 -9.610872081134300693e-01 1.559178112630123514e-01
-1.293220366792888765e-01 6.945209043506028745e-01 -5.643452369387438328e-01
6.738670984657140206e-01 9.804870701492462981e-02 -1.026041712411049689e+00
3.565398050132450036e-01 1.078820582786180093e+00 8.401436732705784838e-01
8.009304939954916547e-01 -1.273021637879890422e+00 1.304748916258183344e+00
-1.372066485332598562e+00 -3.300419454312620848e-01 5.165968054794792819e-01
-6.351471237505657008e-02 1.097725216770161882e+00 -3.905927145223833108e-01
2.424602292962537931e+00 3.296576523207389586e-01 -1.690274884207587647e-02
