1.028115806335038851e+00 2.262074952052657295e-01 2.602499332573018354e-01
8.677692356237143301e-02 1.892485473457422573e-01 -3.638875911742585068e-01
-3.256007737921264855e-01 -1.161854439647972637e+00 1.827455874515039769e+00
1.532900072597657815e+00 -6.835514600119538819e-01 1.082940571883449721e+00
1.164579006815508633e+00 -2.734800472380516378e-01 1.825555046686214933e+00
1.714639489526288418e-01 -5.338739849520781622e-01 3.276111344934393710e-01
-1.425848475139843696e-01 2.740270165464021579e-01 -1.694290155943037890e-01
-9.146509688608486233e-01 1.019875149361563427e+00 -1.385302387914886246e+00
-2.219811081871828407e+00 3.258195147933314884e-01 -1.271726394401994309e+00
-1.756248908142160614e-01 -7.639893508122365118e-01 -1.478264064143978818e+00
1.356987302933154282e+00 6.080399786361960768e-01 -7.640594600867862685e-01
1.635876260240409774e-02 -1.542357309187396774e+00 5.749825960462113805e-01
-8.471921866951159785e-01 2.273693167486634525e-02 1.399371830666368277e+00
-1.096510157666102936e-01 -8.707826022139764088e-02 1.756566921637953138e-01
-5.181686098021482945e-01 -1.069053853715338231e+00 6.794129453482748993e-01
8.502535114770279900e-01 -1.367755631617962431e+00 1.448897813136376334e+00
-1.593334122476979253e+00 -5.186226867239893679e-01 -2.023398616435298614e+00
-1.322100661652497067e+00 -4.903469887680694250e-01 -9.723100713683234808e-01
5.086963535536455083e-01 -3.871013082418929274e-01 -3.700959092660127681e-02
1.632523172122997135e-01 -3.195796993229341743e-01 5.609463560626637424e-02
1.913778624671430562e+00 2.350582202880890925e-01 4.193847648652900273e-01
-7.308703308648398789e-01 -3.750666594678648269e-01 1.243102752112812626e+00
-7.036697203891326691e-01 1.373786847991834037e+00 6.089308945381833871e-01
-7.402455081998344788e-01 5.923111028282768142e-01 -2.948671048223422408e-01
2.224229498003752470e-01 -2.165377736340176718e+00 -3.766474605813056042e-01
1.520170799502194914e+00 -8.357374087485125447e-01 1.185755051369538293e+00
-1.280830579391256663e-02 7.019755713518713858e-01 8.547425753084311184e-01
4.045516565723229485e-01 -1.936095554104972694e+00 -1.185687707514012867e+00
7.097664303518340656e-01 2.358848813539505151e+00 1.407979496324877511e+00
1.103346030836726666e+00 2.309556465552661919e+00 6.982821520244378855e-01
1.838472097964675811e+00 -1.947357369841692831e+00 9.677346960738397730e-02
8.321689691834319724e-01 5.244614190885739102e-01 -7.625541597477962785e-01
-5.912916359074942285e-01 3.150614846886404252e-01 5.870479708618659975e-01
1.727282313046782702e+00 -2.850709465438937551e-01 1.041091496774006808e+00
-1.951253792948443699e+00 -3.740176331813820365e-01 1.106276965662108314e+00
7.489407073590450548e-01 -1.797270800729580120e-01 1.119171803074124449e+00
2.757169206877698731e+00 -1.383630832286201429e+00 -1.554131186564851497e+00
3.056577175754665587e-01 -9.805882109989245699e-01 -1.989144148940778623e+00
2.116621187137464055e+00 -2.306926007474440210e-01 7.890389834264777136e-01
-1.295031980951111272e+00 6.376700931470299372e-01 2.074436487711022181e-01
-2.512047964508159481e-01 5.745563602877703513e-01 -1.412227053207935068e+00
-1.527720995064193898e+00 1.120201730758026981e+00 -5.489975018869346357e-01
8.089965656327859911e-01 1.872656771959398947e+00 -1.157678605598705390e-01
3.555432539157845628e-01 -1.136236705156939752e+00 -6.783838924042013829e-01
-6.628773368884670614e-01 -4.281286070489097595e-01 8.875067921824875139e-01
-9.217555005695023951e-01 4.671100997482875439e-01 -1.151972562537251221e+00
-2.563988541020667533e-01 -5.008339160666333001e-01 7.564679201715871493e-01
-8.185624166097520416e-01 1.151998774635823786e+00 -7.762341650039583651e-02
-8.216167599156387613e-02 8.158991187603573669e-01 1.076355029968184773e+00
-8.997880230927808309e-01 -3.566826387898934247e-01 1.392798488509994881e+00
8.685363938660732863e-01 1.520364383523408747e-01 1.288079320228643132e+00
-4.995654649415267046e-01 -2.187653443484109062e+00 -2.079059264382359551e+00
6.135506577261247152e-01 -1.109838700777530551e+00 -9.028758955173654677e-01
-4.104056107360576355e-02 8.282759081764509146e-01 1.598002456313803443e-01
-2.007201506641032029e-02 1.042167047150531989e+00 3.853761563859483541e-01
1.573912452415117791e+00 6.665570513811318598e-01 7.368447407098128732e-01
8.437498546005101074e-01 9.172072934076972439e-01 1.548987854261448360e+00
-6.942711615228120969e-01 -5.969140358662998747e-01 -3.196503739945932843e-02
-4.796608068890974574e-01 -2.347937234234324766e+00 -1.298707097345353834e+00
4.271041852192211108e-01 9.973270188237004508e-01 7.301136798285000618e-01
-6.081542565375724907e-01 -1.015947037715670742e+00 -8.894510652653523364e-01
1.268309451049901337e+00 1.803377010376127298e+00 6.956317657447990133e-01
5.947862832127879251e-01 -1.090550668037633120e+00 8.675668443150710285e-01
4.549866661627633979e-01 5.696797089687004600e-01 -1.068111087663137893e+00
1.408343762786873343e-02 5.907516663406631174e-01 -4.709788363638720554e-01
-2.100969397427487895e-01 1.456896043712278654e+00 9.588908567253833226e-01
9.153044353982432435e-01 3.641071524168791873e-01 1.172168724328432443e+00
3.997177454000341301e-01 -1.217159623537454327e-01 -1.736372188512632642e-01
2.463092358525809100e-01 6.798684693130613299e-01 3.587842883392385662e+00
-1.245610847875035621e+00 3.525559710978625194e-01 8.497762089838063471e-01
-1.398267170261347170e+00 -4.565969549766818458e-01 -8.896031227984335654e-01
5.679984700021571964e-01 -3.748475267327090465e-01 -1.947763522326589003e+00
6.990514125819808910e-01 -6.744108214037012328e-01 1.739390021140741593e+00
3.261035652596955270e-01 1.048601684687948676e+00 -1.427051441223747830e-02
4.144176667554039240e-02 -6.289266717225514558e-01 1.402674038175774074e+00
1.869043034443315321e+00 -3.480217175853631550e-01 -1.218522459231673460e-01
-3.415354175244132984e-01 -1.151184191414993840e+00 1.499238515757836288e+00
6.748332254475818415e-01 2.678590477104053624e-01 -1.036052656933684313e+00
-5.613278981835132520e-01 8.644656509657849819e-02 4.747913588263273921e-01
-7.603318051288463497e-01 8.831248022068287629e-01 -1.687027576789434935e-01
5.269069583517849154e-01 -5.777320466674636945e-01 -6.998443524919195635e-02
-8.360684531084536797e-01 -1.113452582514290912e+00 -2.229246704655595046e+00
-2.679859067877612966e-01 3.471316099878019035e-02 2.641094789963956968e-01
7.310756169418438644e-01 1.285109477106524789e+00 4.475573140789065318e-01
2.408803184279154630e-01 -5.484948847041000164e-01 7.876538149369798347e-01
-1.128192638104962509e+00 -2.902631629616038156e-01 -1.438840457325459177e+00
8.036183374963505877e-01 9.548308935468861058e-01 5.332744251105332456e-01
-1.826253056436441202e+00 -1.303140242153549844e-01 -1.955604380654359931e+00
-7.975355880544605647e-01 -3.406368235674678280e-01 2.648603283371073758e-01
1.061504170093996002e+00 9.701120982273330196e-01 -4.612149373448429790e-01
-1.285246345796052125e+00 -1.116242775128192477e+00 -9.368408466200439655e-01
-3.051290272150312122e-01 3.011495850180789802e-03 -2.491807468961292349e-01
8.620886623209795818e-01 1.964506780963450883e-01 -1.808278986486227868e+00
8.524529557506137500e-01 4.340662449014602853e-01 -1.166388817899196351e+00
-7.494360708893871292e-01 4.703462992629932060e-01 1.248356392949758975e+00
8.144413845214590886e-01 -9.151600611022425724e-01 1.214601059025541385e+00
-6.917857370999498379e-01 -1.628888643880006537e+00 -7.300008028202906729e-01
-1.190357191799175540e+00 -1.111302619384220813e+00 2.578339527470447923e-01
-9.105294035020325971e-01 -1.693952935318810749e+00 2.850826402168700202e-01
-1.385501250798141237e-01 1.377063530850692885e-01 -1.741813003533762449e+00
8.023200874126374949e-01 -3.976015842938945832e-01 -7.110407031806316169e-01
7.292013928071083839e-01 -1.002178566661992676e+00 -9.709349340808781648e-01
-1.872231303157937843e+00 -6.370566642560943071e-02 -4.236224506408831081e-01
-1.943449405220799564e-01 -3.371133519685344249e-01 -2.678298473117717293e+00
-1.860730157692424669e+00 -9.756873982106745169e-02 -1.576033186381547324e+00
6.051946877799374569e-01 1.603811565568283637e+00 -2.242266796273436835e+00
-5.039993328669235551e-01 -4.699888665528644260e-01 6.171227927188760454e-01
2.371882647136797750e+00 1.344686045937807162e+00 -2.238942053008694977e+00
-1.162941735880306693e+00 1.705915857149899351e+00 -3.256978092730606900e-01
7.753873357714464731e-01 -6.127556282792081532e-01 1.885652880905613449e+00
1.132176259839048793e+00 1.190826754566970402e+00 4.058617290288288881e-01
8.491641749311094056e-01 4.491729141031755579e-01 8.140078189524933006e-01
7.932605565881106768e-02 7.078016200911720901e-01 -4.638042387162888414e-02
-1.287153566519439352e+00 -6.255756604551792055e-01 -2.175735708599270124e-01
3.633159111276883513e-01 -2.279002538443354542e+00 -1.846898245706193764e+00
-3.064434461029217904e-01 1.154962661709078020e-01 -1.182332544064740310e+00
7.472245802298338457e-01 -2.586821743399555507e-01 2.035110449194859505e+00
2.176166253178125065e-01 2.393046437780955049e+00 -8.944222967813286740e-02
8.433685109974751182e-01 -4.908959430003251301e-01 -5.552410171548809448e-01
-7.594272228922849255e-01 -7.812243794856807977e-01 -1.440757372653266088e+00
9.565120523541272846e-01 2.394635572661024669e-01 -6.378332537521049783e-01
1.600002985287539481e+00 1.538427205000572728e+00 -1.821010140853763781e-01
5.566127637490437818e-01 -2.931640184165007490e-02 4.719995634782162552e-01
-1.061587729725881779e+00 2.202580470334947194e-03 2.096742327339767620e+00
-3.756385405236249975e-01 -3.729469297160856733e+00 2.647058516066695955e+00
2.937845187660963475e+00 4.570728013879354901e-01 1.399095137178795856e+00
-2.199245706554089352e-01 3.368590695438092864e-01 8.281268969824787662e-01
-5.404458753065233267e-01 8.125283611524370952e-01 2.271059166530076556e+00
-1.189814961375962099e+00 1.776249836888617928e+00 -9.546426459248765761e-01
1.183191609482418194e+00 -2.004889254955503630e-01 1.875285264441157729e+00
1.121505336713350953e+00 9.936833441220238594e-02 4.429223397513616933e-01
-1.014805368339915415e+00 -1.854544609785018228e+00 7.737029512088144934e-01
2.913134942935012850e-01 -4.286842901723625920e-01 -6.977563091985363730e-01
3.263542789856708204e+00 1.306807729413252961e+00 8.143695847832721491e-01
7.476729825099986959e-02 9.507588969490395892e-01 1.223931771424248360e+00
-2.157364921149665382e-01 -1.226360563055197028e+00 6.464873094355645389e-01
1.713565369215179768e+00 1.098390558947437201e+00 1.150405344830635945e+00
6.284977030404010900e-01 1.077057032413999638e+00 1.710069202207241679e+00
1.861199149718110180e+00 -2.714212358176214757e+00 -5.693104410156175632e-01
6.920905502328664749e-01 -1.848453010748700498e+00 -1.305331765716921666e+00
2.370174008501858554e-01 3.137467716854731581e-01 -2.340436916135269385e+00
1.651220094435089436e+00 -3.121280160898213807e-01 1.162843536059908534e+00
-1.125434762623789942e+00 -9.168269242117920159e-01 -8.113037241798384258e-01
-1.069846994981916488e+00 -1.844086698246760081e+00 -1.371103246915381657e+00
-1.535491343601390613e-01 3.387103917077801118e-01 1.230616170540687060e+00
4.116806660269693996e-01 -3.012810612144407596e-01 -8.016432835405231661e-01
-5.196902600498244373e-01 7.832071392975699098e-01 -5.398876609714138297e-01
-3.138099885795418986e-01 -1.164572022670729567e-01 -1.310404011892360554e+00
-5.066228866996558278e-01 -7.305452081488905680e-01 -1.214179128903864369e+00
5.771959788170666350e-01 -1.538697965741603335e+00 -2.997367687384607793e-01
-1.825698015945096397e-01 -7.658829571936619507e-01 -3.771625076486453954e-01
2.808987125314448274e-01 8.664006424101409198e-01 -4.849692766092366103e-01
-4.570172531864117871e-01 -8.799127391878253102e-01 1.652149610786535217e-02
3.210880606798139913e-01 -1.203807469267140995e+00 7.309322813407554964e-01
-8.925013785771718222e-02 5.863710075879128292e-01 2.468301826765168516e-01
-1.434977910744027696e+00 6.931722240990922934e-01 -1.363856177092629185e+00
2.264536997554850828e+00 1.539315197045545869e+00 -9.427500505561559052e-01
-1.012683763181329022e-01 2.447154279189168946e+00 2.821837465916502419e-01
-9.263532845098344515e-01 -1.950367889124818288e-01 -3.372885455917780551e+00
1.595716591411799889e-02 -1.377319547314446613e+00 -1.411150917536996841e-01
-1.069786645056329810e-01 8.403001194121760831e-01 2.399415982866621722e+00
-1.577274539886012739e-01 -1.132769271389631793e+00 -1.386244567919293069e-01
-1.038520709195173142e-01 -3.960389746212744644e-02 6.852469046667968300e-01
2.250982296780057457e-03 1.501509087976541146e+00 -2.028250516743116405e-01
4.800022468134307885e-01 -1.393115934536999445e+00 2.027849723615877231e+00
-2.005191095723851014e+00 -4.523553291832294043e-03 -9.778156778840214614e-01
1.132292919706919809e-01 5.043445049982391293e-01 4.957973713816381522e-01
1.431206771602676620e+00 9.276949716469473639e-01 -5.079782326322042074e-01
6.157003548974515628e-01 -1.090895944732157119e+00 3.791631669387978132e-01
4.927474598750238854e-01 6.730737696020498984e-01 -1.909559253810010349e+00
-1.836534280891253812e-01 1.354960034718938111e+00 4.810642974749428369e-01
-1.134946814304924390e+00 1.843485197074243187e+00 1.571413302784485433e+00
-8.892997796657537979e-01 -3.988946324873521854e-01 -9.531234832769417409e-01
-6.177916230646340878e-01 -1.057480841910500846e-01 -1.488591054841593486e+00
-1.156249941644715395e+00 -1.221350963842382953e+00 1.427824663138108630e+00
6.068465582878954656e-01 6.289309233464229765e-01 -4.212590635723023613e-02
-5.734186958703234582e-01 1.863824280776966713e-01 -1.079148665661094464e+00
6.039695379090264105e-01 -3.789754992989380900e-01 -8.210959194102318559e-02
-2.521408504596871936e+00 -1.864725786487789305e+00 -8.838700653186546408e-01
-1.232632741896905859e+00 -4.646019792994823261e-01 -6.525149251579629439e-01
1.118349393339010511e+00 -1.375437055664398889e+00 -9.926521953557836397e-01
1.212898486885549243e+00 -3.898591847220539419e-01 -9.598829724458315393e-01
1.539252395805668971e+00 6.735183287459578505e-02 -9.216797569720733829e-01
1.659382429352901145e+00 2.156845616237903496e-01 -1.602907358285503570e+00
-7.248359027064453786e-01 -1.152900785584965337e+00 7.729742931734520095e-01
-2.743814471164536695e+00 6.360813799683473491e-02 7.936648367115339830e-02
1.142881589821050370e-01 4.370620550758779199e-01 4.318906498956673889e-01
-2.190806488867826474e+00 1.658007802467140746e-01 -4.635155098579961108e-01
6.508816917793625034e-02 1.137769561525771245e+00 4.609661110347613167e-01
9.472846425778840285e-01 3.364439797284383693e-01 -3.482116327879620776e-01
4.038955165666214264e-01 1.479156717015183808e+00 1.205347836179464727e+00
-3.199353441682670218e-01 -1.580553090468907573e+00 -6.755864451152041594e-01
-7.793524232590719469e-01 -1.358696424936544300e+00 9.721428673017522559e-01
7.902581119044449487e-02 -2.455863347961770859e-01 -7.884975224632162494e-01
2.312009569858441083e+00 1.481872936493925597e+00 9.389313610100111784e-01
-2.272647109281266120e-01 9.027392873524814343e-02 1.087587325631266477e+00
-6.510422362724486156e-01 -1.799356138110596248e+00 1.309230873600999434e+00
-1.100046523353051198e+00 -1.398772315713684433e+00 2.715198925431152599e-01
-7.476608171469955044e-01 -1.327329110952982782e+00 9.203666246678046114e-01
5.592765888817025077e-02 2.147700198887053880e+00 4.260171477916562255e-01
-1.095531906001245837e-01 2.130184171773020552e+00 -8.687372562157269495e-01
4.260317749666557852e-01 8.304838280014925633e-02 -2.204244792108600137e+00
-9.398301972217268929e-01 -1.026368722290899482e+00 -1.085788583636622562e+00
1.285969675836907911e+00 1.101371816282685767e+00 1.092110761574090150e+00
-3.453385353481520648e-01 1.899408573150581647e-01 -7.392779064135224232e-01
-6.292173294418276219e-01 -1.011917391223565166e-01 -6.644910976024825944e-02
-1.758742868190904085e+00 -8.458784647368324805e-01 -3.068870901802578377e-01
-2.093619334383797215e-01 1.137091289567064623e+00 1.897245824084542232e+00
9.157411870200975468e-01 2.276999894471545272e+00 2.142812411462432287e+00
-9.822683640199105781e-01 -1.977728376869301252e+00 1.198580308926056492e+00
-2.940496947166770791e-01 -1.408756908614573478e+00 -3.318441685212283332e-01
-1.751119561173496209e+00 1.113131957181917597e-01 -1.731124081721163721e-02
1.657768971365209065e+00 6.779932116654356911e-01 4.243181413079611386e-01
1.750953934924108557e+00 5.241848784101788006e-02 -9.168573758240001759e-01
-1.961098374900325458e+00 -1.488596825271515378e+00 -9.120920912235519484e-02
6.277361890970376557e-01 -1.723420791493484705e+00 1.436725796720349058e+00
5.337319834546496722e-01 -5.400172093526953709e-01 8.206651626025003310e-01
2.466138086730325085e+00 -6.717200080812049112e-01 1.585681336370204364e-01
-3.022594834712702960e-01 5.349283516400868965e-01 -2.561008492795258107e-02
-8.404121802295622112e-02 4.513711967760666299e-01 -1.178911226946188107e+00
-4.682515230172129561e-01 3.211009588238733503e-02 -6.555794873092941621e-01
-3.505465029907532948e-01 1.171146094700202811e+00 1.031379499666209010e-01
2.399294705230403668e-02 -9.014181846928515096e-01 -1.100192656532543722e+00
1.488369021151826788e+00 1.972520712349472016e-01 9.577437377726263357e-01
9.153794810510190727e-02 1.189303341290179894e-01 2.932763445541627600e+00
4.543096993388086036e-01 -1.682582996252280916e-01 1.062833452376289678e+00
1.730952199480161546e+00 8.651108375840184106e-01 -5.872922581869342018e-01
-8.191840183780270124e-01 -5.715302516730420557e-01 -1.195996355188816196e+00
9.757444241665940154e-01 1.612366488341928861e+00 -4.937438154421858183e-02
1.525666955590750273e+00 -4.996570481731313906e-01 3.966466449069387945e-01
9.678156433930231728e-01 6.121512995129332335e-01 7.174651210271951740e-01
-9.411805400703427971e-01 -3.600438409274514528e-02 -3.183257200540735576e-01
8.971649942958008772e-01 1.686427325149656209e+00 -1.773405977042266102e+00
1.638418556382384317e+00 1.948430683582467404e+00 6.992385447498451478e-01
2.164713335439936159e-01 -1.399332068145406005e+00 2.445350427020873685e-01
1.610395547403739025e+00 -7.591746951206879146e-01 8.885431123418349175e-01
1.883705689557617191e+00 -1.085585729996755511e+00 7.788072734405937503e-02
-5.044224106971195720e-01 -1.394255855723714466e-01 -2.320430716818461025e+00
3.560825161451797172e-01 8.518182744269461315e-01 1.716239167131675902e+00
-2.994980629048706877e+00 -5.656743720051727875e-01 -3.235916537151819483e-01
-2.267195990105178027e-01 -1.505806499061024484e+00 -1.108282010378525140e+00
7.678616057657070559e-01 -2.340610957141951998e-01 1.570520570599511223e-01
9.042236892847530516e-01 1.025036906185439411e+00 7.643923171051132393e-01
5.698155938027334999e-01 -2.382278977132064046e-01 1.391992977247844543e+00
-1.667500890595093654e+00 -9.457308368711313529e-01 -2.148184901071720443e+00
8.664346668915502425e-01 -6.824082767547670070e-01 -1.552926646117338549e-01
1.224594710641612183e-01 8.629928350032374240e-01 -1.827856935834514029e+00
-1.366310637922869775e+00 -1.108646764583714361e+00 -1.544093073972286456e+00
-5.391738708153752668e-01 2.385552279022114863e+00 1.344950703129656477e-01
-1.382777479587609548e+00 -1.799532085527748571e+00 1.293241390624339626e+00
-1.236298938093056465e+00 -1.117559645235229882e+00 9.264845312099407870e-01
-5.308753534249125439e-01 -8.517289355717305721e-02 -9.485697809967195138e-01
6.853864509109452996e-01 -1.761201603495244239e+00 -6.395993913972868317e-01
6.298739974913816209e-01 -1.984788930484604474e+00 -1.456473309993731258e+00
3.115225808635162519e-01 3.895223291827213385e-01 -6.531837033911191970e-02
1.357677050430309063e+00 -1.145706035504387543e+00 1.620474819887912199e+00
-1.292676159726856344e+00 2.678849257738820655e-01 -7.183498126200003053e-01
-9.100298624021001537e-01 -8.430542556611195781e-01 -9.600394747777050153e-01
-7.842326020750216564e-01 2.945746550618705051e+00 -4.122441463728232502e-02
5.707295079435357188e-01 2.381028268416915505e+00 2.981412633660007194e-01
1.062088230672503020e+00 7.519380884478539251e-01 8.894485029583205637e-01
-3.001589607196886167e-02 -2.866963051873153701e-01 -3.977450336095972316e-01
-6.282407877584648137e-01 -2.533153416385065970e+00 -2.173042863428055860e+00
7.917643853142507515e-01 -3.998274375306932749e-01 -1.673342103476462839e+00
6.596133767272598369e-01 -2.232045792036001508e-01 1.431443313119517891e+00
5.955079762040274005e-01 -2.513601768168402195e+00 -1.712203207803153493e-02
-4.577627992404734725e-01 -9.734522042868365421e-01 -1.949014372708707699e+00
5.480944754917213002e-01 3.130690472078700992e-01 3.081084343044681040e-01
7.092758288645117926e-01 1.030301639907025724e+00 2.854794361129802560e+00
1.085554395450536447e+00 -2.835211217305604325e-01 1.481288186236917159e+00
-2.491601640990797062e-01 9.565010930722656068e-01 -5.416991014408187866e-01
2.401416694830212251e+00 3.536434771513802811e-01 4.870659432642462372e-01
6.774826355124785593e-02 1.388332763685496740e+00 8.105559128910504452e-01
4.741398024308163817e-01 4.484000081166570895e-01 7.278320727794309608e-01
3.766639674547489491e-03 -7.362766755260525819e-01 -1.431929584468250249e+00
-9.160517867999926622e-01 4.686179530897536250e-01 1.319661528080689483e-01
3.685329890935389319e-01 7.678136299112365837e-01 -1.351030560322558305e+00
-6.509701594918042566e-01 1.066381888710008496e+00 3.991060703147931710e-01
-2.918763792286614978e-01 3.265890118186565161e-02 -7.821952869910417938e-01
-1.045261970015865849e+00 -7.190674149127198600e-01 -1.163711878904442054e-01
8.833986508950217864e-01 5.998874308665594901e-01 8.255404921622444547e-01
-1.847679089437649358e+00 7.235005789009609778e-01 -1.360664432887376485e+00
1.021119329337464743e+00 1.013185545715742930e-01 9.113322703823645288e-01
1.007267875346308239e+00 1.796314707752407314e+00 -1.477044754029810392e-01
1.084053259243720424e+00 7.564396835632947180e-02 -8.767808933033204299e-01
-5.319906126610025598e-01 5.131400978003028968e-01 -2.995754172446762897e-02
6.666455508662116891e-02 5.754353881642670920e-01 2.936286930173004350e-04
4.865375842855358401e-01 1.003486078194995246e+00 -8.343355655753714739e-01
1.951206610205144631e+00 2.015748617540189969e+00 9.842398633927080809e-01
-1.505060020786868513e+00 2.095649511536112897e-01 -1.184251791560692935e+00
-3.405422858336636605e+00 -1.516517937450175380e+00 -1.150199778511445281e+00
9.607648694606851780e-01 -1.728031160033371316e+00 -1.594404829371618648e+00
-4.409019650282549052e-01 1.829396813328351135e-01 1.505632642443524016e-01
-1.262686120957816849e+00 -2.604597641570044475e-02 2.025552391777012406e-01
5.817535530026799462e-01 5.984089818306194131e-01 5.310765412547920894e-01
2.058940796626156367e-01 -7.347067710351864456e-01 2.302950564706867098e-01
-1.213048628480988711e+00 -1.526725133205675267e-03 -1.760017755782839366e+00
-2.247630777468176966e-01 3.052702041586381476e-01 9.981063489050139292e-01
-2.414918108924759554e-01 -6.639535083152412476e-01 1.351146050873393456e+00
9.876160944267702302e-01 -2.017265841653099301e+00 1.266894245303207267e+00
-7.380065919225085036e-01 7.899810883001413542e-01 2.284442007405556585e-01
1.412752031160297239e+00 -2.685120723645775254e-01 1.008290463675737492e+00
2.112777751885083766e-01 9.906024507648002464e-01 -8.545781645742065447e-01
1.391307344103601462e+00 1.042964336026759309e+00 -1.062430186103419105e-01
9.565208225401765629e-01 -5.398024661870166607e-01 6.400530171531558787e-01
2.204976038077599010e-01 -8.619131872631262681e-01 -8.452303598626740300e-01
-2.859106739001254782e-02 -5.332910357451466909e-01 -8.660147968319636957e-02
1.894809036834541827e+00 -3.461000139826464483e-01 8.069542379208172189e-01
-2.200681158616551447e-01 6.793630903378611308e-01 -1.452741893624448721e+00
8.581400236827173567e-01 -4.977221519523453708e-01 1.357838662194324586e+00
-2.802006499127447370e-01 3.116355492903053470e-01 -2.862776929206118925e-01
1.277656748999342007e+00 -9.662920321993804240e-01 1.177715486303940295e+00
-1.531690228354539940e+00 -1.481078845138093847e+00 -1.200035215257212684e+00
3.358082627746460380e-01 -1.950634835018187463e+00 1.122112142793126210e+00
1.188145027154780653e+00 1.776895019858600211e+00 -7.253739674440047303e-01
8.209857127382640396e-01 2.082536269904731174e+00 -6.961728834229765628e-01
6.698683771261094710e-01 1.273370486025144466e+00 1.365323196396536432e+00
6.614918267715630407e-01 -3.185209703737130749e-01 -7.016508725301419114e-01
1.061503615021084368e-01 -2.983035198232208973e-02 -2.442467958285344132e+00
2.598007023362246759e+00 -6.550870779352258033e-02 3.604365503064952958e-01
-1.427502044580448048e+00 3.524510978487604973e-04 3.828286801120001082e-01
-1.797364419829320159e+00 -6.850661984145611783e-01 4.647802615410716598e-01
1.619331279877959329e+00 1.447764231048607630e+00 -1.469684929626143610e+00
-4.999588799624126723e-01 1.783053549165806162e-01 -2.052861641679851523e+00
1.728094166824140299e+00 1.034746132332717616e+00 1.020607591752289989e-01
1.464797435955892180e+00 1.295453486449597236e+00 5.489527035501128305e-01
8.695328879404800038e-01 9.513339424048230519e-01 -1.548167200495294882e+00
1.071877750893124315e+00 1.285699231518944163e-02 -9.833727714573112788e-01
-1.516306898551514903e+00 1.397785060639824106e+00 2.628259459452869651e-01
2.247514244090895730e+00 9.903014544813628639e-01 1.718852719655868500e+00
1.074538341108758788e+00 9.958790879729677581e-01 -3.446960877561885406e-01
-2.526371100916857682e+00 -1.628399539818463415e+00 -9.060763798046473916e-01
1.614598731593953840e+00 4.512745968046436573e-01 -4.063814939614840416e-02
6.291503695631436299e-01 3.281930232651504298e-01 -3.021308603080478106e-01
1.502093699840387098e+00 7.123105272311054392e-01 -5.543670637405739843e-01
-6.988869955364128694e-01 -5.972222208076247707e-01 1.099686954881600176e-01
2.200675568608046362e+00 5.085942761118165123e-01 1.372588742590680866e+00
1.511090570449209469e-01 -9.541839381634806827e-01 -1.972705416406346446e+00
-2.237226177537471106e+00 -4.216875521133034432e-04 -1.669352767516929292e+00
2.075312105902089033e-01 2.540736248828265875e-01 1.136693083431639995e+00
2.107420588215276336e-01 -1.059072103946464782e+00 -5.216728253916332880e-01
1.513870337531692201e+00 2.500274798001049348e+00 -1.631675865730748409e-01
-8.621149398621612558e-01 -3.054428470350056823e-01 -2.024292823916684192e+00
1.333684359281195109e+00 1.163734269403631894e+00 2.189052379615327726e-01
-9.913641847926681905e-01 6.237276136048504060e-01 2.870197045978042372e-01
1.049278770034901109e+00 -2.834918274040403863e-01 -1.243846878189983851e+00
1.666488700502455345e-05 1.365974255530284065e+00 1.612754927623036183e+00
7.634823350387256458e-01 -7.092684641678808077e-01 -3.113798586161477644e+00
-2.645847901279981595e+00 -9.244346706078395703e-01 -2.814113951606645458e-01
8.272835974204761911e-01 1.048612682478964553e+00 7.771130768584311177e-01
1.308380379988917763e+00 1.039426820492660664e+00 1.253713446630307926e+00
-8.610952619881161452e-01 9.929077951414491121e-01 -1.145218753705446568e+00
-1.147487598556125477e+00 -3.008613063023602985e-01 1.416383619929775239e-01
2.644480268725937222e+00 -6.787668762722682825e-01 3.975366108393356135e-01
-2.837806121467993381e-01 -1.858191405955209374e+00 -1.941257838670555902e+00
-2.695852002449234952e+00 1.224756694664258294e+00 -5.564938591682544455e-01
-9.040689825351608810e-01 1.415341456117303887e+00 -5.696441549476956023e-01
-1.644523744460641534e+00 -8.469873791940556451e-01 -7.800360432893634899e-01
5.283108896173205338e-02 -1.436376618797813531e+00 -1.673252849790874075e+00
-5.723998050884060440e-01 -2.255896108133342848e-01 -1.060883389434986057e+00
-4.114043820800828977e-01 -1.285355659286598895e-01 1.563440922954847601e+00
5.219907649694194296e-01 3.392013347732925066e-02 -7.896211176323479908e-01
-9.514132901595181435e-01 -7.063210630189269423e-01 6.995662267932665213e-01
1.618968112970104345e+00 8.247127126248010587e-01 -1.696152109436006583e-01
1.218301837429115242e+00 1.227680304667684519e+00 -2.795474930731483010e-01
2.517395670422940768e+00 1.630829021103481935e+00 2.803726271516286395e-01
-6.324572698637487278e-01 -6.376465154941357572e-01 -7.503402916044956683e-01
4.459978358663250209e-01 -1.458278058787508269e-01 -6.040419528714052744e-01
1.924120881213814638e+00 -1.459712750183092544e-01 7.547029246316605544e-01
1.469103602489168381e+00 1.184401756064091593e+00 2.433998296619238833e+00
-1.024043119781270050e+00 7.016263338547046313e-02 -8.586252859978880103e-01
1.398760989890295292e+00 1.221915248209650251e+00 -2.227727335328710812e-01
2.052717028149634082e+00 -5.753977674469930026e-01 1.541569540670574057e+00
-5.175965216554869741e-01 2.992437161439111648e+00 2.013318687840077725e+00
1.855749520971731847e+00 1.875943081595480955e+00 -8.603054534546754617e-01
-1.767040152159966349e+00 5.593048454470619379e-01 -1.775098458613666441e+00
1.677670976942313485e+00 2.507446558445567408e-01 2.822508447909970464e-01
-6.055410297561647504e-01 -1.179435311928298979e+00 -2.573261863893741008e-01
4.340968299871187375e-01 -5.382104807616583386e-01 1.136975387386526704e+00
-1.268370751305199162e+00 -4.965088144921558921e-01 -4.554203546484397180e-01
-4.821716124993239982e-01 -8.128364817543920484e-01 -7.827640831298343649e-01
8.990160014937900179e-01 -5.483410933117740527e-01 -4.865566095797412838e-01
1.713426050677063106e+00 2.658413218463405059e+00 -2.897928866370214074e-02
-1.460491495409161344e-01 2.845964356382744143e-01 -7.506984074995473044e-01
-1.740391979687793578e+00 3.098474641418502706e-01 -3.213965080954476194e-01
8.406550139954522827e-01 -3.924207655292897279e-01 -1.895223268051774435e-01
-1.475137316984959091e-02 -2.418294039066173906e-01 6.325795687765318753e-01
-2.371939311324400279e-03 2.108563587126464522e+00 1.869084917914580979e+00
2.134317663037727186e+00 8.770442723841975763e-01 -1.687954222644178603e+00
-5.209065539141501944e-01 2.601128637071207228e-01 3.162577013316804075e-01
-3.298030651958299142e-01 1.306818672019687044e+00 -9.978829710862821001e-01
5.732369053947344861e-01 -1.966612105830270352e+00 -7.061162809392473871e-01
-8.871769034779024565e-01 5.473253837440434921e-01 -1.245670446374463225e+00
2.037640404896799984e-01 -5.024243665258290026e-01 1.229539123586543159e+00
8.092052920650366632e-02 3.379431765049722980e-02 1.965867315942942950e+00
-2.497258713168593047e-01 -6.084664789597284962e-01 3.681064784755339048e-01
-2.435811310395455287e+00 -2.054554307616236031e+00 3.456329471736866443e-01
2.026955344148462679e+00 -1.380137915541596483e+00 1.387750252089142933e+00
-1.432997583010347853e+00 1.186862732475362225e-01 -1.015132705720684481e+00
-5.809117459605761535e-01 -4.004167529432572925e-01 -2.034841964453616647e+00
-1.114274748381842151e-01 -9.866865235610848828e-01 -1.239994618125612735e+00
5.274956289188156289e-01 5.850807939424095272e-01 7.960377804587794870e-01
-6.968961564901199335e-02 1.384726323332023057e+00 5.850572654517429694e-01
9.180450901069282521e-01 7.947470092959372234e-01 1.758357667433295690e+00
2.924859304066513843e-01 -1.702859752592734699e+00 -7.731597710837563309e-01
8.221253458386645896e-01 -6.940959941376259046e-01 5.993922069350632320e-01
-3.482544172261862747e-01 -7.744711857739264849e-01 -2.796300320657213678e+00
1.611712224610471145e+00 4.186257154011194803e-01 -4.000901368290283866e-01
4.371940476890360250e-01 -1.870106449892964040e+00 1.264055194296143103e-02
4.239581388911679571e-01 -1.874375676280798375e-02 2.324659966827653523e-01
1.204668201809108830e+00 6.521105725930371744e-01 7.225594011304254938e-01
-2.802242451249268296e-01 -3.534787390190508027e-02 1.357469236717910865e+00
1.277311573972811365e+00 4.183740840470683287e-01 5.712814836590102141e-01
-7.406829061990720664e-01 5.708396334730251320e-01 -6.004310003368791282e-01
7.594815320563430561e-02 -9.662979979986001666e-01 1.497727211913940870e+00
7.871765896259692585e-01 1.982332279254249707e+00 -8.801231786080578878e-01
-1.623482656667830870e+00 -1.564614115122286098e+00 -1.597687562167702024e+00
-1.299583921897025096e+00 -1.072795418345577012e+00 -1.658121629836035171e-01
5.937297384152092627e-01 4.785912692772146815e-01 1.721093171354225237e+00
1.052602755616112162e+00 5.190693193499529290e-02 -6.789304337363287756e-01
-1.051474705786381802e+00 -5.853939170996886876e-01 1.286270241574478668e-01
5.215535018559227520e-01 4.272450323345102774e-01 -2.639051097498745779e-02
1.785428863961207702e+00 1.193569560272812913e+00 7.882720345078604307e-01
-8.650036446573695637e-01 -1.886680976406978072e-01 7.293390940121022847e-01
1.810211566207127643e+00 4.053835337599531741e-02 -2.764615954888954619e+00
-3.376354464233297104e-01 5.958898029789161388e-02 -1.588072165596289276e+00
1.147290504981735015e-02 1.209053321607025833e+00 -2.055153826560972341e+00
4.821853035217517625e-01 3.259097882236439148e-01 -2.758306704480197880e-01
6.921945867841317046e-01 -8.022942736298477318e-02 -4.390362261420932555e-01
2.245363377885810086e-01 -9.548615627659593486e-01 1.493702468140531536e+00
-1.085768320641919082e+00 7.813656569611537872e-01 1.069476200991919534e-01
-7.703274716259582711e-01 -2.918988414858970648e-01 9.288094222621452456e-01
-2.484821826886751683e-02 -2.084174870868271245e+00 2.980366263028774165e-01
8.780230650967102424e-02 9.082338336896167430e-01 5.772603872911905576e-01
-1.835491657175636782e+00 -8.362141333501971197e-01 -2.018268061101523791e+00
5.918193627577208460e-01 4.782988759758687314e-01 9.531052937797207525e-02
-1.763576603031308032e+00 -2.069571593749626182e-01 2.713100756048537843e+00
-5.383092050456897981e-01 -1.401855825786181287e+00 -2.460359879876297118e-01
1.144537361080322002e+00 -1.762757691003295157e+00 -1.125132377220533275e+00
-1.295526724472069624e+00 -5.220500732165216373e-01 -7.431649397253443645e-01
-1.597339879694567255e+00 -1.315896708844956908e+00 -5.663825269050559719e-01
7.205188726758484652e-01 5.671089701386214932e-01 5.171785085497944134e-01
-8.285908515132112129e-01 -1.044202834268709967e+00 -1.355821443937222259e+00
-6.785876056484363428e-01 2.823430030711982841e+00 7.517977257630459320e-01
-1.064685277032238808e+00 -2.522126679498319479e+00 7.149049597413192902e-02
-5.281939182411899969e-01 -3.067698000314552642e-01 -1.394312161485103729e+00
2.743078049875711688e+00 -1.066055672417140832e+00 -1.394627509443893354e+00
-2.424627461074027046e-01 2.163500953050037090e-01 1.176948005267057784e+00
-8.764939134404812204e-01 -9.844341147293562688e-01 -1.622664287724574050e+00
-7.274279921323780762e-01 -1.311588497533748399e+00 5.155207780873354295e-01
1.739405763939206429e+00 -5.996184420889036915e-01 4.369183307174135944e-01
2.930440809831288407e-01 6.221794136768410421e-01 -2.959739525223845646e-01
2.686763896758935788e-01 -1.527581237725504471e+00 -1.879593445149577713e+00
5.746664415475555288e-02 -3.219942712649852545e-01 5.857529677797018719e-02
1.968266187812439671e-01 6.041737447427195651e-01 -8.987941704637538720e-01
-1.171288264940231416e+00 -1.728658583656029979e+00 -2.432164863032434954e-01
-8.701010051962783098e-01 6.317090480084999182e-01 -3.440944870825396462e-02
2.454660600543290272e-02 1.579960985068634693e+00 2.642820054351152637e-02
1.671600997677563871e+00 -6.433560471199002428e-01 -6.869211840314882744e-01
6.301883221164870097e-01 -2.481489776893908150e+00 -1.024855843352541873e+00
2.364628831578774459e+00 1.057900963441766318e-01 2.038639601585329419e+00
-2.642581146202327425e-02 9.603836555249791740e-01 -1.651529900245221061e+00
1.105149731215939735e+00 -8.395275812201425936e-01 7.908871970731216061e-01
4.639344934962542633e-01 3.640575548030825503e-01 -1.004240797460609791e+00
2.080520988879769551e+00 1.485948517458432594e+00 -3.036172150152904869e-01
9.885603716755759773e-01 -1.914973408664481624e+00 9.478622142988235577e-01
-3.354133537521647446e-01 1.296354538587745964e+00 -1.094359760685723382e+00
-3.045118815612154473e-01 1.947087262094173710e-01 -1.484439836163693682e+00
-8.197125566147700493e-02 -8.037835730926232714e-01 3.735239334749999585e-01
1.846487977877281361e-01 8.352042344474666091e-01 -5.179134998977208415e-01
2.270929450175544595e+00 1.667714917606621494e+00 -2.293964275928676022e-01
-4.595911210786549073e-01 -1.367874071008598147e+00 -1.082213188706875773e+00
8.099162317174330994e-01 2.324366706109359804e-01 2.120981598115263544e-01
-9.632889986373127655e-03 -2.193860934343654367e-01 -2.149189537976889941e+00
-5.018959594986212025e-01 -8.872612429776840504e-01 -4.379464694921141876e-01
-1.786621041213144467e+00 1.120589938202608327e+00 1.771762795578324390e-02
3.730627613622924388e-01 7.929969896512858440e-01 2.260452629368644217e+00
7.913751548264869040e-01 9.890408333089260040e-01 -6.232868401667235325e-01
-1.144509238572320120e+00 -1.715644111430268959e+00 -7.840626995440043157e-01
6.827152031950505240e-01 -9.822587635577213483e-01 2.415428953130132061e-01
1.845469532957086933e-01 2.739696198141330363e+00 -2.874711553173634471e-01
1.277715594522885967e+00 -5.125198313133627614e-01 3.001151138380069305e-01
1.621291238239088939e+00 -2.061018341728577674e-01 1.537744940335403987e+00
-9.793145299888321720e-01 -1.342806086769048779e+00 -3.067199380203579073e-01
2.744970563021649768e-01 1.748229973149357130e+00 1.147996011148972872e+00
-4.547275720964855106e-02 -8.537066895807678968e-01 -2.866398548322180995e-01
-8.408363073441601498e-01 -1.602723714835840862e+00 -3.736180272935727964e-01
7.644837846231775647e-01 -1.037969849312070370e-01 1.432339491637379503e+00
3.589688457395090460e-02 -6.397548309282764523e-01 -3.659621957862404518e-01
1.770221835609706584e-01 -1.239460543193976028e+00 3.144161055008061201e-01
1.661701853217645519e+00 4.493932506921501924e-01 1.164334520456639543e+00
1.158027247001188087e+00 6.429922008909167985e-01 -1.076833476545707047e+00
-1.302298171592266129e+00 1.863273631006826081e+00 -6.250834176963484534e-01
-3.457854797124615964e-01 -1.074626069133029826e+00 -6.668648518892299482e-01
1.601312234554744141e+00 8.079882593062742702e-01 8.173363678811778055e-01
1.266510100785689374e+00 -1.799684494542161950e-01 3.938846553126385541e-01
-1.128451422065187337e+00 -1.315095471876792654e+00 1.249933975334603931e+00
1.310747941675257211e+00 -4.355410351253389267e-01 -1.413401305583034340e+00
-3.528134759660462860e-01 -1.269753207344892942e+00 -7.518382119492919013e-01
4.719084777627586824e-01 3.511912676586427806e-01 -2.453391225294042632e-01
-8.617613490036888368e-01 -9.916527419141636379e-01 8.771147950671549509e-01
-4.858888628758475381e-01 -3.316479917358537977e-01 -1.223391563041818508e-01
1.967771052379064134e+00 5.903744807489386126e-01 1.207643481217990811e+00
-3.210628694853001619e-02 3.789235924057900995e-01 -2.270773054511169065e+00
7.087246267957780788e-01 -1.037871630014059798e+00 -1.696713655291007816e-01
1.191789403206253262e+00 4.629559431517926704e-01 1.608657507644142837e-01
7.593663885653250123e-01 -4.685638620469245730e-02 8.829352123059586166e-01
-4.990874020148143853e-01 2.729599426802590267e-01 1.296456822428753597e+00
1.982168209673434989e-01 2.914470415731823527e-01 -2.010471130908324966e+00
8.008301383563591891e-01 5.650649917854854154e-01 9.576660766531038815e-01
-1.233363430401676064e-01 2.900239634042777181e-01 -2.231842615526058449e-02
-4.956135046080712425e-01 1.984271219392302887e-01 -3.649180360831155712e-01
-4.330993235579218004e-01 1.644468023085027819e-01 3.034815391053953815e-01
8.962374841559683780e-01 2.253507338640678981e+00 -3.979250860887938446e-01
-2.348133209234145036e-01 1.261570917453721075e+00 -3.822884635766740091e-01
9.194567626700700380e-01 1.412371502979963278e+00 -2.652746403620268589e-01
1.918102678311007780e+00 3.743234842740330581e-01 2.616995206800433182e-01
5.825844362290485412e-01 1.195740846959194026e-01 1.186870944411964612e-01
-9.375851099413060608e-01 7.915958431149907604e-01 6.707982491040587192e-01
-1.441706771680097310e+00 5.101319169196272263e-01 3.209165030950736908e-01
4.990904284222211218e-01 2.470743346816702601e+00 6.758043996312612656e-02
1.155579735321941914e+00 2.261493147343938581e+00 7.577837363591277686e-01
4.329279366487600589e-01 -1.479139194755498599e+00 7.479680142628291062e-01
6.875532292581982841e-01 8.187763004742911743e-01 -1.525583948566597847e+00
-2.046849916613126652e+00 -2.014016311180676144e+00 -1.055997180165497151e-01
-1.009921152501973785e+00 1.553837950577988680e-01 8.348106118254108310e-01
-1.176087943149228598e+00 -4.637068746868834301e-01 1.054972410921072856e-01
1.521808646894989625e+00 1.272136803413134176e+00 3.031871648433178690e-01
-5.995711401855516876e-01 1.212569826469398038e+00 1.320528581287932490e-01
-8.865576131093841905e-01 -1.763834739533072682e+00 -4.349637830943966499e-01
-1.646625780263896610e+00 1.865857823959589101e-01 -1.883534527326844232e+00
6.655551787275659770e-02 -6.978681528665100497e-01 -8.051617851739788501e-01
8.462041754664895166e-02 1.585867487899417227e+00 -1.445363735653173221e+00
-6.116221761014954961e-01 -1.671517409025615741e-01 -1.495252730073507674e+00
-3.462537479781224725e-01 7.911687452814610833e-01 -1.639519401213688221e-01
1.566080195235123984e+00 -8.850229267769731401e-01 2.311547390507485700e-01
9.413728495802307084e-01 -1.033876382246879944e+00 -1.239696680145266683e+00
-1.014534360993271545e+00 -4.645517456499947961e-02 -1.696277908602076279e+00
-4.543932138256198683e-01 -1.291563134162909687e+00 -3.548174870959528437e-01
-1.767931339201733065e+00 -5.017910575748507629e-01 -1.049096567185890283e+00
1.691899233945218795e-01 -7.565456489985303845e-01 8.704555713827644148e-01
1.104746134865798313e+00 -1.142629796613875426e-01 1.344270197006092182e-02
4.151583389790196588e-01 1.848522973985684326e+00 9.078745095363123241e-01
1.810293595137578482e+00 4.662876053399342413e-01 1.859346315052562204e+00
-2.127839260146787703e-01 -6.183841707511146257e-01 1.059494063592804070e-01
1.124234710527099557e+00 -1.659422755186607534e-01 5.254408222672646289e-02
1.761443685873463005e+00 2.323997127161025578e+00 -1.755561972907671020e-01
-9.693983492331031959e-01 5.499083394461585783e-01 3.562792498287037368e-01
1.308306267241955423e-01 -2.071683507260163815e+00 -2.259294887991130985e+00
3.168405151595680147e-01 -3.970942822901540881e-01 2.085326204376434234e+00
2.454509163280286788e-01 2.213132952260710162e-02 1.346458457290831578e+00
4.612488519406354737e-02 7.231788845179865088e-02 1.010431694873566322e+00
1.647278004608413893e+00 -2.571460163664668341e-01 6.252006355201256138e-01
-6.110248216074893879e-01 9.662803817464746814e-01 -8.622590624270076720e-02
-1.546975706257192051e-01 1.608026438566089844e+00 4.814175881623421471e-01
-1.836793102028207558e+00 1.303722697830632216e+00 -1.437845949633072440e+00
-5.395901602147079590e-02 2.431569324851573510e-01 -1.236582181407766878e+00
-1.536059349446027955e+00 -9.700587882302791343e-01 -1.003787176708564655e+00
-5.773577146062058851e-01 -8.355252118581211196e-01 5.734710469248460729e-01
-3.312222685133898725e-01 -1.122632271971309104e+00 -3.512596722320777687e-01
1.602059448303072342e+00 4.321630362234385458e-01 2.668478677732048499e-01
3.474702350691817321e-01 -7.755820872551009160e-01 -6.239816880372601737e-01
-3.201553951622005956e-01 -4.635224821837852227e-01 -1.488133062804862794e+00
7.943595689845078800e-02 1.698648690874822620e+00 -5.416424587064527785e-01
8.585919284998468903e-01 -4.367890119590457365e-01 1.530811184558960925e+00
-1.800768645357005093e+00 -5.989391684758402778e-01 -1.464254444100626440e+00
2.616655882978385916e-01 -2.294376550132209314e+00 1.590158655091213236e+00
1.423506826881630882e+00 -6.261298363058399596e-01 7.188979305344345150e-03
1.076216490681796367e+00 -1.761802414419831209e+00 1.423238615324079248e+00
3.621683711609759992e-01 6.243134825531768684e-01 1.256621529063899345e-01
-3.132562886324966600e-01 -2.113121973083823768e+00 3.805862571703305663e-01
2.870839412239734045e-02 -2.283032230475019020e+00 -6.502723914006514061e-02
2.549679665882789603e+00 1.806757060671639659e+00 8.861882646411016751e-01
4.355485500425252399e-01 -7.809757363100653382e-01 -1.905618903546425269e+00
1.293746084613620839e+00 1.892398647270992496e-01 6.392139851340906676e-01
-1.220184636393573108e+00 -1.495266557458089007e+00 -1.422220235163580426e+00
-5.904837202512256411e-01 -1.161052245043005637e+00 9.121431781886790713e-02
1.525806219900566640e+00 -1.010496655159337509e-01 -8.514045902456321979e-01
1.117912229447369121e+00 -5.267335449601107111e-01 -2.954259572540224310e-01
9.770287494295155639e-01 -3.913882172423905903e-01 7.619803922945724839e-01
-7.915352148928840315e-01 -2.265961739225037519e-01 -1.173378297250358360e+00
5.943227678847295969e-02 1.638539315002242702e+00 -8.754060253844465622e-01
-8.313968013139541036e-01 -3.690752108882574545e-01 6.297814926905838107e-01
7.242860751485287185e-01 1.328989256640241479e+00 -2.088326268110791695e+00
1.120060607386433427e+00 -4.215662223902313377e-01 1.349363046030798152e+00
6.732644847844434510e-01 8.966175712460511260e-01 2.923349180163264394e-01
-9.554561484544807914e-01 1.088834811157829652e+00 5.974752715253264235e-01
-1.325377502723175782e+00 -2.616390208681752316e+00 3.388811182312694292e-01
1.671202790109429515e+00 1.380091152670488985e-01 9.182180195640109455e-01
6.792368265015515938e-01 9.628785891002928921e-01 7.327813937994641647e-01
-3.650499942999479996e-01 -1.003335952499679884e+00 -1.453247609714552580e+00
-6.218103121626153973e-01 -5.143829442901715066e-02 1.596324173180971862e-01
-1.015609317443782356e+00 -1.810659495214757442e+00 8.153580894250380684e-01
2.186935631058183560e+00 -2.132191296317438312e-01 -1.667771148486918209e+00
7.035309790160955146e-01 -9.307226841712270549e-01 -6.949885771276955726e-01
-1.666460051224157191e+00 -7.390891564978171457e-01 -3.840534125721954406e-01
-1.499960279737631241e+00 -8.875242437988659638e-01 -6.108199204003088578e-01
2.281771102108080207e+00 6.740329998408518541e-01 2.787191020781343287e-01
1.074411088270076142e+00 -1.062582362713369921e+00 1.694030714336183241e+00
1.937866865471289946e-01 1.347022991005791592e+00 -4.933196547942109156e-01
-6.626019845387655094e-01 -1.427894937073060699e+00 5.067236082744990266e-01
-5.113400468671127630e-01 -4.638393396745114083e-01 -1.850840164764335327e+00
-1.202015713455416801e+00 6.638392965048900418e-02 -5.493464181012714942e-01
-1.943630446716197557e+00 -1.433777395823216505e+00 -1.698026832308917600e+00
1.670512601413258302e+00 2.282291595007720719e+00 1.619800996189642905e+00
-7.455364903706732660e-01 -9.877549604872510880e-01 2.437364585065131539e-01
-6.661020911312172110e-01 6.195416470635271011e-01 2.985840955683820019e-01
-6.243116828180850231e-01 2.187901509371676045e+00 6.261382843210228089e-01
9.314518054016315274e-01 -8.493239190373218506e-01 1.162685817703154600e-01
-2.389795212077631681e-01 -8.369508645685581616e-01 -1.949219073359816035e+00
-5.826404705187016031e-02 2.908744178315980644e-02 -9.813749933132840386e-01
2.138295927539136887e+00 1.007494423256426463e+00 -4.672198672771240568e-01
2.400459447694340276e-01 -5.146659498933927601e-01 1.449883698102399920e-02
1.364623106960111798e+00 8.789009577864992373e-02 2.474104888134346369e-01
2.332634886456410594e-01 -2.792909280163895502e-01 -3.482822500903243190e-01
7.078609157763793291e-02 7.510726739719059131e-01 8.415204966862529501e-01
1.442768203870641752e+00 -4.718875733700547137e-01 1.492740441980785704e+00
-8.875207203589454696e-01 1.987239801668311823e-01 3.183219138562670469e+00
-8.635721919122815171e-01 1.103554381670849738e+00 -2.069595655808445844e+00
1.388195583081360152e+00 -5.982181201878369325e-01 4.080228434461769527e-01
4.574557238603371712e-02 -1.058831992186309856e+00 8.505802985246243564e-01
1.884432094044997674e-01 2.260307656396304932e+00 -9.192736290148650902e-02
-9.937873108938777289e-02 6.364251690960945895e-01 1.592560939176005164e+00
4.329339799820258738e-02 3.921315639298366129e-01 -7.374690926256466383e-01
-1.273856408580196220e+00 -1.110540481729282991e-02 -8.837893958707594422e-01
1.229334567052306149e+00 1.588439376596150754e-01 1.294376898599572723e+00
-1.302244735338749182e+00 -7.385942811521603035e-01 -1.480242713916363195e-02
3.406177119342460591e-01 -1.530279467826933804e-01 -2.514172172147269180e+00
3.927157023190682716e-01 3.931396307875941742e-01 -2.486494840132290607e-01
-4.024622383073827026e-01 -2.159059915285507225e-01 1.327914054451567516e+00
-3.186736008413099674e-01 -4.260722249349792046e-01 -1.744285395363089020e+00
7.988482136249441812e-01 -1.173527988651066556e+00 -6.091376153801579818e-01
8.937808215714682092e-02 -4.615709519138633254e-01 2.464053071721697297e+00
-7.476819815306990913e-01 2.226890307234220545e-01 9.572298152901805857e-01
1.123114202656219307e+00 -1.415213473827450219e+00 6.520124531345548036e-01
-2.221855737807613806e+00 4.427206550758236991e-01 -6.743010848945568680e-01
8.417716953396450208e-01 5.265298783447389663e-01 -1.735770251317788615e+00
-2.615796007910368148e-01 -4.895743730652606374e-01 -1.601629285676783532e+00
-1.469738830619496062e+00 4.850502639146487827e-01 -3.888715365953535619e-01
-7.396404064154038505e-01 8.151666359232744297e-01 -2.746851819178404153e-01
1.542411259217548292e+00 -2.325788990163725201e-01 -1.379921185417095630e-01
-8.180003480748276878e-02 -3.853724122583651601e-01 -1.052892850534596692e+00
-1.400304296851118790e+00 -2.164311579113212258e-01 6.774184503336215801e-01
-8.323360794791263562e-01 -1.305928544253094348e+00 -8.027836220106425724e-01
6.412837886427602552e-01 2.353116119607229217e-01 -1.871058986913698652e+00
-1.465953126647526972e+00 1.802589794070485585e+00 1.107043265509731089e+00
-3.395458114424465546e-01 1.371749871177696312e+00 1.218137431648065760e+00
-8.862034890246699437e-01 1.489939973206531043e+00 2.772867570358407141e-01
-3.628735627600576663e-03 6.955456259359720228e-01 8.840876941271402778e-01
-3.203944387188319420e-01 -4.994184986122841563e-01 -1.081845101278402943e+00
-1.256265952689695098e+00 -2.145016447607895893e-01 2.541658555905683681e-01
2.491169063638192238e-01 -4.908586676894339806e-01 -9.279787626321738259e-01
-1.221697515431540371e+00 4.472316649253936238e-01 -3.226383636991861925e-01
-2.260409097527106281e-01 -1.065886230766080134e+00 5.561737789640743834e-01
-6.359163316942341160e-01 -5.191589725069475358e-01 9.981863848653667048e-01
1.136225064257485595e-01 -8.074804103703672187e-01 7.275765429859402111e-01
-3.547200803078388587e-01 6.774182414320688572e-01 1.722626024627671448e+00
5.245184132333341465e-01 2.270555314023046556e+00 -9.598052347596319755e-02
-5.601044920396911486e-01 -1.529631959354407433e+00 -6.065562480673325485e-01
2.160604375483820005e-01 -7.837310185909149851e-01 5.572251393252537488e-01
5.951405685463688755e-01 5.401450563141445560e-01 6.358751669223772218e-02
-6.775621935776726668e-02 -2.921677066806164236e-01 1.236746892924904584e+00
-4.210560389032801942e-01 -9.184039714329879089e-01 -2.380924015734643406e-01
-1.088781232182403746e+00 -3.183985732147260883e-01 -3.109889095980831741e-01
-4.114904383575489488e-01 3.156815961841475948e-01 -6.533118903774186581e-01
-1.314853360833049045e+00 -6.031300078788074392e-01 -1.364248759754652429e+00
4.195905020982133582e-01 -3.669689886864924144e-02 3.607622069649560892e-01
1.305904619477116224e+00 -1.580189186369093113e-01 -1.266813161898278750e+00
-4.628854612182664585e-02 -7.636381608202820193e-01 -4.375382985184949058e-01
2.850733151363733509e-01 3.574674746087155297e-01 -1.358988611453505246e+00
2.225323395940618010e+00 3.559390080308285631e-01 -4.395716573874457467e-01
-1.633389965714480807e+00 -8.708538901974840485e-01 -7.217454959597769948e-01
-1.174515279516622268e+00 -5.661935402487465741e-01 -1.465389764641803039e+00
-2.736509881611088879e+00 -5.535018249467636986e-01 4.929377147339667475e-01
-7.862668169505433458e-01 2.453253949986211602e-02 -3.314080409232953439e-01
-1.133906377056685510e+00 9.057689434909323989e-01 1.347378637780072275e+00
-5.430254961842774231e-01 -5.212477102111420235e-01 -4.735139679567972881e-01
-4.606761352667465559e-01 1.513367762496124147e+00 -1.801188838805316994e+00
-7.156645133583461327e-01 1.516976499902119802e+00 1.229108956290349219e+00
8.097642280513384083e-01 9.000262061762447363e-01 -7.562935160751991237e-01
2.487141063784170103e-01 -1.882342608387562066e+00 2.238166804292112566e+00
-1.674100046356606697e+00 4.927509322718359730e-02 2.162127478252903190e-01
-2.073211611969878465e+00 -3.448696657481409300e-02 9.533480562077949472e-01
6.466012422852664976e-01 -6.003969484063254036e-02 1.019306878576911046e+00
-1.631384123916443940e-01 1.049256593789631209e+00 -9.957290651428338801e-01
1.433607002693500831e+00 1.187595034748241352e+00 -2.262465135072219802e+00
1.693593222965006362e+00 3.359364714576728028e-01 -7.242729524943647412e-02
-1.420709702366214966e+00 -5.352891064954182765e-01 -1.158562302382113884e+00
-6.097797849999497810e-01 -4.998672295504644758e-01 4.715993144769523027e-01
-5.033761982932301038e-01 4.166909485381817824e-01 2.564627148482270247e+00
1.243515417392684785e+00 1.300995419679469522e+00 1.221186698128225556e+00
-1.274614729103407118e+00 1.277090858370436344e+00 8.446861239397602805e-01
1.518217770660283072e+00 -1.651339691259337883e+00 1.557788835956078088e+00
-2.443148284924478997e-02 -7.966930432118394245e-01 -7.699921870444431660e-02
-8.095240135850989560e-01 1.446704761626641522e-01 -1.356311415673252307e+00
-1.108697328453772890e+00 -1.476763912318348915e+00 1.436464798455680203e+00
-1.255540722518547980e+00 -2.694461427734300418e-01 -1.569654623623617518e+00
-1.150761692681143256e+00 -9.084158062973279879e-02 -1.555091520182901865e+00
-1.266432127361402649e-01 -1.005858555170942026e+00 -8.955536222316834438e-02
1.888280641013339256e+00 -8.340339877185170003e-01 8.015692807203862458e-01
-6.964771786565832068e-01 -1.747190119198658298e-01 -5.925010629214670921e-01
-7.715552712435105320e-01 5.998067008775194164e-01 -1.815855384436326769e-02
1.046389500712729070e+00 -7.436687255449250245e-01 5.640819297682982958e-01
-8.518903351616821107e-01 8.168241417955308670e-01 -2.622608424913601133e-01
1.620582987693087063e+00 -6.134123517587215524e-01 7.786176752897301379e-01
5.346642289881067267e-01 -1.493174735150617272e+00 6.366892772212418006e-01
-1.115662659967222581e+00 -1.292153362835102293e-01 -1.483180708269560277e-01
-3.145174331383676636e-01 -1.957033024093501883e+00 1.589829214308678740e+00
-1.523942935509314811e-02 1.576575099030254057e+00 -6.275940629548715233e-02
1.200533966408536601e+00 -5.101420663843443393e-01 -4.314039122247129709e-01
1.439393622898822667e+00 6.323904706912144569e-01 1.294087079537923124e+00
-2.172432126306173217e+00 -1.121214041593992627e+00 -2.124061385915559264e+00
1.317510985626846765e+00 1.748456540533832149e+00 1.924751389582924910e+00
1.228607553502322203e-01 3.934979289190928542e-01 -1.791267760689948529e+00
-1.221595666919959244e+00 2.162860413755564704e+00 7.658900201667744323e-01
-1.018336813167985966e-02 -9.801249295297631559e-01 -2.441284961344544757e-01
2.169555663587899641e+00 1.294695036136934707e+00 1.489761578526149766e-01
1.758506369620405740e+00 -5.509748000939131973e-01 5.115990159489709477e-01
7.743171036945426522e-01 1.687169695195780195e+00 1.042700991781064790e+00
-3.449986802019661125e-01 1.554629927941152401e-01 1.723715602044780359e+00
1.120309991632471025e+00 -3.184999752415037522e-01 -2.823033113353600188e-01
1.425521384523078972e+00 9.953512566310946941e-01 8.107220148690366113e-01
4.625459667089836246e-01 -9.860968744691939181e-02 -1.979082527591107810e-01
1.659563329868642301e+00 3.304532678696470160e-02 1.868827801547310763e+00
-9.987976399900712066e-01 -5.319460611678622497e-01 -1.095430312437303488e+00
4.697799632234894718e-01 1.450587889379222117e+00 7.361111604197042579e-01
-7.507770776194961915e-01 2.858053673516930404e-02 1.584586717506127229e+00
-4.455283590371678093e-01 -2.713449698257125675e+00 -1.257587341047173179e+00
-5.423058935754165866e-01 1.184511370835708011e+00 -1.746929045450199780e+00
-3.449585200130949048e-01 9.031397959428649758e-02 -6.985815582819874248e-01
-8.498643040127595860e-01 -8.820547853822535700e-02 8.435858950453505312e-01
-5.998251822423110724e-01 -3.905374225572877389e-01 2.418370495766092865e-01
-3.659008818237092786e-01 -1.116446089889542748e+00 8.785639238495313030e-01
6.157769138233692985e-02 -3.173270209393663777e-02 1.325938719862784332e+00
-2.035523910586044760e+00 1.716542404368454067e+00 -2.161373966675781411e+00
2.391647270906397948e-01 -1.640884330634500010e+00 7.486003239495004902e-01
5.569527539657082027e-01 4.364092437245726819e-01 -1.507121600144085249e+00
-1.356378015163406836e+00 2.712197745877448218e-01 -8.584558942686888461e-01
9.293076756337320665e-01 -6.891648743788825193e-02 8.761135822424153119e-01
-3.417944701915537342e-02 4.502454203510206643e-01 -2.554621368277033344e+00
1.706625946399716875e+00 -1.071275923217926751e+00 -1.522478361095542798e-01
1.203097479720690366e+00 7.007133653205146473e-01 -2.144711192226838037e+00
-3.115959282984109846e-01 1.226190869267585581e+00 2.442774667653263565e-01
6.598976878572799798e-01 1.826750634006499396e+00 1.814597183800840341e+00
1.144820706441641356e+00 3.223454206035705205e-01 3.460098394586367032e+00
2.249352262326449470e-01 2.000111391423155638e+00 -6.518559628153177687e-01
6.676356172579041015e-01 -1.923186593507527853e+00 -1.280382788709829356e+00
7.572400742258216244e-01 -6.758517438999520621e-01 -1.765146000527082260e+00
-2.469357150175996996e-01 -7.795662795547737556e-01 -1.055297504855970958e-01
-5.554042256843190195e-01 4.040312553810651020e-01 -2.598818859585482421e+00
-9.218896780370903210e-01 4.306664052796855824e-01 6.337290412026419517e-01
2.316784463176715825e+00 -6.336660123617725571e-01 1.335739863413965889e+00
-7.079319812694395697e-01 5.188389978871152941e-01 -7.847548183880024286e-01
-4.381299054468796306e-01 -1.507698793398719816e+00 -9.254442175223026590e-02
-9.020470390327313126e-01 -1.202296600052368492e+00 -2.206984432373106375e-01
7.112413135653566920e-01 9.910655647857923300e-01 -4.552874311298852339e-01
1.714352288945898417e+00 9.039364449980027416e-01 1.518212366222826404e+00
-5.296951275761995204e-01 -2.982322917163261478e-01 1.136813295658263279e-01
-2.067939502999387003e+00 -1.494349999386229699e-01 7.678575679339914029e-01
1.813296833715383194e+00 2.392629599682322805e+00 1.413451217533906235e+00
-3.030020434085241021e+00 -7.874178511451312978e-01 -4.705157671616391202e-01
-1.474837591801423153e+00 -1.203222036889909363e+00 -6.509042429442848388e-01
-1.234021260728978886e+00 -4.879563269684440430e-01 1.498624300844251911e+00
-3.994828572923603827e-01 -1.497966678607101976e+00 -1.315437566971324079e+00
1.302701281684554457e+00 -1.247560441214978999e+00 8.850805669525052544e-01
1.094595397441609164e+00 9.510328472362217234e-02 -1.984975308445055875e+00
-3.706827075934468474e-01 -8.118027975009504127e-01 -1.044611120108241309e+00
2.905568711679471949e+00 2.991246462680183793e+00 3.697933838624088976e-01
-2.335009694937768110e+00 -9.729036106526659511e-01 -2.501513211100633516e+00
1.524558769061258312e+00 1.973609710576040288e-01 1.378636057758279021e+00
-5.811832948437317681e-01 8.088412332216836642e-01 -1.520550039732817327e+00
2.233859547715590921e-01 6.826792964281843679e-01 1.334527018766786366e+00
3.474132075683034060e-02 2.182071169029063951e-01 2.952879819277897111e-01
1.020940563960710534e+00 8.242207642366892184e-01 5.944689866060208772e-01
-3.321356422579907486e-02 -5.357815972200855592e-01 -7.517796417633465511e-01
-1.003144882154835882e+00 3.057830650598124533e-01 -3.868958449282895451e-01
-1.165272200500794830e-01 1.602273202696339993e+00 -9.397583399674469540e-01
-8.218107276951120976e-01 1.051542137802913723e+00 -7.413487165225471909e-01
-1.866129994025321759e+00 2.945980993370359569e-01 -2.247921320000030310e-01
6.673179187159471448e-01 1.390551773742331854e+00 1.589633942640702458e+00
-5.745729102347709727e-01 8.366015973274508744e-01 1.609127413622928326e-01
1.591515478070517631e-01 1.521175964953318083e+00 -1.834726381547424845e+00
8.846367871584748244e-02 7.108283371290335939e-01 4.102475698803701443e-01
7.591813429400735558e-01 -1.046456556317315600e+00 -6.346868270739480788e-02
-2.389115372347994537e+00 4.624794478954744603e-01 2.423217288464065700e-01
1.004210751926719603e+00 4.486061891708921778e-01 3.788001063128649815e-01
1.367718148052045946e+00 1.042252960513373905e+00 -1.638768041448454227e+00
-3.607178788438836214e-01 -1.460431511961721496e+00 -7.257019213800068869e-01
-1.117993676933627167e+00 1.204493601994067742e-01 -4.204049629450728465e-01
-4.587452494108456014e-01 -1.232758498171526496e+00 -9.149366460812706769e-01
-1.608858985306808265e+00 -1.091456955981822130e+00 -6.071405877195092948e-01
-5.428917955600712775e-01 1.046180622259075710e+00 -2.670025121369372645e+00
1.246542167240423549e+00 1.623477908766200795e+00 3.663218667421196950e-01
-2.117529095073477308e+00 1.478352683024411363e+00 -5.074868973836037522e-01
-4.850577358048058230e-03 -2.200763663875741072e-01 1.489616913786737662e-01
-3.695220432913473019e-01 -7.434269516525734423e-01 -2.522713946491629278e-01
-6.900218554358226175e-01 1.565341335626075470e+00 -7.457329011808568886e-01
3.584506581160384897e-03 -2.813813373825789221e-01 -5.312435515473020731e-01
1.979131611729382012e+00 3.310715998238793478e-01 6.736593565732570399e-01
6.544581147203694105e-01 -1.442813586389443348e+00 -1.522719001356934054e+00
-1.255321983531864083e+00 -2.824903798869765392e+00 1.116768745179319122e+00
-4.904794968338063166e-01 -7.331215038794052230e-01 -4.685197912603182857e-01
-1.883232935522328289e+00 -2.209971875559264110e+00 -4.650507548376194289e-01
-1.551824840994172616e-01 1.911256943715655687e-02 1.954639011278173077e-01
-8.477437642880900626e-01 -7.948784796209005243e-01 -1.465406608310976910e+00
-3.696909899525886445e-01 1.230689563050562096e+00 1.159571327439850252e+00
1.316930086368368391e+00 6.878313492079963787e-01 -6.303983913724175991e-02
5.029143500444726023e-01 -1.114740802053916457e+00 7.022861880362226694e-01
-6.344177605806511355e-01 -8.001084449293139889e-01 1.069552042131287628e-01
-2.324100660138443075e+00 1.551629473613197696e+00 -1.074184102691729370e+00
4.637348222159065614e-02 -1.461377402256869296e-02 -6.531520908570243034e-01
-2.320126571988711639e+00 5.609761713570959873e-02 5.996442197215379188e-01
1.028526081776039991e-01 1.400244255631220014e-01 3.531174509092497305e-01
-1.234097289353421445e+00 -5.935565122716016662e-01 -5.439823534405111571e-01
-6.106472336257734446e-02 5.963602154839924285e-01 1.417525278288518598e+00
-3.222050251013386379e-02 -3.045936799646968840e-01 6.507847189000055543e-01
2.497349236763656277e-01 -1.702601678779841254e+00 -8.065555012208998065e-01
-1.622496784660557578e+00 1.452541811278731387e-01 2.338297378418385808e-01
-1.054550756607011808e+00 7.012129767734269770e-01 -3.614558451021219199e-01
5.258291338739539134e-01 6.047882915016962180e-01 3.289965095062284961e-01
-6.189359975599575403e-01 2.592496618724499657e-01 -1.256313076074599966e+00
6.243093217813578955e-01 -8.923945591553636980e-01 -1.959890180487438460e+00
-6.137778172545649280e-02 -1.061801064909102310e+00 -1.929239667576275075e+00
3.979487662034666418e-01 -3.838504522918698703e-01 -2.730915740263222258e-01
-1.056637749485943134e+00 8.794642712712099630e-01 1.297295766583227428e-01
7.087598376309052206e-01 -6.740575487127431487e-02 -4.110752333418788984e-01
2.176399072490722286e-01 -8.852012417724470783e-01 -1.699898492747200951e+00
-1.383075053081568306e-01 2.181423998473113190e-01 -1.688500886540652557e+00
-1.509363306445465902e-02 1.105151009917851201e+00 1.524275769914769985e+00
2.204140574556378240e+00 3.419260525721319777e+00 2.023289257945766750e-01
-5.197437447964208257e-01 -1.975107261570579809e+00 -8.756473217133535769e-01
2.244368054301516535e-01 1.373202671200631109e+00 9.687634873631570942e-01
1.874387462159250450e+00 -2.507023888401737066e-01 -1.885370020350982889e+00
1.695874330445332534e+00 1.394131531074527475e+00 1.945634882591541492e+00
7.570409714473169682e-02 -5.288191151104622012e-01 9.534263243551228673e-01
4.437339704032282062e-01 9.258852764640683741e-01 1.183185074212314225e+00
1.625270118224957150e+00 -2.792637346753930050e-01 4.187150745500566873e-01
3.595786147592159310e-01 -7.891577932370525961e-01 -2.598750357446230619e-01
7.841423610724795878e-02 -8.052676160784667525e-01 8.254397387683531928e-01
3.404026764290712936e-02 -1.458447155370639514e+00 -1.134142547157884096e+00
1.113862917403873332e-01 7.511834393848009217e-01 -2.148881225976932985e-01
2.259103785395528252e+00 -4.778116940290421111e-01 3.044518131690978180e+00
-2.004535539474098904e+00 -1.629402050628180776e+00 -5.118729869657426823e-01
-1.340082695840653315e+00 -5.864776172385112174e-01 -1.140660951306796456e+00
2.807496244625106718e-01 2.953794218047522957e-01 6.905807869624305262e-01
2.151182791785176018e+00 -7.951150858734330473e-01 4.864007774782252436e-01
-2.738734286336137025e+00 5.429900060556702712e-02 -2.902290672929571658e-01
1.184054387754593707e+00 -1.331367067328307896e-01 -1.322657085712089398e+00
7.326212872378015106e-01 1.514922327253168888e+00 8.676413031752919780e-01
-3.301998334414959491e-01 -5.958896237852484568e-01 -1.154547846802500555e-02
-1.953368170599997011e+00 -2.260486491171885604e+00 8.184896875620557566e-01
1.157858774564339388e+00 -3.755314253800964286e-01 6.936847026237868974e-02
-2.569976560651767716e-01 4.070160862243588085e-01 -7.313397624531029484e-01
-4.990085493571144726e-01 1.787801149686143010e+00 1.309495546560540236e+00
-5.410455860230051206e-02 -1.040411058558875057e+00 -5.699706314933743467e-01
1.468270812087994148e+00 -3.478655314462875126e-01 1.001678981070180718e+00
6.758993345550023957e-01 1.643520174469490724e+00 -9.731358361956616854e-01
6.167591210595750884e-01 -9.281190622922275146e-01 -8.452503048090020954e-02
-1.124122295633755542e+00 1.423087097600031381e+00 9.315744770705792765e-01
-5.665088618539143583e-01 -1.635583490264389539e+00 -6.400557414480262386e-01
-3.433616348470355240e-01 -9.936692440780241498e-01 -2.196227821660517776e+00
-3.134952082146009178e-01 -1.218923965863756287e-01 -1.307518181493818599e+00
9.158232198178584138e-01 2.016340343953610392e-01 1.058486587057386519e+00
-2.942245631232057734e-01 4.805635843968611431e-01 -1.578355341214767726e-01
-6.288742890342148284e-01 -6.373255383624498727e-01 -7.521764871331615421e-01
7.954164249169197731e-01 -2.156419296215486558e-01 -2.617323062948743395e+00
4.684018654772504342e-01 3.639836009585147303e-01 1.096264509731216918e+00
1.789552836828486870e-01 -7.796722652492737993e-02 7.402614068331562214e-01
5.619238500661656310e-01 3.239458153096625992e-01 1.022646843912104808e+00
8.140026822455874722e-01 2.937092841422799250e-01 9.228789137993933522e-01
2.495611704911215867e+00 4.312093645735690095e-01 -7.417986809931584880e-01
9.700682339357422634e-01 6.007418415477175921e-01 5.764226934877780817e-02
-4.760267777546600687e-02 1.120759686788124654e+00 -2.125124114323334590e-01
1.316446420183290167e+00 7.836499513902396297e-01 -6.579104878243156040e-01
4.069133315091022496e-01 -1.218394090330244151e+00 -1.279890341840077106e+00
-2.494703563675171321e-02 6.725699659328210345e-02 5.193498582433749844e-01
1.100843286317203518e-01 5.663846627058644057e-02 -4.344792477715548329e-01
1.091844831646049396e+00 7.110174913442768307e-01 -3.074836993389578055e-01
8.048135690170241663e-01 9.166937322900132745e-01 5.285147812456063576e-01
1.700210118150009997e+00 9.920990886296379152e-01 -8.971479166842311059e-01
5.171679250821696883e-01 -1.083220857721141961e+00 -8.928644031340250420e-01
-5.216715646165045461e-01 -4.747358704983341560e-01 -2.067429623227373670e-02
2.373154754010433187e+00 8.159244958392709579e-01 2.841286576482652038e+00
2.982282136003074902e-01 -6.210113388901261633e-01 1.940545488617282377e-01
3.069176783257713259e-01 -8.051620186932137990e-01 1.154685520769293428e+00
1.416179547156409591e+00 -4.737685037517693765e-01 -5.873954190805130704e-01
7.617728294201280281e-01 1.512078563488135963e+00 -2.051161185522385022e+00
-6.789397400806197469e-01 -2.717414626941115685e+00 -2.399308934284135830e+00
1.471059139881562228e+00 9.784386587610522934e-01 6.634423795229890120e-01
-4.428581397332085334e-01 -1.491876029120772440e+00 -8.870023071872441545e-01
-7.167019215411620792e-01 1.626459294335176331e-01 1.706209703351347029e+00
1.042774254740910789e-01 2.208790633168944417e+00 -6.018957219112586188e-01
-8.258519834137282301e-01 -1.930523606612842391e+00 3.511696919900644254e-01
-1.940352515522919541e-01 -7.752331569266697198e-01 -2.121503271452879424e+00
9.143802471118384068e-02 4.980174396864495145e-02 6.697694830932049426e-01
-1.782626909213614219e+00 -7.830521667441117106e-01 1.056787452112381454e+00
-4.768240540935600458e-01 -8.575899254921838244e-01 -1.579087650300496026e+00
-1.220444213577364101e+00 -6.550253392931815188e-01 2.533419420377803988e+00
3.065139163388199695e-01 -1.742489238953921493e+00 -9.738655318798744576e-02
3.602346982024913213e-01 -1.556493129091111260e+00 -1.131214361889133713e+00
8.344414375815467633e-02 -2.474469230109030526e+00 3.258399725413089199e-01
-2.605919534080981537e-01 -1.076659521721266444e+00 1.249182746370274266e-01
1.417231761763031228e+00 6.256628361675333760e-01 3.151042596492946712e-01
6.577521043648593135e-02 -2.327590449035134013e-01 -8.259564978331184193e-01
7.836525795889154322e-02 -2.833587411132915124e-01 2.221641947815380380e+00
-4.113406960493430908e-01 -1.347404559979172189e+00 -7.022280742151938426e-01
5.643016179211557404e-01 1.442800179029699148e+00 1.193882364282598196e+00
-1.816837517220024845e+00 -6.060331388999400382e-01 -1.281980018481693184e-02
-6.434212392052274243e-01 -2.679045932036013822e-01 3.019186485336949222e+00
2.940640345876729955e-01 9.367812697015633905e-01 5.779988000799709535e-01
1.185910619162491519e+00 -1.280982375328089340e+00 -3.500157255067779527e-01
-8.185575034371548320e-01 -6.122168986985239147e-01 1.285854496426693361e+00
3.371711718008199465e+00 -1.451324296467113584e+00 -6.252768078392192397e-01
2.105799599898601215e+00 1.838197203200109042e+00 1.641655231405101611e+00
-7.428527716079831311e-01 -1.443377665909660212e+00 1.064744152975831470e+00
-1.818337857484791931e-02 4.527524630579220499e-01 -9.721911526610499399e-01
3.686174573641369800e-01 2.853514060214941694e-01 1.036326657613202862e+00
2.718116905155349983e-01 -8.753826838740352834e-01 9.542614339042626570e-01
1.567183833656399683e+00 9.041711564764953746e-01 8.852020384428838096e-01
-1.188756019572538403e+00 3.120935105709303770e-01 1.038815597408465630e-01
-1.249244150804669218e-01 -8.837586258467220457e-01 7.133249611918396349e-02
8.873306673986490756e-01 1.549850187980240879e+00 -1.527953495959273322e+00
6.050219514802552823e-01 -4.230232121000226386e-01 -1.831396303233380207e-01
-1.215954793430503500e+00 -1.858528639772483615e+00 7.972819285950250023e-01
-3.336141017419368415e-01 1.379060597242833808e+00 3.982020902857397182e-02
-1.193645807058483888e+00 -7.773870386621851702e-01 -1.959143096493259240e+00
1.580536737250218371e+00 9.433090459765033353e-01 1.469389769292761994e+00
-1.826706181767241421e-01 -1.083680581459179226e+00 -1.002901582350754328e+00
-1.120435674718746499e+00 -1.576329000283299919e+00 -1.129085868707715878e+00
8.602418196801506767e-01 1.108897987788778128e+00 2.078617020410058913e+00
1.384885368125553073e+00 2.388541827341201795e+00 1.057274020100502865e+00
2.449140695084277120e+00 8.194033062394403544e-01 7.660172161121872048e-01
2.222278935990752990e-01 1.676182714641536009e+00 1.160997209355377979e+00
4.400487600845311986e-01 -6.492050664923010306e-01 -7.129295409160223418e-01
8.207189887342356549e-01 -9.706312419855189777e-01 -3.423775811618877674e-01
-2.004156791299599227e+00 9.178435692199744533e-01 -4.650694229443788075e-01
-3.885240218196847617e-01 -9.023208838199403559e-01 2.014350561673049489e-01
-2.933907961044285861e-01 -2.101741678239783973e+00 -1.649364909383803091e-01
-7.890192836644909224e-01 -1.393889074640686676e+00 3.996648560435150932e-01
-1.252144938647255845e+00 -1.935990237854927187e+00 -1.413609055800749914e+00
-1.215902033583330377e-01 -8.161493169468778675e-01 9.419617957683685816e-01
-1.022777166268121984e+00 -1.443248680608907986e+00 -2.039777283182229617e+00
6.193593374818646691e-01 7.243334854912011345e-01 -1.774047586087613482e+00
6.354755938382052882e-01 9.217829075210581813e-01 -2.898025067690511047e+00
1.661414332070887401e-02 2.372732326623036014e-01 -9.214591580745133959e-01
1.828821390559369320e+00 1.677292253346141515e-01 -1.283475863643379178e+00
6.365461677612302971e-01 -2.393359610438977603e-01 -4.643210408150512669e-01
6.365655018855345126e-01 3.102522200783552897e-01 -2.319733283984805050e-01
6.183503387668798368e-01 9.217239045774550110e-01 7.853621142978939318e-01
-1.449073407595058427e-02 1.074731548033132311e+00 8.145537332070728054e-01
-5.219325957716013376e-01 8.019552660344417827e-01 6.764412826043502136e-01
-3.564412635440258326e-01 3.996185218006811368e-01 -1.584926762158028524e+00
-3.855549203593172658e-02 6.329717725895820379e-01 -3.161518464542378282e-01
1.134440860375458104e+00 2.241212139946021642e-01 -2.324206280489907739e-01
-1.846976380826904851e+00 -1.278726777572064766e+00 -1.132173486898004233e+00
-4.030723403612845868e-01 -1.494493301819292519e+00 9.361027744828287478e-02
-9.883254372109526731e-01 -5.341857025957985616e-01 6.048518144640356864e-01
1.240483252685643301e+00 1.599298625648328809e+00 1.020278321511065567e+00
5.298560322797414290e-01 4.010354608017703271e-01 5.087758705571676643e-02
-4.342321387929290455e-01 1.118363174382605019e-01 -2.839519512244913502e-01
-2.456287475722757074e-01 6.449253108977730520e-01 1.398395539071052962e+00
2.947316038462817200e-01 -5.170552205946264968e-01 3.373954820053853831e-01
5.276342890319598578e-01 -6.138314878208700476e-01 -9.720063742349182023e-01
9.497078356621480033e-01 -9.125224218283463085e-01 -1.078570087149508749e+00
4.900489516240126298e-01 4.972417590442315127e-01 -3.053723314941332312e+00
-1.556531548527846809e+00 -2.052095849378113845e-01 1.663674957376336527e-01
2.816455714211640871e-01 -1.694121262221320867e-01 -8.871053693027608489e-02
-4.658711147447093803e-01 -9.602816595142618095e-01 -4.632726121097288652e-01
-2.278956531740506719e+00 -1.219485965311497000e-01 -1.325234284412854846e+00
-3.298462221576822229e-01 9.322289234044878192e-02 5.161972317574234914e-01
1.282942077986903184e+00 -3.201630750766968347e-01 5.422219463837603115e-01
-1.101942816729419850e+00 3.584302396228808973e-01 -7.037796783711072202e-01
7.953112836488619442e-01 -2.874141038342311605e-01 7.962127119181632295e-01
-5.442018943441829792e-01 -2.019504413690887401e-01 2.189168506151046856e-01
-1.973620566298932122e+00 1.420612456632619702e+00 1.263874585968618014e+00
6.702032247155409461e-02 -8.207908890511383948e-01 -1.707158132486574775e+00
-8.786128707512379510e-01 2.270590940074623809e-01 -1.182108134332442662e+00
-7.914868555907900172e-02 -2.102234973789038897e+00 6.680081509404580675e-01
3.256118797567983947e-01 2.659652551440228496e+00 2.210151747814209089e-01
-3.713159003988744655e-01 -3.270071240215072783e-01 -8.398005080493249341e-01
7.859398056652036058e-01 2.012993959475083194e+00 2.417396489177237484e+00
5.658890343535376566e-01 -1.672975837361746709e+00 1.740060489477297079e+00
-4.904463118146084044e-01 -6.785746285451205173e-01 -8.947108387582569655e-01
-2.057890699385168887e+00 1.114446243998317376e+00 -5.068822801412484758e-01
-5.526569162739001229e-01 1.509136010362178704e-01 -1.071405129965875780e+00
3.780072449388088840e-01 2.722464247885873490e-01 1.465892109413929667e+00
2.787680746992909242e+00 1.529900362909103695e+00 1.650499018657535677e+00
-9.763348797885111896e-01 4.729579338833218016e-01 -9.087451101790822161e-01
1.247698766879023480e-01 1.601857752696793202e+00 9.321195132007336071e-01
-7.746252544562093334e-02 -6.631631042499230855e-01 -1.516743695452316687e-01
6.858788319390402011e-02 -1.308058177899820596e+00 -4.961894950473044741e-01
1.141831373306723130e-01 9.063913391072719872e-01 -7.438187174077574015e-01
-1.159787939225969344e+00 -9.820462595559262819e-01 3.087259447961928083e-01
6.056377565801185359e-03 -1.156148386642413817e-01 1.173783743431969562e+00
1.929829719080760064e-01 1.363034311307995128e-01 1.630491870399270793e+00
5.981301645915853005e-01 2.797031312802810143e-01 7.259117036008799762e-02
-1.884603834758689311e+00 -3.443417399424283376e-01 -1.053285344580520144e+00
1.974769335850367624e-01 1.247264665668920358e+00 9.893261999191796940e-01
7.448175984116093273e-01 4.382911464748942554e-01 3.104660921980304078e+00
-1.241441562309726132e+00 2.211399194981169547e+00 -2.151395031979745465e+00
