-1.402426362348558442e+00 5.974360327731880194e-01 -1.773365159116968792e+00
-3.686644195413002478e-01 1.257568415944662288e+00 6.484076918292087655e-01
8.315451433463993958e-01 -1.496169877135317350e+00 5.097815471544135946e-01
-6.541023504676461986e-01 -7.202077096361252373e-01 2.778299136850216566e+00
-7.464947352366781974e-01 -1.276520201897642703e+00 -2.409815118901414976e-02
-1.451499749015114915e+00 -5.008916492418266087e-01 -1.077314749292817453e+00
-3.070237294087758695e-01 1.366095182000025998e+00 -1.560221873277492177e+00
1.577433849762856610e+00 9.431119186970302604e-01 -2.115924950090422474e+00
-1.028984067484628451e+00 7.275352266721322181e-01 2.739305735485924043e+00
2.453634199471723676e-01 -1.170020083037967229e+00 -1.258930122815282937e+00
-1.370948230151114888e+00 -4.100983178966921550e-02 1.863636845152634169e+00
9.923763372159042362e-01 -1.133546254580238166e+00 -5.538018585349739897e-01
8.454639714974518938e-01 -7.928112109577438726e-01 9.552867131897329056e-01
-8.053213694137302259e-01 -1.317581365055844334e-01 -1.868632087924830265e-01
-9.251616962430564417e-01 -2.782829542866753769e-01 7.016788351143412594e-01
-5.902323931800868007e-01 9.240542583015424194e-01 2.171567217050528686e+00
2.750807521631555286e+00 3.168187211370656065e-01 6.510559587564503925e-01
6.418417765243684681e-01 -6.586408980762268328e-01 -1.141490688053077962e+00
1.377831380229351588e+00 -4.794442273235367535e-01 1.775963192335676677e+00
1.988087172743212117e+00 6.599171551195064378e-01 9.494237234301792228e-01
2.956729166086468075e-01 -2.434476869791556641e+00 -1.083324753026009946e+00
1.412603065015671788e+00 -2.367698029476491550e-01 1.940254096894284297e+00
1.247621969846976597e+00 2.150993949693862928e-01 1.153419721270071641e+00
-1.813466120490409672e+00 -1.679536095267619045e+00 3.777046815036768646e-01
-1.282037012569213541e+00 -1.349360876379546159e+00 -1.027672473447764911e+00
2.611507598655417262e+00 4.765556631994404269e-01 5.216712992647049019e-01
-6.265012383089119119e-01 2.385849365657426890e+00 4.303906659664300527e-01
1.992915911827697339e-01 2.357097749764641925e+00 -5.206134967924902490e-01
-2.042999504521524123e+00 -1.678022798422133532e-01 -1.912815429561002034e+00
3.225352285082698778e-01 1.292071835600691276e+00 6.217975480005604183e-01
5.505696306343846880e-01 7.280326416539972811e-01 5.416144592384053436e-02
-7.346169484953219975e-01 1.160746473097574061e+00 -9.072711151547729891e-03
2.072244133944604050e-01 6.229085716260382988e-01 -1.356848212735123349e-01
4.940756623728680408e-01 -1.656676767286721752e+00 -6.131730609707968238e-01
3.518738069116484901e-01 -1.244072962022954698e+00 -4.069435434920029016e-01
-4.810603511036537494e-02 7.838071545573328525e-01 -7.751331907471037397e-01
6.769288126225438962e-01 -1.126920540397742254e+00 -2.185229349251109454e+00
3.727661955615572120e-01 -4.392162558749223011e-01 1.300442027126966993e+00
1.225680362995794637e-01 5.438831961784382774e-01 -2.600280794864886946e+00
-4.707553737994761289e-01 1.683811338275326142e-01 2.582798006555974135e-01
9.272504619460897324e-02 1.485135143006744318e+00 2.316925257341607702e-01
-8.019369377366619700e-02 -2.558908788257934219e-01 -1.141673516784843745e+00
4.482709189882291279e-01 -2.003509465892166386e+00 -2.136228568025477781e+00
4.610833345294510499e-01 -2.871952129619335103e-01 -1.958182764171743084e-01
5.470605140252422505e-01 -5.400067445066492056e-01 -8.835146654439030023e-02
-4.142728163466087299e-01 -1.368893022817618599e+00 -1.198848666919481332e+00
1.737183301442592587e+00 2.235231953961716034e+00 -4.012588710216968835e-01
7.055947795374104548e-01 4.073138865262503350e-01 -1.564839208273762772e+00
1.670529585038178499e+00 9.138732392144992556e-01 7.441269155379067746e-01
-2.671620950168356323e-01 -2.183650931312596910e+00 -2.030432570659074454e+00
-5.630818153238535961e-01 -8.094133213935993387e-01 -9.555667378602628048e-02
2.940876446795268606e-01 4.559259651482290288e-01 -1.354391312138085723e-01
9.905956934401610736e-01 -3.443273155120317730e-01 -2.619571702351095599e-01
-3.796852646379256235e-01 -5.979389529982044316e-01 9.399460278957283421e-01
3.804893205322432692e-01 8.762701275129183287e-01 -1.111836289062559269e+00
-5.490588346884990312e-01 8.060305749020241217e-02 -2.760872468426858184e-01
-2.593615856883027870e+00 6.842152725507086863e-01 1.033194871768559064e+00
-1.342349872481379824e-01 -1.688748879167399464e+00 -9.370507814519088985e-01
1.440446767013005225e+00 -4.765489044634539928e-01 3.491505179719321394e-01
-1.016544867774371141e+00 -1.306568040719889634e+00 -3.904874488966424417e-01
1.979188999602802257e-01 5.139142973696819716e-01 -1.033926422142214196e+00
9.816239529614690928e-01 -3.737466974974417155e-01 1.645624712495513675e+00
8.214204068207474618e-01 9.852136119562873162e-01 -2.763677175556533694e-02
1.913979863584931218e+00 1.570775434364564682e-01 8.262387843325835757e-01
4.153180166456416078e-02 8.134529088881161663e-01 -1.612435319934970357e+00
5.297804560518968309e-01 1.711077197332099953e+00 2.350481786426483755e-01
-7.262121489948425435e-02 -9.141745290472196306e-01 -5.994537806316703188e-01
-1.310454684499244848e+00 1.121305017541693871e+00 1.580554894014206679e-01
-4.113972482082774440e-01 -5.923292295760480553e-01 -6.176534067658042693e-01
-6.547835829839849797e-01 2.992257418702697347e-01 2.812870708207637627e-01
-3.203603355393296326e-01 -5.415504259769249318e-01 9.536653630439539953e-03
1.116437102547629956e-01 -3.300583932421365940e-01 1.949551526110801403e+00
-5.511581626034065540e-01 -1.247365764863696658e+00 -2.447391985803972325e+00
-9.948707975361064104e-01 -3.333325640580329097e-01 -1.506338125286018625e+00
-7.782459183105370215e-01 -2.735443787138144844e-01 2.492234362240952628e-02
1.536930829712748192e+00 9.776742003760978683e-01 1.564238377852450235e+00
3.556968244370720678e-01 -6.160298165751709742e-02 1.169620072752836637e-01
1.174633205273755809e+00 1.173276072788271618e+00 -1.164571402834847280e+00
-6.069154257629515437e-01 -1.712606318145389883e+00 -5.995996732528087181e-01
-6.034427329758120795e-01 2.327607795301696036e+00 7.839430686724587760e-01
-4.629794230500155483e-01 -1.360922433165161483e+00 2.686181442439927736e-03
-2.094958956955187190e+00 -7.644783449032788170e-01 -5.828253063648325405e-01
2.778728125378160385e-03 -2.955167304129242001e-01 -1.388858093099587521e+00
1.020742837085411692e+00 -5.832254203974515105e-01 3.525510177381389054e-01
-1.404444009068416266e+00 1.790886359519748616e+00 5.858698682059031437e-01
1.144803428385435806e+00 -3.015530923912438377e-01 -6.531896223388992118e-01
2.983273925064092724e-01 -1.289622745983802776e+00 -6.625214365919874782e-01
5.711105730097504329e-01 6.516395657633095029e-02 -8.262580823474661162e-01
-1.730138205342818702e+00 1.136640782175158515e+00 -1.465165603975390418e+00
1.803915970737030028e-01 -1.195699307585878168e+00 -2.004205635048949552e-01
7.862065016389785388e-01 -5.731783828754710708e-01 1.923411523059057604e-01
3.197525852625170417e-01 -1.328634325856282494e+00 -2.101954978208086189e+00
7.348664198043999285e-01 -1.617561770489382766e+00 -4.211502128820342472e-01
-1.642859825721473044e+00 -2.057242624429350686e-01 7.502893620378657813e-01
2.518813984702649167e-01 -1.779785966689009236e-01 8.105679802820748847e-01
-1.514734636957248082e+00 -7.311090819932483109e-01 1.038668621216095600e-01
2.104591288871244248e-01 1.772415730282895119e+00 9.072511170320260998e-01
-9.576852101103330295e-01 -3.851211250841979350e-03 -8.622179521103350286e-01
-7.787239495812434686e-01 -2.491246301112492567e+00 -1.985065270536295001e+00
1.234116128539150536e-01 1.177396775364257131e+00 1.448271975117775501e+00
3.463379736822493893e-01 -1.222860003543510654e+00 -4.939615577223332443e-01
-1.829616184127603296e+00 -4.884613888005001625e-01 -5.934896915578043997e-01
1.450148997407971763e+00 -2.039485168570225326e-01 -4.176040037874075295e-01
1.999500980406299755e+00 5.633773548257500208e-01 2.221312995309611793e+00
-2.866904699067026607e-01 1.797676050663720604e+00 2.983882747199010366e-01
5.708330293258008226e-01 1.613048622049964242e+00 8.076606320510719694e-01
-1.950256517125274813e+00 4.488141459381648213e-01 -3.745500993442166249e-01
-4.651726998717052863e-01 1.924860414111926099e+00 2.199026064152687643e-01
8.663821027846265732e-01 8.425401944128658727e-01 -5.568693449802597506e-01
1.107032571052225745e+00 -3.844078384325703146e-01 7.531488159784042180e-01
1.619693383093154804e-01 -5.846268309349520464e-01 8.838432284935640038e-01
1.404519571974904180e+00 1.876887193829282596e+00 1.415352663072216299e-01
1.320226108837837753e+00 4.608240735600627747e-01 4.182832614517358327e-01
1.101504913204150338e+00 1.363056931237240921e+00 1.266456020547708228e+00
-3.850254189248253356e-02 -7.737291444945781915e-01 -1.564961320226544883e+00
-9.948187051360313227e-01 -6.899102790603736102e-01 -1.726150958833659321e-01
-2.938355651548164582e-01 6.045516329844631276e-01 -1.510561471653678600e-01
1.635067327877845145e+00 8.179477105099507428e-01 2.919530246269860241e-01
-1.678210980909147665e+00 -6.269505956559868753e-01 -4.505561801438791592e-01
-1.417819626108584252e+00 -1.301495752937619765e-01 -1.728537838460395992e+00
-6.891287292795460484e-01 4.831911667126315146e-01 -1.493761210575667242e+00
1.468327777788205890e-01 4.073213601296651332e-01 4.934948273897584725e-01
6.380292068961732621e-01 8.664363737491032058e-01 -9.621028137054574714e-01
-4.030884440631249399e-01 1.232860474326763711e+00 1.212265924137434059e+00
1.025126537817537820e+00 -1.806577497280842604e+00 4.352427990506917421e-01
1.061424330872869914e+00 -1.002354825682698625e+00 -8.192765931086547493e-01
-3.252662299840947124e-02 -1.006749114158514313e+00 7.120481913925180706e-01
-1.208831565827156007e+00 1.179796641634363485e+00 -2.408472600813957420e+00
5.712491155113014196e-01 9.397629527490505286e-01 2.182654251991363314e-01
-2.749153025857159482e-01 -1.391907286416939948e+00 -1.071714979084101849e+00
1.389295077913251575e+00 7.169977621545708946e-01 4.987618112485276423e-01
-9.687624434454625844e-01 6.416170603395179306e-01 -1.094866731777827784e+00
2.013328873959687293e+00 1.160963080770964106e+00 1.104625619479346010e+00
-1.852980939780296321e+00 1.112594226459814761e+00 -7.028894169317341234e-01
-1.491791780732025230e-01 -2.702466792030763010e+00 -1.384555373289635405e+00
1.091742827921214687e+00 -1.711318577832736665e-01 -6.285083118805581126e-01
-7.707029129644118459e-01 1.314380849496049830e+00 -2.612660032388891995e+00
-2.204965160023033555e-01 -6.360118170197028853e-01 -1.337398998387088200e-01
-7.673172803875716319e-01 -3.125267782645299031e-01 -2.280555718442734303e+00
1.195461182992037186e+00 -9.257207964952676171e-01 -1.572245341784487493e+00
-2.217241822185282984e-01 3.208431064895720941e-01 6.741597583605714039e-01
1.868264041870431047e+00 9.081731572882121295e-01 1.568692941279312469e+00
3.868495152320946540e-01 -2.139090510113099697e+00 -3.329534159811131655e-02
-6.079102128237746649e-01 -1.268895103942371705e+00 -3.010439138708637108e-01
-6.540848674403476615e-01 9.443973910863230348e-01 -1.672228553854101962e+00
-8.555523844596633065e-01 -1.943335040475470121e+00 -1.489315686179864540e-01
-3.676364321282628578e-01 -1.500294156718642968e+00 -1.403923338797638865e+00
5.892273101790499457e-01 -4.689703744481725778e-01 -8.681315123109547560e-01
9.799730393520269534e-01 1.205086104528010127e+00 1.795394017820533428e+00
1.049123073934370209e+00 1.105707406473382504e+00 1.917529217426198196e+00
1.500501257905689112e+00 -8.355633842940082268e-01 1.758045494817522370e+00
-7.754868784587609643e-01 1.112301120240450247e+00 -7.230418984819784178e-01
1.346897138540478878e+00 2.636518391092410596e-01 7.219969279621151204e-01
3.704143407854773029e-01 1.363051490140311683e+00 -5.391363941280282734e-01
9.215428189317893537e-01 -1.946157663114417291e+00 -2.761631310076321233e-01
9.499224992749355501e-01 4.826760790327058182e-01 -5.637432709571813527e-01
2.595449522452999425e+00 -1.108983811707025868e+00 1.226590501583430859e+00
-1.561224503111344752e-01 -4.397213548365591640e-01 1.468250959562710678e+00
-7.854730713075976922e-01 -7.266791973020716444e-01 -1.012887858091549020e+00
4.049207706415922647e-01 2.725086296451773027e-02 -9.234001152086772635e-01
2.496717723745715545e-01 -4.279135548930523836e-01 -9.616566133849180353e-01
6.472355774956588537e-01 1.135478170918222007e+00 1.223623021419596224e+00
7.810246507422671236e-01 1.372496153964375853e+00 1.819886185120889621e+00
-1.236040933702668099e+00 -2.919783068412934446e-01 9.343298762390495060e-02
6.680294887659052883e-01 -5.332397687580556767e-01 7.192774424487409224e-01
-2.420909717171982889e-01 1.578115697914651117e+00 4.531788160240413088e-03
6.142445673877090506e-01 6.774216508800499081e-01 1.026780504447164510e+00
-2.742969939848566852e-01 -2.571311639112163205e-01 -8.977464160851827968e-01
8.226819096096256168e-01 1.895197014618567266e+00 1.004869740066552719e+00
-7.491205835624453746e-01 -5.673907851039267092e-02 7.276411349445521815e-02
-1.481393376499002601e+00 1.729233093536500565e+00 8.618361715023228342e-01
-1.341688637003109141e+00 1.456057830851258172e+00 -2.624054976163586961e+00
1.979901804960070066e+00 7.713379162622879814e-02 3.085002763855038133e-03
-5.300916604187261294e-01 -1.018270592648156558e+00 7.943297787511505170e-01
-1.469307194421607399e+00 -9.153011242502340217e-03 -8.326525599713417991e-01
1.220405678953252471e-01 -3.157128319512865766e-01 -1.409744626922503130e+00
-1.217571412522794994e+00 -9.819525308740046921e-01 -9.152987068060287612e-01
-6.319603299350791126e-01 -1.991586476736506128e+00 -4.665323925276193551e-01
-5.673493800104936202e-01 -9.103576748219097681e-01 5.834111131988506393e-03
-1.298631674134831160e+00 1.171603988670286700e-01 -7.733566212096666392e-01
1.728815951756541569e-01 3.683357234389900814e+00 8.480777747152168367e-01
8.338883469629803091e-01 -1.541334565240135568e+00 1.450217669317999558e+00
7.522228519353210130e-01 -9.761397501511821506e-01 -1.288729548601019292e+00
1.803376053123619371e+00 1.069970996113166262e+00 1.448370274922708756e+00
-6.741067123884963985e-01 -6.008679190887823429e-01 -1.427595446560896431e+00
1.272081807594406477e+00 -7.931258261922626840e-01 -2.881212477804484529e-02
-1.093487858401767987e+00 -1.524050866009126537e+00 -1.383081209795225530e-01
-7.272937635662246603e-01 4.509960397894604567e-01 -1.999010173262083745e+00
-1.132412594488781288e+00 -2.732130493351193068e-01 -1.998743660585502457e+00
-1.470557703822973128e+00 5.159703599175928801e-01 -1.876774277022154491e+00
1.498582417778616449e+00 1.198419177347870956e+00 4.973131440252598900e-01
2.122178956129217031e-02 -7.492325973767227643e-02 -6.607476914097025755e-01
-7.968508830468126192e-01 3.485785344054029844e-01 -3.840060525846055173e-01
-1.170470922165164351e+00 -6.780549430070588190e-01 7.921809287848785575e-02
-1.270659319578841817e+00 4.023215309947946183e-01 6.956998276642083479e-01
2.904983296891447075e+00 -7.570699933047362329e-01 5.092759695911744933e-01
-7.428019534774578103e-01 -8.034701039259338762e-01 -1.240599497351523750e+00
6.418839573210882721e-02 6.955634134061876583e-01 2.365363766042918314e+00
1.220454904050710887e+00 1.550111984711429192e-01 6.270739136557632598e-01
-1.575219172405617707e+00 -3.240206658824189567e-01 -9.085797147958720732e-01
3.548195205083798376e-02 1.602315664170442133e+00 1.675182961473901999e+00
1.232097033048569878e+00 1.404473515133575212e-01 1.152706577965826318e+00
5.326719932248580314e-02 1.737987339699718525e+00 4.119587614054212032e-01
8.226853686149859790e-01 -4.291590632547575002e-01 -2.754065421122402491e-01
-1.596035790614799943e+00 1.086680335896806904e-01 4.373209737256559260e-01
1.518016756378328003e+00 5.315345205244900173e-01 1.661076196209701372e+00
4.025971491607940322e-01 -1.113764501986185929e+00 1.317378412710781488e+00
3.645089588991500262e-01 -1.241493426933085065e+00 -2.029801578720868971e-02
2.039131740768009848e+00 -1.269954828488416565e-01 9.678031110342253385e-01
6.562208381964242943e-01 -1.265357882774609255e-02 1.659555764813293033e-01
5.819852860611272050e-01 -1.655144293812743084e-01 -4.939016370798951505e-01
-2.528078114708054436e+00 -2.232110962883953054e-01 4.257582774725789942e-01
-5.690585088691104687e-01 3.425624759805223629e-01 -2.153757660232676230e+00
9.560452108806127836e-01 1.200378710188125586e+00 -6.602695321088020153e-02
-8.744766941094490598e-01 -6.198922068336589764e-01 -5.132764324103490372e-01
-1.220407361449581840e+00 4.582900979486198567e-01 -2.515384550571611033e-01
5.827390715300447832e-01 -1.656602307058300472e+00 -3.125918732230753561e-01
-1.603786229106633487e-01 5.831889057839814150e-01 -1.102680467143875576e-01
-3.712803848013599417e-01 1.936588076515219914e+00 1.432992918806981764e-01
-3.237428363119104757e-01 1.239613450744220469e+00 1.057406538182307898e+00
6.093796377259694808e-01 6.275118817697247220e-01 6.778498445990839283e-01
1.654360845867023810e+00 -1.148044031283151467e+00 -5.083587037084604798e-01
-1.207204295789959581e+00 -1.536964538117049583e+00 -4.099446466208448436e-01
2.186383663148355749e-01 -1.036905229272105711e+00 -2.307448687858155156e-01
2.029687443253100909e-01 -8.076917917877135533e-01 -2.776890774699440900e+00
4.439020562671418535e-01 6.020316829697593963e-01 1.581757015723792348e+00
-2.376862716316937574e-01 9.813307324450173397e-01 1.384125741698270629e+00
2.752736027982389810e-01 -1.092709678168491738e+00 -9.648477836845958944e-01
2.028896642014019758e+00 -2.128004026963459250e-01 1.577311718693546472e-01
5.673128394110279471e-01 1.609335824156228112e+00 4.219270925455215204e-01
-1.513058010584932278e-01 -2.633727149091946718e-02 5.598624147497144321e-01
-1.445695168738030834e+00 -9.899257204520774955e-01 -1.437678274363013209e+00
5.565062324995778686e-02 1.395270556615326729e+00 6.975962393371661907e-01
-1.201011570039188237e-01 -4.737960961628436274e-01 -1.679230983595606519e+00
-8.326097481696770330e-04 8.701995546681848825e-01 -8.002666503592603675e-03
1.065827416086928547e+00 7.083743098478036959e-01 1.220279628498208480e+00
9.808341822660657794e-01 -4.673305723218190710e-01 1.620681929140000976e-01
1.238709189949394052e+00 1.953909063128931978e+00 -4.619303883916840991e-01
-2.284085208391138933e-01 -9.232934630439522117e-01 1.511452762318637566e+00
3.809946782686626232e-01 2.822094512531818644e-01 1.084250589206511073e+00
1.023853129785516014e+00 2.138056935981052398e+00 -4.705947144422202300e-01
-9.365426901739659638e-01 3.555698053938359804e-01 1.120448272087184449e-01
-2.209253087447970998e+00 8.266724243035434849e-01 -9.769942680101378896e-02
1.902781461107051930e+00 1.447290337866081744e-01 -1.717918915946110570e-01
-3.948620897992592971e-01 1.128081060656315859e+00 3.418847147713556023e+00
3.935328508583786911e-01 1.010360497092296361e+00 6.867680869877583749e-01
-1.606138030142031159e+00 -1.456583820925848816e+00 -4.372082070375501450e-01
2.083386986375222794e+00 1.089811194573883979e+00 6.589087450370397780e-01
-1.784022151120706834e+00 4.012227716369961561e-01 -1.291821409535647502e+00
9.044049996419308846e-01 1.518007233089911701e+00 5.415089468910561088e-01
4.903518258184462186e-01 -7.140484260278530115e-01 2.003831919153414631e+00
-1.182720483291829217e+00 1.732211765581748830e+00 -4.173242095494176240e-01
4.475332935838666204e-01 -7.383422047468874982e-01 -1.882868530205848989e-01
1.663419202913071882e+00 -3.042246528429967123e-01 1.583695738936233610e+00
-1.813071390888265633e-01 5.524473599539467816e-01 -1.586599972159020933e+00
-7.606972762651338371e-01 -1.990752212642198371e+00 -2.114276946372660504e+00
7.218565138780999035e-01 7.077375171624739059e-01 -4.265094909124744760e-01
-1.467574420402021351e+00 -2.197791304685881908e+00 -1.307391765112527304e+00
-2.253491544108273459e+00 -1.484139029950692468e+00 -1.631180917419715604e+00
1.448155962488653081e+00 3.016742456968101171e-01 -2.228907850167287652e-01
-1.117508946164970762e+00 1.154206931397664393e-01 -1.264653615158716882e+00
1.099890816663054993e-01 -1.903418640793291816e+00 -6.388618793236258142e-01
-5.389984078731397954e-01 -1.211080581727525196e+00 -6.358763787394997591e-01
-2.545623157997198849e-01 1.474707840261844982e+00 1.775211779151605107e+00
-2.406766899961376716e+00 6.360961122178769855e-01 -3.224065432134550768e-01
6.887616808844403415e-01 -5.346818577021600349e-01 -2.036817656969878154e+00
-5.767953761787372180e-01 -5.658079670095679248e-01 -4.794610772297576151e-01
-4.725106853711247279e-02 1.460231180471273094e-01 3.531700961880737122e-01
-9.381995589505017774e-01 -6.696523856413237885e-01 6.139968498928751739e-01
4.244198025148848696e-02 -1.036693847274323677e-01 5.110647807196098125e-01
9.136830799889492649e-01 -2.090725157935952039e-02 -1.938500718670066680e+00
-5.659653027905668932e-01 -4.080863471593517700e-01 3.201427863203241131e-01
-2.279307611117408428e+00 -2.185203612027533993e+00 1.874879172236066927e-01
-1.477388586244189561e+00 1.075213594034842624e+00 1.852122308101984416e-01
-1.260757203404647142e-01 -8.243508745720966591e-01 3.965380281611625701e-01
9.744266956552214420e-01 1.533888154868140008e+00 -6.943703408210812889e-01
-8.116560342972880537e-01 4.398371050572167373e-01 -1.216083373610884477e+00
-1.479660205526605932e+00 -7.883314471945679358e-01 -2.471404129901204616e-01
8.150061807453801155e-02 7.102221982803544886e-01 -1.225056951046326503e+00
6.848275765119142822e-01 7.931192199524611519e-01 -3.434304972335939787e-01
7.385455012882138348e-01 2.125039188783567345e-01 -2.524192535602049592e+00
5.832007979568525347e-01 -2.577080537516837300e+00 -2.126827476036539544e+00
-6.488713642949422988e-01 -7.648341275600835099e-01 -1.565970234264182359e-01
2.259591884238234982e+00 8.045751507964782334e-02 1.798387679440091036e+00
3.243443598979999454e+00 3.389744348824069498e+00 1.709578040452111480e+00
1.160458905694335296e+00 1.439412620331658843e+00 8.803315485470024626e-01
-1.076692114858213367e+00 -6.470486907130836851e-01 4.292461883513246090e-01
1.930019038088514272e+00 -1.053234853520912173e+00 4.191038927571225647e-01
3.853871250582581731e-01 8.507133389540093571e-01 1.013223878419072577e+00
-1.476349585320364977e+00 7.570992235673139614e-01 -1.686012224684028560e+00
-4.989005117522322674e-01 -6.397961128777543971e-01 -8.838363098915784644e-01
-3.911189785727450241e-01 -1.648399127015766075e+00 -1.144289768996901824e+00
-5.211876843146656668e-01 1.662779282527491631e+00 1.390746627434923610e+00
-1.476332823967822172e+00 -9.767930452402207031e-01 -3.278344985219808772e-01
8.713367979749666592e-01 1.714774146582532133e+00 1.393894355668757967e+00
-6.303050204471980500e-01 1.840492513520720852e+00 -7.775646198666910092e-01
-1.072008984439699608e-01 -1.339782175657485697e+00 -1.732739494643886768e-02
1.306206015539149279e+00 1.682843823638884073e+00 2.184346672506944032e+00
-5.691612669304588756e-01 7.288759276978818979e-01 2.927466252982796613e-02
-3.573307265059171844e-01 1.141033466918728756e+00 -1.569942427744071445e+00
-9.257075777391172711e-01 8.010845142797053953e-01 -1.844741336321606973e+00
3.231731576175700393e-02 8.510757411149270091e-01 4.031289233722429866e-01
-7.133239694024684496e-01 7.377984147769505174e-01 -1.028772461495024437e+00
1.563151586445294283e+00 -1.423918054766193375e-01 6.032245797353745775e-01
-1.314589238144321381e+00 1.042224617139734910e+00 -8.006308003780400195e-01
-3.801259051942529332e-02 3.773679628648662909e-03 1.955175975443170233e-01
1.467564611208868053e+00 1.663712864373985800e+00 -1.196047216340448971e+00
1.761334051307313242e+00 8.302695052833976019e-01 -1.817776290071794199e-01
1.976582555674541553e+00 -8.525869120597238116e-01 5.996614034446683394e-01
-7.305436219157344091e-01 2.303011304398179249e+00 2.915687238584971364e-01
1.454495844848977759e+00 9.232035157329799846e-01 -1.098350092839500691e+00
1.517313412299491127e+00 1.522264559875723622e+00 9.124074682505416423e-01
8.425150150524265413e-01 4.757674566335817756e-01 4.255354168038253948e-01
8.696506086789381751e-01 9.765117498918494121e-01 -7.275890195731460341e-01
8.168309119962346987e-02 -1.484449218174514584e+00 -1.346169477349383747e+00
-1.652020604049634134e+00 7.901189162280939371e-01 -1.696464579911161064e+00
1.873817556534664308e-01 4.371729853578822933e-01 1.140117727123200808e+00
1.849426345639004765e-03 2.180584247594832270e+00 2.548612907177906894e+00
-1.987698417537466788e-01 1.029539166778012937e+00 6.903819722495848632e-01
7.930104425850172944e-01 6.187577286636927187e-01 7.460351456637603906e-01
1.121070930015375389e+00 -1.482663373458297240e-01 -1.604571419062252424e+00
1.807441768372561319e-01 2.091159837906586549e+00 2.128048042393326789e+00
-4.364216284065096096e-01 -1.386481868579840793e+00 1.625483070389786455e+00
9.861671103171143482e-02 -1.625718195583181203e-01 -6.467417982277611221e-01
2.218517456959328005e-01 -1.038276998691769926e+00 -8.412901294849508549e-01
1.717095715547498069e-01 -1.239857510672249141e+00 -4.126152654567218914e-01
1.071697330767431566e+00 -1.605979051429125004e-01 4.736625321128612454e-02
1.218997949648134571e-01 1.460347311479991972e-01 4.205865712150326785e-01
-2.012695861572781908e+00 -4.598992942450491617e-02 -1.835117882320029370e+00
-2.639799386941570347e-01 1.473151877378452435e-01 -1.586113660938595071e-01
2.288089444656715710e-02 -3.462282918858068381e-01 -3.130942208492248913e-02
4.674464450642297209e-01 1.817770410556344807e+00 3.891404674040783163e-01
1.105885760037281340e+00 -2.154332039349323047e+00 -4.575104933422853293e-01
-8.682304877348495653e-01 -2.292162670239845212e+00 -2.899501914872537611e-01
5.133871781769421272e-01 -3.118305148348640143e-01 8.549642306752947007e-02
-1.469917389416657727e+00 -3.549266846879945980e-01 -1.367806980975581954e+00
1.381999548261187094e+00 2.388873892536139909e+00 2.368496789100336120e+00
-2.095907224220626475e+00 -2.588729604010961971e-01 -4.596214256583099345e-01
-1.758617318493879589e+00 -1.813406743899978801e+00 9.543282254509772855e-01
-1.276895409563253425e+00 9.938102421026515643e-01 1.914906395184734489e-02
1.083909359040858167e+00 1.038575756632412084e+00 -5.501148714515791127e-01
1.422171019439318007e+00 2.891341482557912013e+00 6.429148311955025230e-01
-3.479364894442213973e-01 3.521340834486399451e-01 5.224792263985044150e-01
4.978447859757185734e-01 -1.828268612676515525e+00 8.589450147397792446e-01
8.664984079058006827e-01 6.933326837472308934e-01 -3.101335297494164367e-01
1.672165112240585616e+00 5.029752987184795687e-01 2.448536946409350379e-01
8.227477692758872196e-02 4.836563794367954028e-02 1.652712572626056975e+00
-7.132547885724338510e-02 -8.336523027479146863e-01 1.143895346828776027e-01
-5.118031825202612461e-01 1.559047660779859790e-01 -3.753902990700783704e-01
-1.725092659864461697e-01 -6.785824032071828826e-01 -1.506009821754157874e-01
6.207882813390274146e-01 -4.200096416419363266e-02 -6.024160249013874591e-01
4.110886480026450518e-01 -7.120971296344935642e-02 1.619756430356216415e+00
-1.052425068850073142e+00 -3.138849485865694788e+00 7.181320549854817159e-01
-1.987420586386252630e-01 6.111282406548538271e-01 5.612390557775953637e-01
-2.231771745900756887e-01 -6.369716531141047522e-01 -1.461703188757374816e+00
1.339626898518783582e+00 1.045310977536818786e+00 -1.573580443186490818e+00
-2.775592373053953343e-01 -4.289216559534270168e-02 -1.705289152942287778e+00
-3.813153170111188706e-01 -8.143711292995587936e-01 5.079245535063685590e-01
9.408372784021662438e-01 4.704170456179538329e-01 -1.315027869941102212e-01
-1.141182060286488165e+00 -1.364339942409687145e+00 -1.594457359099374361e-01
-1.541613499143018595e+00 -8.690870303148769960e-01 6.557144708773046116e-01
-6.771487972427319146e-01 1.947329658844930145e-01 6.020886361701385248e-01
2.486512748681872775e-01 -6.611672018636982617e-01 2.558890312458139138e-01
-3.023696842896231862e-01 -1.516465557078083393e+00 -1.236316232075575172e+00
-4.118743593287686466e-01 -2.878722718056089258e-01 7.681819181674340857e-01
1.889775070473257435e-01 1.389052423499887112e+00 2.159384272716994957e+00
5.665651020842805696e-01 -2.168671264622730188e-01 1.535989571002355780e-01
3.376509632587966214e-01 5.862062358012536389e-01 -2.420983897628698145e+00
-1.564576121070323511e-01 -6.431504486070982463e-02 1.337267029893223214e-01
-3.862781796384674449e-01 2.227805694830802707e+00 7.597255457735487827e-01
1.701419433195948683e+00 4.888813332845726722e-01 9.536125066664580263e-01
1.450190458555500106e+00 -2.987236010855861545e-01 -9.581097004858742938e-01
-7.983148047185779639e-01 1.114683644602636914e+00 5.310937665573848276e-01
4.067998560614750625e-01 7.958909550215766959e-01 -8.170323796696331575e-01
1.598618754731683467e+00 4.558043742456855396e-01 1.059167856999451152e-01
-1.053399358239089478e+00 -5.199923029408931585e-01 6.904475503154698934e-01
-1.334017137313890933e+00 3.893226962201346009e-02 -4.880624251163750982e-01
-1.072314871086258670e+00 -1.029953036402287081e+00 -1.454847127817499697e+00
2.521344766166628393e+00 -5.288357611939309422e-02 9.918595274665769068e-01
4.020313831460305409e-01 5.116176379955650333e-01 2.280112384703071982e+00
1.126143917402734340e-01 -8.853938751635503923e-01 2.836400800591311055e-01
-5.154359576506271079e-01 -3.193039775098781341e+00 7.620570086727951331e-01
9.743575617788353682e-01 -7.327558236587192741e-01 9.630876033352795407e-01
-1.267441957188956803e+00 -1.114007987441020253e-01 -7.146048896507035675e-01
-8.741561668346170544e-01 -1.731521864789264731e+00 -7.125532543381410955e-01
-8.238936086390475921e-01 -4.376040914135461701e-01 1.313330671330257826e-01
-1.449396752646196607e+00 9.051252488748766645e-01 -1.192174503329527235e+00
-1.861583250809425882e+00 -9.265372747911723161e-01 -4.168048037744107592e-01
6.427675605520394297e-01 2.113927585409591803e-01 -6.308973332264946610e-01
-1.626082369155938956e+00 -7.520438105809179596e-02 8.790385501344832875e-01
7.409151025057738593e-01 -1.957513113817516692e-01 2.740332067138333549e-01
1.302168487902737093e+00 4.144690790827529892e-01 1.004841969843669247e+00
-4.675854031571841096e-01 -4.129818693311668731e-01 1.430108400155642778e+00
-8.089841501562269332e-01 6.057708595994153455e-01 -1.307586190583727603e+00
-9.287516173082557280e-01 -1.280381368897151706e+00 3.071082336052133321e-03
4.469440278545415701e-01 1.504594395982859378e+00 1.522117383679046476e+00
1.722984750127611653e+00 1.133094249746321669e+00 1.005206430696778952e-01
-1.503814150096704605e+00 3.130446078298946055e+00 1.675013469803141808e+00
1.628332140530171612e+00 6.433545921094689923e-01 -8.554192043132791134e-01
-1.114012572270240975e-01 2.283269334881951051e-01 -2.968969705312388907e+00
-1.940787414957939605e-02 7.140048779776260179e-01 2.315311125494046163e-02
-7.453154383562807794e-01 -1.023607175044416895e+00 -3.699719974857396121e-01
3.957563164620370166e-02 1.552214441820306989e+00 -9.642669289857703774e-01
5.401296682801854931e-01 -1.046241921189494217e+00 -1.678672466139028985e-01
3.767268395002747461e-01 1.439929840708850994e+00 6.520838414374156011e-01
4.826969787879498708e-01 9.227845475631211158e-01 -6.528533185678317974e-01
1.167305124170128661e+00 1.864936778689950447e+00 1.552097410994534910e+00
7.082107181421998243e-02 2.442420893188107733e+00 -3.930344313323064220e-03
-1.658802766612381685e+00 1.804872546969730429e+00 -1.484887528958870329e-01
-1.663255959844435639e+00 -1.317153862275505238e-02 -1.405738668820947224e+00
-1.277589468469521261e+00 -4.594833092360356419e-01 1.142781252183826757e+00
-7.322882498224303482e-02 -1.602781468560438238e+00 -4.810835842541268947e-01
-2.258581260269781898e-01 1.958845228851969100e+00 -5.169581162176595246e-02
7.769120330270222752e-01 -4.705558641072152826e-01 4.335894132076248964e-01
-6.963133468662187076e-01 7.579842038408779459e-03 -1.757217138642648724e+00
-5.911903302581025255e-01 -7.346307290575960769e-01 -2.881769348604261705e-01
-2.001521930402647254e+00 8.356232355772896803e-01 2.642493041472206983e+00
-1.283226159258128218e+00 -8.991630642488883662e-01 -9.423920616369604319e-01
4.709235753710073746e-01 -7.114961064528005918e-01 3.778219426209082910e-01
-8.056180646938038148e-02 1.459523158721901082e+00 -1.027617678507413590e+00
7.578601024549228571e-01 3.691089982215334242e-01 -6.927194682895614353e-01
-2.974175224497274783e+00 5.086526863722256042e-01 2.375085714865345921e-01
1.364675677301366630e+00 1.840011313591092046e+00 1.587261431739335871e+00
1.218680771041794175e+00 -1.801707971960809118e+00 -5.998221885600316661e-01
1.181363920378225796e+00 9.085196951047729286e-01 1.646028988203823928e+00
-1.729748612045422407e+00 1.063103832060284804e+00 -3.339536925413087998e-01
1.291670653517648537e+00 1.484542643349723301e+00 1.011676888664083118e-01
9.557714484925967646e-01 2.739555529093272490e+00 1.608833471422804751e-02
3.533912252493680572e-01 2.027865254211270951e+00 6.825549603876399640e-01
4.782645672365937184e-02 -1.584991347741665724e+00 -8.272471741311764326e-01
-8.129265613321661199e-01 -1.785487669152393542e-01 -1.754382119633864034e+00
1.992678371283664318e-01 5.218791196550183198e-01 -2.076055859618293198e-01
-1.137086869641608322e+00 -1.862762551866279814e+00 5.649392364191901938e-01
-2.316293117678338120e+00 3.932444819087421717e-01 3.466679628546853742e-03
-8.388083483448866007e-01 -8.564934974814986113e-01 1.443138323497661579e+00
-3.738585462976007356e-02 1.515977776009126865e+00 2.383431324022937225e+00
-1.453065832243140010e+00 1.420050957078759168e+00 1.280024935053841073e+00
-1.028049364149714151e+00 3.110530147855914418e-01 -3.866687694816066223e+00
-2.852516587657777380e-01 1.001351588514445723e+00 1.222842259811211196e+00
-3.552170660378816125e-01 1.932591401757011607e+00 4.824331855666260105e-01
-5.979974775893179828e-01 2.534707734477980035e-01 5.255174940169144993e-01
5.005617199107912363e-01 -2.241441425574949298e-01 -6.213181040252269138e-01
4.095108420308692931e-01 -3.312864861187701515e-01 -9.571994441201234771e-01
1.906912698475593304e+00 1.713404644227526585e+00 4.211552624411517010e-01
-2.085576743465076266e-01 -1.221128632622250354e+00 1.978921855716134770e-01
-1.434996570716344344e+00 -2.069354010379984565e+00 -1.424703550481558167e+00
3.511042970438909006e-01 1.571714765204540454e-02 1.955113218273160092e-01
1.177337095788522081e-01 -1.605333490885398895e-01 4.338511263417904606e-01
1.156728217502314138e+00 3.503215601107328991e-01 -8.196809338470747441e-01
-1.678530169458387622e-01 -2.038980750192928015e-01 -1.505017364294686910e+00
-2.470532267513524949e-01 1.019440280129290999e+00 -1.055540313643096084e+00
1.392510956342282391e+00 6.765057894423931462e-01 3.020507482017026346e-01
-9.102699435124581573e-01 9.675741685284742211e-01 4.742682921835241761e-01
9.112931914001125566e-01 1.205210751475854547e+00 6.551201543089431034e-01
1.638769418410991552e+00 1.103860611234727784e+00 -7.629013888415792088e-01
8.126019312036329989e-01 7.543647145975587165e-01 6.391649022180914130e-01
-5.251289556123071023e-01 7.777436700797810687e-01 1.860606969189228410e+00
9.461952360522944971e-01 7.124127193463947183e-01 6.394759299072314551e-01
-3.449779489072362537e+00 -4.525131656867391605e-01 -1.483791668174184730e-01
-3.765809606483810912e-01 2.275205689344801385e+00 1.093114680123248306e+00
1.711522466313822433e+00 1.884464384423244043e+00 -6.652148392464722892e-01
-1.286077216104450915e+00 -9.940132149133571460e-01 -4.765535444756194838e-01
-4.679729185390745227e-01 -6.400379714430068923e-01 -8.964264720978851742e-01
2.187594826761144695e+00 2.062071845721922703e+00 4.826291710985286532e-02
2.313667084831510401e+00 1.760584550659215930e+00 -6.225332348074177347e-01
1.027431667725068776e+00 5.664636261962398001e-01 -1.003587329610803325e-01
-1.405987732104799770e+00 3.214079994165769394e-01 7.238761330238673297e-01
-5.634425079584718388e-01 -1.409458673917321381e+00 2.144247330553098463e-01
-1.832985055641675132e+00 -5.272843611602326952e-01 -4.266912685785669845e-01
3.379390188982328569e-01 -2.547938372377364091e-01 1.173607187035130006e-01
1.529376282641200069e+00 -1.385708736997038892e-01 3.184120456803626098e+00
-1.238819115217052014e+00 7.816819359254089106e-01 1.024942585084165358e+00
2.939333573070623817e-01 1.039906105210506970e+00 3.788154513202979246e-02
1.317404373804563211e-01 -5.628195208383868220e-01 3.576028616664460591e-01
-9.487025172968821529e-02 -9.630736536469372000e-01 -6.372921927434083145e-01
1.411995862070040797e+00 -1.534746496290768203e+00 1.680521032222074274e-01
-7.781505227018684634e-01 -2.460875989682208775e+00 7.341230797780124995e-01
9.969600201666828365e-01 1.321495958847122454e+00 3.308334515520601204e-01
1.710931054945515450e+00 1.574139086026793866e+00 1.650033507713782210e+00
-1.463739353882697714e+00 -1.334071504902588634e-01 1.601823747835512179e+00
-4.155145870161441324e-01 2.403410343886901446e-01 -2.407657610554901240e+00
-1.928256393499453214e+00 -1.161994338994674525e+00 8.769428443210749435e-01
-2.593140645931887867e-01 6.674827624637862389e-01 5.807263735018686202e-02
-1.743910286734834392e-01 7.139419277516049211e-01 -1.025610524362893239e-01
-2.261439439112332472e+00 -3.481783907173352510e-01 -2.004034130421139093e+00
-3.141362859182124101e-01 1.166104959896662407e+00 -8.246009511915064483e-01
-9.392838727062593485e-01 1.339331263047107701e-01 -6.683009555126107060e-02
6.143036104606052206e-01 -1.732468432287487259e-01 -1.261969847509377463e+00
1.336303995657159405e+00 1.808625691232546573e-01 -1.905322399303978731e+00
4.630310324433576374e-01 -6.924029127932318506e-02 1.018931967077686185e+00
-2.997295809894305885e-01 -1.382420248786474515e-01 -7.204933664900159407e-01
1.081320449418834651e+00 2.199774165794649683e+00 1.980922426851167373e+00
-1.139322695603427249e+00 3.958835059091367903e-01 -8.445607334346579842e-01
3.699517703425369008e-01 6.045776224307783941e-01 -8.980155836771404054e-01
7.143896150336810358e-01 -3.169561649298796580e-01 1.425576955870292428e+00
-1.760415688018054370e+00 -1.043231072211230792e+00 -2.214471821867166845e+00
-1.511149165023880858e+00 1.193196103579920120e+00 -4.910408441201938867e-01
1.856395149782282150e+00 4.321945949496202033e-01 2.939068706147047738e-01
-3.212287493825173090e+00 -2.624843850289543257e-02 1.479114407484554805e+00
-1.202939125677834342e-01 3.288333764222750588e-01 2.695541599994463189e-01
8.824761784467565207e-01 -2.088270696426796746e+00 -2.197896637950954357e+00
4.792571534360073326e-01 -3.547104093357696941e-01 8.081852900830530650e-01
-2.440014253635970354e-01 2.071840275848257917e-01 5.238574210671786968e-02
-7.849662505665100376e-03 4.551483355183984503e-01 6.259918719752585181e-01
-2.813743317970218705e-01 -8.290505668726647626e-01 -3.004475194452809750e-01
1.961636146184808638e-02 -6.120921064482829355e-01 1.536995574576168755e+00
-2.306952342045991422e+00 -7.558479463901246476e-01 -2.313544002414477774e+00
-1.427325096407940919e+00 5.207769076064969749e-01 -7.983677928919516997e-01
-4.167931148505226724e-01 6.099430825267657674e-01 -1.303927635408682395e+00
-8.127719067446947943e-02 6.773307125154051089e-01 1.605758580161212201e+00
1.398377680420797464e+00 1.792121951279228576e-01 1.886024519374074337e-02
-1.240150656850820710e+00 5.608426757799465090e-01 -1.121703338540820383e+00
-7.716053096194341876e-01 6.414455824452138799e-01 -6.311068641995500883e-01
-1.245184128909589516e+00 8.971067306306078626e-01 7.846627771704306475e-01
-7.546208352775529704e-01 -1.448759835636591387e+00 -1.152954846619508089e+00
2.658405799927275881e-01 -1.174298593217664166e-01 -1.387269893438426438e-01
-8.137547802797557850e-01 3.373773881954613696e-01 -1.322384354085065716e+00
-2.160287756169256279e-01 5.963992437474519015e-02 1.548506092467862860e-01
6.315914671423770166e-01 -1.368210885841899982e+00 1.031681428707446058e-01
5.901202100062152844e-01 2.738042495537140741e-02 -1.474669151042534487e+00
2.161889056269379772e+00 -2.576538230326046452e-01 -1.093919263265398678e+00
-3.299054397822120954e-01 2.369032498875810688e+00 1.177043701823679012e+00
4.963337869786820233e-01 1.681655819336984159e+00 -5.764147665922203512e-01
6.082189639002182346e-01 1.357865172860467151e+00 -3.621033473155631510e-01
-1.625103416547097890e+00 1.056853659452992922e+00 2.326955769462470514e+00
1.427552753866268564e-01 -1.607456074683512037e-01 -4.930632293733420157e-01
-7.569700409261221896e-01 1.508789000538323100e-01 -8.460641503764534388e-01
-1.767285329486580903e-01 -1.234915151813096745e+00 -2.133947680105735323e+00
-2.278730653588748378e+00 -6.277532173811175564e-01 3.879368362336019782e-01
-8.572253723385880875e-02 1.003254446665232669e+00 1.519050649093055538e+00
-2.673866044179745716e-01 -2.211968590377353383e-01 4.946008936038562842e-01
4.495929232932808217e-01 1.394873536600855557e+00 -1.067984972506446750e+00
1.024174663611268632e-01 7.865940218609570600e-01 2.200938990435665765e+00
-1.406095011023052788e+00 1.544070889898655263e+00 4.779963368730740791e-01
9.972621267400657574e-01 -3.203707909301012347e-02 1.061855064077925181e+00
-1.863503032492724865e+00 1.636405808635281733e+00 -1.427877895202998237e+00
5.877103046769756034e-01 2.352532163820492350e+00 2.018748406061816603e+00
5.907988617310522272e-01 -3.628517813707955453e-01 7.048529475282290235e-01
-4.593229438999931746e-01 -1.273226103546456489e+00 2.566833167162498874e-01
1.474893114425126051e+00 -4.425635384105197079e-01 1.245719321781770805e-01
4.938403417042103172e-01 8.396507310886971442e-01 -1.356055909665369597e-01
-5.715697251392958256e-01 1.101999710049808900e+00 -5.455691886501522481e-01
-2.418673596227136180e+00 -6.552508112687333020e-01 -8.368377282179624288e-01
-2.230540953029642726e-01 -1.478413237021058979e-01 1.422564426876062882e+00
1.258703903374174038e+00 -2.340018154637606429e-01 1.559050074504266581e+00
1.985671001888769993e+00 -1.590443724585599128e+00 1.913478480257876813e+00
-1.143357483050580492e-01 -1.046349996554128747e+00 -4.488790174745738160e-01
-1.734952652378926485e+00 4.959997468357552064e-01 -4.332196741617047042e-01
-5.082289363078593691e-01 -6.364203438382260991e-01 -5.445047235795026364e-01
1.214623505552925975e+00 7.839339242734941759e-01 2.215011058566445978e+00
5.418396002101635300e-01 -1.407196779032160450e+00 -1.268075187605443022e-01
-7.581186148993415141e-01 -1.327478369734205632e+00 -6.210757598733850360e-01
-4.191309799308763906e-01 -1.620892942536425352e+00 1.211959260483030487e+00
-9.043724755517075220e-01 -6.723971873679226441e-01 -1.115373505931828824e+00
1.041629057467630126e-01 8.347439443885840138e-01 -6.484760833776130884e-01
-1.381991761104666816e+00 5.501877967658330704e-02 1.740306487469295282e-01
-1.781951547630580279e+00 -3.726003972642896178e-01 -9.911730564866992887e-01
4.009297870093393446e-01 1.383563593215580978e+00 1.270405721492983364e+00
-3.050690290500291946e-01 1.333069041416591105e+00 1.779831950456190137e+00
4.571273589629818446e-01 -1.329198627338909366e+00 1.887340264287740155e-02
1.544224539135290231e+00 -1.861667142947853737e-02 -2.534513718062803012e-02
-7.686669694295438227e-01 -7.450505692197600949e-01 8.806108489634367764e-01
-8.546787143096268302e-02 1.444472247312405866e+00 1.862680758335534259e+00
-1.485707967415067721e+00 -1.859754217611602201e-01 3.352807431181543674e-01
1.085326500421644802e+00 -1.293144291585756722e+00 1.115067818319640081e+00
-2.514813626082964770e+00 -4.313135772278334779e-01 -1.161389495198950961e+00
-1.878526147464647744e+00 -1.870705716891175818e+00 -8.393928140218527290e-01
-2.233505718742877733e+00 1.362438656140035897e+00 -1.729662958461171796e+00
-1.125885445422934561e+00 8.837966504902960985e-01 -1.311341597567475148e+00
1.494498573445468770e+00 -1.898055737135188714e+00 7.937823470285798599e-01
1.792347819069822767e-01 -5.040367316493236105e-01 -1.599979198027213112e+00
-1.041930284991834377e+00 4.067348705682138910e-01 9.564908244908638668e-01
-9.064212688200969925e-01 -2.178691854165336617e-01 -2.993469428592309134e-01
6.582393138165951729e-01 1.058332110455865394e+00 -1.119155722928264041e+00
-1.325298862239263853e+00 6.777163583541564451e-01 5.592598885194305369e-01
9.261355954910008847e-01 -1.226383997688509808e+00 -4.793875074527434443e-01
6.268993226127221874e-01 9.312942204689578229e-01 2.024936615607331625e+00
-1.609979968469659739e-01 4.446202298414048126e-01 -5.889368290663554717e-04
-1.095656046146461282e+00 5.008397368627331980e-01 1.410925015523387227e+00
-3.425333235127314691e-02 -1.221929221054515402e+00 -6.082711882073903453e-01
2.585267368452037751e-01 -1.281813449956082263e+00 -8.916664253606831902e-01
-7.933790709915498063e-01 1.728211735153419859e+00 9.557792284791759574e-01
8.175481876878597509e-01 8.070348229871107115e-01 4.579907421095945064e-01
3.904271002691322989e-01 6.421353849338016229e-01 6.712657807827859813e-02
-1.784758729005403999e-01 -1.518025333930978160e+00 -8.965029306930865083e-01
7.810956891120949264e-01 2.889184964129860589e-01 1.339342650394599543e+00
-9.993046513192593849e-02 2.048099751768174270e-01 -1.241033026673932671e+00
-5.614808257675338865e-01 1.042154054616636127e+00 1.728748863344217401e+00
2.372998404368621195e+00 1.242356657008557130e+00 7.183289762150585345e-01
-1.094303799748169936e+00 2.873653711808541455e+00 7.140110681763838230e-01
1.371706400572625939e-01 -9.666647897678479762e-01 3.325535777864446541e+00
-1.502329159281121207e+00 -1.602235411322100456e-02 -1.657668020390441255e+00
6.658812531366511411e-01 -1.944327121995625962e-02 1.120517191084068775e+00
2.241975497480293011e-01 1.891516630592890991e-01 -3.867991762057343408e-02
-4.638025305743238569e-01 -2.734722847805844959e-01 -1.950544812534429573e+00
-1.351879771744880721e+00 -3.148741194736170979e-01 -1.377072877562421915e+00
-7.753440053120719266e-02 5.820903516258930654e-01 1.017809302929396642e-01
1.651914588525551064e+00 1.169960353724478930e+00 1.102242089839367001e+00
4.675777837948895121e-01 -1.489568591341997372e+00 7.833618377786938369e-02
-4.583628985336491435e-01 -2.362245276141329065e+00 -9.002335256175553191e-02
-1.377031018558404707e+00 7.875058414102165116e-02 -6.174896919683635632e-01
9.309515672483574811e-01 -1.150448834932339848e+00 1.109815068810240390e+00
-8.555907508467086586e-02 -2.050831153078494395e+00 -1.905428633395798599e+00
-1.323926506352112398e+00 -1.644408209195362014e+00 -2.094873438644573760e+00
-7.999056253555560936e-01 -1.119676771690743866e+00 -2.980259262667389386e+00
2.105950968001579326e+00 9.232620122052022094e-01 1.289920717452671450e+00
1.868876287261759250e-01 -1.383689922790128701e+00 -3.707610950721684229e-01
-3.733867150935401558e-01 1.140625363661486702e+00 7.191161944915132054e-01
-1.377409997842894640e+00 1.636937288749983566e+00 1.212466928682512934e+00
-5.541262907143529315e-01 -2.330950688906186841e+00 -1.074235233281295443e+00
-4.161093024082302971e-01 1.441741510786509473e+00 8.478285505871897554e-01
4.765873913589080413e-02 -1.132888556616755693e+00 -1.919391582693499965e+00
1.153710830350265448e+00 2.718483391897994483e-01 1.719037880610740920e-02
-5.660281685796396678e-01 2.359517605288359299e-01 1.938504119204818021e-01
-1.070670256709930213e-01 8.259151824010780851e-01 1.868823858877191046e+00
-1.291635899774044027e+00 1.553573938405144794e+00 -2.585594604892083037e+00
-4.260811034918412510e-01 -7.427466974551077961e-01 6.218891552586952587e-02
1.782063193397884771e-01 -1.714895455806382474e+00 -1.558191542281612829e+00
-4.061713525329246899e-01 5.465053541455655584e-02 -5.417264723165899909e-01
5.965943292160484912e-01 8.545965348880262269e-01 2.745528723172204755e-01
6.747099630065295228e-01 -5.392655257173866179e-01 4.929880523179990814e-01
1.969213376660353010e+00 -1.110525244393036903e+00 -4.825596977732842796e-01
4.631631983468756930e-01 6.037495986072283216e-02 -7.067496500788975622e-01
5.356418740364427000e-01 -6.640870509163372404e-01 2.566994762928032081e-02
2.079213165219471637e+00 2.212919049859055631e-01 1.126507482784608216e+00
-1.885925746264967007e-01 -1.256866795147344451e+00 -2.077774159343241389e-01
1.736602946114225610e+00 1.019516542864569386e+00 1.812085365513766755e+00
1.223759624309440408e+00 1.847673198355506807e+00 1.308751838069673212e+00
1.083837843665655942e+00 2.269854877535418147e+00 -2.196615245160312702e-01
-1.388714487202560077e+00 -1.277207743465369028e+00 -1.080259598471557059e+00
-6.004411610093614016e-01 5.029533097652598705e-01 -9.730714822136361519e-01
-2.019699787445560446e+00 2.419583367641384708e-01 -1.860557841645814170e+00
-1.045514659365620824e+00 -4.901421531849629587e-01 -3.276045653090561838e-01
-1.464157462152302358e+00 -1.859859314469538116e+00 2.266778120956828291e-01
-1.573427868773058513e-01 5.321082116547370955e-02 -1.738824700133477119e+00
1.551607367846429053e+00 1.818114841350035871e+00 1.258390181923523699e+00
-4.498745491585791623e-01 -3.145702693244771808e-01 -8.089210001121969196e-01
-3.343366437883663611e-01 -5.990904476603481355e-02 -5.457021055938460208e-02
4.940710803379675387e-01 -4.744189176664281860e-01 -1.553631154382681956e+00
1.408357854067839421e+00 6.910264544480001492e-01 3.476892827732623648e+00
-3.711911310722788016e-01 -8.727159905561225894e-01 1.899864246094665532e+00
-6.934178112199962385e-02 -5.551715777408444685e-01 -1.870666914057857122e+00
5.364691996760436732e-01 2.143807576690258010e+00 -3.699064846916075844e-01
1.439150649771386625e+00 2.621283481648803537e+00 2.815894863351526833e-01
1.307155605289665123e+00 1.136407992782189513e+00 1.733410289682552508e+00
5.695804918069204970e-01 5.496133641581426588e-01 -3.020793936867863239e-01
-1.365501713448151078e+00 -1.623033728002338361e+00 3.029043504679634680e+00
-1.212859576813286600e+00 2.601390749276708547e-01 6.622971744299627206e-01
-2.194025459602658712e-01 -5.756590074218799202e-01 -3.437810706902059144e-01
-7.384396577655877314e-01 -1.946345784073915341e+00 -9.740009633140140899e-01
2.261687767523744785e+00 2.742049628674018136e-01 -1.934949624632681386e+00
6.306314342374806925e-01 -1.809436704555087427e-01 1.524716911155145294e+00
6.765090098598182111e-01 -1.223955344386345123e+00 2.096389859988111226e+00
-1.130205964734977364e+00 -3.508283843748993380e+00 -1.848462940622464190e+00
8.294473958188562923e-01 -1.139428269454368037e+00 9.257847848719571449e-01
1.555699915241951725e+00 -1.021017712463983207e+00 1.817442998966780188e+00
6.615335359288543327e-01 2.566066522300014086e+00 2.052801349189824265e+00
-7.889914243080866640e-01 -2.135370269167817803e+00 -7.732095003302632552e-01
-7.694861483299697547e-01 -1.535396111118838558e+00 -5.042666358853215014e-02
-8.245978351617065938e-01 1.023151817679933018e+00 -5.060869473168169153e-01
5.360977872515646503e-01 -2.526372449329365999e-01 1.062591845250176359e+00
5.563884915978789536e-02 1.673312746697449338e+00 2.354336879803115012e-02
1.642589485343898481e+00 -6.983424985862873857e-01 8.382885496453946761e-01
1.431406461653579543e+00 1.233310976134330161e+00 1.605339138990851788e+00
4.827770597581215739e-03 -3.419595053911828053e+00 -3.228142910022180900e-01
-1.937954026625990478e+00 -2.279050138842908524e-02 1.126799065392953825e+00
1.460842525245406032e-01 -8.939345004328318467e-01 -8.401593939127225408e-01
-2.811822517266816313e+00 2.787613873970561373e-01 2.269998700054043361e-01
-1.786304497730916374e+00 1.052375382553305316e+00 1.115027092930438668e+00
-7.793905350095997608e-03 5.982962151386128635e-01 1.815604669865379606e+00
1.882603801031413671e+00 -1.715455886168072874e+00 -1.989247422857510772e+00
-1.311382978954468981e-01 -1.595641157264819920e+00 3.873765153264228100e-01
2.303093149658464789e+00 -1.700051456451600052e-01 1.442324170591170240e+00
-6.055793521371866106e-03 1.356040572255221566e+00 -5.300529681609236210e-01
1.772236011500183395e-02 3.319769198876854066e-02 -3.878892224790192467e-01
-2.828983755054630400e-01 -2.830520636701049586e+00 -3.145626128328907756e-01
-1.640129354740608614e+00 -6.850669854975172113e-02 -2.067349920255087348e+00
1.644280325898928030e-01 -7.877767185260939886e-01 -7.553986768958438347e-01
4.892194265482501803e-01 -2.193785204167894021e-01 -3.295648967034418009e-01
-1.090024164089549163e+00 -1.269620279142257502e+00 -1.774827088107711281e+00
3.822465303620442567e-02 8.684671181253134087e-01 -4.836461703055252581e-01
-7.547410413737205559e-01 -1.061964610810963161e-01 -1.060459868659330729e+00
1.930219834896168773e+00 -1.096613210301760954e+00 -2.263033388990993267e+00
6.844699176717017330e-02 -6.329897977284431043e-01 -9.615241572392083658e-01
3.610624118813183236e-01 4.897231907330309997e-01 1.333112905222502143e+00
-1.288059035358699589e-01 -4.604568136597111394e-01 1.590186493967354897e-01
4.465525446047587943e-01 -8.626448502894470405e-01 6.783820318709314900e-01
-2.995895295524296786e-01 -2.022114923400061492e+00 -7.605292885072298947e-01
2.057577332506392409e+00 -3.980064427252200110e-01 -5.252716718762731052e-01
-2.542822199214831436e-01 -1.544254751480742760e+00 -8.520105290179592616e-01
-1.470740388865811710e+00 -8.655634416821773591e-01 7.871362341108794070e-01
2.566533163129711692e+00 6.557829069321755577e-01 1.112510205818304954e+00
3.163515576682212060e-01 -6.549768959094008913e-01 -1.151251868515920096e-01
-3.105607708284702229e-01 -1.274857903697044437e+00 1.025297328968712396e+00
-7.037704350375100226e-01 3.529159616461285953e-02 -1.204213705251286459e+00
-1.610615584971146985e+00 1.819619520771358356e-01 -8.631552303765110956e-02
8.254031694768402261e-01 -4.992441344517905000e-01 -1.217579042357189945e+00
-7.676652744231367009e-01 -8.139006718090631143e-01 -7.004708015735214843e-01
1.954009419448103912e-01 -1.356082413569600797e+00 1.002367201340478520e+00
-1.299086421871912478e+00 -6.245057812803973540e-01 -1.289966632683122949e+00
-1.635285040780956933e+00 -7.932492925307486065e-01 -1.669920700157702109e-01
3.670131249866219747e-01 4.805813917627466125e-01 2.141040322720696443e-01
-1.649770607618387119e-01 2.586883645113795538e+00 -7.004242423753972435e-01
-1.168201049487749277e+00 -5.457796223786299805e-01 9.672820151675474154e-01
1.063656694778814416e+00 1.157074233458721402e+00 4.953813056742436549e-01
-1.374367173863663139e+00 9.688014410784040464e-02 -2.785247032978033221e+00
5.764152241977117397e-01 6.051881739824357398e-01 -2.052711048395640114e-01
-1.253191550095435369e+00 2.499541995619976031e-01 5.846024525913062764e-02
-6.303494271040335217e-01 -1.467564075699544501e-01 1.418475277489868791e+00
-1.255916945007245600e+00 -1.624494341052846735e+00 -7.898212500279230275e-01
-1.785289422552252869e+00 6.362439743376768764e-02 -6.819138766843080290e-01
-6.495812876340527620e-01 6.347930605834092299e-01 5.588920524585224703e-01
6.483610772224297492e-01 1.736346087409496031e-01 -2.443673011877075529e-01
1.072150348451802016e+00 9.530774391511478427e-01 1.895713277819808917e+00
1.895579486391618662e-01 4.584807045958916305e-02 -4.170836075185463954e-01
-5.516880625398261628e-01 -8.565421082226104543e-01 -1.283038095074334084e+00
1.676300712535366833e-02 1.940556688442635069e-01 2.474671628297689385e-01
1.452853089601365166e+00 5.837343197122646377e-03 1.516707614626724210e+00
3.724647285996218748e-01 1.478886147116468708e+00 -1.808109652906063403e+00
-1.263520640597048939e-01 4.777091149951669946e-01 1.534756288637411092e-01
-8.848465224067394441e-01 -2.237717061994775936e+00 -1.721641980204674516e-01
-1.627124067113930206e+00 -9.715628719470805752e-01 -1.530396978597444058e+00
-2.315664098645287883e+00 -7.065193571367378578e-01 1.281427510759195254e+00
5.514406519463330714e-01 3.460243537447059148e-01 7.982859443782281961e-01
-4.082005814566178614e-01 1.004487417459192677e+00 1.617238360151661336e+00
-1.741994805818388947e+00 1.776596790561528194e-01 1.008515553334589976e+00
-4.571700867902939169e-01 -1.837732725817484480e+00 8.583572386452857916e-01
1.217935358522506117e+00 -2.422868111725646756e+00 -1.665953695171353388e+00
-8.554372106957248700e-01 6.749996102479984827e-01 -2.948225781114909516e+00
2.643708116505492534e+00 -1.080557316206917307e+00 1.542592130006504192e+00
-4.838711129512126008e-01 1.319126840863079186e+00 -1.533425993278766164e+00
-9.273404659719926002e-01 -7.330052468675456456e-01 2.752177437418898087e+00
3.249242908919324213e-01 -1.438442151966595750e-01 -5.696127194866518195e-01
4.198774018703281263e-01 3.693077144176104554e-03 1.382397314466346838e+00
6.503042520011006467e-01 1.004972906250237941e+00 5.802113908277468646e-01
2.660309237535261606e-01 -2.285308440080185965e-01 1.317950624863471143e+00
-1.214647171504587231e+00 1.101493814727766196e+00 -1.102612448787299471e+00
-2.445689668332416744e+00 -1.247898485145817027e+00 -9.177827903216168037e-02
-3.841376417871200655e-02 3.643740691909581053e-01 1.113961394298043750e+00
-1.991393231198492320e+00 -4.841142963599606719e-01 -5.743442287053157624e-01
-8.037265080244628823e-01 1.565072837603790568e+00 2.310342593044433235e-01
8.451752982468754283e-01 2.489989908543203789e+00 -3.880345006244177997e-01
-8.053880580727459382e-01 -2.390359520004304850e-01 2.239392469350636183e+00
2.111661757290546504e+00 -1.401979663020488820e+00 1.202001543941765282e+00
-1.126889029231634254e+00 -1.362090517726677330e+00 -1.267208325828280469e+00
1.121472295843494837e+00 1.167121019457042053e+00 -5.778364215855325003e-01
8.048182514329200732e-01 1.223831577060119358e+00 -6.313916959249732397e-02
9.707819989437409536e-01 1.516251698850863971e-01 7.048442803260334122e-01
1.530689357861998001e+00 -7.625415726330453392e-02 2.225522537649202715e+00
9.853162650180734561e-01 1.478785404435321471e+00 1.054959742356959551e-01
3.298716084885149336e-01 6.595354008847172933e-01 -6.450062512680896365e-01
3.324014203021167235e-01 2.010247653527614253e-01 9.813121343931641150e-01
1.287758522999557176e+00 7.069959354457000522e-01 8.504937855157629345e-01
1.149977282684303548e+00 1.457131719743173459e+00 -1.191804646713459537e+00
5.489608368914948855e-01 -2.812860742952987270e-01 3.466389398257002652e-02
-3.411772377513346832e-01 7.394147073157784078e-01 -1.023195106165087909e+00
-1.369687649570916044e+00 1.371298778741170121e+00 2.570671573062852100e-01
1.901280887192853264e-01 -7.577289868476924095e-01 -8.397034419549109785e-01
1.986034992708821667e+00 1.753713991227630498e+00 1.106708383592904354e+00
-1.252466288592106736e-01 -7.532564554135527946e-01 1.775199900805275455e+00
8.043358782606540025e-01 -9.244860959743155249e-01 -5.913027613238054370e-01
-2.201287029394130013e+00 -2.505083860245961969e+00 -9.825862914067290399e-01
1.043453382290806752e+00 5.946594366778369389e-01 -1.169279232170995497e+00
-1.128265364820662642e+00 5.479805401190189773e-01 -1.507979780018546379e+00
1.465860325654048335e+00 8.451850075723768008e-01 -6.298490118361284029e-01
5.775308514034033225e-01 -3.806382943933596108e-01 -8.127693972594596250e-02
1.515791543048240930e+00 3.167108261247986722e-01 2.412837941756068028e-01
-6.909924713528119433e-01 1.169067852350495151e+00 2.379430844214007301e+00
5.952653896688002710e-01 1.489475213470818460e+00 5.190526232167922416e-01
1.788577927257901656e-01 1.150427123232156124e-02 9.148650591420457445e-01
-1.781140756326401453e-01 -1.211508925787332824e+00 -1.335579501100148114e+00
9.124250077376698798e-01 9.655719487393171763e-01 -1.897451349910638241e-01
-7.211709124194916054e-01 1.411039962910887180e+00 -5.384310105429345183e-01
1.928192595048652258e+00 -4.467298164417176087e-01 -3.663184036198403049e-01
-8.417632970975956752e-01 -3.504265978763794198e-01 1.010564767167877243e+00
1.422646465203862842e+00 -8.317971348729319425e-01 1.632456041700680593e+00
1.276231033703917994e+00 3.058037939402459271e-01 -1.545994352946202799e-01
-1.181226795690976328e+00 -1.321341076143758064e+00 -6.145631541415954580e-01
3.458041513634753095e-01 -2.879953756932994713e-01 1.115866021184038104e+00
-7.684753117927236588e-01 1.224418424354892565e+00 2.857829448982527776e+00
1.610057573646488160e+00 5.172973644388398906e-01 1.381806745714187157e+00
6.161788692054704919e-01 -1.131632088301044003e+00 2.068504390717891717e+00
7.788672419890390053e-01 -7.861173553353849597e-01 -1.059944389008045107e+00
5.689610293002690389e-01 8.044334759103306531e-01 1.841461008916979170e+00
-2.780379659707974405e-01 -1.453993071227455580e+00 7.056617619819349763e-01
1.867893748535092158e-01 -4.109478966187101179e-01 -9.932199699444999030e-02
-6.276794433550394459e-01 6.775509732169334720e-01 4.865368554552784719e-02
1.330452321783348602e+00 9.470295537305368772e-01 -7.633669365705866294e-01
1.017249858576881882e+00 -5.766618312543900782e-01 3.355015735227818707e-01
-6.380490930975156738e-01 -3.557407379652692381e+00 -1.457986473578021691e+00
5.468869355388850106e-01 -1.489199745458079871e+00 -9.275603109138845781e-01
1.508878926888442162e+00 -1.002221737196336004e+00 1.222994505016195887e+00
1.211161484353711071e+00 -1.718009909568071203e-01 5.650316379113812237e-01
3.088534623753247388e-03 5.788401680595445242e-01 1.007441301618031249e+00
7.924323469620279115e-01 4.600571676774458663e-01 -5.457811655614313029e-01
4.691551891821387210e-01 7.641177680856968690e-01 1.726678629551456678e+00
-1.767939810736007811e+00 -2.416906376395402400e+00 1.257512638287451856e-01
1.484682865406242058e+00 1.512165031072383981e+00 -1.439876902913950207e-02
-1.873940191263115951e-01 9.074560942956866327e-01 5.607674836709314325e-02
6.774003935961261380e-01 3.144473235436011649e-01 -5.210803420368340655e-01
4.320485437984347143e-01 -1.378435253808223182e+00 -2.429357930410631083e-01
-5.703261647022980219e-01 -4.837591008960113181e-01 -1.748789789440794662e+00
-1.609729823661707471e-01 2.001117347906315125e+00 1.964786140396195480e+00
-2.539810496253767980e+00 -6.383993185101086709e-01 3.094371865391727372e-01
1.766443465971996085e+00 -2.484385685015672030e-01 -1.104428167335542721e+00
1.511157862839834110e+00 -3.814652349027458644e-02 1.963276911763878751e-01
-8.729011418198853178e-01 -5.667154049046829734e-03 2.612832412363007561e-01
2.008234165828966411e+00 -1.345946131713074756e+00 -9.975933724211571985e-02
1.005362297923348525e+00 -1.683760042876463192e-01 9.309017410101878554e-01
9.221016043690539732e-01 -2.852554559055938466e+00 -2.525066070251573702e-01
-1.612506412220581664e+00 3.187719764457112026e-01 -1.321662624769865735e+00
2.224274732043363678e-01 1.645419011548733046e+00 2.847019053325580140e-01
1.321328649410890232e+00 -6.513470844910143054e-01 -6.115447596247269857e-01
3.195000763921846954e-01 -1.223912898032303298e+00 -1.127694182802720935e+00
3.710934457966567068e-01 -1.881599106024444135e+00 -1.491715579717205031e+00
-1.369532747357812497e+00 1.709663092955596708e-01 8.481610437298559013e-01
5.235164141903713153e-01 9.330567790104810078e-01 -8.344623285744408037e-01
-4.909770526805408708e-01 7.924827704496084646e-02 -2.622009916373940763e-01
2.249004504471633359e-01 -2.980626635029037796e-01 2.857465875430190705e-01
1.956019448276832051e+00 -8.165612204251122552e-01 1.181027607356370579e+00
-1.070578320204110589e+00 3.179408679582221842e-01 1.056859801939491472e-02
-5.178340810575655651e-01 1.021953441545399022e-01 -1.049265215279716834e+00
2.151775018498495728e-01 2.046257244958705090e+00 6.932662820452718533e-01
3.959058454618480383e-01 -3.372252677611455862e-01 -5.981331426155620523e-01
-8.373860661418226492e-01 -1.771318008056786408e-01 -8.979676505827136612e-01
1.090215656041081393e-01 -1.051567463742241193e+00 6.078328602563810579e-01
1.950486685887949045e+00 -1.657025837877925678e-01 -4.913557720786202454e-01
4.904276480833060781e-01 -2.330102164454157965e+00 6.579325303865899421e-01
5.040431361265618193e-01 -6.873034997832290216e-01 -9.287317192215123196e-01
1.172249413230373571e+00 5.558920148755908119e-01 -4.165164241474790252e-01
-9.362715067453946105e-01 1.305873152031290285e+00 2.670548361512300239e+00
1.179823222170514940e+00 1.167113529933144545e+00 1.372172749244623180e+00
-5.499716086627607359e-01 -1.059191226414078146e+00 6.530856354785186113e-01
2.183539398916263252e-01 -7.036790222392699246e-01 1.280359017887005901e+00
1.604843362853759503e-01 8.430807150970869301e-01 -9.667791674574321981e-03
-5.295159692203418311e-01 8.289294943043059583e-01 -2.026163056555890130e+00
-7.976229139942720980e-01 -7.534294624400501572e-01 2.091916346793513126e-01
-2.000304293209051121e+00 8.421779331894646559e-02 1.806898077264899483e+00
2.168532925366483122e-01 7.559469280352901777e-01 1.839617357735974901e+00
1.139205142230410139e+00 1.052831608404338315e+00 -1.616772091295083591e+00
1.069249355473729013e+00 -7.761591364376072555e-01 7.007073435338813105e-01
2.455358292029150569e+00 -5.485227995540076229e-02 -2.530392609365866852e-01
5.403725296962853530e-01 -2.088715348264885474e+00 1.626299738600943900e+00
5.697526176071243675e-02 -4.610473961361992723e-01 -2.470160749178090143e+00
-5.303120945450084944e-01 3.561560997463479872e-01 2.374151084383655519e-01
-6.321729137591166614e-01 -1.024938068044464412e+00 -1.549859907978458295e+00
-1.119096585213454009e+00 -7.706282216036015598e-01 -6.558826533171523421e-01
-4.946853482479285358e-02 9.754728863591892729e-01 1.137530207845431462e+00
-8.258789945132167798e-01 9.376271544022896087e-01 -2.376122223469260275e-01
-3.314942277384615998e-01 -9.789560536858610273e-02 -9.208735240503199693e-01
-1.527297262658733779e+00 -1.514403040485690299e+00 -6.232972375242816776e-01
-2.869976249280508096e-01 -1.252533777977395513e+00 1.069065896472613408e+00
-2.338807538984538636e-01 1.517813113246208490e+00 2.763547109177112437e-01
-3.093053874169386930e-01 -4.318867034812656769e-01 1.004488347347946564e-01
-1.718370780510583007e+00 3.312637368946834693e-01 -1.476809931844185630e+00
9.323872084621732670e-01 1.174361019929478056e+00 1.622819959936333101e+00
-1.815256542640076853e-01 -1.196055928343067620e+00 -1.694143046834017952e-03
-4.030323106973493497e-01 -2.202926105154384473e+00 -2.817384212951416500e-01
-1.485348851953244731e+00 -1.994387157624870621e-01 6.519209616887943204e-01
1.225043965845773020e+00 -1.169926838909650435e+00 1.792158512491325295e+00
-1.835488504687793343e-01 1.611309266003191576e+00 1.107940125401022380e-01
7.838350918726261218e-02 -8.118595650379885065e-01 -2.334931279492757916e+00
8.648053084625000331e-01 1.739522705072261255e+00 1.070300915917568041e+00
1.545620398731894163e+00 1.200740315966485561e+00 -7.163804905135517931e-01
1.358031550040126878e-01 9.191717918595621040e-01 5.934787915235572031e-01
1.572911070686811907e+00 -9.942767806236552097e-02 6.476541878892136950e-01
1.928460250291710976e+00 2.599630000895068460e-01 -5.225109602020683308e-02
-1.336604828209908558e+00 -5.323504365979707664e-01 -8.932521688504996282e-02
-7.744785944446681558e-01 -6.314000569432647314e-01 2.772493659905708174e+00
-1.238060952135720871e+00 7.514561035218114693e-01 1.412236814292226805e+00
-3.761201481793757795e-02 2.156258814524256717e-01 -2.393730983119355393e+00
1.929185392815654376e-01 -1.392949375910119247e+00 -1.430150897196488913e+00
1.895428308919874238e-01 -2.388593497316587877e-01 2.561884391407647232e-01
-4.251549283991962191e-02 5.586625117660757311e-01 5.233652924260150385e-01
1.148519243393312905e+00 1.610749846012931252e+00 4.919212898100823184e-01
-2.354709924110212071e+00 -7.492459218460476578e-01 -1.853723972468316883e-01
4.101008035650168804e-01 -5.205783368536577305e-01 -6.718432387701886999e-01
-1.009226011673950429e-01 -9.388075477117791001e-01 1.471620916371057630e+00
-1.032788785328008441e+00 -7.823429340374492558e-01 -1.876491810167665308e+00
-3.966852663691590175e-01 -3.265091912257638840e-01 -2.034389826206111529e+00
-1.556825585422312086e+00 4.657155990114353328e-01 1.575663341996082600e+00
-1.340599459501203405e+00 -4.529245556593574640e-01 1.059674289365611921e-01
-2.411294732451318978e-02 1.664966619955887017e+00 1.363973463714739598e+00
-7.824252699621809803e-01 -4.779044624161112864e-01 -1.874000052610883538e+00
-1.307544231395459056e+00 7.364497862070100709e-01 -3.213608115374048113e-01
-4.295232365994527957e-02 -1.547427460067759997e+00 -1.244089320067440774e+00
-3.862033461516649613e-01 5.924113437629232592e-01 -6.257660492711165645e-01
-8.876257495443121703e-01 -1.049788606422924708e+00 -9.935631291077948735e-01
-2.259906180910419060e+00 -9.833908791723056098e-02 -2.686691939947935648e+00
1.100893089664156888e+00 -7.495754323879764147e-01 1.251402061689937950e+00
-5.859417375046260812e-02 -2.874265825673576469e-01 -5.645220318519658109e-01
-1.480425204761767422e+00 1.081768914955449690e+00 8.821065520133175575e-01
1.743005240998227734e-01 2.385577701101827319e+00 2.217825388514058083e-01
-1.934196543008711022e-01 8.609827901575939357e-03 1.146958645073971272e+00
3.412770480822385211e-01 2.749406206959138732e+00 2.655720780319854590e-01
1.175954986696092774e-01 -6.360148401773910720e-01 -1.649981784347023916e+00
-2.775482082325794186e-01 2.365739376021620100e+00 -3.586066743421534309e-02
1.193860859331353219e-01 2.587379521060758858e+00 1.659241193782956758e+00
-4.256854613933332976e-01 8.321846422112115782e-01 -3.052450885757669319e-01
-6.085154757620837573e-01 -2.804305201573844997e+00 -1.216879832072042422e+00
8.402546878236633043e-02 -8.589012472566555090e-01 4.985349157200627546e-01
1.795265239466086182e-01 7.240212708517831386e-01 3.772281931029583535e-01
1.705790777247815360e-01 1.080535135222365106e+00 1.241363013703461249e+00
-1.357929705843919921e-01 -1.438410861930750073e-01 9.205534185024299987e-02
-1.735602416972751860e-01 2.065864888684389999e-01 -1.780261382808247195e+00
-9.648947829212670690e-01 9.793442073524105673e-01 -1.988316032780549358e-01
6.457892502657494038e-01 -1.068831728527420033e+00 -2.820167066833667580e-01
1.421721043861465361e+00 3.567125493413976223e-01 4.123566996795074990e-02
8.212712123028107492e-01 3.643969097689199188e-01 -7.128825600861583567e-01
5.659468681428942993e-01 1.238615144633600895e+00 7.594958417858658217e-01
1.024375074519680684e+00 8.249134615899897938e-01 2.862014577042063523e-01
4.993961885987551197e-01 -5.310842112113800528e-03 -2.180722269546044867e+00
-1.229527410385340858e+00 -3.775135007894873107e-01 -4.754588636493561893e-02
1.744678143630818745e+00 -1.087956987240967788e-01 1.135082619035422957e-01
4.480499520737041830e-01 -3.166722879410166502e-01 1.841378922711610633e+00
1.278361889810531338e+00 -8.071128384571504277e-01 1.403510813765052490e+00
-1.235379786804524649e-02 8.315689280525594418e-01 -7.352412115280722027e-01
7.421027399551605175e-01 1.290427056776059622e+00 -1.513356933775305890e+00
5.686245977673229923e-01 -1.573637361192055106e+00 -1.069343827716880302e+00
-1.426281257856484075e+00 2.119195288789444298e+00 -3.220465414754220213e+00
-1.460843363920195648e-01 1.809429008162780628e-01 -5.501913732785155275e-01
-2.770461057953136574e+00 -1.081916592985079362e+00 3.807177979187603700e-02
1.098646635856143083e-01 -2.609207009537118926e-01 -2.526409389240214853e+00
2.070960505304940469e+00 5.951380074104043461e-01 -1.591051261106657400e-01
-8.899008579872993430e-01 -3.665490983719051910e-01 1.278885388086729247e+00
-1.360091378931922002e+00 -1.711714828666127675e-01 8.574218753374076574e-01
7.141018636856384383e-01 -1.862529936891950122e-01 2.776191776990635240e-01
-1.273529448915449169e+00 7.963431287713751416e-02 1.500702461059273851e+00
2.414962919296245403e+00 -8.602454742048384340e-01 6.542156428475992547e-01
-1.427673647635820053e+00 -9.898464810845619688e-02 1.425731362549885084e+00
1.277715747847835370e+00 -1.824721497221476030e+00 -2.101075785641214111e+00
-1.303844444848207162e+00 5.439325353084438763e-01 7.878289212060129998e-03
5.923410627795109296e-01 -9.932030195104246673e-01 -1.447930046929995607e+00
1.194257103344139148e+00 -6.269899933707151485e-01 -1.153870887088725539e+00
1.949458958012248333e+00 -9.534577172376186294e-01 -1.993415778893123047e+00
1.002938314735261516e+00 1.074453130682558211e+00 -3.623682959474656684e-01
5.540240063969406048e-01 -9.599738093458469734e-01 -3.935458232358221564e-01
-5.526426102080137515e-01 1.352760167162299521e+00 -1.092818415799964527e+00
5.107505983408242578e-01 4.971565111945537296e-01 -2.515649672512622725e+00
-1.239315211801523819e+00 3.938366353066580228e-02 -8.600928265750300561e-01
-2.081167381147317919e+00 -1.642178336526231019e+00 -2.472653244195358035e-01
7.653332175390087366e-02 8.534699088887416352e-01 -9.497900189418873040e-01
1.214135297904782806e+00 1.293007586778404328e+00 8.607562483041175661e-01
1.525086239872731397e+00 1.399956370347449353e-01 -1.571460189812531993e+00
5.602795806309348592e-01 -7.507617087176843285e-03 2.686203880328046356e+00
1.349095782922856257e+00 -9.783842938224223129e-01 1.582281257294899213e+00
3.520678754781467745e-01 1.049624254582849803e+00 -7.747414816230828727e-01
1.327745660918927317e+00 -9.421618775541338309e-01 2.277264060234867049e-01
1.192953626076133533e+00 -6.876278648269970040e-01 -4.096693360593959277e-01
1.233172144057896658e+00 8.052260637207657723e-01 4.912075722898662788e-01
-1.501110727266496414e-01 -5.470383764691250095e-02 -6.633276580165333725e-01
9.708883496014411030e-01 1.598925495114741357e-01 -7.929878446028959527e-02
1.225082618954204672e-01 1.382285447894106900e+00 5.760765175500598412e-01
-1.429364299914883896e+00 1.384886293758377018e+00 1.573223750340949634e-01
-3.152260224981258130e-01 2.048876790167193818e+00 1.905525527343737702e-01
-3.920204996243196738e-01 -1.103342746151959597e-01 -5.331114422208065307e-01
-2.397098019231346022e+00 -1.558307871654746712e+00 4.649344107777112489e-01
7.904523216604020242e-01 1.372897068718001545e+00 1.939809126937986905e-01
4.661968880728137865e-01 2.146916366045553470e+00 5.000037130740894176e-01
-1.909186557697959419e+00 9.927941756279062835e-01 1.581308924034579455e+00
-2.825378877085286788e+00 -1.696450441055708191e+00 -5.893093041111685526e-01
-1.512406058803619002e+00 6.784184046325429929e-01 -1.236107414746256961e+00
-2.135923582871376070e+00 1.165358969720502236e+00 1.040230716154094903e+00
1.321934653168305163e-01 -2.427234580028714728e+00 1.190912832156042933e+00
1.833839023483106789e+00 -2.740204322569650408e-02 8.227898042786024879e-02
5.189477335741377040e-01 -1.174101707454469068e+00 -6.285047655452430382e-02
1.725593360917396790e-01 -6.112525241467939852e-01 -1.261803096046697270e+00
-8.760269275837607728e-01 4.963469751628807325e-01 -5.021258354061630680e-02
-1.163648139959264416e+00 9.901491910770539029e-01 1.015949828483754924e+00
7.902266083631213078e-01 -1.990817843407895582e+00 6.968012435335346755e-01
1.688366052565771103e+00 2.110864048541937210e-01 1.769565186395846146e-01
1.693572634358931239e+00 1.113410803639566016e+00 -5.623275062061512397e-01
1.315949385637324553e+00 9.397616462112466929e-01 -1.589963089424292875e+00
-4.386888462408816691e-01 -2.698387716055439256e-01 -3.964752368569246510e-01
-8.873524960002576734e-01 -9.048548291144978828e-01 -8.816297963038328689e-01
1.172121403186353827e+00 3.230963839947452954e+00 2.499149518067959264e+00
-1.486950502255991236e+00 -5.161310528611995352e-01 3.661621115990756348e-01
2.733772978207403614e+00 9.418013790472392621e-01 -1.693956221734440604e-01
6.109129011499241368e-01 1.952155120849954573e+00 -1.004780734154206545e+00
-5.056146625947228745e-01 -5.318320129301434829e-01 1.438811312291899736e+00
-1.949842124456325099e+00 -5.224748567319390524e-01 1.113407258733375649e+00
-4.035979538559369972e-02 1.401682433634827696e-01 -1.360017898927545765e-02
1.133541389920736386e-01 8.225018882083534599e-02 2.565599302236173607e+00
-6.670019360019565635e-01 -3.452087906664939032e-01 -3.366861450705292413e-01
1.902585160818408783e+00 1.182783516410138347e+00 1.685717660528055495e+00
-1.092829858976200885e-01 6.231475033131053110e-01 1.572084355029998548e+00
-6.505437164261720362e-01 -4.612164322499692215e-01 4.273446308447239605e-01
-2.409938429138593907e-01 3.413408346194439225e-01 4.834888775133761585e-01
-2.690873486343950960e-01 9.146492425466470344e-01 8.498830486869703993e-01
9.702486560614655975e-01 1.001968449483987111e+00 1.460229956546684971e+00
-9.183585758651986453e-01 -3.691390841338562656e-01 2.263283145001935281e-01
2.144932119626810518e+00 5.254035589833049302e-01 1.392073568949133922e+00
8.531108341447430909e-01 -2.120642989852800642e-01 -6.892004969443268347e-01
1.490675524570681976e+00 1.257904275735933108e+00 1.954722145657803223e+00
-5.962313990151892895e-01 1.964759031525725286e+00 1.026704932614711963e+00
1.594444927501932563e+00 7.913677406934438441e-03 4.972051057085044024e-01
1.256495259069080994e+00 -1.882611484053836381e+00 -8.014732921953446887e-01
-4.502144489120492032e-01 -2.551348957797144879e-01 9.997974528340075606e-02
8.915788697007598351e-03 -1.485896852161249004e+00 -3.512476663333518045e-01
-1.009969898476896777e+00 8.198096893207402758e-01 -9.087695838639242574e-01
