8.748424447468126086e-01 7.689257521836820874e-01 8.473902348149320307e-01
-1.519510222090669771e-02 1.223610221071592008e+00 -8.772149296219953207e-01
-1.362002809002547554e+00 -2.451223174233888025e-01 -1.592632355647735753e+00
8.999582921178737038e-01 -8.840745131334848406e-02 1.082267780048902672e+00
2.068319319777076615e-01 6.342704521007673790e-01 -1.609545834411908682e+00
-4.345252554998312311e-01 2.559159685532150785e-01 -3.293467805044577590e-01
-1.030491701902776835e+00 1.726414889254497487e+00 3.633731238882459191e+00
-1.217565606662136535e+00 1.550704938802557109e+00 -8.487464201431111910e-01
-8.494769614093775623e-01 6.515367020892773864e-01 1.750722574980845270e+00
-5.093118325006171787e-01 1.535169190648087323e+00 -4.640259165033864264e-01
1.338052327811736220e+00 -2.276627258812291554e-01 1.057582418363995913e+00
-2.202302874073186478e-02 -4.928722436323746958e-01 1.800529139870091777e-01
9.897826073189103235e-01 1.868982522881170505e+00 1.028777678548191465e+00
1.383288706301778248e+00 -7.492893426106526089e-01 -1.187667295745908236e+00
-5.585586111615352678e-01 9.848203296126381012e-01 5.715665185296912032e-01
1.301667802359630643e-01 3.667075532763737211e-01 1.925702681515484294e-02
6.743570491679229395e-01 1.602035865465463171e+00 4.323533428694292802e-02
-1.247359935356378902e+00 -3.883001783533228668e-01 -1.487262803616637319e+00
-6.860878506434426871e-01 1.393470502828307644e+00 4.856206663508508825e-01
1.497934880408088532e+00 1.383969328145916222e+00 -1.889796468513100347e+00
1.290125463079726753e+00 -1.703751822559561591e-01 -1.887850722275614679e+00
-6.463686402443824530e-01 2.705534047647604190e-01 3.083790092004525807e+00
-1.278965888512115789e+00 5.027931259962805655e-01 -5.804648026223884205e-01
5.623379776494230597e-01 -1.488084003253624665e+00 -4.792987703302525881e-01
7.488340690609904815e-01 -1.121690858544928560e+00 -7.379064261116730084e-01
-8.559648673520312556e-01 1.522367746140169231e+00 1.264005214990078230e+00
-1.529446035740755327e+00 1.338338505030896242e+00 -3.119452005474233625e-01
1.038812806738535599e+00 1.540195207917849363e-01 -2.359340607312867544e-01
5.856672778798170942e-01 -6.375332977493075592e-01 1.442851759986040205e-01
1.860641139840921499e+00 5.746631763505412049e-01 1.234858814821493178e+00
-7.904352335772382165e-01 -1.838206104043733635e+00 -3.652893774818787853e-01
-1.782333058539533166e+00 -9.954855948597621795e-01 -3.497322473743014193e-01
-5.744767180635319548e-01 1.695292572455835201e+00 7.513630141744431779e-01
1.753896539237665086e+00 1.147271875281806741e-01 4.367752612300534132e+00
1.113011946728672763e+00 -2.033643332185161023e-01 2.005077774745306574e+00
-2.520131563710947820e-01 1.419420506122645254e+00 -3.505187361310919680e-01
1.105666494820785717e+00 -1.308991365184529521e+00 -1.522985069020094118e-02
8.870669014800531826e-01 6.958033663386298251e-02 4.906842175320509369e-01
-7.487988202814380712e-01 -7.879968981329775746e-01 -6.346135865119519881e-01
-1.364831768197483974e+00 -7.746326601590934890e-01 -1.331373892786945401e+00
-7.912400805688197813e-01 -5.933279223995863161e-01 -6.048306886854959430e-01
1.052850942752189489e+00 -1.110077252839096751e-01 1.262500070554644305e+00
-1.595706141156443270e+00 2.807029256171214904e+00 -1.973090585284962728e+00
1.562134186775726130e+00 2.249686593065155504e-01 -1.298436809419113214e+00
-1.783350260278171451e+00 -2.718054395115920285e-01 8.261962159202507205e-01
7.370940247399851986e-01 -3.135409543593205006e-01 6.289075466698517136e-01
-8.912212325533972468e-01 -1.011464817953920514e+00 -3.501464081103145554e-01
2.314691946423224067e+00 2.050160948795742399e+00 -1.649192303673827631e-01
-5.569974258504134523e-01 -1.010791152870674114e+00 7.759858328709592357e-01
-1.399525769845515466e-01 -1.044923292002742254e+00 1.213656644737617363e+00
-2.309460859892999096e+00 -1.767708047818631334e+00 1.631923122395027459e+00
3.315507724571420956e-01 1.238335127716361672e+00 1.013396120227132435e+00
-2.872489759080025795e-01 8.352116273955423331e-02 1.103641869095222106e+00
-3.458163272999200677e-01 -1.714321340254674197e-01 2.174318994078488831e+00
-4.950045014399808152e-01 -3.487391414251714838e-01 3.106899987693626519e-01
8.836185326000955964e-01 -3.101765350643138630e-01 -1.359462548272317717e-01
1.235331744899567319e+00 -1.192374476711639764e+00 1.868232397674908785e-01
-1.542713753614627370e-01 1.921157413939524883e-01 1.531474146854239438e+00
1.268869410952000898e+00 -3.825679422720172917e-01 1.274612691703540523e+00
7.083218465470064729e-01 1.607452704942566424e+00 -4.147461110685158880e-01
1.700361776255701063e-01 -3.451312271131945941e+00 2.857132197202999491e-01
8.289842090666237340e-01 -5.003367492620161006e-01 -3.262832413116552033e-01
-2.036198094716422657e-01 -9.680085947568403126e-01 1.610072490224528918e-01
-1.108068151462627382e+00 -2.806548621081403905e-01 1.650814274555169492e+00
5.815697045832252110e-02 1.349160657117983719e+00 5.051961446709918313e-01
-3.166134239569735165e+00 -1.251198205638247574e+00 -1.221230488644027279e+00
-1.073719218875621273e+00 1.415576355305510514e+00 1.312316694765615299e+00
-1.081510257982550405e+00 1.282266838194936032e+00 -6.432621419969033472e-01
-9.955116435756252713e-01 -2.681800097797083726e+00 -1.846886777158727178e+00
-2.582735822844002271e+00 3.164325104186467286e-01 8.153267665525376628e-02
2.841360161143748897e-01 -9.525350699913450736e-01 2.151529980997951785e+00
-7.295819903050342337e-01 -8.412023715122125544e-01 -2.047082870961549061e-01
-2.858214788012080065e-01 -2.361185101240936834e-01 1.668175018583497593e-01
-3.154600663675137806e-01 -5.076065384802090907e-01 -4.666391587072770131e-01
-4.387064508568605525e-02 -2.513696511121665811e-01 1.116815480123693805e+00
2.397404423454357891e-01 1.140138480521697417e+00 8.582609561552706490e-02
3.426692475578285713e-02 -1.124388719224132416e+00 -1.107153874008406147e+00
1.110397804634370988e+00 3.038278942557409157e-01 -6.048323565360973486e-01
1.834669618091877563e-01 2.568662124264464719e-02 -9.905602767174934709e-01
1.779430300294629674e+00 3.351389753195253007e-01 -9.822898723072170935e-02
1.980237965854948934e+00 -1.103695476886978222e+00 5.409574954922836687e-01
-7.681902386107002378e-01 -3.061966965766482751e-02 1.821264833949587381e-01
8.129884114337919687e-01 -1.476615922197032305e+00 9.974043356224726598e-01
-6.767138562479018127e-01 -1.077675743880261772e+00 5.325262201718508059e-01
5.536668061875629210e-01 1.308840718800122094e+00 -4.137665831746528688e-01
-4.312515744105623883e-01 5.907827157406672081e-01 5.347473400284883382e-01
-5.967450829950863289e-01 -8.906529782564857056e-01 1.647463051095100495e-01
-5.006604316104092955e-01 -1.530084647129211328e+00 -1.711604547389321329e+00
5.979950452919857717e-01 -3.479018902935885338e-01 -3.951924637922632488e-01
5.902205492990520996e-01 1.017187802291854126e+00 9.876556538866672064e-01
-2.623812793478972893e-01 -4.425733458689934396e-01 2.688756967603129766e-01
-6.364637049303656369e-01 1.203987765688633083e+00 6.995808193350533388e-02
1.016418532463055691e+00 1.981498633048346392e-01 4.639522981515017963e-01
-1.269303222075172100e+00 3.777205129908536296e-01 2.594153973135309599e+00
-3.155955565726786816e-01 1.283184119926266686e-01 -7.592440733869263436e-01
5.339531063553324408e-01 -2.162398675300948314e-01 -1.522406921176181482e+00
5.141345699614089382e-01 2.227090185709953207e+00 2.077646002625688659e+00
2.800086488596391088e-01 -1.100643413449958086e+00 4.293181037499101405e-01
-1.365824489488298266e+00 9.261365469727456112e-02 -8.356332901372969246e-01
-2.298918776822758581e+00 6.054693313843579894e-01 -9.161427892870834810e-01
6.992274025377513968e-01 8.428514350957105883e-02 -1.521792958285405950e+00
1.001153235372715500e+00 2.796040236833799320e+00 -5.692043298487301506e-01
2.989446410192838854e+00 2.298741820104341915e+00 1.666304088832460950e+00
2.325442112516283300e-01 2.028523012060911235e+00 2.262931669367889143e+00
-1.111449212920463392e-01 6.076103900371214728e-01 -4.735941791204774098e-01
2.982816464295423575e-01 1.394896661926599446e+00 1.658998914396080382e-01
-1.117522428623952013e+00 -1.406775686133507897e+00 -2.549737079425679287e+00
8.381775158695285999e-01 6.429712966187972611e-01 7.118414654781035633e-01
-1.495680612553844102e-01 -1.557092054830847561e+00 1.190312971881579696e-01
3.937977747256130034e-01 1.535908366119268731e+00 9.900321094228738961e-01
-1.091067579981196189e+00 1.147286737504898957e-01 -1.419231273528487880e-01
1.794573460844053781e+00 1.379525187354261884e-01 1.089009709491807865e+00
-4.300591291625437407e-01 -1.008374075014512927e+00 -9.024778350967418428e-01
-6.571075748655719195e-01 1.239420311644372497e+00 1.439578775758614482e+00
-8.001362341839713954e-01 -1.271806388770022389e+00 -1.522858373643845242e+00
-2.249431200928386332e+00 -1.315249017283863342e+00 -3.390722879373175846e-01
1.334239432573888884e+00 -3.071609971392242899e-01 1.753378836442267552e-01
8.609484256600860030e-01 1.228574304844989307e-01 -3.699182563438906390e-01
1.940226845341941342e+00 -1.353690073505728453e+00 3.591540329348128502e-01
6.031103130906797505e-01 -1.558372562093299774e-01 -8.851048167472408412e-01
-1.349352873317507973e+00 2.744915557860093669e-01 -1.300869424167266253e+00
9.988213332933527644e-01 1.241721156143428484e+00 1.426161504815585124e+00
9.360409343924458447e-03 7.965800027716516407e-01 -1.225854833092195229e+00
-2.872135552430086225e-01 2.610411393383992307e-01 -4.452459091364520116e-01
5.196548528232040054e-01 6.148744577677501821e-01 1.038728665875414237e+00
-1.087333578821389590e+00 3.834285758292774737e-01 -1.115106313355664902e+00
-7.706686862991347642e-01 1.059956493755347173e+00 -7.640208348713186659e-01
-1.153801297147352356e+00 -4.961737167851959507e-01 -1.783123768068833326e-01
-8.238184026901497203e-01 5.143620402063449060e-01 -1.076412447964075314e+00
1.506813298871383933e-01 1.090560043608418184e+00 1.738095744139305676e+00
1.568967886811711843e-01 -4.102786625909787821e-02 -1.413897068030305348e+00
-2.579113062594267092e-01 -6.045208696950720162e-01 -1.229126077151853513e+00
8.824248640314171777e-01 1.206574276533872947e+00 1.574578827448676055e+00
-5.326841939472775067e-01 -1.514405376611681842e+00 -1.052807620196351657e+00
2.944644203822023854e-01 -1.114323436797309830e+00 -1.067096866155318846e+00
-6.286659561207705860e-01 5.697045495714665453e-01 -5.573905940506562740e-01
4.217972325400219935e-01 1.152664779930707706e+00 -2.313203314280515288e-01
-2.466780024777086133e+00 1.101027108210709038e+00 2.244253272991392212e-01
1.851623061547225335e+00 1.066409290203503168e+00 8.003737625612834528e-01
8.504420675092764226e-01 1.151968629591912041e+00 1.497445245859490459e+00
1.503222572695301906e+00 6.528284139222028104e-01 1.746468130344618341e-01
9.360464387982386780e-02 1.436718906265744167e+00 1.978574928705759906e+00
-2.495197837342143510e-01 1.931288134155444980e-01 1.014100199812522085e-01
2.585054152705141384e+00 4.272055846437201598e-01 2.211330041370740851e+00
1.072019836402353210e+00 1.513107164928960469e+00 4.581154166805379568e-01
3.944067052103095161e-02 2.184458938944172424e+00 -1.120006615597076705e+00
3.465504844718000355e-01 -8.051196525000439141e-01 -7.810004690119568549e-01
-2.730528664997334820e-01 -1.337886992675907827e+00 -2.221129859712409615e-01
3.092936398185037183e-01 2.491581316861314344e-01 1.097846412709647446e+00
-2.325345175176912527e+00 -6.406202021585333251e-02 -6.997773141308634148e-01
-1.160235103059100048e+00 3.014119276749628318e-01 -4.511148353329941241e-02
-7.892708598396203090e-01 -8.245971535718310541e-02 -9.766488152356643804e-01
-1.992245147292882379e+00 -2.930708880552119755e-01 -1.588486229050071419e+00
-8.058595370210286379e-02 -2.028049298838210390e-01 1.166770954855852693e+00
-1.098666219623672946e-02 -1.349413360111690885e+00 -5.361987814797387619e-01
7.880846379802464163e-04 -1.554681551555817665e-01 2.385756778907790920e+00
7.303948278130926175e-01 -7.824598544424739011e-01 -4.276271097645178987e-01
-5.132569940172048151e-01 -2.480869833226537757e+00 -7.545160009001765644e-01
2.654277852905626567e-01 2.271599363847948139e-01 -2.176257016748421869e+00
-1.366285108187368924e-01 1.527602211532633536e+00 -1.925780583675669622e+00
4.290577637397611777e-01 2.703103400322793837e-01 4.440449225903567720e-01
1.290774545909085802e+00 -7.202080790005704891e-01 -2.072731821094410121e-01
-2.017378228761806946e-01 9.832228100020592443e-01 -8.895379183104697995e-01
1.036300606033776495e-01 -1.669177744237888561e+00 -8.887001065074751072e-01
-2.198140949681777201e-01 1.621208547496650443e+00 4.292912457292138440e-01
-2.283989967160410806e-01 -3.219192755587065302e-01 -2.861932658755147685e+00
1.434742958030177151e+00 6.381809039507384540e-01 -1.304166746194188153e+00
2.745472572198144334e-01 8.115774242477130640e-01 1.171411329778374588e+00
1.709431767805985380e+00 2.956132911395137342e-01 4.408864850862337370e-01
-1.410260320889187735e+00 -9.206084690453127939e-01 -4.937919778275906002e-01
3.609170369327904249e-01 2.150892881839830961e-01 1.966806242945986494e-01
-7.868635060776139056e-01 -8.564738342180393538e-01 -1.883967808194331628e+00
3.397305118538509472e-01 -7.108840719095746996e-01 -1.209243768605135827e+00
1.232146309744895030e+00 1.405884479587830693e+00 -1.740176139405372746e-01
9.132746484789266983e-02 8.687660835022208428e-01 6.062945236343753042e-02
1.594142483525072818e-01 1.359327992705168242e+00 -5.073676777998779031e-01
-1.213598716318065041e-01 -2.038746447992144883e+00 1.178230863898385827e+00
1.464447117999191361e-01 6.830222573162663124e-01 1.561768334993988150e+00
1.546667534512414122e+00 7.223211042948695093e-01 2.137462010468346385e+00
7.325165312811838803e-01 5.868411321224136223e-01 1.429470618530757742e+00
-1.566781758345725750e+00 -1.352968880127577433e+00 -7.067459424332285245e-01
-1.055276644168356315e+00 -3.923103372300287273e-01 7.588097752438129895e-01
-1.144521613290077733e+00 4.829359566504537460e-01 6.068976125639254926e-01
6.716122609420016598e-01 -2.421238310006200711e-01 1.654104896797396140e+00
9.878222234062856710e-01 1.513539829217426247e+00 -9.163691247531478012e-01
-1.081132652804492000e+00 1.120172909406514927e+00 -2.838377741159446632e+00
-6.671243036148705174e-01 7.569398840937322515e-01 6.476876288192376929e-01
4.504887819186853548e-01 5.000285971409721419e-01 -1.341751071161296771e-01
-2.053356150820872528e-01 2.229119944544560861e-01 1.508068299057690353e+00
-1.724824974875545092e+00 -1.349281274787621498e+00 1.325478782458711091e-01
-3.176473263740836606e-01 -6.087417617084630583e-01 1.827993902703854978e-01
1.175151148548002400e+00 -1.256297170254756512e+00 -7.917384949569121755e-01
-5.710990284024759500e-01 8.970725728242843200e-01 5.363845607762155465e-01
-2.702537936672997354e-01 -1.586923878501182994e-01 5.704444949794421627e-01
9.075243587257231237e-01 9.367455924718856020e-01 8.482383972317162346e-01
1.954153213135974010e+00 2.285749966207002437e-01 1.137599979562427421e+00
8.756471521343915931e-01 -4.193156278688414673e-02 -2.058017162622174379e+00
-1.917633519213149285e+00 5.409955869612679269e-01 -5.982476533974714350e-01
3.199630734744223215e-01 -2.016169542667335168e+00 -8.928461590696339378e-01
-1.188213598085082090e+00 2.442123547188168597e-02 -1.725769392692706461e+00
1.203545835716041790e+00 -1.788280932199211026e-01 -6.262411995507715101e-01
-9.038410501900817628e-02 -4.838126232297078055e-01 -5.401085813945883940e-01
1.363026550396734704e+00 -1.093753461124200355e+00 7.443455590755277962e-01
1.327371515259832879e+00 3.248142881166785401e+00 7.790842882721618068e-01
-2.339481649409722031e-01 -1.347541127166741681e+00 9.577449759929721473e-01
-5.030674918830690956e-03 -1.834175190533519073e+00 -8.345649829388894769e-01
7.338581857173662737e-01 2.024823777329707752e+00 4.143007281487323112e-01
-1.252136829345492863e+00 -8.235570547177254452e-01 3.180269973637175340e-01
1.617827441439509295e+00 7.828958106578717269e-01 -4.848429905768913972e-02
1.246183824122324424e+00 -2.107894458406589511e-01 1.027564172113174523e+00
-5.627913823494956613e-01 -1.794247019804375842e+00 3.957503261165448150e-01
-9.795497221465834237e-01 -3.521368442620435579e-01 3.866916914356754997e-01
2.305414779020854010e-01 9.899832736195033345e-01 -1.010468829765928778e+00
1.069099128992276881e+00 -1.151312798239860102e+00 -8.192042830662478181e-01
2.489809444200722366e-01 8.462096795080168432e-01 2.881816299316836361e+00
2.272049955142461664e-01 1.002880919400133797e+00 -3.431009128294568722e-01
6.940216767466629300e-01 -1.013740585406990524e+00 1.499632298061215896e-01
1.185607315955718777e+00 5.381242667767691668e-01 5.824016021230640217e-01
4.498067719423298749e-01 -4.706052741850811350e-01 2.725526049604443557e+00
-1.027226709276657823e+00 4.141379015350669102e-01 2.115433481265480253e+00
5.529270918525606149e-01 -5.833634793698636578e-01 -3.490994685566825018e-01
5.749113477007694595e-01 -5.404477350876377706e-01 1.230827303388138283e+00
1.395459477109661339e+00 1.193391484147887427e+00 1.569435238335261662e-01
2.193916923820366627e+00 1.683688141899446933e+00 -1.077678768502055018e+00
6.400959986895419229e-01 8.117867170141015443e-01 1.045052447676139806e+00
1.314494182606312567e+00 1.867128816154102866e+00 5.895005590483393121e-01
1.175492270010668250e+00 2.858103478555568788e+00 2.662708966088248586e-01
-9.898971694756175665e-02 1.322055184079608647e+00 -7.092611240574315801e-01
7.582649846459890153e-01 2.843733705620709040e-01 1.164579239115303810e+00
-4.716521176600205756e-01 -1.463278938124132011e+00 1.752959829567064531e+00
8.079648180486760367e-01 -1.121076150543901528e+00 -2.352516142554158529e-01
-1.147355884145734972e+00 1.682865795043856361e-01 -5.490234292318701970e-01
5.868354423734303271e-01 1.300462922835135871e+00 -1.597345967182275173e+00
-5.311665467817643371e-01 -2.570126504679777768e-01 2.190691852331723144e-01
4.490698608102461908e-01 8.919512667093313363e-01 8.307380934749066803e-01
1.426519862414926010e+00 -1.396350822163920924e+00 -5.710610486933883623e-01
1.072943289950231804e+00 1.210549974685308783e+00 -1.259563613096039925e+00
-9.893733849665289348e-01 4.306272765341240261e-01 -9.968736605262119577e-01
6.665862398402198075e-01 -5.874284891729475433e-01 -3.666637360493424369e-01
-8.859931602304821352e-02 2.559013646120840590e+00 2.724605374330880680e-01
1.631357303678513171e+00 4.753703617279194105e-01 1.904966217948382834e-01
1.633806457044510996e-01 -5.136533112961300107e-01 -1.878419046979477258e+00
-2.303967830260762462e+00 -1.269800915057490709e-01 -1.038185806585801840e-01
-8.894902279931868883e-01 -1.212302046422697455e-01 -9.763142598787324378e-01
1.076800848357375440e+00 -4.646587968243468536e-01 5.215648351836784657e-01
1.114891966267955059e+00 1.201984001076005781e-01 5.456961563603024423e-01
2.351422923654853947e-01 -3.426307903510866781e-01 1.961437192788351380e+00
-1.592296303130189772e+00 4.482252590650045443e-01 -2.089887035982596508e+00
-8.390593279070587274e-01 -5.556524052798084146e-01 -1.602724783414368748e-01
3.180683754502816596e-01 1.723390237809154568e+00 4.641088282718526803e-01
1.520645960068599312e+00 1.062981596388489436e+00 1.186793148848135804e+00
4.660784971793608400e-01 7.961799526476875943e-01 1.698595826214100768e+00
-1.645497558067909205e+00 1.863749905735054391e+00 -5.732880721705948535e-01
1.579811656852825097e+00 8.961197391541806390e-01 1.727380110492653831e+00
2.819011802294797420e-01 7.006936204800693346e-01 -7.308726658308878354e-01
7.747646869657722757e-01 1.986334739532153115e+00 5.478006557424748291e-01
9.339083811055174378e-01 3.428191473400042932e-01 9.234232831685140752e-01
-1.455160592840665679e+00 3.927879385232532217e-01 -4.307134924945378307e-01
1.377647232817343248e+00 -1.239975607750895881e+00 -6.222306086333968533e-01
5.426256163926452825e-01 -1.211363441877648217e+00 1.089486886673725730e+00
8.636159763761652730e-02 9.289737534664543883e-02 -1.743379015608219174e+00
-1.357925978351691265e+00 1.766970311712321440e-01 -1.019377149449955500e+00
-1.072723749147447503e+00 -4.778685369692751150e-01 1.865028122869951677e+00
1.104566456028570398e+00 5.143987629211437262e-01 6.066422876450229262e-01
1.017336470662932868e-03 -6.859631431220254427e-01 -1.561527536450377562e+00
-2.857833328607513046e-01 7.431202759651702738e-01 -1.483666080658049724e+00
-3.604839234141556936e-01 -1.921064325644520121e+00 2.701415577427136450e-01
1.246741596389695506e+00 -4.991374309805476361e-01 -6.363671228721173856e-02
1.234390960606932985e+00 1.620256772867261663e+00 6.978891627440613199e-01
-1.241262527844299024e+00 -1.649756518249641868e+00 1.032001967195149472e+00
-4.499199182797988250e-01 1.507098483829385493e+00 -1.004764934085800032e+00
-6.073096564217468352e-01 3.343157672742534947e-01 1.544779518472326307e+00
1.793744120130981723e-01 -1.189799259315067026e+00 2.356081698059540486e+00
-1.688326829379116489e+00 -2.557443964882477605e-01 -1.748729388553117214e+00
4.100271510882996795e-01 9.232449925169262661e-01 1.638929230330937736e+00
9.015719646105602170e-02 8.729004174678933747e-01 -2.567315050952826638e+00
1.539493857189554449e+00 1.781358176754988420e+00 2.864281199369907771e+00
-2.488608468027568854e+00 -1.166567054224227906e+00 -7.944719684612060462e-01
4.054671135678346028e-01 -5.957740257901156244e-01 1.159149163460238663e+00
1.417332784914577815e+00 -2.324037117948057674e+00 -8.755301495297076464e-01
6.089416855060452161e-01 2.388908866298614431e+00 -5.014738164948351340e-03
2.878708008848882560e+00 -1.801625165812537954e+00 1.220364820047076249e-01
-3.611147971420794467e-01 1.011363442309319849e+00 -8.897366583936681117e-01
-1.311883541463077840e+00 1.206279846834680258e-01 -5.592777450877084444e-01
-1.575580712935952032e+00 -8.316231551248334242e-01 -2.345799164658719071e+00
-8.469606671323668401e-01 -1.474646841616409354e-01 -3.562061018243224964e-01
-6.116520765940020032e-01 5.039479795936381290e-01 -1.465528563361111480e-01
4.108610697110048893e-02 8.959593890224517576e-01 -7.037463077588106408e-01
-1.357652107936042629e+00 9.257088537974081932e-01 1.161434368024419017e+00
-4.302158804133213721e-01 -3.340364548298019320e-01 -6.954519318988324761e-01
-7.408851854859512809e-01 -6.021933522542488593e-01 -1.427896847588800089e+00
-1.382107265877695834e+00 8.075906735885634014e-01 -4.185137585832457985e-01
3.586477985001731650e+00 3.329856129221623884e-01 -2.726102947345512284e-01
5.988494116857252525e-01 -1.279381657203680911e+00 6.129057410157858765e-01
-1.042304657668891466e+00 7.349593689177114086e-02 -5.440127827957408346e-01
1.039250709248745297e+00 -1.562381375114990867e+00 4.839858851853808819e-01
-3.785886710735754113e-01 1.588666494344246560e+00 8.282892252194611338e-01
-2.266986963518375475e+00 -4.050561093384097422e-01 -1.953068275523633934e-02
2.773025142292552037e+00 -7.012832610637347308e-01 -1.159081582085649487e+00
-8.193109760939824016e-01 -1.814677374322659631e+00 2.449833734488499060e-01
-5.269391249246841991e-01 -1.511964057740317613e-01 5.388781579377741604e-01
-4.919740891113042469e-01 2.051020691354538350e+00 1.181140870781774321e+00
6.006327939326894239e-02 -1.293167554845678913e-01 4.516424689912801327e-02
1.299436314818493976e+00 6.463348120290429710e-01 2.153514244522344967e+00
8.503728440674536149e-01 2.878473312701566034e-01 -4.482697611427343132e-01
1.184556369637435269e+00 1.958169827151976516e+00 3.479954768261112052e-01
7.352321005763345907e-02 6.319519393328203449e-01 -3.839517475391297507e-01
-2.045076827932017949e+00 -1.414531460828878373e+00 -1.298842338097822569e-01
-5.315478836923159811e-01 -8.043513036776546166e-01 -5.649997363917848014e-01
4.778069765697956495e-02 1.482747544933364026e+00 1.632830121179516536e-01
3.043148487109724742e-01 -1.769336582790388412e+00 -3.720095074602891572e-02
4.417467682982327282e-01 8.282929098489146824e-01 -3.926660679545300736e-01
-5.225076826740386871e-01 -8.247577937197941855e-02 -1.692697376836469925e+00
1.346096366635653796e+00 2.425131991562219369e-01 9.992509007628926909e-01
3.917566601254262038e-01 -2.408574397133051104e+00 -5.364518825786850353e-01
2.626578724469984527e-01 -1.155285067615476446e+00 2.219898275969476309e-01
-1.033602508986158908e-01 -3.833229326192862940e-01 -1.232143183629087257e+00
-7.388958385494830416e-01 -9.224179845165056957e-01 1.024957917724943046e+00
1.342772328515653424e+00 6.432047227301405101e-01 6.479457727656864341e-01
4.817226867652218414e-01 -5.890776628087339706e-01 1.762852323840544466e+00
9.700426088229709976e-01 -3.067433437772389304e+00 1.874765469520702776e-01
-3.564476566346238551e-01 -9.432604188762025998e-01 -1.307199477152749534e+00
-2.342312533697258892e-01 4.484271575374820795e-01 -3.011545429966151488e+00
1.342232657670660245e+00 1.193192929150552306e+00 2.168329470719548624e+00
-9.356740017237294982e-01 2.841653479656319758e-01 -6.594112010861633566e-01
-2.282104597026184400e-01 4.777153514765307141e-01 -3.944058922449080740e-01
-3.790455100141344458e-01 -9.934547122726024027e-01 3.856736317025291072e-01
-2.516835238361562199e-01 -2.362042148641351202e-01 1.585257592474089705e+00
6.058216856458924493e-01 -2.522302232686467471e-01 6.691423892064543022e-01
-2.256967432940375051e+00 6.118150591461846144e-01 9.489697749190229015e-01
-1.112965321103563388e-01 -1.434242262762248643e+00 -7.986288796833918013e-01
-3.288795110672837474e-02 1.298711828328196871e+00 9.198984908035758856e-01
-9.588218805813757406e-01 1.499667052802244882e+00 1.956217075426677887e+00
-6.336289961837419105e-01 -1.498191922662444053e+00 -1.196104130955297773e+00
6.339880345763304614e-01 -1.443787380583637647e-01 1.890073486511725243e+00
1.018078449609824965e+00 -3.117035390375055837e-01 1.133616417120586917e+00
-5.577286473830986857e-01 1.080367678650313579e+00 2.237302500895441137e-01
-1.342501107974776620e+00 9.812741759117229456e-01 -5.236156450294001674e-01
5.346388837740545519e-01 7.260845000607988320e-01 1.161264549814542413e+00
-8.717535286178226261e-01 1.074260002125485780e+00 -8.057478415708256847e-01
9.419175853492297579e-01 -6.379219185507076784e-01 7.192476575707684727e-02
1.839801850464510835e+00 2.636875289676751111e-01 1.110901080422543208e+00
-1.831317266500109397e+00 1.477510549685161934e+00 2.409307789883700091e-01
-3.129014835449563936e-01 -6.867598582705205512e-01 -2.339636613541109966e+00
2.647237987906791989e-01 -1.961490087092131018e+00 7.880806710473997612e-02
-3.248923164943122721e-01 1.518388294373622660e+00 7.787476454700595907e-01
-7.245029008370826862e-01 4.450306489517263930e-02 -9.208894945404990651e-01
-9.618863108096578074e-01 6.771241521799886698e-01 -1.822652733954213122e+00
-1.020836305427322177e+00 1.407298681423371445e+00 -1.043329829228056393e+00
-5.961142148349625192e-01 4.825674943299081976e-01 -2.193870182359234922e-01
1.498271022609549474e+00 3.374703451222608175e-01 7.556457500055344667e-01
-1.349067826625242605e-01 8.514165484056899214e-01 -1.094058993817873748e+00
-1.479052383278721905e+00 -9.455748003824769876e-01 -1.828474884661598798e+00
1.785676728835452476e+00 -2.413972017998474495e+00 -1.822210017974889573e-01
-1.716900826523781953e+00 -1.174669330507505771e+00 -2.178126425024434099e+00
-1.328718979116012555e-01 -8.153370942833357837e-01 7.110504348926152129e-01
1.430407775280932325e+00 2.018346968250365414e+00 4.298317156388787308e-01
-5.170489759822726183e-01 -6.363586699258161339e-01 -1.673820036187771310e+00
-1.127712985599512718e+00 8.785951104567739645e-01 -1.716306606470930696e+00
-2.199036311255588849e+00 -9.650822584345719601e-02 1.679911325068847550e+00
7.256669650611816680e-01 -7.094216734830134374e-01 8.107254253018025825e-01
-1.395351457544358631e+00 -1.030464518688049003e+00 -5.451336711193103257e-01
-1.057991255121611962e-01 -2.035920586572554036e+00 -1.834618248105589045e+00
3.902680638203537278e-02 2.570304862332523310e+00 -1.578259241913042565e+00
1.237253997452516963e+00 1.335915271908251434e+00 -1.863135265299432630e-01
2.914783274741926666e-01 2.525840710074096496e-01 1.165111261493417594e+00
9.755250057379321049e-01 -6.935608769731875789e-01 -1.188418584289344437e+00
9.531817159218689550e-01 3.546835389971922936e-01 5.662984245083796386e-01
-6.531458399557565908e-01 1.275904885319810944e+00 6.589004964411548926e-01
-1.052682267473727951e+00 -1.487095654518485688e+00 1.117495440608536894e-01
-9.857280095997384972e-01 4.724449972250606145e-01 -1.785471739574700845e+00
-1.334151566305441960e+00 1.513187992550626970e-01 4.097686055496410074e-01
1.356381546422902318e+00 7.336156311025636700e-01 -2.179529451265860285e-01
4.789797768417974333e-01 -7.229613395581000468e-01 5.804838131561642633e-01
-1.906181527689035926e+00 -1.162765751059449570e+00 -5.143052163597362503e-01
-1.072888630243041375e+00 -5.954806190875741034e-01 5.827779963608318292e-01
8.006583239609946778e-01 3.626642126165292579e-01 4.919239461065403884e-01
-9.346786354084152260e-01 -5.364351684772090678e-01 1.570329736847347668e+00
5.858590143742337109e-01 7.174599108077432952e-01 2.066782351943189155e+00
-1.081329802535023088e+00 -1.790788983927850575e+00 -3.469795402777091642e-01
-3.061717027399301072e-01 -1.302820416415084726e+00 -1.169744323387438500e+00
-4.118775989529342985e-01 -1.638339498651675052e+00 -1.487293613210431076e+00
-6.514400801160545873e-01 -2.253603216328061709e+00 -2.068757121581469960e+00
3.844521520600973075e-01 -2.871444075093773640e-01 -1.347838925986051262e-01
3.774190136307753463e-01 -1.645308514946410838e+00 1.330752722104604491e-01
2.012088105416816042e-01 -8.683789326931399266e-01 4.184152628942477969e-01
1.447797996077957450e-01 4.105803173336386447e-01 2.150578923666070175e+00
1.286058866879820073e+00 7.203213113541278023e-01 8.152417011598465102e-01
-5.893385607823425909e-02 -1.637769370349454690e+00 5.698997788050395030e-01
1.280768732406138977e-01 -4.128195613116085183e-01 -1.195862284364090922e+00
1.131475925598778298e-01 3.531524810150824534e-01 -1.550772727655260752e-01
-2.671803674560247810e+00 -7.177173942259269523e-01 -5.798005884337430471e-01
-5.619098313679826706e-02 -7.568148017153708551e-01 -9.325462863540945335e-01
-2.069490290879869576e-01 -8.595492174078820380e-01 1.757420366585485949e-01
-9.734979714243690019e-01 -1.445703784481969123e+00 -2.493443871352017283e+00
1.976528484234732486e-01 5.636659151054026484e-01 1.458607405236567178e+00
9.205101705491258723e-01 2.759495464081045957e-01 4.438387703355871072e-01
-1.444995157670385888e+00 -3.315717150720139950e-01 -3.512517990860339334e-01
1.005804226380309307e+00 -4.036635105744433294e-01 -2.163026987711141325e-01
8.630014679342585815e-01 -4.297500050333573629e-01 4.319452912029189129e-01
-8.468234610987708244e-01 -8.324752143155738082e-01 6.210862563742352016e-01
1.522934153668814350e+00 1.056113377058883085e+00 -1.189744988494555455e-01
3.232132316993896470e-01 -6.922380332379507450e-01 2.359653816309811525e+00
-5.741422236343136642e-01 3.693425540901164039e-01 -1.700703050470489641e+00
-1.478340901311862465e+00 -5.125031626889150482e-01 -1.972858137651423371e+00
8.341521987163752483e-01 1.926773185971856206e-01 9.784271704224600796e-02
-7.317734540046463287e-01 3.254159892635823947e-01 -1.261109238085977857e-02
-2.012549787556255354e-01 -4.899342087035487570e-01 -8.728430718779461861e-01
1.228610063568077670e+00 -1.794072245679564803e+00 -1.216783669444942428e-01
-1.686628113321276601e+00 -1.070634645927692308e+00 -9.130371742017110437e-01
-9.797888568090766803e-01 -2.067275108523730864e+00 -6.911368405626664435e-01
1.946398540706510083e+00 6.888495849302158636e-01 5.152268951587380963e-01
1.026022991415498797e+00 1.043467119385679265e+00 -6.845277777927909479e-01
-1.396319037988910772e+00 4.173894909379580742e-01 9.041208240663312079e-02
-1.467330456493753932e+00 1.500722978185607293e+00 -8.025492532083006170e-01
1.212895906695855008e-01 1.235197849395049285e+00 6.617045392116861491e-01
-8.644671229387990152e-01 7.700675026252852273e-01 -1.750241291641606356e+00
-6.231378788038817174e-01 1.891070675700579073e-01 -8.598402718214820384e-02
-1.728975516823751724e+00 -9.317347261682540349e-02 -1.880938853503320907e+00
-9.929650664027556140e-01 2.691109343708810719e-01 1.743301992831265412e-01
-7.895011365077668763e-01 -1.866137130794570886e+00 -3.326133748351458030e-01
7.397566731506777238e-01 7.419932350189289982e-01 -1.534057827800554552e+00
-4.080124747125259965e-01 6.019669025278935326e-01 8.722009445583559506e-01
7.358682529320439425e-01 -3.670711014212607592e-01 5.614505074408622232e-01
-1.050013805596237582e+00 -1.023582816851573485e+00 -8.824923891398122056e-01
1.079755682943444040e+00 -2.718576595829317544e+00 -1.654453112840643114e-01
1.001050699104767849e+00 -2.374270168874831999e+00 -1.725624993554766951e+00
3.150616384301317963e-01 -2.306650583792893006e-01 -6.646113273174864000e-01
-1.118577419038117249e+00 -9.876880108337715569e-02 -7.152520036892798805e-01
5.511623944324710589e-01 8.539018497600412427e-01 2.625167023824376500e+00
1.182464097312662776e+00 2.963502584593635247e-01 1.816865595703640368e+00
-6.944781901708128036e-01 -1.232730168344202681e+00 -8.190085071916658466e-02
-2.348471346875902199e-01 1.324435854197213214e+00 7.079864506451432060e-01
-3.632552507583091117e-01 5.995034504862568614e-01 9.568754693997327809e-02
3.301197856333168978e-01 -6.985540587028831183e-01 -1.111759497668310281e+00
9.251479251927609004e-01 -6.140917470853453075e-01 5.196732003988170367e-01
-3.738747899293384247e-01 -1.013673237996219223e+00 -2.537609029320054166e+00
-1.689551692846980258e+00 -1.257546877543419095e+00 -1.107741044116958173e+00
1.595481966902530857e+00 -6.764013288909980215e-01 1.515770208816652476e-01
1.303330668022463001e+00 5.587492243875442632e-01 5.151962528549688392e-01
6.830970135704650392e-01 2.001286203379772033e+00 -1.824862189046829730e-01
-3.204659995705977371e-01 4.349943170890629429e-01 -6.237762842877643266e-01
1.549653467603504531e+00 -3.021424419483503820e-01 6.994322359020976876e-03
1.093022112426778047e+00 1.799478413795237541e+00 8.557227768680124580e-01
-9.914792109344998661e-01 1.308192309689019117e+00 -3.471856369673086418e-01
7.143929662439409967e-01 -1.164413443079060695e+00 -2.131350478818427874e+00
-1.119999695609397161e-01 -2.466466315233031281e-01 -3.242532167145666389e-01
-3.400807548956630288e-01 -2.884527351805775686e-01 -1.299764033385721662e+00
6.611117544596231133e-01 -1.289216339228820729e+00 1.186866073899897511e+00
4.933774051956065776e-01 4.511134757601928946e-01 -1.949162360820229978e+00
5.551264233440085238e-01 -1.992339861592705708e+00 -8.104051698514210811e-01
6.116591376608793151e-01 5.152714825424036249e-01 1.161005520704858185e+00
-4.064076475916822417e-01 -5.661882185944537849e-01 -8.029760819475801892e-01
1.617756230138892359e+00 7.953099105757122089e-02 -4.632323521011718626e-01
1.371013414279232956e+00 -1.711915227594434041e+00 -8.039201932194558475e-01
-3.191829117884147360e-01 -2.951673828975913683e-01 -1.903400449993601917e+00
-9.050814732295464626e-02 -3.423575135293295824e-01 -2.871495733480489143e-02
8.770000168719016553e-01 1.826988208893848276e-01 4.245919387376864695e-01
1.202201248092666375e-01 -4.491881568187938711e-01 6.366859086043841209e-01
-5.892555356362749741e-01 7.368225085024988630e-01 2.057215100791308870e+00
-3.426204218160836534e-01 1.305851707591752842e+00 1.041459598076701631e+00
4.913833188575223998e-01 -2.892949043598362024e+00 -7.608933448597747784e-01
1.275084604064881111e+00 2.588202742817247159e-01 -1.451836904834730158e+00
1.208131919933018494e+00 -2.083559312041650902e+00 -7.702192249065891172e-01
3.541974846641615660e-01 4.360514583512031805e-01 -1.422052850814179870e+00
9.358953406739052294e-01 -6.180059833203084274e-01 -9.014671651019362519e-01
1.076106756808754561e-01 6.783850898871850443e-01 -1.492191850201704639e+00
-4.526268776897921509e-01 -1.610560597188473553e+00 -1.163100093696110449e+00
-6.422678537193933224e-01 -2.098669586345518479e-01 -1.559894334501159552e-01
-1.000513195048957193e+00 8.026613521210896884e-01 -4.943943767350464369e-01
-3.346572956454815229e-01 1.035717332731839413e+00 -3.625428616624980505e-01
6.610173622591331011e-02 5.665864070821555742e-01 -6.090261373281724566e-01
-3.630113001209527290e-01 1.610335457292376926e+00 -6.096711416848470400e-01
1.192775532465161770e-01 1.167983857630731537e+00 2.710197865926495364e+00
-4.077760207781586654e-01 -4.098219352623033163e-01 5.916788788148845679e-01
-1.536363111662080838e+00 -1.889832503748716919e+00 -1.545980844450418057e-01
-8.449156294874340389e-01 3.845314132687960296e-02 -5.568117377146698521e-01
-3.802138711807937499e-01 -1.186018899020697237e+00 4.645373737186270224e-01
-1.682058908243273976e+00 4.263910114764959403e-01 -2.222443769319662810e+00
-4.634371727984414324e-01 8.758452363270432528e-01 9.610101588567387942e-01
-1.469181005606917001e+00 4.774167618298020832e-01 -2.989244807813199456e-01
-1.346013831798708704e+00 2.971008137158707152e-01 -4.543476719732573166e-01
-4.775309916486532025e-01 -4.155721794599531727e-01 5.651129497956297598e-01
-1.406343388120477433e+00 -7.436868117346283613e-01 3.565784743043886040e-01
1.291305018671345284e+00 5.059778004223101089e-01 2.166693656026160042e+00
-1.262201861919032497e+00 9.863157040984871227e-01 -8.662860887065908511e-01
5.391001889502096134e-01 -6.594540369775359068e-02 8.180132130501329701e-01
-1.110650416940534679e+00 -1.633958747654364885e+00 2.764347406853605582e-01
-1.941175069031890521e+00 -7.866147051394634104e-01 -2.530720423943391140e-01
9.617563137182540967e-01 1.100194752155529976e+00 7.124061422482452777e-03
2.030546141482257205e+00 5.285787767683548521e-01 -2.862219833063593954e-01
-8.753015942365731661e-01 -1.053576355527484409e+00 -1.503135079741328983e+00
8.831320460757289270e-01 1.661077170934310843e+00 1.612306689033866869e+00
6.765824440833211328e-01 1.124738872787769184e+00 1.195485178370983448e+00
-4.058320782911016833e-01 -1.932475481780847049e-01 -1.142946036265474863e+00
9.804973027199679336e-01 -3.721731916920386629e-01 3.102560912084844080e+00
-1.184983577218815531e+00 4.208547501754031916e-01 -1.728730513026924154e+00
2.383985487388932678e-01 2.129033915720580872e+00 2.418715879620046749e+00
-7.715007162361932069e-01 5.044682527201982403e-01 -2.346025700207925446e+00
2.540695111959858643e-01 -9.671515903179295215e-01 1.088427797199804203e+00
