1.219057820752183829e+00 5.224601774960404565e-01 5.323215972871175872e-01
-1.442865449717662507e+00 1.954260545461263820e-01 9.490138112924197955e-01
-8.290175033058162501e-01 -1.271954724181075802e-01 -1.865940200290396311e-01
8.385562754264712648e-01 -6.369213519017946634e-01 8.063835453909300455e-01
8.933855834097582660e-01 7.887280328820556186e-02 2.087365775043683591e+00
-2.302740710985434758e-01 2.535812619437644244e+00 5.280913009633243504e-01
1.312900700187226599e+00 -1.280762271292033461e+00 4.573585922136098048e-01
-8.987006986841070688e-01 6.952376611806674322e-01 -2.326017192238245102e+00
-1.879944498643907558e+00 1.793770034593751728e+00 -1.155242488506976972e+00
-2.428239748174599200e+00 2.390698740153907043e-02 -8.194436358384489250e-01
-1.239188333899729377e+00 3.387924471985387376e-01 -2.545043183750743676e-01
5.723637560725203244e-01 -1.735736911499186297e+00 -4.765545104429364520e-01
2.382470838217152220e-01 4.902382368223943687e-01 1.296704536789781592e+00
-1.508215865460017291e+00 -6.663121603502194512e-01 -1.818475800230685113e+00
-7.213009083598591609e-01 -2.024417446661582964e+00 -1.626005344369929051e-01
3.859162239317093235e-02 8.832230335308659530e-01 -2.140763001317062209e+00
-2.373205845671182423e-01 2.286664225447797349e+00 4.191742814491560831e-01
-9.598423200421424273e-01 1.081245498506465452e+00 -1.415247176658440242e+00
-1.474042276121198203e+00 8.641858754573696899e-01 -1.595670565191661616e+00
-8.813628576321539398e-01 -2.270935600647958186e+00 -2.402893353820084954e+00
-3.584185894805811956e-01 -4.576635596158667996e-01 3.320722427972799817e-01
-2.083907767790856291e-01 -1.067730992187154282e+00 -1.400203552023045361e+00
1.884909596401801224e+00 1.003624707019412643e+00 2.463475854761694173e+00
-1.776367456956096769e+00 -1.356358601336398628e+00 -2.037479728395443779e+00
2.120208243958409122e-01 -1.379500626046589851e+00 -2.591843644961920212e+00
1.287097193804882522e-01 7.079459989160369338e-01 6.199171447789939560e-01
-1.494574236301487558e+00 2.540905051001233206e-01 -1.037774908714901745e+00
5.364972624157355874e-01 -6.229311722388950479e-01 2.105816346752591439e+00
8.985600756151507218e-01 6.330204447375668009e-01 3.966589434674125947e-01
-1.766367660753858093e-01 3.324400855146708578e-01 1.164303500492777310e+00
1.437033960870862659e-01 -1.232788843653589428e+00 -1.376297241187130815e+00
-1.239323970765504601e+00 -4.383415261173122524e-01 -1.302757611818219363e+00
-1.286557512917149815e+00 1.562889579573528032e+00 -1.211674420347058634e-01
2.661624266565337238e-01 -1.287888786770786442e+00 8.745571553279674060e-02
2.585081637715854752e-01 3.283492525109139581e-01 -2.761409476909786331e-01
5.670070678093337424e-01 1.396001911929281580e-01 2.087959270259398536e-02
3.486545406671935909e-01 -9.630853643582479862e-01 -4.080641051350009096e-01
9.368254336714469943e-01 6.985113546867546264e-01 -1.074652825602895323e-02
1.082170863934768912e+00 -8.134903016071091120e-01 5.681774587572427926e-01
-2.565756493020888707e-01 -2.428597170594860577e-01 -6.176870718950646655e-01
-6.071336797623851922e-01 -9.611196759043527660e-02 -1.257448342220286452e-01
1.237502222177228051e-01 -7.840804946730373093e-02 2.343571850075888197e+00
-1.018179980917301553e+00 1.703179858717893902e+00 -8.808735922585892997e-01
5.969339244840600189e-01 9.773415821592087438e-01 8.189207999376553193e-01
2.155055371242300843e+00 9.974779249235878886e-01 -1.194177408800202178e+00
3.027152354643581900e-01 -1.221504632202232266e+00 1.838910896693537467e-01
-7.030745268679348126e-01 -9.002127571359153091e-02 -9.603000651399999921e-01
2.720414541744262116e-01 -7.103829801318215509e-01 1.673578532429239374e+00
-1.585625738142562913e+00 -4.702654041383714234e-01 -1.141262877962374800e+00
-8.036098860958935663e-01 5.491377928130762864e-01 -6.163267715617868348e-01
