6.532608062730280718e-01 3.669602704739322041e-02 2.116622438087110702e-01
-8.242275167912793687e-01 -1.620981804180945840e+00 4.104070840394049569e-01
-2.825411189401072498e-01 -1.301832754345569443e+00 -1.159857061249812693e-01
1.162119261308588447e-01 -2.561377537500593160e+00 -1.307255869076434096e-01
-7.435781284341307362e-01 1.915327428184606440e+00 -3.123803303267140841e-01
-1.222766596634515812e-01 -1.310113112829174309e+00 -1.382353604309024764e+00
-1.645161919474921186e+00 1.592752407070163745e-02 -1.720400371928342942e+00
-5.937831942727582746e-01 -1.439041537172206286e+00 -1.716353084333968271e+00
-8.039220352962483940e-02 -3.889749412857707589e-01 6.828480615523817576e-01
-5.601085046356768515e-02 1.446842524345790082e+00 1.005910526894830403e-01
-4.957577237409398485e-01 3.000255368874615858e-01 -1.102461883027378908e+00
-1.186569912819684491e+00 -4.758271399958685088e-01 1.600120508427729238e-01
-1.856433895736808282e+00 1.767272675734561371e-01 1.548536966729600728e+00
-1.844929386997200771e+00 -9.783346239726036231e-01 -1.261167914243049193e+00
-1.579709987711064967e+00 -7.878166590217400289e-01 -8.163701806952177176e-01
-7.680506452218649471e-01 -1.438712776055161569e-01 -2.428374933479606756e+00
8.742144157646357661e-01 -1.265107280930238609e+00 1.017974171411135664e+00
-4.960406365718720845e-01 7.440058188292648644e-01 -1.587117975289183969e-01
-6.273565545020416412e-01 1.530138692208424800e-01 4.169370019652456349e-01
1.093377472369299497e+00 8.531035227381640329e-01 7.143149482898941693e-02
-5.903004167561756166e-01 1.811045237720445567e-01 1.790588733018484868e+00
-5.030454303073670363e-01 -1.380480867157781733e-01 -5.208808405729981050e-02
2.289853557618888313e-01 -9.747721972967096082e-01 -6.196367938317012269e-01
-1.088630008810627992e+00 -3.604790415355518807e-01 1.233982242683451247e+00
2.481541459674355687e-01 1.964477501145159621e+00 6.431966424588821951e-01
-6.521675278393295194e-01 -6.350038358152736429e-01 -9.264132372181221875e-02
3.941574268216599952e-01 -2.487767900723878434e-01 8.342609872174481245e-01
-1.172420186627348704e+00 9.868931843879937826e-01 2.444829992348522385e+00
-1.253635688468348608e+00 5.689508816477062414e-02 -1.386301235188140413e-01
-9.381126601634419693e-01 -1.084297462334495643e+00 7.031072241556532987e-01
-4.111454508426791166e-01 -2.556476426957865922e+00 6.896353501940870601e-01
-1.170986950822512807e+00 1.089279708870463548e+00 -6.666023639873199791e-01
-3.600596626148322432e-02 -3.572536353311117630e-02 -2.971359090811959147e-01
1.238325280205903489e+00 -4.121866829894823558e-01 6.840307829925929006e-01
-3.473223202563301415e-01 -1.650897597747724710e+00 7.085917531963914495e-02
6.161045009251631122e-01 1.773135530431766416e-01 2.515022862696783434e+00
1.051609675895644358e+00 2.096336937355883778e-01 -1.966768918044509151e-01
1.774689416551530341e+00 1.009990349811941801e+00 -9.429212884223163726e-01
3.127627556728461711e-01 1.342759899598987339e+00 1.302577274161027976e+00
2.442780858939317401e-01 1.618881085647155604e+00 2.604097648643848295e-01
-1.352756797774056663e+00 5.999648804296491278e-01 -2.159136219341498020e+00
2.858572641248675161e+00 4.757437247276477543e-01 3.710167656277241655e+00
2.102168316021536310e+00 3.902743488300651209e-01 -8.812057878557555401e-02
1.748020914147625282e+00 -1.449706408338283348e+00 -3.427450414894812614e-01
1.369577646132668303e+00 6.403872094221169098e-01 2.138474795435001408e+00
-1.572455167928724640e-01 -4.210559655469524598e-01 -8.575065293810950617e-01
2.234691896387880128e+00 -9.918601729946019407e-01 1.467523995582415974e+00
5.579505538226015027e-02 6.654553265776375071e-01 9.970318514080038774e-01
2.652463947260807142e+00 -1.298358532138451649e-01 1.154204806748942325e+00
1.096854385003010135e+00 -1.864271014633813506e+00 -1.378249241527252700e+00
-5.655217822802971472e-01 7.685411900087979475e-02 1.404333621750466499e+00
-2.706438283728112015e-01 1.027512231208160154e+00 -1.133138209812857067e+00
7.092401623962985013e-01 -3.654037853874786412e-01 -1.082397220993204012e+00
2.282263600333661602e-02 1.905476770174705070e+00 1.000640179600199797e+00
6.797058011237294695e-01 -3.813038336017594565e-01 -7.218091968201931774e-01
-3.922747141982262931e-01 2.309597089438301110e-01 -1.340314199555081798e+00
2.705549786962730963e-01 2.023073371041586910e+00 2.997189723172693498e-01
-7.672113596056726603e-01 1.316838531783787403e+00 -8.878382552679233708e-01
-1.350780438756381985e+00 -1.714454408175850375e+00 1.260593826945591411e+00
-2.824985963848790638e-01 -5.382544032610196982e-01 1.401730594514422723e+00
-1.255225257748185941e-01 -1.283944296028283194e+00 -2.483191687824056193e-01
-4.549202990648842926e-01 -1.754964576690094535e-01 1.395350790466212798e+00
-1.483735941702072347e+00 1.167516991701337270e+00 -1.244449465517832865e-01
-8.677639721504375458e-01 1.251926927786582322e+00 -1.077191304039273767e+00
1.356232107041965840e-01 -6.343530196986807423e-02 1.875808611155946881e+00
-1.500654225959131005e-01 1.301468427096747149e+00 1.368570116160881645e+00
-5.096776273970320403e-01 3.802275942154570432e-02 8.444239968397828644e-01
-1.070151304097930911e+00 -7.401810398595554119e-01 -5.287099482378317949e-01
-6.535008441221772379e-01 -6.554349313625712492e-01 2.302548345784122041e+00
1.930593577271201067e+00 2.016337605150169132e-01 -8.161653255806788909e-01
-1.410970751626372532e+00 -1.176664876307230045e+00 -9.330411937915623621e-01
7.550534257735803667e-01 4.667380369388585137e-02 -7.095513527873369419e-01
-1.457920953421809607e+00 -2.112798122297779635e+00 8.001198253833305962e-01
-3.688846870035271674e+00 -1.279374987103244266e+00 -7.413273355232913309e-02
-9.533290077361316062e-01 -3.773397603211607887e-01 -1.068862586782384771e-01
9.964491517096603079e-01 7.110355434621853377e-01 7.863118825498283115e-03
3.194168845295884962e-01 4.622597740885178164e-01 -1.120102613601440922e+00
5.595122254804160145e-01 -2.841828683307804360e-01 -1.875627102373509381e+00
2.531184836229874446e-01 1.253792105942352464e+00 -8.002101881905498981e-02
-1.744047997320558041e-02 -7.340012241025000161e-01 7.876319813850845009e-01
4.471215482323513957e-01 -2.837988779920618265e-01 1.383994154186875214e+00
-1.262279484592746304e+00 -3.354235721338252318e-01 -3.759856437997357581e-01
-2.327031321246604278e-01 -1.166850443387956737e+00 -8.055083222306025359e-03
3.086473179263544697e-01 1.484802064454444182e+00 5.651261199176028649e-01
-5.791051315190637316e-02 -1.670044167314057360e+00 -4.523545565348694453e-01
3.335547496429760450e-01 1.040865494644706013e-01 -2.205174005909738000e+00
2.543967420611667141e+00 1.074001834661163057e+00 -6.604113236262594278e-01
4.062775893563509433e-01 1.398315810556979955e+00 3.670629828175140941e-01
-1.195451637975674553e+00 -1.823080756049624940e+00 1.164850313168157347e+00
5.982898857249383529e-01 -8.543061066738155684e-02 -1.017724176432476035e+00
6.499501574089971978e-02 6.892863262581298001e-01 9.490583217763091106e-01
4.811620607646746040e-01 -9.885879797438567040e-01 -2.131248340459069301e-01
-7.037854529555760408e-01 2.467304699805680235e-01 -1.923022328121921420e+00
-3.484755786546371858e-01 4.812085695891532566e-03 -5.621237384916366597e-02
1.945011223167325776e+00 1.023653882574978802e+00 1.413754133152786530e+00
1.463573245168932058e+00 3.405373836294525169e-01 -1.362454443130884485e+00
7.678178543609748274e-03 -1.692188890813244306e+00 -1.373775323222451439e+00
-4.697555856203655678e-01 1.729068964382981299e+00 2.782469091167598663e-01
-1.356309961509429396e+00 -1.802953874732250439e+00 -1.240954068808819422e+00
1.549466068388633433e+00 5.971583348196767282e-01 2.737921802129541504e+00
