-8.910359739021158632e-01 1.469082277945703563e+00 -1.112816595861390701e+00
5.692267115320001070e-01 -1.613637726503533987e-01 -1.124701462070026858e-01
4.666062812895640510e-01 -1.021830885256588939e+00 1.229361297474057535e-01
8.112340873859469337e-02 7.125884168218863390e-01 -6.250046781503694193e-01
-1.590668104909226832e+00 -8.211007437754580529e-01 1.774592992444376627e+00
-5.394099131460934338e-01 -1.190079663809318622e-01 -5.461352992941720386e-01
-3.243178588069073331e-01 -8.410282195370981650e-01 -1.635904618595869442e+00
2.227361692464129739e+00 -4.922956658281985032e-02 -4.336510982966474970e-01
-2.001225602388963520e-01 -1.086108693610747356e+00 -8.986598901368536563e-01
-9.186204226463969835e-01 4.775526419989860605e-01 -9.730706975295062566e-01
4.186208381501354547e-01 -3.075931002248852852e-01 9.810850350205684300e-01
1.464982564823720468e+00 2.418449458893856097e+00 -1.638902835983049089e+00
-5.754831015512411607e-01 4.810933268090670789e-01 1.951923656346027158e+00
-2.948502607571964473e-01 -6.314259156019934593e-01 5.016681696269962298e-01
-1.734890873148328128e+00 2.551400825752903057e-02 1.562023383799815424e-01
1.239141148827155314e+00 -3.261997469044283227e-01 -1.455165778871811977e+00
1.091954538223409266e+00 7.140498734215252608e-01 2.333487117530252064e+00
-1.016394557400980725e+00 -8.872610752190361882e-01 -1.431498606426210518e+00
2.676487222564502000e-01 9.685287103519040208e-01 -7.745731915056421890e-01
1.506119814428346082e-01 -4.777717953280770091e-01 4.596087066809982913e-01
-1.805842729750006259e-01 -8.285898650161136469e-01 -7.152489807228898933e-01
-1.250990703291443573e+00 -2.864129005485495649e-01 -1.165048935466327595e+00
-1.163586572975620514e+00 -3.514209398220036196e-02 -8.876747366492254709e-01
3.095819094437568531e-01 1.119985558609917220e-01 -2.181336363839765924e-01
1.374327638594987189e+00 -2.290922416919442650e+00 2.327081190555942980e-01
-1.734214634219571449e+00 7.240254570719903970e-01 -9.934258627773586703e-01
1.265674215067412511e+00 1.552580714132032247e+00 2.068901429593683616e+00
4.480811693110724470e-01 1.888271540676693894e+00 6.252829860611751611e-01
-9.193380454601298712e-01 -1.828130632547965373e+00 -9.107073101115868985e-01
-1.695197563807417040e+00 -1.319434768586907669e+00 -9.469633466997093851e-01
7.895910119026798846e-01 1.556306083734236623e+00 9.205130864248305400e-01
3.970600239653881980e-01 1.850650468898545897e+00 2.806649308059655512e-02
-9.181128775844960010e-01 -1.432589405798077919e+00 -7.789133879640723901e-01
-6.287975488760955134e-01 1.275995853756628495e-02 4.312599811168960073e-02
-3.765105678646177845e-01 -1.426622207801509834e+00 -6.649774981240696992e-01
-2.032483074639511722e-01 -4.604698433898493093e-01 -1.052348844962806451e+00
-1.319077639747032737e-01 5.768630944006203354e-01 2.197805431204509663e+00
1.399742997491115748e+00 7.892203768224625993e-01 2.636541169062825318e+00
-9.082401498838017506e-01 -1.476417199547768622e+00 -7.750694754347429161e-01
-1.810728633586132119e+00 -3.133488436945330857e-03 -1.465145069083548246e-01
-7.030042224039447785e-01 1.899033484718604781e+00 4.436346910260368093e-01
1.312950479859809061e-01 4.291078664193426206e-03 -4.682993626283876720e-02
9.983001505328122915e-01 -5.825869984650211553e-01 9.393184427949461401e-01
2.620665556763568382e-02 2.344922425691450041e+00 -7.301939537452806217e-02
-1.387373214901534424e-01 7.465813818118074430e-01 -4.976615928539584455e-01
-8.068310625265942004e-01 -7.043713324100175921e-01 1.180621403098172095e+00
-9.062517026972571887e-02 -1.077151722473204121e+00 1.250705869131107928e+00
5.866928797691940423e-01 1.741139466262269453e+00 -1.776371168957405544e+00
1.160510828499458746e+00 1.273826040780839719e+00 6.092231155758033312e-01
1.807961713386801783e+00 1.038791324745219624e-01 6.692237111187964160e-01
