1.101228783437336878e-01 6.760603318534130768e-01 3.401243249179625172e-01
1.380132715754832873e+00 1.276667227934537241e+00 -9.661324482261537394e-01
-1.744244151014319844e+00 -1.518526357203239030e+00 -1.759359299882297667e-01
3.609056243536917785e-02 7.917760497048078605e-01 7.913020219592230564e-01
2.383574081311535808e-01 -1.037150370362982521e+00 -2.208027773340735855e+00
-1.208016513749856857e+00 1.534504789785918533e+00 -1.224037382958679920e+00
1.148428680388507317e+00 -5.071231870441228473e-01 1.296261220261022640e+00
1.378038577892945482e-01 1.419309129175362560e+00 1.294293384322880769e+00
1.177748497854757215e+00 1.443053690205039263e+00 1.626285630019697281e+00
4.643699892090001891e-01 -8.447691198360083309e-01 -1.683043054405910510e-01
5.594879843553701715e-01 6.220053357594148569e-01 1.511231987393531373e+00
-1.188006140718733672e+00 -4.698234669133739549e-01 -9.432138293060534640e-01
-8.313166756564682736e-01 4.950832124264439305e-01 -1.130496191915940418e+00
-1.947767105295391321e+00 -1.188813463413098681e+00 -1.299753622324868907e+00
-1.091423512410539143e+00 -1.885943706112323648e+00 -1.264026340927046910e+00
9.560189042419077188e-01 1.268124429849025070e+00 4.366145036274637903e-01
1.992293737247734065e+00 -3.777716720000175998e-01 1.453399795760769386e+00
-7.119117899018690965e-01 -1.362832256234506101e+00 1.766315492142771504e-01
1.056926891479966102e+00 -4.693948085174525220e-01 -2.298071143130975269e+00
-7.171283361941249712e-02 1.452071497805896172e+00 2.909200604453043848e-01
-2.100830770548570925e+00 -8.047135569839254376e-01 1.048760813548242465e+00
4.831939907575097948e-01 2.908488622310179128e-01 -3.906362648934230686e-01
-6.500112559942361479e-02 1.845596768085607242e-01 1.833666932436722963e+00
1.551617045968857189e+00 5.104294250792843490e-01 -2.569725847779789074e-01
-4.043578711934988079e-01 -1.205833597032620830e+00 -5.652951764369050780e-01
-2.001501700716087573e+00 -6.924609056379242844e-01 1.597832855629678139e+00
-9.131860239501634613e-01 1.178091932777285189e+00 -9.328277505738185038e-01
6.742706386898702497e-01 8.656118263507635024e-01 -9.364968006910001641e-03
1.642488951831370114e-01 4.485833431006781558e-01 -1.883872723848128317e+00
-1.146180005869858132e+00 -1.006468458105839847e+00 -8.900603683613624861e-01
-1.291051305173869235e+00 -7.161624913028825645e-01 -6.889347846837192701e-01
-3.896862978351070539e-01 2.520442772650806962e+00 3.975653262601415161e-01
3.487929836620622392e-01 1.918294552159183430e+00 -3.758022361355199958e-01
-1.016749450403397592e+00 -5.458737347290283370e-01 -1.833521482350058518e+00
-7.947774017774847932e-01 1.691677679220698893e-01 3.183399444515176979e-01
1.368947871104988057e+00 9.666605427042722631e-01 3.023382046651694743e-01
5.727710575941467042e-01 1.759630219038654131e+00 4.384372033887679043e-02
1.285221946958943207e-01 -1.190736771604732791e+00 -8.351327364399279141e-01
4.443779901985418501e-01 -1.141861295663310294e+00 -6.063273600865795032e-01
9.894085655243414212e-01 9.448367113410729434e-01 6.951594906410368813e-02
-5.435121496030774768e-01 9.305636336911460305e-01 -8.520215794992357372e-01
2.938711882382746277e-01 5.406546794881321727e-01 1.009756785329976481e+00
-6.822539903928781513e-01 -3.390560571106633336e-01 -1.387416173103949601e+00
-6.676202976836596026e-01 -7.665036130222131483e-01 -7.293467294160961290e-01
3.997288111152078605e-01 -9.847245586502151315e-01 9.364723520646358601e-01
-1.101377026624338562e+00 -3.145556375846929154e+00 1.315590275180526625e+00
-1.346499778198199104e+00 7.105678817389132762e-02 -6.048030270504380912e-01
-1.492955793775671891e+00 -1.471819084762560292e+00 -1.085968529618910883e-01
4.591291103082761893e-01 1.259950934115497301e+00 7.225031264277688159e-01
3.146176898955302947e-01 -1.994211634610747019e+00 -1.139919048721187878e+00
-1.967064103046013424e-01 -2.974158448294542678e-01 1.343355957206390450e+00
-1.099928331433460471e+00 -3.838520812060570719e-01 6.393323498708691766e-01
-3.007410271392750856e-01 -1.794602024563820342e+00 -9.452250394835898240e-01
-1.980671977319534038e+00 -2.991630382892238593e+00 -1.141854870814055012e+00
5.634892370196182831e-01 -7.398539800159957824e-01 -2.175607438340131594e+00
-1.492142868072686035e+00 -1.095532694301997623e+00 -2.400454952901387884e+00
2.951935022898569461e+00 5.798177694677707494e-01 -8.369675283482560513e-01
-3.731874025791631633e-01 -1.476155918274238754e+00 -1.583388426698951745e+00
-6.073508943513976632e-01 -2.041746648950238274e+00 -4.381565340521572094e-01
1.108284411115685097e+00 -5.390627585488585449e-01 1.023623049279542840e-02
-8.706703223201699426e-01 -9.632754416240367767e-01 -9.540395180100937900e-01
1.521883127532472901e-01 6.784460571229848913e-01 3.074247175052008396e-01
-6.895076625009544102e-01 7.430247946258266012e-01 1.354657421317318811e+00
4.791033683587686554e-02 5.689766709818568913e-01 2.839889840594078674e-02
-8.838557615261483091e-02 8.892283214408975844e-01 2.403829612841750230e-01
-3.809389099208755347e-01 -6.786308012711017579e-02 9.837289489175671253e-01
-2.290253380171422659e+00 -1.229746441382484790e+00 -2.175048312992050370e+00
-2.617435315729232048e+00 -4.401105450800941177e-01 -4.238454275836823215e-01
-8.494961398022933263e-01 5.293138797962663178e-01 2.823834238476229941e-01
-3.456728459622948058e-01 -2.383415599787378270e+00 1.188732108534644283e+00
5.261213469965929646e-01 1.267674312022544880e+00 4.049595554802568609e-01
-2.467776232262796299e+00 -1.736839048345782954e+00 8.304329082120800454e-01
8.953124926411766271e-01 8.792776992526092350e-01 -1.049016597968033926e+00
-5.354527219407950733e-01 -2.220559764460254826e+00 -1.965818026834567300e+00
1.252598244053763743e+00 1.016922644343276061e-01 9.194210496257297915e-01
7.916431979099625149e-01 2.866282151450409987e-01 3.344633365943272540e-02
1.886115469912812426e+00 1.836544276430135403e-02 -1.107082051238704734e-01
-2.452049311797774855e-01 -2.517279178880071355e-01 -1.000606150925164251e+00
-2.392384834961888140e-01 6.346457832389558185e-01 1.895469386078251217e-01
-4.810534420664355770e-01 9.870126007855950512e-01 1.747815347954837062e+00
-1.218327315001519917e+00 5.094946144243661657e-02 1.927014917112795267e+00
-1.113906141284116913e+00 -1.568383038476122149e+00 -1.540810818945669070e+00
-6.349061982943433602e-01 5.715959450990822921e-01 -1.370678172992316757e+00
2.540486768856483835e+00 1.074983116786847548e+00 -7.287310393838926093e-01
-1.779596262013239505e+00 -1.586141185571959822e-01 -4.155439888019792360e-01
-9.222053402054948279e-01 1.120264160677954646e+00 2.211177869724727074e+00
-1.807746480300588932e+00 2.048946577481486342e-01 -8.455695769422451047e-01
3.822069640328127349e-01 -3.851220289668968455e-01 1.799411184021172394e-01
6.743377876558686035e-01 8.299075795414541101e-01 1.539671976064082459e+00
4.669367028895994309e-01 9.946986722651809387e-01 1.644354887231980200e-01
1.206131048120615556e-01 -7.518143829351293661e-01 1.213948764625906396e+00
-1.552844777361356954e+00 -2.055984621400453460e-01 -8.791534139136507608e-01
7.287778242908902193e-01 -1.159396744924545697e+00 -1.216466872832636437e+00
7.465841326302617986e-01 3.546828075653150059e-01 -6.124400562470138087e-01
1.859639082226416829e+00 1.816068891177990974e-01 -2.850762246553223411e-01
2.337705203683499988e-01 -2.375807329500289056e-01 5.750013440527232955e-01
-3.064020497511504848e-01 1.156665579109857234e+00 2.021225123021542780e-01
9.103965585039481834e-01 -3.395154201073101730e-01 1.469021646318845908e+00
7.372675871669188696e-01 1.082028567605702207e+00 1.730952578538164310e+00
-8.464728942423449531e-01 1.986647503357401368e+00 5.417433265079528715e-01
-1.767013620796598072e-02 -9.311742864216521198e-02 9.985319220240824745e-01
2.296337591778393250e+00 1.061238154392227795e+00 2.700411635652018028e-01
-9.738580066104924882e-01 -1.864405007328531871e+00 9.348107444483522155e-01
-1.068815746676938794e+00 -1.449233009430321406e+00 -1.303443096898973419e+00
-6.474995261355698251e-01 -6.845855600629994209e-01 8.954412067169641443e-01
-7.836353925124341924e-01 1.657268726980742346e-01 8.891994048542035678e-01
3.549486998925363568e-01 8.320620246564746081e-01 1.315247613904841906e-01
1.064128373737754929e-01 -6.393261581392379878e-01 2.837122283838514614e-01
-1.639017243742193264e+00 -9.261601195038804413e-02 2.297206809929888127e-01
9.413433797697163818e-01 1.524964939049745505e-01 -1.298178885896865253e+00
-1.099670242173407253e+00 -6.345786374982216316e-01 6.870735140557759912e-02
-7.526643999022906151e-01 1.044304352688603554e+00 -2.868522196045119044e-01
5.261716091160262287e-02 3.940194853055892787e-01 -7.492200148087518885e-01
-4.652388304415427944e-02 -3.715847317124269522e-01 2.028017933023240627e-02
-7.953924733177893946e-01 -7.215665001225481934e-01 -2.645196058075250378e-01
2.364658232227893064e-01 1.691878584320131162e-01 1.320658969464691967e+00
1.835968882078197750e-01 1.942883674794570803e+00 -1.326484182374531029e+00
-3.278554115869325436e-01 -1.176645893735885906e-01 1.203935657106160573e+00
1.819398848592308049e+00 3.917846989950802272e-01 -1.480988992455861020e+00
1.683591289591462870e-02 2.779887506903558902e-01 3.994277432359267244e-01
7.322440212300128648e-01 1.716773861087252939e+00 1.228129756449871879e+00
1.918505106863029885e-01 2.276338559007441420e-01 4.404341264462605099e-01
-6.659911261670787841e-01 5.568007932680701932e-02 7.992680385114991903e-01
1.001088571905254021e+00 -1.613442255741277531e+00 3.577182507748377649e-02
-9.690002950737309773e-01 -1.395686845322531067e+00 -1.316208623387497223e+00
-2.725000639586285356e+00 1.294859794385574636e+00 1.558166704747685927e+00
-3.850743802750139499e-01 3.058326321748543464e-01 -1.657221622528520566e+00
-7.053642699953490691e-01 9.452125498002494908e-02 2.052596881047352717e-01
9.908479327549792881e-01 2.135352279800740050e+00 6.537676540903357703e-01
-2.186741583626485297e-01 -1.776169292956524259e-01 6.709670425599256749e-02
-2.467749408416000101e+00 7.158220737541118872e-01 6.793009301454693283e-01
2.993075654322722712e-01 -1.519403994099888244e-01 1.001567737693980664e+00
-1.984965954461589410e-01 4.442686422567001525e-01 -1.366040899711738366e+00
-9.144827447816150645e-02 -2.238486505320427256e-01 1.503629421040938663e+00
-3.472664929532165434e-02 5.085911722404905522e-01 -1.115081788919848771e+00
9.978799484138578535e-01 2.910760826972749182e-01 -1.464379983773182126e+00
-1.786591290614171768e-01 -2.015751772704567069e-01 2.359705535593468628e+00
-2.593471601858599040e-02 -5.675723536749144316e-01 5.345970970021398649e-01
-2.252022940590086897e+00 9.645279864899134470e-01 2.006763187563285200e+00
-4.493562538435417197e-01 1.480366062799030935e+00 1.023379843278918955e+00
-2.804991275687737096e-01 -9.067112015646234813e-01 8.921922738055945157e-01
4.594991716232182388e-01 -7.472087981670887391e-01 -6.781033827488915922e-01
1.279916167406601302e+00 -1.222311334500061353e+00 -3.007058542280638958e-01
1.377257391828333732e-01 -7.497446003500928269e-01 -1.412041547588707147e+00
2.401754533383194001e+00 1.530032306531822761e-01 -5.579962582134421201e-01
5.441452747683988012e-01 -8.254981513311294705e-01 -9.853647705472843299e-01
1.735459931405986533e-01 1.646630882414670038e+00 -1.493600251477259278e+00
-1.644011621972540915e-01 -7.485804053331678309e-01 -4.007766782337779388e-01
-2.920867837882340501e-01 -1.734655002543351587e+00 6.278468040539495476e-01
1.169592939387780195e+00 -6.040420344119146190e-01 1.011886679423080526e+00
-1.195669996682118486e+00 4.409842905560790172e-01 -2.484791487886145234e+00
-2.153094127660609702e-01 -1.437850867397894028e-02 8.626442972171637358e-01
1.993323833092867536e+00 6.820154061730694384e-01 2.325756039827536092e+00
-1.079719155521156937e+00 -1.668060227762728776e-01 -6.458275292993258532e-01
1.392044641380479897e+00 1.326287107719491987e+00 -5.311318045711321822e-01
-7.365659937817032876e-01 -1.520610976890512500e+00 1.305741406056427634e+00
-3.744082551697002215e-01 6.969560444989603143e-01 4.245139252090820436e-01
-5.642280053126503825e-01 -5.405299540736774322e-02 -4.733220921644286650e-01
-7.225504153524662243e-01 1.114521657341690064e+00 1.066257418984186689e+00
-7.398266513260023380e-01 2.785886559296728016e-01 3.947476905707722472e-01
7.260383766407695338e-01 1.217114744046705166e+00 1.204430448877724658e+00
3.985026914890706928e-01 -2.836919136494753246e-03 -1.367019126073737434e-01
1.244689990805178392e-01 -4.551262516560092841e-01 -1.717962117948530487e-01
-1.156273519035935671e+00 -4.751860899776782499e-01 8.365412787657391380e-01
4.096979802122084902e-01 -9.899008673589564378e-01 -2.588002716203496867e-01
3.560867375939697488e-01 4.958062300537657285e-01 -1.333059096414102251e+00
1.043508476442136512e-01 8.431232129054122559e-01 -1.025871570435458846e+00
6.637430272731976721e-01 -8.461344448655739869e-01 5.904835506809709145e-01
3.738257543983337650e-01 3.300140821863531970e-01 1.794277956507003058e+00
-6.520459614389302327e-01 1.828007804878474696e+00 -2.084448680267538823e-01
3.184208212567815055e-01 6.468538936063453759e-01 4.280598849054023103e-01
-6.336720023777808741e-02 1.350177756682542585e+00 -1.215064916860595368e+00
7.856511627997266878e-01 3.318685935915297147e+00 1.204570622487206588e-01
-1.230103407408446259e+00 -9.246053876500655022e-01 1.246920162321478953e+00
1.732745119600578088e+00 8.039770246781661189e-01 -3.313290403697100039e-02
-3.202661513214513089e-01 -1.455413466907830244e+00 -1.998925726534312108e+00
7.805735385592502684e-01 -6.094142546633202207e-01 1.355898656627789745e-01
-1.489837672948077785e+00 1.003521572834078501e-01 -6.636539204397985392e-01
1.473137834768719623e-01 9.030029114901443332e-01 1.307603558425378010e+00
6.820553160350264488e-01 1.453949298888199682e+00 1.927310067061301702e+00
1.643295871371371009e+00 1.256953820878127681e+00 2.788535190550746057e-01
-1.168214892528968707e-01 3.401671972508768516e-01 3.652714850478173680e-01
-3.850382448663588475e-01 -7.989633069143277089e-01 -1.879711502703037551e+00
3.727291299206436648e-02 -3.075403522333232109e-01 1.623802116053050248e+00
1.653576346860957891e+00 1.430321840406846068e+00 5.706745405432023244e-02
-3.724118880774766049e-01 -1.775776758425939850e-02 5.316362341328009222e-01
1.122422323030409341e+00 1.105584082968761317e+00 3.697210543162455787e-01
7.935050856447305456e-01 2.215338428067988308e-01 1.830433255502720291e+00
3.978642537251360078e-01 2.373679974150003424e+00 1.405929894441082961e+00
-3.470004139886495587e-01 9.462990191821694097e-01 1.529892982257909706e+00
-1.609373123509584502e+00 1.164178329987077598e+00 6.240954228760090539e-01
-1.038477673810423330e+00 -1.208796086389440250e+00 -3.248851670507468814e-01
4.348607959083266028e-01 8.859169136949853751e-01 4.642853996058261545e-01
-5.949047050971401074e-02 5.149214373278189205e-01 1.115782381859276251e+00
-3.515464971750137391e-02 4.347931128209207019e-01 5.982508075126138358e-01
-3.928525664090151137e-01 -1.983497649298594956e+00 5.506400733550838034e-01
-1.486674974357925283e+00 -4.407094579394095213e-01 -2.067107315349149266e-01
1.568134556663647983e+00 1.739011086378580706e-01 7.102571267106568831e-01
5.050216647209591070e-01 5.498014869931122650e-02 -5.917861322143347369e-01
-2.126099636395631709e+00 9.289484531165389525e-01 1.122462805171431821e+00
-8.071473365806842715e-01 -7.375225887553491511e-01 -3.725031783864232726e-01
-1.303329555939062301e-01 6.183001706434659850e-01 -5.416593378788614466e-02
2.996340095294839356e-01 3.556577497662687382e-01 3.735360267170241833e-01
-1.459738989423148059e+00 -1.467682668760236897e+00 2.794996288373643445e-01
-1.462689314983394162e+00 2.382550618612667703e-01 4.367291108385219500e-01
-7.043409228119209553e-01 -5.264638083718892192e-01 -1.755471081299433633e+00
-4.270650841908547601e-01 1.609574187420592106e-01 1.865128629488374878e+00
1.829422946167415853e+00 -4.961368936616896708e-01 -1.397925963172190755e-01
1.761976717006043636e+00 -6.944575267801105234e-01 4.553381400935774259e-02
-1.588408190092568395e+00 8.572284317604219606e-01 3.539553113271798335e-01
1.368030834917311589e+00 1.395621694751300046e-01 6.103544218100340757e-01
2.796559448791915425e-01 -4.834002469030048710e-01 -2.133876096471150507e+00
-7.076503043187045705e-01 -2.040984622544292915e-01 -7.307148836052150820e-01
-1.365675942248159913e+00 5.199009276510271338e-01 -4.127574170481946858e-01
4.485654350835207582e-01 1.279293441457663771e+00 1.520768886233257122e+00
1.686249073083810668e+00 -2.058987271615007053e-01 -6.560262100942593211e-02
-4.399119959244447986e-01 -2.417277491020959346e-01 6.170284471673399551e-01
-5.039364284513334624e-01 8.892565092723447862e-01 1.631667909717634757e+00
-2.493127894750409190e+00 -2.670540405863912614e+00 -1.334844194474272605e+00
1.096545290103159154e+00 -1.053860350627641163e+00 5.788055443752476714e-01
3.917595776939085672e-01 1.343158442638996419e-01 -9.002631678378052449e-01
-1.457624854278883220e+00 -7.675888714803980051e-02 -1.386815335246363690e+00
1.138569067769602317e+00 -1.257195076942072998e+00 1.023910009411832522e-02
-1.149308331938154959e+00 -1.212806538279943780e+00 -1.693160102882948159e+00
-6.982715852387003652e-01 -1.440717825718346390e+00 -2.213910610775078891e-01
-1.945425393368064526e+00 6.564897530119797597e-01 -9.857844019355863630e-01
-1.002346881376845911e+00 -2.836105031204518845e+00 -7.347171274072029634e-01
1.634200369067175584e+00 3.303501561521146601e-01 1.911330718958426100e+00
-4.100225501293963681e-02 2.826511491897589323e+00 5.711469003159299618e-01
5.738385496557979470e-01 1.241971861001819111e+00 8.885308842480109659e-01
4.388961273537957397e-01 1.336293126993208125e+00 2.655785985499328206e+00
2.583285880833634529e-01 -2.181358790870313591e+00 -1.319530721223589165e+00
-2.681862269669140764e-01 1.559965439035428947e+00 1.034378695594181385e+00
-4.044247966055775079e-01 6.807599105944573958e-01 8.266664290215945954e-01
-1.999633239570118848e-01 1.084193424919506210e+00 1.772832811235603545e+00
1.472835149157437851e+00 2.307071065850102576e-02 -3.675475225893237718e-01
-2.415388840417611593e-01 -6.643280871419419142e-01 7.947729012112714209e-03
-4.855564609956003475e-02 -8.749996693504971113e-01 -6.401077652299799192e-01
-6.552884034441678329e-01 2.933506218175530034e-01 -4.587749089591010576e-01
-1.963190125339128178e-01 1.537830928813186615e+00 5.597551369134221577e-01
-2.107621296317092163e+00 1.815962654045047753e+00 1.902567157279038135e-01
9.551843750259372268e-01 1.405203559603954711e+00 9.102169197316412053e-01
8.440170675509617304e-01 1.424040987923169910e+00 -2.371424098609530851e-01
1.900579868247709747e+00 1.905912441805013291e-01 -6.350574064736818070e-01
2.045541379023755546e+00 -3.277754095254249433e-01 3.947983161978647626e-01
-1.444647125439826318e-01 -1.212219773903978615e+00 2.391599212919463202e+00
-8.042918048640623763e-01 -1.532462186013321848e+00 1.344991878090795456e+00
-3.763644135254630707e-01 -1.263447024296165067e+00 1.062384790467133300e+00
1.369825478979957989e-01 -3.213732005770161826e-01 -4.434505775770673508e-01
-3.890858750356797069e-01 -2.681791450271467925e-01 -1.302116754647333896e-01
2.983148096969379104e-02 -1.069986853498958723e+00 -1.070348764800730934e-01
-1.934697163044801771e-01 -6.072295858249204814e-01 -1.821537984026433632e+00
-1.291904490869953070e+00 4.743012090582746643e-01 -9.844764624152535504e-01
-6.432078949533239776e-01 8.798357529250576681e-01 -1.909024960778202828e-01
-3.743610938271897393e-01 -2.285850990793546700e+00 -1.653548168631711057e+00
-8.505959503304942881e-01 -1.020566865439230586e+00 -1.482076390599091464e+00
-1.383574863396821675e+00 -2.600479989002374426e-02 -1.077289211592848961e+00
1.669009225029746579e+00 2.523940338057264032e+00 1.298467931042869505e+00
5.535737103766442679e-01 -1.615573796229827774e+00 -1.676013866652843465e-01
9.262768709959960933e-01 -9.976788442047179739e-02 1.525523273210559028e+00
-1.117465405238234344e-01 -3.383240092306930569e-01 -7.792135134122191165e-03
-1.274413781381181110e+00 1.121502586599867790e+00 -1.579745273779285641e+00
-3.723198175867536985e-01 6.446653932924935049e-01 8.260040363998294444e-01
-1.941147796269950598e+00 3.184010173074460770e-01 6.390348765058049274e-01
2.010187690730787846e+00 6.835738747915652835e-01 -1.265420960601449929e-01
2.289951087572181354e+00 4.557230685937174730e-01 1.520904102364081245e+00
1.127352872782287907e+00 2.346434755323454358e-01 -6.132829243382953432e-01
-1.064147217973412607e+00 -3.593118657820549844e-01 -1.049210599215572470e+00
-7.640327462973669492e-01 -2.397750798616679058e-01 -8.642912003017326761e-01
2.029651446251421021e+00 -1.641047867532110960e+00 1.498410029180853975e+00
-2.322472414244246330e+00 -3.449118883329015395e-01 4.554210242946389320e-01
3.965223659449076399e-01 9.983097530475976145e-02 4.145977207572406620e-01
1.200632951273543858e+00 1.094851464377962991e+00 1.148403473318219348e+00
5.588645550557407304e-01 -1.477955859164736374e+00 -5.456694297601858423e-01
-4.738520663155859070e-01 -2.218717532376375812e-01 -1.441412925020058911e+00
-2.905045748663775962e-02 -6.309033578070943893e-01 -7.204120898991478450e-02
-1.133112262490843181e+00 -1.610584924275900720e+00 -1.830816939472798888e+00
2.539312901564469982e-01 -1.409918060759538516e+00 6.263203708366706923e-01
-1.005931185077767909e+00 -5.718620515624637246e-01 -8.268199663381230469e-01
-1.316177722010929863e+00 -1.961041756668084002e+00 1.002938109467049754e-01
5.683732523659688063e-01 -7.685455023149652121e-01 -1.922752644413974421e+00
-1.372750086303062389e+00 -1.721248448501347394e-01 6.009865144216033350e-01
4.306023846585823600e-01 4.358534651336450905e-01 -2.231208674608235465e-01
5.486602900897086244e-03 -1.323624205394585474e+00 -1.153556367853697973e+00
-5.372302206960350990e-01 -1.352850941633683135e+00 -1.115438729547602592e-01
2.064298720360776551e-01 2.208809219770900834e-01 1.247118057347199827e+00
2.327640351192117318e+00 6.947724388072679114e-01 1.789872778880536308e-01
5.953991737354635827e-02 -1.210689175876331403e+00 -3.557728170282856706e-01
1.825072422445264575e+00 2.183046910356679415e+00 5.096452216411878622e-02
1.502856990500714973e-01 1.402167374336251160e-01 8.971426841030563093e-01
7.107225985005798385e-01 -1.326056786455867442e+00 -6.069917385819894040e-01
9.222845758639210967e-01 -1.958099210913944344e+00 -3.133339395775308622e-02
1.581348385586621719e-01 8.821653116486068980e-01 1.305253574760070756e-01
-1.363762556775200974e+00 -2.298763550131903144e-01 8.699460109107817196e-01
4.360273861845004872e-01 2.114511102374273310e+00 4.723930511933308596e-01
1.245417781515518296e+00 1.043416038619809028e+00 -1.373064984500820485e+00
-4.850651603884338359e-01 -7.810167261545047923e-02 6.319494430048988587e-02
1.426678451798436997e+00 -1.528487088085003442e+00 -9.487014868265311041e-01
1.058232413555794116e-01 2.342515020489397415e-01 2.496631866137966060e-02
4.068539488451427544e-01 -4.113311913279749099e-02 7.242685058145899024e-01
1.002298424808885979e+00 1.940777278047302268e+00 -1.444482961853287506e+00
-1.005592911167829229e+00 -1.706656785412206334e+00 -1.273544299385518386e-01
7.601598167329135514e-01 -1.800178984640568580e-01 -1.383672241950874016e-01
-4.552137872669129726e-01 2.311779121394931247e-01 2.669193551777093720e-01
-3.735866548108632834e-01 6.038143515001272998e-01 3.047521416171879993e-01
1.850877383005960164e+00 8.590679136989711751e-01 -2.365823509604836339e-02
1.410296082150581221e+00 2.428134912403276391e-01 1.452026259006244491e+00
-1.400675608674631256e+00 1.491587300235533986e-01 -2.456283253375358022e+00
3.685655990310433561e-01 -7.423536811318363071e-01 1.603572069056085070e-01
-1.267566411822168337e+00 -1.826403411320196346e+00 -4.991975460445414736e-01
1.063749228054869267e+00 -1.194199656292075362e-01 2.061187728877244218e+00
6.821640447589172318e-01 -7.136305739496677791e-01 -1.957802062596528669e-01
-2.016865674804372510e+00 -1.923154458153157664e+00 -1.422408216962481875e+00
-1.488717970130650770e-01 1.362281628045185489e+00 7.862792758480036115e-02
2.380619520190918048e-01 -6.929730647842986535e-01 3.207934783682715452e-01
-1.240280297802972775e+00 4.085029318996248326e-01 -5.507565785217127807e-02
1.005537406304878090e+00 1.243506654372853237e+00 1.147352473829078123e+00
7.573565795073897711e-01 2.354200604591150103e+00 9.895944834676869695e-01
-7.566760184181784421e-01 -8.224669144826823874e-01 -1.074571380470902726e+00
-3.626519787777052750e-01 -6.108423605135988588e-01 9.897860985618647245e-01
1.702303767147137048e+00 -5.911807304324498968e-01 4.781624352421543489e-01
9.021290845417944126e-01 -1.485251330586011775e+00 -5.347463763949077409e-01
3.533599832752698511e-03 8.223255721405178242e-01 -1.680453954855314569e+00
-2.847344822772110984e-01 2.024110466372327277e+00 -6.727084051784406604e-01
-2.421714895071141349e+00 -1.159538205153377022e-01 -1.351571237751138632e+00
1.585534996718563905e+00 9.651325641096289987e-01 2.742079583605482984e+00
-2.019823560984893795e+00 -5.909691189917538612e-01 -1.507775560954490057e+00
1.352692415129677306e+00 3.227972427631513597e-01 1.181864633255598429e+00
1.016723213794901159e+00 4.105052820069243769e-02 7.967219557815335973e-02
5.506136590247314722e-01 -8.352393375829936240e-03 1.629891154003412668e+00
-1.304608837816726652e+00 -1.010962130759000543e-01 4.001656725271596216e-02
3.523449157125340125e-01 -2.497884672835577469e+00 -9.462752427032743441e-01
-6.784827640117385705e-01 1.587851100165919016e+00 -3.802620093931127210e-01
-1.228194123011814964e+00 -9.879677769701785683e-01 -8.770418580078216397e-01
1.150164926778893260e-01 -6.281893238306117677e-01 -8.139588518949638640e-01
5.160264727151819830e-01 1.169466661383202766e+00 1.902405072061981173e+00
-3.274225725024038081e-02 2.761735148837630160e-01 1.205780692275361776e+00
5.413117581883191143e-01 -7.367288711020968384e-01 -1.076879703262902943e+00
-1.656028935959127368e+00 -5.188154900321707563e-01 -1.061374112048249385e+00
-1.404012956114176536e+00 1.651929008302654989e-02 -1.377538328953549884e+00
-7.483471047205279003e-01 -2.521481817522736035e-01 5.642279859323877655e-01
5.927433298062632083e-01 -1.853764501193342351e-01 1.321866046595732591e+00
3.468984119035236069e-01 9.392224330175497071e-01 1.420092695937883231e+00
5.343723199716786665e-01 2.989892429566128329e-01 7.702216979099891780e-01
1.937477060544890772e+00 1.077053616628034227e+00 8.707583964487706218e-01
-1.837735538093601573e+00 -1.819021490355589243e+00 -1.986552414878592687e+00
-1.330353425197332573e+00 3.750711316859064448e-01 -7.071761576884133538e-01
2.115766315687810373e-01 1.679628850644628857e-01 -7.518561349486453382e-01
7.422126243174401727e-01 6.200412158695828291e-01 7.327970553323954750e-01
2.038071328759456069e+00 1.303102572968453110e-01 2.114388695782263294e+00
-1.394525076569622657e+00 -6.840446583484375287e-01 -1.234538600544869746e+00
-1.713991947672799387e-02 3.296094955815881411e-02 1.606004849636106124e+00
-2.761304259799527427e-01 1.542795878264797915e+00 4.149946052350805825e-01
-5.583710554397752768e-01 -1.138017943546242972e+00 6.426574148351857918e-01
-6.129788220825260758e-02 -6.079534781605573368e-01 2.668539580346535045e-01
1.236978008996767464e+00 -4.578224615163313249e-01 -6.502971652634448319e-01
7.299829725085008603e-01 5.892199553010601942e-01 -9.739229291817208534e-01
1.612736062493223432e+00 1.367061198239689079e-01 -1.191857826273484688e-01
-3.332206295658864947e-01 1.312584577784009499e-01 -1.239970789981469146e+00
3.285358177516329858e-01 -1.211854625121520090e-01 1.223681812314465045e+00
1.058717602127911661e+00 -2.284384922762474623e+00 8.901225210898837670e-01
2.284905186983043013e+00 6.628979973239036427e-01 -1.468740785918811520e+00
4.068252412453198241e-01 -2.977072116634993382e-02 6.928576973617766033e-01
-1.957999678145352584e+00 8.890747635535531934e-01 -2.014103407612177765e-02
1.065929465072984472e+00 7.661259220598926056e-01 1.589951594450354611e+00
1.195096054537057029e-01 6.596179110703805915e-01 -7.194922505056757789e-01
9.361347201403292795e-01 5.779730513412706383e-01 2.656700178837248405e+00
-8.331857390076455872e-01 2.282453607266865525e+00 1.099509101749961415e+00
5.818483302659845924e-01 7.214003014099603650e-01 1.978426452773538013e+00
8.416450951807392666e-01 2.392322933887720104e+00 2.808957392962612154e-01
-8.512522207381620909e-01 3.111224999804433899e-01 3.858475428322478695e-01
2.895252565215419960e+00 -4.155124392478137807e-02 1.061568693871551172e+00
-3.258700406315440667e-01 -1.715254707940147005e+00 -3.808316979292123428e-01
-2.256148018616798367e+00 -1.316106815464932467e+00 -1.923234554904109661e-01
6.561070409184367458e-01 1.240867094823124184e+00 -6.568019550951316177e-01
1.026826284909637677e-02 1.078317417563886771e+00 1.211423179316642340e+00
3.400222014249331126e-01 -8.773937157474156479e-01 -6.849536218756440142e-01
-1.464437174361697291e+00 -1.073974403962292268e+00 6.444607354583204994e-01
-1.594456191187474947e-01 6.641186168338466533e-01 1.208396106434535877e+00
-2.664713498509381218e-01 1.106316214983387169e-01 6.217224824701661490e-01
-9.486666104605727678e-01 3.840804176892772537e-01 5.348309197288108052e-01
1.707638023656104509e-01 9.934665227984762481e-02 5.348084228197824697e-01
-5.711912703730753771e-01 1.507546270010330369e-01 -1.527638709058785071e+00
4.861811668045395995e-01 6.318608927985545076e-01 2.133958027511444033e+00
-1.078306177368219876e+00 -4.511746882853842067e-01 1.081297293967605322e+00
1.573658221886772290e-01 -5.247325240567911608e-01 1.267378799868659200e+00
-2.637613465902094667e+00 -7.760271479593557897e-01 -2.167488937349998146e+00
9.963299453946234951e-01 -1.433413772560283794e+00 8.886043201744131537e-03
9.082885064949739462e-01 2.039672505630491628e+00 3.925309665554771454e-01
-3.853519371721861320e-01 -5.054169780209687435e-01 8.785533236243303623e-01
1.393584234468512095e+00 1.224791367063786662e+00 -3.436711784908302869e-01
6.838518260692620920e-01 1.233549920813515000e+00 -7.798025423292493929e-01
1.023496405192586778e+00 -6.399080455971002390e-01 1.015128322052588405e+00
-8.854941088550934980e-01 -9.690548149575499703e-01 3.665048773418225769e-01
8.963432765585540585e-01 2.764364121198840119e-01 1.907676400655687443e+00
-7.325914988962323182e-02 -1.017283686148492405e+00 1.229655533170327164e+00
5.565749526007985892e-01 -2.081990581744630919e+00 -2.624902384405377820e+00
2.237522958291274122e+00 -9.107889830082072091e-01 6.111890434886944057e-01
-5.756645698643619857e-01 -3.261215821709655405e-01 -5.069472093541143032e-01
2.978571562629312108e+00 2.387571336875381478e-01 1.602710866992311578e+00
-7.772568760074670680e-01 -2.629895950752543232e-01 -1.872303653525898115e+00
1.292679674572677406e+00 5.301299339987911585e-01 1.708982482482059417e+00
-7.394337334939624640e-01 -1.460842483097239075e+00 -1.311752787285804800e+00
-2.344829084842128708e+00 -2.675131979666709015e+00 3.301087762608408971e-01
-2.877260135835869592e-01 -9.986726184674394879e-01 1.795338869786302083e-01
-1.047338764966802671e+00 6.113963244341249492e-01 -1.126809524939528462e+00
1.115290038213425650e-01 -1.919129638123248105e-01 9.648626891163356589e-01
4.182475350635365130e-01 8.204940120916303092e-01 1.870398947628905351e+00
-8.764849677838599806e-01 -1.226611240687777382e+00 -1.326928173387941889e+00
1.438802323814389883e+00 -1.233562513245537673e+00 9.349835504685395371e-01
-9.368661674388363281e-01 -1.210075676262867717e+00 3.171623159711816076e-01
1.290195797647774256e+00 -2.341502932545799776e-01 -2.485681506587442136e-01
1.806202308224174935e+00 -7.491917202173037360e-01 -9.157924654410202203e-01
1.868371671725646666e+00 1.264636788846972837e-01 1.730906302632002403e+00
-2.400190099943697586e+00 -1.347052628034241639e+00 2.972877762585894867e-01
-6.769323250762155908e-01 1.151960953342954674e+00 1.397830347588687516e+00
1.416714885158409931e-02 5.756562162702885121e-01 1.543045980900092262e+00
5.023618976368849909e-01 4.804807382902222535e-01 1.062801654484861080e+00
4.525855155540681185e-02 -5.585948930906692311e-03 -4.220780179495783324e-01
-2.215670067774901497e+00 -1.046324792213993771e+00 1.008087975363479716e-01
-5.684013308956070709e-02 2.502767726420252803e+00 2.931929915845088996e-01
-3.221258582339570076e-01 1.266158918405499101e+00 -4.239211547304987393e-01
1.306321514992091704e+00 3.093010476277500143e-01 4.474447414069021578e-01
1.386172206151009001e-01 -5.002488241425342430e-01 7.351842684865944610e-02
-1.123473038074085162e+00 7.578276259115606095e-01 1.586917452856259292e+00
2.358357028120197985e+00 -4.884858003352734457e-01 -3.028566906505629763e-01
3.819521344955615905e-01 1.546085741749026576e+00 5.331617548707634491e-01
3.632190723281697453e-01 -3.771537415941098592e-01 7.105768580524682854e-01
1.778623064394171394e-01 -1.111186681620111250e+00 -1.263298211196004939e+00
-1.728395943153396841e+00 -1.321855641363910205e+00 -1.786020725060221137e+00
-6.405534607580913864e-01 -9.116566330993802758e-01 8.419116687382823816e-01
2.779975785170047953e-01 -7.376470355104260967e-01 -9.611437089213612506e-01
-1.036787555547832529e+00 -4.705852878250155191e-02 -2.233839066700772591e+00
5.941049388517090080e-01 -2.259006751121914736e-01 1.222913499721406616e+00
-7.914188466261269372e-01 -2.691212357123711763e-01 9.122983950511416307e-01
-6.879145899832255218e-01 1.813700170901108022e-01 -6.149031364517634213e-01
1.763223243123389850e+00 1.297159309181020070e+00 7.224336454428292864e-01
-3.691697011217577318e-01 2.514595848095425024e-01 2.088981552841415734e+00
8.695099243591488669e-01 1.064630593447070117e-01 9.945439607795112380e-01
-1.660424291411843889e-01 1.009952340331865095e+00 1.934601960809544829e+00
2.528595638449247507e-01 -1.081581200251185537e+00 5.861515970564377120e-01
2.359641419572048315e-01 -1.061509607201276406e-01 -2.968646973494136754e-01
1.287643177724798083e+00 -1.182596049372018454e+00 -1.141723378118102650e+00
4.179956127162090529e-01 -5.069103220940720522e-01 2.332196298173328408e+00
2.528116014160207148e-01 8.133963838573488037e-02 8.899575222444715550e-01
1.360979506611520229e+00 -1.223750384620303722e+00 1.135521497418635839e+00
-4.071472389589980700e-02 -1.213602176081355566e+00 6.616989142098415044e-01
-6.034931274320549655e-01 -6.070573946576232061e-01 -2.611286001194094153e-01
-4.313533794563999546e-01 -7.319177229700457588e-02 5.678711041541857352e-01
1.466935842194788009e+00 9.760891644808830092e-01 9.540798028170254241e-01
-1.335390565232672078e+00 -7.927872686583572470e-01 2.730643488534190144e-01
-9.782115226256187235e-01 -9.109641044168563795e-01 -8.998514538320133704e-01
-6.790106443183780982e-01 -7.205104844731959890e-01 -1.164590352100015380e+00
-4.885208393721192643e-01 1.804318435127311160e-01 -2.793722069449783296e-02
4.951188488303256974e-01 9.052660246957697776e-01 1.807782790221603708e+00
2.208213974781884303e+00 1.493192308776563948e+00 6.366792432734547091e-01
7.474855015695440752e-01 -7.675515900060687624e-01 1.097711761612280235e+00
-1.007268159988758960e-01 -1.006061947900419362e+00 -1.053763877671541005e+00
-6.517281655681108621e-01 2.834639966051310522e-01 7.678955127864270924e-01
-1.082424598959311202e-01 -2.770945886424472704e+00 -1.796780751715576052e+00
-5.264535834351991017e-02 2.934012889791927092e-01 2.949432429800595834e-01
1.686457361636563235e+00 6.368865725460546301e-01 2.261613597658028496e+00
2.570076252756131829e+00 1.616279247269728492e+00 -1.908605628317979530e+00
-4.028506426833505794e-02 -1.172145076329577762e+00 -1.188096566564084799e+00
-4.386280966502236756e-01 -1.948969635165699876e-01 3.131987808645574356e-01
6.623831678648295362e-01 -1.258446585311800980e-01 1.562854418172817228e+00
9.266637400551769321e-01 1.177459377750612046e-01 -5.281657593479121005e-01
7.602655468450854048e-01 1.941062104114247955e+00 2.721828328930775420e-02
-1.448233054237808792e+00 -2.638154366967376818e-02 -1.983713279722480571e+00
9.013695764400426746e-01 3.876995542087520175e-01 5.479608336773533761e-02
2.462569897422437482e-01 -1.099131097807949597e+00 1.553061792469490054e+00
1.558332165640761713e-01 -4.870789711553142887e-01 1.059375987146386588e+00
-3.563819730732311619e-01 -9.548006397946747770e-01 -1.930408025279557016e+00
1.247584826138776082e+00 -1.451651539186110673e-01 1.455065598748019440e+00
2.317755912748569624e+00 -2.696940792331402603e-01 4.090935639322835771e-01
3.219221629637685766e-01 1.340084233192829544e+00 3.993991935650071379e-01
2.859142006155583893e-01 -1.245939819886097144e+00 -7.086226426804662637e-01
-1.389447609060132205e+00 -1.235047021515217835e+00 -1.352200829365018508e+00
-1.330518524951157744e+00 -6.874666904028385872e-01 -3.840455490662917359e-01
-2.794925281796184491e-01 2.802077150600414956e-01 -1.570188486240094994e+00
1.187561835167322499e+00 -7.232580283156084811e-01 8.492545008013890895e-02
-4.703382612953689867e-01 -1.583684652616736077e+00 -8.305547237269816918e-01
5.170092354139814717e-01 -2.843968474847602401e-02 1.491503906675105684e-01
-1.128853511695857348e+00 1.081622577595360957e+00 1.101038333914593936e+00
-1.711789934468153973e+00 1.377562920879290775e+00 2.405960467216856635e+00
2.426881135091031538e+00 2.257831007895413356e-01 1.775651015518428633e+00
-2.915433471957715739e-01 -1.745536152388600826e+00 3.666784269762473070e-01
-6.609099087482606105e-02 1.034518583260424229e+00 7.517199286868622155e-01
8.728945533919171273e-01 5.321047773426295091e-01 -2.953113047996918095e-01
-2.850719265945766967e-01 2.005780329365208559e+00 1.740502032309126923e-01
-6.533654785003684129e-01 2.186150837209019926e-01 1.037775649831061964e-01
-2.127171477110487152e-01 2.350972434750456808e-01 2.957382983124903220e-01
1.282662847116507798e+00 1.270715009308425847e+00 7.829880671244515700e-03
8.721977281313588737e-01 6.016265117045496158e-01 -2.347304687776415211e+00
1.642135657643935875e+00 -3.941152384519381879e-01 1.041382761681167057e+00
1.754349977159563867e-02 -1.181909657172038886e+00 -6.423727189027201856e-01
1.051683661341289433e+00 -1.477975980256465149e-01 -1.631742285641171630e+00
-1.096621649836706514e-01 -1.222735168910867420e+00 -6.195459063471997485e-02
-1.272727071940585208e+00 -7.824969454560504190e-01 4.639252425945278313e-02
1.257389961484107310e+00 -1.833360026402921950e+00 8.392975474115285106e-01
1.268546174142649807e+00 -7.705464779172515044e-01 5.636764961835741827e-01
2.025939140157702489e+00 -1.314081092089143699e+00 -6.416054726806394992e-01
-7.250077659790779006e-01 -1.359861491872894623e-01 -2.888502052867554237e-01
3.219191336950313342e-01 8.516310272738354392e-01 7.840409140647022213e-01
-8.352345524815170119e-01 9.523062649619109532e-01 -1.230654195033010989e+00
-7.907671077263427328e-01 -7.361736400571400329e-01 -1.393556792371868358e+00
-1.824294028531922240e+00 -1.079170034511994558e+00 -1.078622125204732107e+00
-8.284695388719670595e-01 1.058811449995356035e-02 7.302476865351115176e-02
7.239528852816381477e-01 -1.450590845582333976e+00 8.934185505959257867e-01
8.473070454941016294e-01 1.149360203170329831e+00 -4.617453832338569431e-02
-1.454259458762375612e+00 -7.828689837177207345e-01 -8.846234445562998205e-01
-5.960808279995954972e-01 2.647059969245605382e-01 -1.374930175935227705e+00
1.542611758010727918e+00 2.367296792999003530e-01 -1.416045146104371488e+00
2.158811573823576691e+00 -1.317333551782919443e+00 1.414652748551957551e+00
7.707347702727017635e-01 5.785032003724966954e-01 -4.405245022326618187e-01
1.499082690305112653e+00 7.981834509739618166e-01 -4.257947197833870101e-01
1.848107482095340703e+00 -1.895544608145677490e+00 -1.188631690364105431e+00
7.777872624196036089e-02 1.497019091858876050e-01 1.058375057051855084e+00
2.891818033668265731e+00 1.720073396481575090e+00 -4.145749994991163589e-01
-1.301770537290875551e-01 -1.226312055307536397e+00 5.299082399746837257e-01
9.209380754837106497e-01 -3.312724506897590793e-01 -2.886236827880639400e+00
1.897876830109601620e+00 -9.917405575168121157e-01 2.829722766803789424e-01
-1.475020082904402452e-01 -2.039434139596595585e+00 -9.058656815896062309e-01
-7.771330561049305530e-02 -3.195646371652716144e-02 -1.936781280689767515e+00
1.013144324078294023e+00 4.707675085530114156e-01 1.816058599281603403e+00
-1.306563048466417243e+00 -1.189061866122259392e+00 -4.278990987673505497e-01
1.195931255072591348e+00 2.075047758513922092e-01 1.540028640614859556e+00
1.113231549115818231e+00 -2.304410789691417882e-01 -1.000001702060966169e+00
2.949542103120452730e-01 -9.356784091531789027e-01 -3.713032364361323889e-02
-6.927909551435185165e-01 -1.369357891064385546e+00 4.554986375375513763e-01
-5.789376005857873597e-01 7.281849684207808426e-01 -4.004700730109732598e-01
5.421593951471659345e-01 -1.485603619908599571e+00 -1.454469658674289345e+00
-8.821016505672261143e-01 7.143061316649237380e-01 9.399689520770110329e-02
-5.020626854327845390e-01 6.440334857829314030e-01 8.022481439803358372e-01
-1.572108337139343170e+00 5.244272851386952983e-01 -6.095642429865955059e-02
-7.173091086025706886e-01 5.066670023233066367e-02 -1.345887769871522810e+00
-2.291385345738323309e+00 -1.461902506854989348e+00 -8.593963497799396167e-01
1.564166760828965774e+00 1.540353671040505801e-01 1.578313771664895171e+00
1.254399549060730035e+00 9.530776662251945197e-01 -1.461825242756013887e+00
1.886050254091396594e+00 9.978263711967588767e-01 3.784263738736598492e-02
4.678257208428936442e-01 9.138693280209675418e-02 -1.855787488577311350e+00
-1.722591731038677354e-01 -4.619907636503868265e-01 6.792428947716584453e-01
-2.085078624666170111e-02 -1.744801028508288221e+00 -1.407686627499212140e+00
-9.322264957837403943e-01 -1.471764271283473979e+00 -3.288936749206838317e-01
-2.136327326719568376e+00 -5.373487584384822879e-01 -2.126821807273091114e+00
6.387764252382974739e-01 1.536201902301159716e-01 7.541293018151740135e-01
6.265635345457476468e-01 1.197498149839425707e+00 -1.629942485891822113e-02
-6.641703436494441615e-01 6.083027579094538728e-01 1.097215751164513531e+00
1.062378218450923395e+00 -1.445581188377386139e-01 1.879498446444766713e-01
1.271871730076567175e+00 7.037127372005044235e-01 2.408899714924497282e+00
-1.041814197633391670e-01 3.608851166889253115e-01 -8.974248575921448534e-01
-9.600961064114708066e-01 1.227592641510945715e+00 5.046179029448453202e-01
-1.916805181541113567e-01 -4.878611968143397037e-01 4.043730256994439998e-01
-8.205507034839361058e-01 7.509582894367110573e-01 -7.559312359862750963e-01
-3.719681209083011697e-01 -4.632253758787498454e-01 -5.750956111373061175e-01
-1.007230210371212076e+00 1.173742142284417422e+00 4.937226766116915577e-01
-2.736670818716278042e-01 -1.251677789489299419e+00 -1.704337094224894766e-01
1.098286999422718013e+00 6.566199252291835542e-01 1.947947947473732677e-01
1.847714771920198285e+00 -3.562588554900294469e-01 2.242998403998258894e+00
-1.109795649621053482e+00 -2.737948050075687423e+00 -1.388756743130470817e+00
-1.745760402319385118e-02 -1.048131118657529726e+00 -1.582720642402056566e+00
3.337117699711464880e-01 1.161930760717009292e-01 1.137167441755046138e+00
-1.310558691053908431e+00 -1.890789153268095157e+00 2.476355483912613398e-01
1.496896237139297536e+00 1.609298565483937127e+00 7.662932248113247802e-01
-1.271789650289484541e+00 -9.984419977922149858e-01 1.043201052627602543e-01
-6.827060580074170160e-01 -1.430014945253458958e+00 2.528026879182955211e-01
-4.724108832544012815e-01 -6.351344216319931846e-02 -9.416458863930534662e-01
2.898462283834896125e-01 -7.765829062993907517e-01 1.875994324847596095e+00
1.210815923448743670e+00 -1.383772323618939204e+00 -3.544467127370386272e+00
-1.314149048938349829e+00 -1.554114438006618526e-01 -1.121961471321647696e+00
3.382850052620100634e+00 -2.173010280387803750e-01 -3.359215375357327282e-03
9.374881546310553926e-02 -1.056306371656498211e+00 4.182528942563523144e-01
1.478664193840417695e+00 1.160104491143941985e+00 8.369525147075482785e-01
-3.538833415586302156e-01 -4.747371167811009207e-01 2.396651255213378962e-01
4.066934815158115835e-01 2.506003045308539123e-01 9.364010076216490175e-01
8.587685952310788462e-01 -1.948228705963909180e+00 -1.659573923171564491e-02
-7.276216457519580905e-01 -5.285516166943106109e-01 -1.322748026760208528e+00
1.826859442866233696e+00 -6.407074340455176653e-02 9.879845661613516627e-01
-1.912659525008693517e+00 3.890901515537137367e-01 1.031020372242918981e-01
1.788064186532191679e-01 3.250926658609611053e+00 -9.676740059885955425e-01
2.576422250368631817e-01 1.278159322745782589e+00 1.214544112641784412e+00
-3.061045302300539062e-01 1.290308467337929699e+00 4.518999155088827546e-01
-2.218283058582854128e+00 -4.963289915025887455e-01 -8.607278315702309168e-01
8.284817913465958306e-01 1.447814128133920741e-01 5.313237129657575331e-01
1.694916004842048629e-01 5.741508723763566469e-02 -1.133118775038842951e+00
-5.133917877139702046e-01 -3.618565432352733868e-01 4.782482111106131084e-01
2.342588510685081893e-01 -2.018534021616609775e-01 3.761665869920114424e-01
1.620749127584613758e+00 1.195195552922246884e+00 -1.871234782399588958e-01
-1.570117986413966715e+00 -9.750388050455291999e-01 2.750392431795281034e-01
-1.598059967489451338e+00 4.255950615130092984e-01 -1.284777598157930800e+00
-5.811547801114285150e-01 -1.268067725810070767e+00 -1.783615382815427197e-01
-4.099807720708130709e-01 -1.439957228609212714e-01 -9.370870957381916000e-01
-1.282659094420115942e+00 3.853138961659241524e-01 -7.997692390886963487e-01
6.206739427051007896e-01 4.102132234413701783e-01 1.197700668046285166e+00
1.459306762972320426e+00 -7.971366182884710438e-01 7.995514564897678866e-01
2.291865735793642500e+00 3.872028184720575084e-01 -1.189774102494703945e-01
-9.085827615993297135e-01 -1.784002383114629220e+00 -1.798429961151550405e+00
6.290078789848080332e-02 8.471424998773412485e-01 -4.171299874331229063e-01
1.792566087751452208e+00 4.875435794071736328e-01 5.522385314217201913e-01
5.069867058843176011e-01 -2.540347166189260708e-01 -1.182334013504855452e+00
1.332751425957550584e+00 4.768880140813135937e-01 3.242690665604332501e-01
-8.741009573137934474e-01 -3.516475010789649747e-01 -3.636216062594714860e-01
5.969390776131331400e-01 -9.672500386744203871e-02 -2.228493758412648518e+00
-2.281522633290625990e+00 -1.336691226569680424e+00 -1.752256593620285519e-01
3.829135860780318312e-01 2.203489415187085854e+00 -1.035622674750854122e+00
1.467487621723709612e+00 1.082596889443062871e+00 5.387074430639049449e-01
-8.249694366469330076e-01 -1.308540960932804698e+00 -1.127380981616198152e+00
-7.775503687098299643e-01 -1.514412103326997938e+00 9.051972831222774296e-01
-1.860616492352995532e-01 -3.984565489730169663e-01 -7.619374864945676062e-01
-1.238544918245813475e+00 1.876131420542329176e+00 2.272221010969440957e+00
5.817086693121962249e-01 -9.284601213726517699e-01 -3.601355018845037170e-01
1.618386671580740011e+00 -6.331292925325022747e-01 1.540644696927195856e-02
-1.756994609808724128e+00 -8.809481230984322897e-01 -1.115797864884079615e+00
4.312824145179418034e-01 2.752910780563505577e-01 2.429014378257334350e+00
-1.552920194541388188e+00 2.877647723746286079e-01 -3.208479797720776849e-01
-7.019424123370119339e-01 1.662891889596786354e+00 1.410274213509754015e-01
1.740944067944676377e+00 5.523743190730910912e-01 -1.435385779344497736e+00
2.283485894615910006e+00 1.051706756307103197e+00 -1.610172672873807498e-01
1.358914780108909870e+00 6.588112700166159907e-01 -8.482674450969673874e-02
9.512791719656858991e-01 -2.856553210122723674e-01 2.503453044305103958e-03
-6.340161680071652039e-01 1.357550001493285530e+00 -1.408386980559848567e+00
-1.547494639156003160e+00 -9.708361200044909323e-01 1.428395138592450930e-01
1.127631262856502836e+00 1.237537189762125234e+00 -1.382823229078711247e+00
1.310145831343120015e+00 2.623673814281991756e+00 -1.077585056456507706e+00
-4.763755511827879596e-01 1.645539224592278860e+00 2.434910965464546773e-01
-2.848485405874676690e-01 1.107824318978854361e+00 -3.967887068726405619e-01
5.136555996857410378e-01 8.831684016744791865e-01 6.749880863697045319e-01
-2.022619922811759174e+00 -9.168315903651330645e-02 4.560285292998010886e-01
1.011599755484738239e+00 -2.180221194490520542e+00 4.408357183066347051e-02
8.131332194688065673e-01 4.714464344635648785e-01 1.035534443000778904e+00
1.014184710954616264e+00 3.774238478000387920e-01 -1.305263109342495564e+00
-4.180299842783368747e-01 1.406402205009931183e-01 -1.369053420955406608e+00
1.241638202765413368e+00 3.667566997597225265e-01 1.733443309834116652e+00
1.644135637574756226e-01 1.137129216364908935e+00 2.055599423114908397e+00
-5.794013565653651776e-01 -1.302561125064449765e-01 -1.933562842894973599e-01
-1.901000617710746798e+00 -1.815548304011051828e+00 7.402830760415446409e-02
-1.314353676803282411e+00 -1.750311902708113987e+00 -1.391310291325470683e+00
1.035832924496519869e+00 -9.036350476538321796e-01 8.775931269918679778e-01
-5.541379359200311328e-01 -1.298649427113209853e+00 -2.116018837123700536e+00
-5.515116729747129298e-01 2.491058655921076337e+00 -3.268396449771098222e-01
9.366210783294843800e-01 -8.666770179094192006e-01 -1.588809700812977788e+00
3.372961126415104927e-01 -1.081154900864040647e+00 -3.956838284134627792e-01
7.903357404550430676e-01 7.054651418262787299e-01 1.302665166958031917e-01
-4.397787495813070269e-01 -2.444591416240130322e+00 2.765317312495356727e-01
7.772286207662926216e-01 1.723568548535362677e+00 -6.765200760312393147e-01
-1.553649108151166525e+00 4.828066962379016225e-01 -5.580161116243814723e-01
-1.026068233104335814e-01 1.882375427249286304e+00 1.311317371261818909e+00
1.629147905575479838e+00 3.658000574483173950e-01 4.165393288827764495e-01
-1.230180922017818368e-01 1.184981430228257304e+00 -4.081451666709712267e-02
-2.094708692170597075e+00 -1.192961457089989130e+00 -7.083909385754652011e-01
-1.007302381532106050e+00 -2.714808681744386165e-01 -7.348166536415806638e-01
-1.166390047944882546e+00 -1.129768228512510797e+00 -9.495035970239054102e-01
1.914781520132889270e+00 9.657153459144800500e-01 2.020411698161803216e+00
-1.652588936784887386e+00 -2.322488931769902454e+00 7.848618626303334178e-01
-1.290420693704999788e+00 -8.016306348832207274e-01 -1.981570555044263271e+00
2.123418727385489646e+00 1.515076221351664643e+00 6.538840416226032737e-02
-8.315060947103880551e-03 1.601819149550332222e+00 3.235624600303704579e+00
-1.803569120629966438e+00 2.415856740563692151e-01 4.729346264742754213e-01
-6.224181616878028400e-01 1.829467784817703779e-01 1.162833448628873390e+00
-3.728165683722453050e-01 3.338484180825187497e-01 1.578162279484270680e+00
3.055751276208384937e-01 -2.529980707683475716e-01 8.041576481127593601e-02
4.576317937163471572e-01 -4.837568879793354704e-01 -3.580709890168155551e-01
-2.418793120193865054e-01 5.086623259666918084e-01 -1.744744264511699061e+00
1.465130199889580487e-01 2.724068504139520730e+00 4.632390836367572540e-01
1.880544405966316557e+00 -1.255339764628660593e+00 4.546520459853004015e-01
-8.867663356614929882e-01 -3.253371471071903054e-01 -7.510716452016688027e-01
-6.889820727999274030e-01 1.968598319794894747e-01 2.054304679943491418e+00
4.531106942966058870e-01 8.153289944805035550e-01 2.058002318911060335e+00
-1.341839168010904748e+00 5.443679347413343805e-01 1.292839547171853454e-02
-5.491251092541036272e-01 -3.983142934499857568e-01 1.147775666315643539e+00
2.321656946639411689e+00 1.727903234888396478e+00 1.481136763586446969e+00
-3.268619058852710868e-01 8.859123489413535113e-01 1.992994984444615092e+00
-1.186382710334417112e+00 7.584701361536310138e-01 3.600476083911654523e-01
2.803766095119551993e-01 -4.189228891877768701e-01 2.523305772017798709e-01
9.511410594663451956e-01 -5.538459675220380740e-01 1.014346603921312484e+00
-3.206493501454142914e-01 -1.384902006614549208e+00 3.372243620171527789e-02
-2.051872862425307420e-01 -2.476694996740741672e+00 -8.800889796145610067e-01
1.345247292680660678e+00 2.298461926965362778e+00 1.859439589850022889e+00
1.533143436960922257e+00 3.650293517611147287e-02 1.011232376344372685e+00
-1.373903003119750998e+00 7.782188092845576666e-02 -1.659259066181081099e+00
-4.455032180640916550e-01 6.863643776204602087e-01 3.002432870239898355e-01
-1.249775619056376463e+00 -1.383897009329212002e+00 1.365227347457098617e-01
6.196103206695861010e-01 1.998702054220526936e+00 1.002831168947307061e+00
9.292495749067253286e-02 -2.373276971038170147e-01 8.756261468621160393e-01
2.197200145468425347e-03 -1.479312712699964782e+00 -8.748494979046098630e-01
1.201419033403553493e-01 -2.032581573674274722e-01 -1.566383721827288467e+00
-8.555219748744093966e-01 -1.043348391007156817e+00 3.627106038691942924e-01
-1.864601544422629376e+00 -9.391547277232694668e-01 -8.390817803049084311e-01
2.185631028012087196e+00 -4.190419150547743943e-01 9.968046142572051238e-02
1.056879353860817883e+00 1.144963390376039003e+00 4.893965763797920587e-01
-3.950653409415170181e-01 3.690028975435533098e-02 5.370969741253214247e-01
-8.056616573117552083e-01 8.692739419153516778e-02 -2.020054570016956985e-01
-8.057925629790927413e-01 -2.129039539807288328e+00 -2.941727989499064222e+00
1.313630146268373933e+00 2.783847495098428215e-01 -1.145001615283823160e+00
-6.036397579714241068e-01 -2.911967693706263294e-02 -4.484317037604825806e-01
2.151468790743432669e-01 -4.156061345390041351e-01 -5.918986006525404076e-01
-1.706305283044574184e+00 -2.926558671016377122e-01 5.236451599575013827e-01
-1.681420411177017238e+00 -1.352664065339216126e+00 -5.116680389594198131e-01
-9.606969682072086236e-03 7.846862464408748128e-01 -9.983370069210812936e-01
5.247057513386906846e-01 3.245984807068946765e-01 -3.297268788550767882e-01
2.881409186274932033e+00 2.916232100269738337e-01 4.474096539731614031e-01
7.505015242026806810e-01 4.930874555230718714e-02 1.100466472046249811e-01
-9.949792610580807661e-01 1.256826901112211292e+00 1.835872003419655174e+00
1.092394628559535175e+00 1.314493393844780034e+00 4.274693024590634494e-01
-2.410712634563328960e-01 -2.921265169329565481e-01 4.059486281101289951e-01
1.018372237007370451e+00 4.411258816722037901e-01 1.520682569358339675e+00
-1.241861239379621562e+00 -5.653151884542531036e-01 -2.203474135774576848e+00
-9.926536817075681807e-02 3.440522667663631351e-01 1.847939796096789600e+00
-1.375609056621918347e+00 -5.021692322944333320e-01 -5.110762457065887165e-02
6.321276730290192880e-01 -8.555640739661114491e-01 -2.500660146744444923e+00
2.981725998353775275e-01 1.924488287537435394e+00 -1.047283077553688768e+00
-2.461524456028421071e-01 -1.943028957134943724e+00 4.012711214150954664e-01
-1.201098537097631702e+00 -3.040945234426139177e+00 1.087038686856284020e+00
-2.194960396486937082e+00 1.464589347926948948e-01 -8.662467700103280155e-01
2.284228684570923651e-01 1.398994610215789525e+00 -2.987366209843887344e+00
2.596462739267596742e+00 -1.592038931178555439e-01 1.278713625198447001e+00
1.209431131596959696e-01 -1.957688845013522694e-01 -2.124213079372725410e+00
-9.941336618229146271e-01 5.493439064375027492e-01 -2.922838697462476709e+00
-1.070280134674410633e+00 -1.375635716245611651e+00 -4.929773430436324988e-01
-5.572863027609215036e-01 -7.398766213812337789e-01 2.954111114583213293e-02
6.127711561048188038e-03 6.033932254354883451e-01 6.528201496137930882e-02
-9.268822589277603274e-02 1.816807132243669631e+00 -9.372872266769090022e-01
9.375433725989072986e-01 -5.710922652118477494e-01 -1.573194695858570968e+00
-5.424621693084279439e-01 1.048537190437041522e+00 -2.584041457309222523e+00
1.047171658934310523e+00 -5.176828300939719796e-01 -1.435807963588455305e+00
-6.068015976789539190e-01 4.125261960235626635e-02 -2.979434301577696953e-01
-1.482916916960707709e+00 -1.572621676489594167e+00 -1.428195919022655191e+00
-2.492469975353635014e-01 2.691999365676581157e-01 6.254602629262170366e-01
3.297138224264235529e-01 -1.862133064460044896e+00 2.086164013190485722e+00
-2.953419953775183071e+00 -1.640817840427271967e+00 -1.137624398141498516e-01
4.113207776764900014e-01 -1.891602452731637185e-01 -4.010988756652839049e-02
1.647331968262169877e+00 -3.267549653820982503e-01 4.619457168676047720e-01
6.948553850350625005e-02 -6.606063697659481093e-01 -2.066371602600735713e+00
6.800592474916360430e-01 -4.841523014270963654e-01 -4.292052902117909352e-01
-7.156091093448924134e-01 -7.791439591884607996e-02 1.851985184398388995e+00
-1.096949557083919391e+00 1.380227489350660086e+00 1.547377153917574577e-01
-1.778967500893151810e+00 -1.470232138633234542e-01 -5.469024755870315335e-01
4.545314385331828411e-01 -2.180398695159987410e-01 -2.048322519372278716e-01
-3.792257257591182817e-01 -1.374189801289457780e+00 2.628162937712752445e-02
-5.344335019334756076e-01 -1.844449076153859890e+00 -1.751908352895809040e-01
2.222124423814742844e+00 7.200032742192646884e-01 -1.150403747423608181e+00
9.019773600881898501e-01 7.509397336108947218e-01 1.355944667472464671e+00
1.085579842876059464e+00 1.323219844149879698e+00 -2.117007848887460852e+00
-7.622417344254288629e-01 -1.016169675175320863e+00 2.330087472099484636e-01
1.640749959457608487e+00 8.134747293454218653e-01 1.988085943767000652e-01
2.575005837661813679e+00 1.836984213643370611e-01 5.825138211381891695e-01
-6.702800311081915652e-01 1.440840199759385154e+00 1.367994004267320207e+00
-4.503844135187038411e-01 -8.892415215143230078e-01 -2.145906806799942057e-01
2.420638097823720747e-01 -7.294053718929761621e-01 -3.653221949687134318e-01
1.147742367426283217e+00 2.484986192740953115e+00 -1.386842992484495607e+00
-7.507533676912760967e-01 1.039245533697726653e+00 2.971841850628311188e-01
-2.040890821562683310e+00 -1.213817421833627730e+00 -6.399921771147513150e-01
1.441636708697955349e+00 1.898750753869467900e+00 -8.445069592191289942e-01
-5.069137373212525555e-01 -1.879051529165477241e+00 -1.813450438921904828e+00
-7.600438139869361009e-01 -6.889800373179233439e-01 -1.375028677955934864e+00
-1.261587482995539133e+00 5.453139854524458041e-02 3.243086208755110444e-01
2.054914411827318155e+00 -4.480460978638122205e-01 1.584426291102308815e-02
8.476422603843449810e-01 4.919878963042246811e-01 1.745515688097608820e+00
4.328884809614860218e-01 -8.393530403311428856e-01 -3.424512406356073901e-01
5.060607425560474937e-01 -1.167347149839863096e+00 -8.227329504107545599e-01
2.255656059614532971e+00 -6.484817506018056843e-01 -2.078236200171952319e-01
-2.019651426587436127e+00 -3.867505134709109393e-02 -1.443352854280816722e+00
-2.595850615622035118e-01 7.845206704215832438e-01 -1.022662545785479882e+00
-7.851916828920754154e-01 -6.502490924486710178e-01 -3.961147537565031240e-01
2.451224869347921942e+00 -1.456993846983128282e+00 2.201782922784718544e+00
7.570250156909003048e-01 -7.949999409591090860e-01 3.467090468623535982e-01
-1.847761516163210826e+00 -7.946221540129552174e-01 6.664009801328578675e-01
2.190144243600179452e-01 -1.161978007766796717e+00 3.463065280440008609e-01
1.611423356405501162e+00 5.498905955540738244e-01 -3.179868940499227525e-01
8.778636369413053142e-01 4.839354867084054712e-01 1.856361573373871865e+00
-1.286507600576009436e+00 9.824572629567445148e-01 4.505280264979918403e-01
5.433605638670042648e-01 3.296417750405987723e-01 1.949350615223645611e-01
-1.821329027480965923e+00 -1.445417019663111091e+00 -3.212482949018751199e-01
1.328862259630224640e+00 -1.209894076158815501e+00 1.087176078814605207e+00
-6.930814336500100703e-01 3.270242654488759726e-01 8.549953615643459681e-01
-6.585156074952103200e-01 5.197824177016603375e-01 -5.871222175992355519e-01
1.178122358448351781e+00 1.160402807292745475e+00 -1.115035472526193283e+00
9.257113868067226026e-01 1.556423532425225131e+00 -1.644065463831071439e-01
-1.534668836405376213e-01 -7.937982376597988443e-01 6.430243362940624152e-01
-1.415696542542604242e+00 -1.060499903396540655e-01 1.102028732143378820e+00
4.639005838378231772e-01 -3.108260428437612521e-01 8.828831866163988629e-02
5.923334421918463599e-01 -5.587378991321390043e-01 1.349793665402689302e-01
1.665797223795833615e+00 -2.237073962202428268e-01 -9.720466853088416403e-01
-3.585116932343608287e-01 9.279223766716131472e-01 -8.234800857376889383e-01
1.144498195489451087e+00 -9.185106131133335960e-02 2.710569738419614794e-01
-8.293804917585876346e-01 -1.139567713314488806e+00 -5.521396747633192659e-01
-3.619617713712395268e-01 8.039383440724805485e-01 1.863208214030193988e+00
-1.449859291701613317e+00 1.133023293206079307e+00 -2.745402571703802863e+00
1.885003215826241973e-01 -9.721505794599770711e-01 -6.578518515253278798e-02
1.467879635026920759e+00 -1.587950110691925154e+00 3.764117726361423388e-01
6.310017954555404707e-01 -7.027825372837039897e-01 -1.534524144598093942e-01
-4.567693596850330162e-01 -1.498590213014969974e+00 -1.416934046403419245e+00
-8.497421731976448900e-01 -1.257122767510462147e+00 -7.640995414776642347e-01
5.210561558987447661e-01 -2.370204622274785677e+00 1.186508477108864534e+00
-8.688394383304336444e-01 -3.307513591445117029e+00 -8.210139855423528310e-01
2.457473938313157746e-01 5.003115287396524558e-01 1.573728540576350698e-01
2.028330649260736251e+00 2.147058779618188362e-01 -4.229533661333582106e-01
-3.719571059463760987e-01 -4.012296709383782467e-01 -1.141460724052043574e+00
-1.138822431052188833e-02 1.751020135653207577e+00 1.688483480279379556e+00
-1.884681301111370777e+00 -1.883742390990787996e-01 -1.780663208649097551e-01
-7.727412831462405762e-01 6.426893349116336029e-01 -4.814471377528816709e-01
-1.993507252328088342e-01 1.353447110130884479e+00 1.064434358438442807e+00
-2.215436983578166208e-01 3.245046462592271475e-02 3.971678905585932506e-01
-1.763764841757574642e+00 -7.361595985507790596e-02 -1.777154289802852949e+00
1.375031306861389080e+00 2.985507695243175830e-01 4.190074028247148252e-01
6.489407313763411178e-01 2.069924222880316078e-01 -6.265079043721861751e-01
1.494204358243390374e+00 -1.620671910855459030e-01 8.308442111366722838e-01
3.993761334206696323e-01 5.633452119957725879e-01 1.880092275032853477e+00
4.268256946129357354e-01 9.294818923206331629e-01 -3.853315946222595212e+00
-8.091514568713586986e-01 6.162700721931548831e-01 -2.566706324065091138e-01
-9.081425727474773391e-01 5.751558370334279857e-01 -1.630870603084118020e-01
4.167802263918991557e-01 7.388505593262408855e-01 1.784331508476608930e+00
2.804072431215554606e-01 2.747190205633160520e+00 -2.743972996293242428e-02
1.240727722755906148e+00 3.368124973531355426e+00 1.261650532945026715e+00
4.811204897763041721e-01 5.579702100226704431e-01 1.608604693779285721e+00
-1.643672790037884912e+00 1.104635855902592390e+00 4.513376724843648491e-01
-5.185400125025865226e-01 9.263563034269495233e-01 5.628411802976514000e-01
-6.360120468738594823e-01 1.159055638426501611e+00 1.997514832100337534e+00
8.922701465361444484e-01 8.295219531246228462e-02 -1.397009926886602083e-01
9.221018038193120603e-01 1.704629605818788418e+00 1.148483072619610024e+00
-3.224398704402836602e-01 2.870953505441222742e-01 4.028519692306612443e-01
-6.213266726957847874e-01 -1.566284388259858273e+00 2.342148185395448223e+00
-2.182664679423765852e-01 -2.942933130774084916e+00 -1.131084169280019314e+00
-1.012607767350597321e+00 -9.299245986305140210e-01 1.317866131298623511e+00
-4.845750024972824699e-01 6.075405783450462671e-01 -3.199228050459435035e-02
-1.472492951061211697e+00 1.950755501830918615e+00 4.037204954163320370e-02
1.336829600844588128e+00 1.473448067871442557e+00 3.047584760345135035e-01
1.507307699340115104e+00 3.830213518202938983e-01 5.024069953334937555e-01
1.460597718202663486e+00 4.811709532201913220e-02 -1.125599972564709672e+00
-1.455135455929589483e+00 3.902919130403791348e-01 7.608640025882926761e-01
-1.055552682101525974e+00 5.072699683820158789e-02 -1.010057652608513434e+00
-3.779865005419441593e-01 -7.523560057998663897e-01 9.106702564133164479e-01
-3.800705300340616599e-01 -1.660836141486777606e+00 -1.760137142727748794e+00
7.532109074755541922e-01 2.373396357421579062e+00 2.331092510935074191e+00
-6.441595199955486573e-01 -4.794207744037010110e-02 -1.079530553136379467e+00
-9.762766967728564449e-02 -2.598964189735973651e+00 -8.429304253597820207e-01
6.824411308083938588e-02 -3.726046069547629402e-01 2.016164786098138428e+00
-1.488405989433269072e+00 2.601464958284979145e-01 -1.067454480681521378e+00
3.988291484614683302e-01 -5.777869533782887812e-01 -2.679427178673704724e+00
3.396699226869708266e-01 1.473746354047357210e-01 1.201757382656088113e+00
1.970959757874961582e+00 5.597939170697187050e-01 -2.170099748792867489e-01
-1.265772553585930327e+00 8.341197816884335925e-01 3.488771571274382755e-01
9.144185772273971669e-02 1.690926514142300219e-01 3.455351361182501524e-02
1.200126883309596826e+00 1.696876528274536278e-01 1.703444322858152393e+00
4.204371833356738142e-01 4.180069553244937230e-01 -2.095556064774716010e+00
-1.329156267914745726e+00 -5.211391466168108222e-02 -3.967818990327616202e-01
1.156335968463183095e+00 -7.572905347764220529e-01 -6.223298989194796516e-01
-3.178275554904979039e-01 1.402968198571833414e+00 6.860697717672279428e-01
3.770165149302044938e-01 6.629960567243364800e-01 1.356646467231354070e+00
2.691334622844901436e-01 3.164906356934757969e+00 1.198225970374563243e+00
-1.497349105562771010e+00 1.159980773287867084e+00 1.334611848962147240e-02
-8.738789376505673445e-01 5.884384253330012804e-01 4.335592013231942543e-01
-9.416988330783029326e-01 -1.654715807366589631e-01 -1.744993187092017672e+00
2.868467781307933451e-01 -1.183432345769172001e+00 -5.089883483132895403e-01
-8.218083191807814547e-01 -4.153488117800423485e-01 -1.010574199409019380e+00
1.578915970530095247e+00 2.163107214197351524e+00 1.407611288959663032e+00
-9.428002938412844980e-01 -5.823438336639586987e-01 2.959144444917070516e+00
1.283588400934398521e+00 6.866747215465049958e-01 -7.085410347252190100e-01
-4.868865769347306416e-01 -1.255392891343598993e+00 -5.635622381943996562e-01
-1.286152799883516273e+00 -2.019969751047109519e+00 -6.867504578946311833e-01
-2.471102007967768133e-01 -6.768182294125493215e-01 7.089714182025473876e-01
3.984185137767552454e-01 -1.008799601848690441e+00 1.934138970145245162e+00
-1.929080993759459961e+00 7.561022166072242090e-01 -2.171023704539249088e+00
1.283979654131612858e-01 -6.617557611856788036e-01 -4.652955581093521920e-01
-2.022634233708712426e+00 3.589510547999879009e-01 9.362644410723490740e-01
5.615099836910886211e-01 -5.036723945653670542e-01 1.640381940927169158e-01
-8.509824425783690804e-02 -1.089744099322297322e+00 -1.223683795101606187e+00
4.153315876777245452e-01 -2.631427598314750593e-01 8.921602965176917976e-01
1.357190049205920124e+00 4.901208730374118083e-02 -4.736910442582231706e-02
-1.040796387759008290e+00 -4.703542406208582882e-01 7.804234960103562102e-02
1.646021018407441527e+00 7.522779220242519216e-01 4.562503968944418009e-01
-4.019393882938220308e-01 -9.440725986075317877e-01 -1.766420889868124622e+00
1.188987659816616249e+00 -4.275481510509154814e-01 -4.471720179227851033e-01
1.171211553328373345e+00 -8.242502400361384485e-01 -6.634987186891901922e-01
-3.767015045780071070e-01 6.010252697603912786e-02 1.604145050948292628e+00
1.699012010231380154e+00 -1.708278479119003546e+00 1.066712665726621267e+00
-7.996902272941230905e-01 1.279980403908683062e+00 4.188051172271869960e-01
1.313581955006819957e+00 1.009129953803705071e+00 -1.467358175655472108e-01
7.317803919278477176e-01 1.271885719456139707e+00 7.717832917500294654e-01
4.109018217375404181e-01 -2.684048235632852109e-02 1.145026707081138184e+00
7.665866484624861421e-02 -1.925407313201797699e+00 -1.586853452430069478e+00
-3.978172163901220193e-01 -6.264570955258197404e-01 -1.891664791628914433e+00
1.716327777440199709e-01 -6.079990528182179776e-01 -1.054391480172357065e+00
-1.601350485162458703e+00 -1.577724553942625452e-01 5.887346907180364131e-01
1.192816254985867186e+00 -1.289751931089524906e+00 3.994805704150734549e-01
1.837287331428505421e-01 -1.350235765277909006e-01 -1.653976087079623847e+00
2.767797130306226538e-02 1.900377322061163610e-01 5.707701455187194073e-01
3.430364405264673122e-01 -4.130205837281764047e-01 2.004301924439911176e+00
-1.833759423361575491e+00 1.603036398643961746e+00 1.940726310921706554e-01
-4.576394243768974190e-01 6.371280798153291514e-01 9.740009687899324753e-01
2.962621781205657112e-01 -2.802597719709531976e-01 3.627921444128773820e-01
1.358692882957980297e+00 -1.250635936846581919e-01 9.780719934903403523e-02
5.274006325003366413e-02 -1.085195723605680396e+00 2.033948116785443183e+00
-2.453996981710906411e+00 6.465391638889637083e-01 9.874947293254765501e-01
3.068916750140039618e+00 7.250986740491587312e-01 8.372964078991791403e-01
1.253729269770003096e+00 7.201988129105992842e-01 5.673040730032866685e-01
-5.769252145835110923e-01 -5.336206452148184454e-01 1.823118217827309540e+00
-3.691771130691012814e-01 1.266549216157432323e+00 1.575057110606486122e+00
1.760915541680477814e+00 3.526227708032281249e-01 8.145887116728944832e-02
-9.252953433638178016e-01 1.171886829949438935e-01 -7.490995782956262339e-01
1.677160585569719586e+00 5.328752673794068251e-01 -5.666063762277095961e-02
2.482155410753000280e-01 1.163907902375619141e+00 -2.939197152049688455e-01
4.527110416562066808e-01 -8.996246555976907811e-01 -3.377045412819435821e+00
4.559320662025090343e-02 -2.378525159729282024e+00 -8.526200731180489933e-01
-1.460596822135757700e+00 -2.288262352256857368e-01 -1.465437308649995662e+00
2.667722011096576473e+00 3.435246205619102433e-02 -7.732177801591400002e-02
3.036814426564095060e-01 -1.939878979449858321e-01 2.907738047850763063e-01
7.778718444595522641e-01 -9.844647729387234758e-01 1.754320643594391216e+00
-5.317044179122998315e-01 -1.771288063208468433e+00 -8.103387570066852286e-01
-1.668726255969488204e-01 -2.574953254431880945e-01 -8.967572228390296996e-02
1.960583708879921616e-01 8.585433389834855600e-01 -3.995456617689766565e-01
1.129496479563299349e+00 -5.197175288414446204e-02 2.538966965642849072e+00
2.307466344781928802e-01 4.726687287789815284e-01 7.813032601873808325e-01
1.402754956446790602e-01 3.782827682971010019e-01 2.579785623207414780e+00
-6.244859548730969934e-01 8.813501752737997741e-01 1.313009725174370201e+00
-6.835299374220966673e-01 -7.159964834278331747e-01 -9.268454586335854728e-01
1.416986514731016333e+00 1.272775513200046671e+00 1.294989643280039515e-01
-3.967481663483959364e-01 -6.848614104710321060e-02 8.306536919516573914e-01
5.314132987736506220e-01 -4.359337261061894675e-01 -4.832334890665828109e-01
1.162029975029116313e+00 -4.053732345594136532e-01 -4.217182775974982478e-01
8.637501260296287509e-02 -1.503149279776694325e-02 5.856519635937540436e-01
1.044864567734314020e+00 -4.351769341652722556e-01 -4.855206128653800635e-01
5.505078940274292787e-01 1.406701420469831376e+00 7.245260111992313234e-01
-4.161084020287644236e-01 7.145809479523066443e-01 3.477342569637926761e-01
-5.566838069064874439e-01 1.211883257261403113e+00 5.842335360646928599e-01
-5.987472132780180534e-01 -7.776898465423895956e-01 9.698808288684497292e-01
-3.630430161505791009e-01 -1.551973081619575368e-01 -2.015920346209843395e+00
-1.105169314609476761e+00 2.677265150942513827e+00 4.105302556079681864e-02
-2.280998614227224053e+00 -3.091534105060028126e-01 5.527091994834474331e-01
4.293678866729162547e-01 1.462979872390869129e+00 1.942675590967714250e+00
-1.286105541981160894e+00 -1.132641457395531237e+00 -8.300408034841795235e-01
2.168820911299186860e-01 5.643329788456985519e-01 -2.488666523515469242e-01
-1.458217283212114301e-01 -8.476349144205101993e-01 -1.365665366791613544e-01
-2.154625019724085266e+00 -1.249327793496183503e+00 -1.574569210600192948e+00
-2.186644137701062585e-01 7.912993898029380135e-02 1.180533165475870616e+00
1.106127541952458104e+00 -1.916781049406299786e+00 -2.153098455351766027e+00
6.644746282261991821e-01 7.230084591681604778e-01 1.654318198884360269e-01
-2.291448450482906907e+00 7.126305330724693743e-01 -7.848003322016842143e-01
1.278679209766838909e+00 1.488656194172491398e+00 -4.914523911766166542e-01
-7.015868472642350362e-02 7.272451606343897090e-01 -3.836957631164285010e-01
1.056538590002875200e+00 4.470977850900100803e-01 1.143916665736643745e+00
-1.396714514822802844e+00 -4.475142212640477735e-01 -1.232182956799710016e+00
1.248464879341508738e-01 -1.627721877273442530e-01 8.551544662778776118e-02
-1.773876474660765368e+00 -8.055575714646839858e-01 -1.062389051749677904e+00
-1.504687738885563508e+00 -1.256756395102371471e+00 -3.474549982449948171e-02
-4.596283233811935265e-01 -2.004223279369147903e+00 -1.565988158171832456e+00
-1.218511473657405642e+00 -6.637951520880017720e-01 -1.899525076766374276e+00
3.590972619325203397e-01 2.178086442036319959e-03 -4.481932332052515622e-01
3.503865922432658486e-02 1.259853761477918610e+00 -7.237190617780848712e-01
5.288014277221770865e-01 -8.810867172862708596e-01 -1.895012118010022339e+00
3.910285589504269854e-02 -1.902682878820270429e-01 3.690309926342122404e-01
4.303905291231419628e-01 2.118907850968076989e-01 -8.597782489700354080e-01
-9.627959251925406470e-01 7.559307503484137269e-01 1.528341921545167237e+00
9.903800629803217737e-01 1.162176034904756072e-01 1.617481375488814654e+00
-1.006126033111062856e+00 5.201632085543945738e-01 -6.725742708053534802e-01
-5.005028612130300036e-01 1.091230712876551934e-01 -2.096982258465065030e+00
5.935933681268492634e-01 -2.412345717878622842e-01 -6.180417100823837329e-01
1.250381869436040017e+00 8.534056937605513093e-01 9.771207176643764702e-01
-3.994519077396407880e-02 1.015399345081463567e-02 4.544291190959747206e-01
-5.200570938863541270e-01 -1.578137574046504010e+00 3.086037879037839549e-02
-1.989936477037983487e+00 1.795636765805977975e+00 -2.577406235414902991e-01
-4.187358904731512954e-01 -1.067956697035598257e+00 -4.146412370992528795e-01
-3.322550236439252846e-01 3.986876240270135208e-01 -2.958025254567753670e+00
5.856377712148688186e-01 4.042563386894940103e-01 -2.816657090709079325e-01
-6.375078456177589725e-01 -8.625785643783441259e-01 -2.750928406672003224e+00
9.433947077507902623e-01 1.616755777975416031e+00 2.833478424910888638e+00
-1.784344415094439196e+00 2.000703040984374681e+00 2.102810345113715895e-01
1.061754524785951670e+00 -3.958713054951390475e-02 -4.338908783871731067e-01
9.009777256375310905e-01 3.747615418487683092e-01 -7.440237927292290276e-01
-1.046746480316532946e+00 -4.895461160984548865e-03 -3.256260147556288009e-01
-7.092976890960600578e-02 -1.438963364009223644e-01 8.188620958954186957e-01
1.137912747020102255e+00 1.402232348955324337e+00 -1.058047639079431113e+00
1.095810373609970689e+00 3.447561262816196681e-01 2.605166677179196810e+00
4.865907270612390145e-01 2.309139584286361568e+00 1.047570174181315039e+00
-2.495428231673766817e+00 4.930317524989469291e-01 -1.805589485370683533e+00
-3.398916832837534097e-01 -2.624324348305218990e+00 -8.426351155724237652e-02
3.895178269878102562e+00 -8.481806916115552930e-01 -1.364255910136665140e+00
-1.671457279668495000e+00 -1.591502737356446762e+00 5.842006488167472700e-02
6.542980984761394003e-01 7.583476866349945222e-01 2.308421495756106112e-01
-1.624306443224593499e+00 -8.028325138542957706e-01 -8.273564925850409590e-01
-1.131783626330580272e-01 1.378879268149597603e-01 -1.718089200763829094e+00
-1.313917247872518068e+00 2.728533216091646452e-01 -1.590296460115461441e+00
1.015586346235856752e+00 -1.244047038055275500e+00 9.660718636809251247e-01
-5.854737956019386846e-01 1.654338077634685877e+00 -1.082944147088169995e+00
-7.528054457204758076e-01 8.548628751731408570e-01 2.452245273581523666e-01
8.292585958881142361e-01 8.797447861378201450e-01 -1.400341076166344179e+00
6.046046809475262851e-01 3.634286945621003628e-01 -9.718737449418661800e-01
2.304296370785454684e-01 -1.335153475772701714e+00 1.033042943391488944e+00
-4.429745669526949925e-01 3.282706281662852166e-01 1.299704961375122703e-01
3.813605869968175743e-01 -9.785572503186135140e-01 1.185438017622280071e+00
1.716160206939613131e-01 9.199115827687434077e-01 -1.562581344536646322e+00
2.416730253911225645e-02 -2.932201109792259563e-01 1.124253701089340751e+00
3.653004586518850960e-01 -8.294745394766684932e-01 8.242967456892672518e-01
1.479813483736989843e+00 8.076566184669644599e-01 -3.915141803195589798e-01
-7.894117033356167212e-01 -1.954384736938589162e+00 -6.381837530416839543e-01
3.184754611693895177e-01 1.147465079165385538e+00 1.442421357416935779e+00
-3.088179531897375929e-01 -5.906455632959581870e-01 -2.830066604288261622e-02
7.047382782734616935e-01 7.772722239369633801e-02 -1.148380731109007513e+00
4.825325909843319883e-01 6.722493199445137568e-01 -3.061394608892475944e-02
2.410488433991176294e+00 -2.834527143719745013e-01 2.069666909294279655e+00
