2.158468321834795756e+00 -1.295608080862769018e+00 1.448664209462378061e-01
2.711723433346061585e-01 -1.194517336539536512e+00 -1.110777616662603773e+00
4.391084277135620662e-01 -2.052483715618041327e+00 1.039628322552191175e+00
3.041782247097215119e+00 1.030302084953661490e+00 1.319037403890619409e+00
2.962771635098729872e-01 9.825227828060918434e-01 -5.522967737621156115e-01
2.770794821400377472e+00 -5.899596131789028863e-01 1.999083085968805129e+00
-1.361039640392897043e-02 -7.439132705273665547e-01 -1.906940327669047197e-01
5.292987155494094376e-02 1.030782400573039492e+00 1.491444921214150621e-01
1.569763334157675327e+00 -6.174872435513920621e-01 -9.752135762311222589e-01
-1.777211797984693309e+00 5.927050337198505048e-01 2.695809517813378964e+00
-5.683799257508408420e-01 -4.778294666157421045e-01 -2.730808230666488257e+00
4.380086965136420485e-03 2.512065359587084545e-02 -1.435653539228984199e+00
1.250640611356473864e+00 -8.635604007659306580e-01 -5.433354146502670234e-01
3.591845014996804419e+00 -3.721256659513494380e-01 1.643831421447690788e+00
-7.132623609536443698e-01 -1.825740235508604981e-02 1.152329215367206672e+00
4.400102635345572999e-01 -1.633946422251541519e-01 -8.778171984822711327e-01
-2.253289711263546380e+00 3.779127292816562012e-01 3.342377363232806875e-01
1.471666374903694230e+00 6.867411713877125123e-01 -2.373643000723317797e-01
-2.532266406331654451e+00 -1.337789292099170080e+00 7.235088276208219149e-01
1.438726360340662591e+00 5.031726609680076123e-02 1.655066436497089732e+00
-3.396850057705239068e-01 -8.922673175062801887e-01 -1.591398616786204201e+00
5.417728878532637182e-01 1.328942785829984263e+00 9.402826056743556205e-01
7.346392466051063774e-01 -1.217251045976569745e+00 -4.655061246239776129e-01
1.651304239201997870e+00 9.164179090492192703e-01 -1.178171503763505878e+00
1.791455790288549732e-01 -1.118874422328127727e+00 -2.245615562027572509e-01
1.914358805782692796e+00 7.015309446720350284e-01 -5.578279890528370366e-01
1.417598838981690923e+00 1.204327319041612387e+00 4.909881667072650280e-01
-7.637590404321661364e-01 1.699797608217368028e+00 -1.043601247213684857e+00
5.278717672427020169e-01 7.167985548988105027e-01 -2.623328201380684899e+00
4.248677775880883578e-01 -7.699649394028985627e-01 1.612680258848497861e+00
4.760787091384395264e-01 4.510206910938222014e-01 1.675419658146884427e-01
-1.222955032690229427e-01 3.052944827229767677e-01 -1.810974434105676156e+00
3.179523944881868514e-01 1.246070729072883854e+00 5.207710368850753113e-01
-1.791730670204455089e+00 -2.101586633628744316e+00 -1.028889476379175161e+00
-9.405370929632050903e-01 1.661599488691896109e+00 -3.434612722151839104e-01
1.393262275391691229e+00 4.528333858399882783e-01 1.488126147209543948e+00
-8.563727793082238637e-01 2.075930873751139050e+00 1.286424008832428800e+00
-3.079318167657382199e-01 3.036238371066064534e-01 2.023482030045891555e+00
-1.074709906533205750e+00 5.802465461544551451e-01 3.821272481287015799e-01
1.744756517769603388e+00 -1.200498649615781011e+00 -3.828072053018416465e-01
-9.629373874852444892e-01 -6.927486356084371355e-01 -2.116469775656559804e-02
1.497566537433441702e+00 -3.035232051710696766e-01 -5.035748561578428095e-01
1.990082809863349844e+00 -6.421689170957560755e-01 4.612785182303589804e-01
3.775322184843697970e-01 -1.143038521533974450e+00 -1.464773327343027898e+00
2.409266728337040142e+00 6.310288571776968558e-01 -2.229394595153695313e-01
-2.664142762866142378e-01 -4.705495690048928648e-01 -8.724225470732152043e-01
-8.315704845972566872e-01 -8.847840310016847898e-01 -5.299596144539853171e-01
-5.287108802957521947e-01 -3.404332125914152907e-01 -4.525688031055774552e-02
-7.440321503172354634e-01 -8.157673050159199857e-01 -9.727638946299479450e-01
-3.146686787836698862e-01 -1.842637698519564937e+00 -2.515616415901407166e+00
