-1.895575019198895150e+00 -1.617868048179452511e+00 -1.534242598947918479e+00
6.164732893002632386e-01 2.269093000668152005e-01 1.101502653555706868e+00
1.262876804192579305e+00 -1.820577903010252463e+00 -1.056770540557586013e+00
5.078748608228564887e-01 4.996533214264025080e-01 -2.510656304994913768e+00
-1.134534983697215171e+00 -3.824608887998065532e-01 6.718661307416691209e-01
-5.195897842840599967e-01 -4.652308341180882434e-01 4.038187808113830046e-01
1.623270690987230758e+00 -1.084648440580153306e+00 -3.427988720683194934e-01
5.878544031818125903e-01 -2.277033060182063195e-01 2.002516084292351728e+00
-6.253503121111789742e-01 3.552273284915096419e+00 6.424485300465058168e-01
-1.247698152675684291e+00 -3.272405191145530967e-01 6.583855711252717402e-02
6.500702657208472512e-01 -5.794132299820036192e-01 8.184918896177540981e-01
6.944218834022584108e-01 1.195348096965524576e+00 3.421661699647214894e-01
-1.591454225603552652e+00 7.759102816637866162e-01 -1.757401370585818468e+00
-7.856389700577495194e-01 -8.263711131650991470e-02 -3.093475581453801748e-01
-5.480517437685913373e-01 -1.308516016349705602e-01 -1.069944399543925728e+00
-9.846954304396046131e-01 1.102752216205166169e-01 -8.238973155166755546e-01
-2.959559545524631519e-02 -1.934149336209975756e+00 1.073563195677095683e+00
5.333572633131512530e-01 1.434210693159073458e+00 1.207355593183684350e+00
1.411000972848809099e+00 -1.676768795699746795e-01 9.218725939263129332e-01
-2.411158239057165087e-02 1.864038303249994755e+00 1.702089387466688697e+00
1.802590340370981759e+00 6.687286618224466128e-01 8.550228192216957623e-01
1.340453656656832138e+00 1.051610754334115772e+00 4.035725079957033778e-01
8.717221850246248405e-01 -4.032124382733421886e-01 7.282900382335029121e-01
3.652015376379402767e-02 -1.692337501472097605e+00 -7.297903485891754638e-01
-2.112654613666998582e+00 -1.224707032481059388e+00 -1.510448134036038725e+00
2.220122528825663633e+00 1.558443614784614351e+00 7.278690898739594850e-01
-3.320513541842495808e-01 -2.303135880102168409e-01 8.668929644219919295e-01
1.301597472945856815e-01 -6.172817853051486559e-01 -4.435349935419298228e-01
1.072686173508143881e+00 -1.982348570848809777e-01 1.173127471893872009e+00
9.745054361151148647e-01 4.534425559111425752e-01 -9.844197378613162019e-01
-1.404321974167530018e-01 -7.708021176923565143e-01 1.452042420692639002e+00
4.573779022281644346e-01 3.043862825669737315e+00 9.548701322577786144e-01
-7.862753628903318415e-02 -2.210842140536761202e-01 2.094442532265058610e+00
-6.381203270074228273e-01 -7.877068322214133556e-01 -2.710034138865421993e-01
-5.826472625438547936e-01 -2.107219692333657690e+00 -2.941431287315088849e-01
4.707573021181043482e-01 -4.414762198592721010e-01 2.790885670748273206e+00
2.130869402988737171e+00 -1.316727377592885162e+00 -1.962135059625071287e+00
6.770206972857619743e-01 1.961079107907406804e+00 1.591394730222239762e-02
4.138812600968377886e-02 -1.199551338528943134e+00 -2.934226315449558253e+00
-1.584536874796772965e+00 -1.092257445987847131e+00 7.183244160066797335e-01
-1.155110669916255883e+00 -1.833821977910139456e-01 -2.271931457531780385e+00
-2.997391232732065647e-01 8.319547605680466251e-01 -1.446473757010657835e+00
1.900414808018863200e-01 -1.384837053950215058e+00 4.706047685502845468e-02
-8.436967387399846308e-02 -2.275335672468608017e+00 5.253140378423761803e-01
1.257471366066663876e+00 1.313403184504831511e+00 7.829939031143031691e-01
3.617744467906010009e-01 -1.738636915412045791e+00 -8.657930568612339783e-01
1.371734781384843505e-01 -1.185107653305807363e+00 -1.465704148118339489e+00
2.443059872302567048e-01 1.507675135232470875e+00 1.946057884175795394e+00
1.070619874219093326e+00 2.062152729986393762e+00 1.816425669688162214e+00
5.712444271054757383e-01 1.208236549773590962e+00 6.895358775463766854e-01
-4.761206259751419312e-01 7.702857480512994570e-01 2.242496695069815082e+00
-5.996827903299922768e-02 7.589181159169884339e-01 1.058810136124798795e+00
6.312610047296403071e-01 -9.024460885742953131e-01 -4.356006379733035061e-01
1.870838529054952959e+00 -6.734643246045779463e-03 3.286388281297052405e-01
6.076908756431420588e-01 1.226321200037522985e+00 1.315409055080370315e+00
1.476581644562941165e+00 6.363788223096769059e-01 -5.316179127264716309e-01
-1.907013104495446809e+00 -1.548144371813018894e-01 -1.144823454402656093e+00
1.649538616332564489e+00 -1.449437105568527340e-01 3.141349428997027848e-01
2.538382577799717099e-01 -1.106760993790357750e-01 1.164615071103570099e+00
1.215070283939473916e-01 7.857815202239146757e-01 -1.870107789478394178e+00
3.130704296140238707e-01 -1.759209986995984853e-01 1.546355320337575723e-01
-7.804661096310732127e-01 7.053511432701065065e-01 -1.852283966179466779e+00
2.493855589796207362e+00 7.773025182202932815e-01 6.008742620392251155e-01
1.238068569739574354e+00 1.632788747933459073e+00 -7.418401940600403144e-01
1.271478459042054032e+00 1.686135892238047829e+00 2.546843881654283770e+00
-1.372116457732472705e+00 -2.002663913140884766e+00 1.458853315163023634e+00
7.059794327008366288e-01 1.461947441411886039e+00 -1.597294202139665220e-02
-5.826539250702003070e-01 -1.868325531879550860e+00 -1.063527747314506167e+00
-3.101676916061161249e-01 -4.733539374299300384e-01 -6.296289463783062423e-01
-4.525280423001600827e-01 1.931873363883633177e+00 2.967181966054578179e+00
1.084457979044437748e+00 4.497571388870211795e-01 7.736244366492749380e-01
-4.996636716477653728e-01 8.376492233662018450e-01 1.454193449613875866e-01
-1.068307742079404044e+00 1.492367726294384855e+00 5.320020530408093862e-01
-1.848683903810651952e+00 -2.013670031590711895e-01 -1.241006390767187550e+00
1.184987973061815580e+00 -9.492800183563276928e-02 -5.940040306338170151e-01
-6.397345892502592779e-02 5.095215991846210324e-01 -7.664758514538758671e-01
-2.089067097722391964e+00 1.666521728491430210e-01 1.587243620407562394e-01
5.626876365669816193e-01 -1.292041248519103736e+00 2.354671261069423149e-01
-5.625214530422271153e-01 -1.362282303130885275e+00 3.413860683571117161e-01
1.388545084759147397e-01 -1.409547366886985120e-01 -3.655482666810161430e-01
-6.382028589980012212e-01 -8.560591064051863430e-01 -1.850520936632232161e+00
-4.164145255056127537e-01 2.223952311642247714e+00 1.604608042152087521e-01
1.646885950384062491e+00 6.687360737687664258e-02 -2.334467417454211713e+00
-9.232548502866857465e-01 3.275718413730525080e-01 2.244795000152297049e-01
1.806721220325524513e+00 1.962106628309183698e-01 1.988343414865115233e-01
1.118451761150223378e+00 4.362011415991262631e-01 2.707942305746572575e+00
-2.824045949919939402e-01 -2.045773135305043233e+00 -8.231691197982842212e-01
1.356765930409967735e-01 -1.201171290256876301e+00 4.777591449489564379e-01
-8.805743502952165791e-01 5.400491265696588661e-01 -5.820614923980966804e-01
-9.216572669306987153e-01 1.796367922217970703e-01 -2.687354736868240668e+00
1.042446798426493570e+00 5.786912858145532024e-01 -3.350864811837330759e-01
-1.447979277123310204e+00 1.308673312385283394e-01 -6.725520507603395259e-01
-1.280382112309428777e+00 3.977738399869170660e-01 -4.165783606622926460e-01
1.153557683928861932e+00 -1.899365028004617928e+00 6.780481583064621454e-01
9.274641761681816643e-01 2.182187286155357064e-01 2.671444324229230727e+00
8.589996175276424228e-01 2.910399177356685074e-01 -2.144613389623610256e-01
2.730387628316705007e-01 1.363990048841188685e+00 1.588086730077200803e+00
-2.526323009388152130e+00 -2.712624063163258104e+00 8.071944295311577200e-01
2.150514943463005535e-01 -4.089803780801695154e-01 -1.699667582277771594e+00
-5.284309660580679413e-01 -5.557841740091229443e-01 3.380417122847967359e-02
-2.611588445993183738e-01 -1.375910329826507184e+00 1.970662098716513544e-02
-9.985689854390589204e-02 1.250037483231484225e-01 -5.547120190505547832e-01
5.737081918273274628e-01 -7.829571646283284281e-01 -2.572898025724820181e-01
-4.889094236317045872e-01 -1.014549319986998821e+00 -2.491066742113750010e-01
-3.318481971397393981e-01 -6.779735056287109485e-01 1.305331382239610649e+00
-1.097545367928049798e+00 -7.894192348845520124e-01 9.062467312291504484e-01
-7.127383442902361921e-01 -8.456284158132254536e-02 1.190655490756729606e-01
-1.307098374498238291e+00 1.001224804551615666e+00 1.178831374874315108e-01
-2.405895760344944900e-01 1.811795072677668594e+00 -2.608837434408095568e-02
-1.541875400406511609e+00 1.453392355059550667e+00 -3.103445821736219301e-01
5.600726650035636744e-03 -8.141712741291513566e-01 -8.170913655282419086e-01
7.587464762694288156e-01 1.601646878816318509e+00 1.041813564836722161e+00
-2.008812671775587866e+00 -5.647774573807080589e-01 -1.032842853780600034e+00
-1.449795087418213613e-01 -1.357297576879049172e+00 -3.804917995927535879e-01
1.655425510610079254e+00 1.368340447338154631e+00 5.347115855720219191e-01
2.205599093537841782e+00 2.984622953317850325e-02 -6.256349381335142290e-01
-1.076103776304835336e+00 5.997919072526003426e-03 7.842593863100943974e-01
1.978983281331401223e-01 2.396464825481703365e+00 -1.276872192483621049e+00
-1.221788365475881655e+00 1.259214199406414547e+00 1.019096749555440162e+00
2.519010373809086878e-01 -6.920787723868109254e-01 1.781371908269807625e-01
2.576719412005991083e-01 -6.414816564455501080e-01 -1.855392859469574107e+00
1.080904885684335737e+00 1.449061356709169246e+00 -4.690294843575539829e-01
5.964837056059824061e-02 -1.954325072266601682e+00 -3.256659289281985892e+00
1.789724157041092223e+00 1.764534363954511242e+00 1.039849152590951897e+00
-7.576242363798102453e-02 2.573666570734903125e+00 1.485202515485758989e-01
-2.697661196933156535e-01 1.193714947964102491e+00 -1.667709993653927691e+00
-1.311982807303150533e+00 3.455458180850834449e-02 -1.048728050490178587e+00
7.855320046185771954e-01 -2.057342648213689174e-01 -2.215820864694146297e-01
-1.217227467363839910e+00 -1.034390804870248370e+00 -8.503274974141956655e-01
-7.048592505448847412e-01 -8.521890293334930533e-01 -1.632075116478870491e-01
-2.277379390857814379e-02 -1.351534641239767298e+00 2.705678407442222433e-01
4.130566714021641217e-01 2.261239385980263195e-01 2.614655563895159629e-01
-1.378453992365620939e+00 -6.712795225574021973e-01 -1.464203332052433915e+00
1.539184106488158399e+00 1.905959368679448707e+00 1.008045963252804267e+00
-6.832108206450260290e-02 9.613264718543711451e-01 7.049446187443109135e-01
1.135982873375509294e+00 -5.912176237286679292e-01 -4.519188385385661810e-01
-2.192562024048588132e+00 -2.118970677125237678e+00 -4.064178997544279914e-01
-3.025593693947261631e-01 -1.291388267406141654e+00 -3.342523436101003664e-01
-2.049072954317983086e+00 -1.884217091088012941e+00 -6.922663800508906951e-01
-1.055899226975383964e+00 -8.342431613561713810e-01 1.029707211502324915e+00
-2.138205653779428062e+00 4.936105301127803324e-01 -9.843560228197594242e-01
6.062399082624685409e-01 -1.255457554593739644e-01 -1.910844500855267691e-01
2.232806613092649162e+00 5.681202859660487992e-01 -1.051556213279092322e-02
9.545425059167351733e-01 1.815494933995344673e-01 6.736208006417458982e-01
1.404202188673760121e+00 8.357182841225163639e-01 -5.758961469901568986e-01
-1.622275208912635325e+00 4.812119627955884216e-01 8.235938265988632656e-01
2.015876572367918840e+00 -7.535908154815920135e-01 7.584746646272295667e-01
1.565537515554010328e+00 -1.025818441947917714e+00 9.289897060193792466e-01
1.298994928026965034e+00 6.467636075356844039e-01 5.910706107466463521e-01
5.867720595537173622e-01 -4.304453067904508989e-01 -3.970770831717464477e-01
9.845885158441887164e-01 1.451772305397894147e+00 1.317223568960963487e+00
5.829389598843649489e-01 4.963894664705398307e-01 -6.577482568387549300e-02
-4.341832252199436804e-01 1.106032831494468738e+00 -1.295330437361598142e+00
6.667857592325499017e-01 -1.005658366095650846e-01 -8.691759220260220076e-03
-8.904137653514052619e-01 1.313498845321105613e+00 1.453439597123713511e+00
8.790513366127716832e-01 -5.862582994680459736e-01 1.268197340567310594e+00
-1.588915527504749070e+00 -7.539402958470386995e-01 -5.295853853818931478e-01
2.715881269356530403e+00 1.183604828771703144e+00 2.733898411318370414e+00
5.055383801050067349e-01 -1.953775703208038284e-01 -8.457964125910319986e-01
-4.480217349056853093e-01 1.545315530875443821e+00 3.491819819529090596e-01
5.887357780879797220e-01 1.423473779475815215e+00 1.069831437508576011e+00
-1.416978048835573434e+00 -1.791738553499384157e+00 6.109522302455485665e-01
4.110913026568581152e-01 -6.653398996343788951e-01 -2.811176883170513285e+00
-7.174544645542795251e-01 8.791491268531903547e-01 -2.813173361599127786e-01
4.873416457205508867e-01 -2.324563768077098080e-01 1.358873340960449205e+00
-1.427870135646238881e+00 -2.359595639244189691e-01 -1.927162366019867124e+00
-2.124452041207328001e+00 -2.165939533582587284e+00 4.827149406149353617e-01
-1.063072709569886865e+00 -1.112564071977031332e+00 1.424982123804029444e-01
-7.533810468932596871e-01 -8.719157091831134521e-01 -1.162396026808672600e+00
-8.611726120821872055e-01 1.549409660276245271e-01 1.733941731131749542e-02
1.438150431898876480e+00 8.981634459463099240e-01 1.277574345323260196e+00
6.780587906622747019e-01 1.617436643624819981e+00 9.754175666333861905e-01
-2.325476111661847756e-01 -1.531786584485804292e+00 -6.224468133249161372e-01
1.561014247013516210e+00 1.486479314615827829e-01 -3.840066298749336138e-01
-9.720010010371005205e-01 -1.057189218918281881e+00 -2.143890550792990624e+00
1.036835417452704800e+00 1.778048655924234223e-01 9.857325135329024768e-01
-1.358229101792096216e+00 -1.557135425515491889e+00 6.475095107353261437e-01
-1.727486109543325599e+00 -1.658101044957918102e+00 -2.297791961399664906e+00
4.272151366216982993e-01 -1.019676515182066368e-01 2.114617334580121799e+00
1.869634697060384987e+00 -2.038950460758859329e-02 1.052883831396668857e+00
7.045591996000721835e-01 7.005358788326212505e-01 -1.002310821071485059e+00
-2.100738609033223625e+00 -8.186508099128542160e-01 -1.272203040356165493e+00
7.879766444574598516e-02 -1.037374148743644975e+00 -4.505178956988338257e-01
1.885281761717424009e+00 2.773818500755871774e+00 1.783756314539377330e+00
1.952930002803179077e+00 3.341931287969157616e+00 -3.238899273987870808e-01
1.028017295589529034e+00 2.268663669088156531e+00 -1.863117889029601848e-01
-4.022302273765663294e-01 1.113067211113481836e+00 -2.231784282055263580e-01
8.696706942160303822e-01 1.943751910921484027e+00 3.974509869250280047e-01
1.227833506156956744e-01 6.144082556272976170e-01 -1.422455584818948626e+00
1.446604125436653732e+00 1.102356594510085497e+00 -3.349745930219680812e-01
-1.091202804550830852e+00 -1.963530574808858953e+00 -6.599011458132647556e-01
-5.661777151229725469e-01 -1.970377612659307553e+00 -1.639786737292668217e+00
9.931361747357758674e-02 -1.595619797342169299e+00 -7.126159244051692987e-01
5.734389239463628662e-01 6.464609891381873918e-01 1.729024734549985398e+00
-3.132012608786875152e+00 9.511543320516513411e-02 -1.076087504306037612e+00
2.846457715141496037e-01 6.115501290815403834e-01 -2.246255097892845831e-01
2.110566995522019873e+00 4.977355019300410133e-01 -8.140100052557910359e-01
-1.058587834524591376e+00 -9.061987446601194041e-02 -2.603339101444611003e+00
8.703524990224782432e-01 -1.294736411972894574e+00 1.765014383383940677e+00
7.707596253065147618e-01 7.940166945543537524e-01 3.875400212430601399e-01
1.226276958073355461e+00 4.047751634082267236e-01 -2.297149905365042599e+00
-1.249318171252106868e+00 -3.019266236634596812e-01 -1.088407939114112821e+00
1.009150199576737350e+00 5.628355936970785844e-01 -1.207903751928300906e+00
1.018982440518438892e+00 -1.215031408796940049e+00 -1.381567330656427117e+00
1.507225971039305223e+00 2.019688774887298699e+00 -2.072427186091942541e+00
6.069484753065009786e-01 -4.161032891833785774e-01 1.342735774981643981e+00
2.726591992542528597e-01 -1.919635531672808426e+00 1.458382858950791894e-01
-2.347777031351867549e-01 1.322678462758436480e+00 -1.669896837882844931e-02
1.584735707023779083e+00 1.088906154771066115e+00 2.253087540020187740e-02
-1.016007100376902894e+00 2.168363908494508330e-02 -4.940046913955609686e-01
1.538972169107899468e-02 1.150236776003311423e+00 -2.936430494740536190e-01
-1.292828595806297498e+00 7.291740211083411749e-01 1.657477037469002878e-01
-1.766703179117480982e+00 1.804113901075499404e+00 -5.080748200622045019e-01
-1.997982876792843143e-01 3.186290670309015471e-01 2.107429830368433343e+00
-5.485402129882543942e-01 -1.460124239430816706e-01 -2.866163125329365791e+00
1.167551472398598023e+00 -1.352282932961847095e+00 -8.287516560529550880e-01
5.226765919043646624e-01 4.983254130604942711e-01 -1.763594189841408699e+00
-7.443862925311683920e-01 3.437717263559456615e-01 1.477764419487727632e-01
-3.547533700262458511e-01 -4.738800934388719410e-01 2.124538923504123211e+00
-2.336024058678327631e+00 9.671064670157409893e-01 7.238844708507086168e-01
1.149098027653217002e-02 -5.002694630830817335e-02 -7.255841788903082401e-01
-1.032214319527325230e+00 7.782369115218829014e-01 5.694190174218756173e-01
-9.700022729837485258e-01 -8.999967223291893692e-02 1.094176103881571827e+00
3.528167752594681961e-01 6.756147551206459489e-03 3.433236619406589418e-01
1.531630969078750626e+00 -6.625302938618125026e-01 1.779559634715652372e+00
-1.379293463043512302e+00 2.224531787008482420e-02 1.070936246268268111e+00
-4.623718075671270911e-01 -5.307180861084600521e-01 7.263679171704779947e-01
-5.880172650950961089e-01 3.115938189258780078e+00 5.091907095968049024e-01
-1.143077989100914404e+00 4.873877935629022939e-02 -1.655284026480641879e+00
1.960512138880906141e+00 1.155177375102672599e+00 -6.325959944768213550e-01
1.181671428582031114e+00 -5.519322284052685657e-01 9.853271447655236326e-01
5.736844094021947837e-01 -6.115428891610124040e-01 7.082920191884833905e-01
1.288314024299902494e-02 -8.098546890835567336e-01 1.419088514546920532e+00
8.466228801641548785e-01 -4.866771523723645299e-01 1.389362958609103416e+00
-1.027581146880806262e+00 -8.852284595230338615e-01 -2.836018956880188568e+00
-1.723949285341984661e+00 1.833332661309344802e-01 -2.921642413316105635e-02
-3.441896835640425589e-01 1.009005538764762289e-02 -1.062432594087864279e-01
8.837497577802899684e-01 -4.064984194075332846e-01 7.996275653636446545e-01
1.112753914763814578e+00 3.112534390999295741e+00 8.316964229740893000e-01
1.621270761324864251e+00 1.839857206879873752e+00 -5.361555920011495946e-01
-2.394413875548327963e-01 -9.482952233406847231e-01 2.087680875083353094e-01
8.821597934337104263e-01 -4.452936068375277223e-01 -7.521939494254354930e-01
3.914188999495483157e-01 3.541522040031773177e-01 -4.757177009837619819e-01
5.885193654980225286e-02 2.306840918039645416e-01 -4.489745497322961132e-01
-2.635614728769171133e-01 -9.011880257912741055e-02 1.119483532246174029e+00
-6.152700291771107111e-02 7.707739955377891361e-01 4.086477260631963815e-01
-1.481799245138789578e-01 6.383827219124527108e-01 -1.123812370554207352e+00
2.449655196972433391e-02 -1.100344363481724930e+00 -3.603264997763838684e-01
1.727490367055702691e+00 -3.164392392002657317e-02 6.959676789409433573e-01
-5.380686078050470611e-01 -1.309776645497888747e+00 -3.333206578716907398e-01
-1.033140330265359230e+00 2.963411843784831134e-01 -1.074624260284152699e+00
-4.858492583103939944e-01 9.840631414115981190e-01 -7.955760829897891018e-01
1.093873133140053966e+00 3.931628874000047680e-01 5.059570862538486091e-01
-1.795135328924997831e+00 -1.795361502675178134e+00 -1.598362515717747900e+00
7.954676255650021677e-01 8.552221941036972641e-01 1.408980718482312433e+00
-1.655977408035707588e-01 -2.335070349382004196e+00 -1.855115095837006400e+00
-5.087680180555703702e-01 3.806861791410902640e-01 -1.792064135357486432e+00
1.678963194678251281e-01 3.108610161494396174e-02 -1.848830891113097952e-01
-7.636258556468946690e-01 -2.596783196211039924e-01 2.089092788839177484e-01
1.616454209605811876e+00 5.110527905577517682e-01 7.137584380900011682e-01
-1.786397734864966003e+00 1.686146285702267544e+00 -1.022155542967426722e-01
8.541808052214017177e-01 -1.291244967032485480e-01 1.658559861874781438e+00
1.454199441429216311e+00 2.205261411377050784e-01 4.720967586270488625e-01
-8.358441268165635041e-01 -8.037996490294221363e-01 -1.184896954528161128e+00
7.503999502006646338e-01 -1.744769376475038047e+00 -1.299955681842005939e+00
-1.456239590154932761e+00 -4.697344655895726584e-01 -2.940224509500037442e+00
5.996555378094954314e-01 5.187314766673948307e-01 3.297819239871744856e-01
1.076941724483926777e+00 3.617678537723639787e-02 3.349120930673568086e-01
2.512764533565026159e+00 -6.561199255930150187e-02 -5.165696372745525178e-01
1.068307733970991213e+00 -1.408267397889786388e+00 -1.949089312213207137e+00
-1.275961205717312641e+00 1.931190199515548933e-01 1.203516154275205530e+00
-1.108719860000444868e+00 -5.861003843618131093e-01 5.794388829938987850e-01
-1.344030392896343518e+00 -3.116650869720664074e-01 -1.739358595512499495e+00
-2.307466872043214767e+00 -1.580451691880391807e-01 -4.415762391430499978e-01
7.306377181647405461e-01 -2.047734869294420612e+00 2.859817871422720703e-02
-5.235297032957927366e-01 -2.777696601408089272e+00 1.668182740047575496e+00
-1.523385915345728980e+00 4.708892904367996124e-01 -5.918127940862658587e-01
-2.217403942058938870e+00 -2.620475119964978949e-01 -1.331707685065629532e+00
-6.878460130766099745e-01 -1.872015244657650790e+00 -1.282059457199837382e+00
1.144496160984469046e+00 1.820248815754091920e+00 3.465955960132933722e-01
3.803410855554489878e-02 -9.586868380341428963e-02 -4.493411405682316562e-01
-9.215880599292027853e-01 2.034542797403304348e+00 3.758553205187472601e-01
2.155923446496041063e+00 -2.434697811543267143e+00 -1.598513929727881200e+00
4.631615234741184306e-01 9.329854040843550411e-01 3.133789444455787887e-01
2.173241637709522056e-01 -1.538264457409094232e-01 -1.955725328415579112e+00
1.515412366708611458e+00 8.570385992153243260e-01 9.173048186762088330e-01
8.724269504681949616e-01 -6.347789424734417985e-02 6.540647430484483049e-01
2.230729261421143583e+00 -2.300275956341242711e+00 8.063809601567255569e-01
-2.457384161177440962e+00 -1.077758429305118337e+00 1.438609296952376271e+00
1.173084047758110371e+00 1.838594522118867092e-01 1.227584231085569577e+00
-8.249311782270650761e-01 -1.389845650101402263e+00 -1.040962474690331874e+00
1.230244001753877381e+00 2.142614111297500123e+00 1.730454031912009860e+00
1.350232861306520649e+00 -3.621651982929227076e-01 1.899617341335541054e+00
1.104851017449896222e+00 1.614486126751699668e+00 1.596541380785732267e+00
-5.228709884466644642e-01 1.239024416303328158e-01 5.218149483160183788e-01
-2.350884782033944020e+00 7.991882536333769771e-01 -1.828473969460249648e+00
-4.918833069585568651e-01 1.474863619930961489e+00 -5.472549751700837017e-01
7.158407691349555346e-01 1.206354189450700165e-01 -1.791912961410138783e+00
2.730017344106440147e-01 7.915899388656655322e-02 2.336081991556484549e-01
-4.065222008667842557e-01 5.100408794508292099e-01 -1.065277578178245310e-01
1.017133527798330439e+00 -8.865877595282994905e-01 -1.654432932373366971e-01
1.591610702591767401e+00 2.426122989979646150e+00 2.573826589429786704e+00
-1.102152719645373979e-01 1.076708734300652059e+00 1.907240421072398329e+00
2.724334688033930307e-01 -1.519139388488549791e+00 -9.783411202375336124e-01
-5.025333104178788535e-01 8.758964535075575153e-01 -6.652105485445380939e-02
1.405435025364983215e+00 -1.324346710941826100e-01 2.003338058868990856e-01
-4.926424206606128120e-01 -1.046106588037862828e+00 -1.328233290446245274e+00
3.003532351553873658e-01 1.126109074217681805e+00 -5.665771692983565533e-01
8.852432049295215766e-01 -4.082434816538301758e-01 -1.628842105789512829e+00
-2.867333087604545527e-01 -7.529452327035688342e-01 4.796223237014075602e-01
-8.027972725922756236e-01 -1.266641900416397348e+00 -2.038977459487346433e+00
9.653391682792962225e-01 -4.474873232873023410e-01 2.107305658541403393e+00
8.943758323919190900e-01 3.430330591488624514e-01 8.153223035156131893e-02
7.713529801911700456e-01 -1.030704459008806584e+00 9.792776601116734980e-01
1.431161902452846357e+00 -1.171291095771957558e+00 -2.652393458496407952e+00
6.290214532370783651e-01 -1.396175090041264166e+00 5.607253347115699338e-01
-1.009756111578377524e+00 -5.170107478092798026e-01 -1.938181932499594140e-02
1.303791909607932231e+00 1.702400461279701460e+00 -1.780865902961751512e+00
-4.191233089648261911e-01 -9.550933739591840332e-01 -3.413507557014744398e-01
1.245445233791888207e+00 -4.953213774169143990e-01 6.294651562489105290e-01
-1.373730117446019694e+00 -5.443345459725132951e-01 1.607959119362351252e+00
-1.360110858248074317e+00 1.678377375493478096e+00 -1.245546082347026573e+00
-3.580755565883818603e-01 -6.053833857996747669e-01 -3.323450487547925380e-01
-1.116741363133257670e+00 -4.099696190802387674e-01 -1.861774255088398888e+00
-1.109305774805888989e+00 -3.588930499001380392e-01 -1.056546659948330413e+00
-2.842521639535245948e-01 -7.714182441942118995e-01 -2.129167888874628378e+00
1.587605174111561102e+00 -2.863165583233612033e+00 1.217591701802869242e+00
-3.905053109952838497e-01 -1.106697100334264050e+00 -7.769575642420742945e-01
-1.376633208188764224e+00 7.650741965360585706e-01 2.183766024909791881e+00
-1.275226346669670496e+00 1.443923606732029574e+00 2.070956776115771447e+00
-2.141701339598832021e+00 4.742380843442316474e-01 -1.118469385059382315e+00
6.829182950461891721e-01 -9.873585667081208328e-01 1.309707990889398044e+00
3.219470447041750116e-02 -2.239150137410518271e-01 -9.615297232585215959e-01
7.220354066621803568e-03 -1.345171714006949237e+00 4.557979546115042968e-02
1.567313347300390181e+00 5.406942718233931355e-01 -3.688278133118692015e-01
1.348117785782614320e+00 -1.867136045724008264e-01 -4.607920978832978909e-01
8.473535202961882673e-01 7.021107043257417413e-01 2.269674736968079198e+00
-1.545937829462558977e+00 -6.078844264914268214e-02 -1.602383692199584875e+00
-1.405741354249219643e+00 -7.361463578134257446e-01 -1.081726937163838498e+00
-1.395646979192256776e+00 1.368018910720173453e-01 1.018283020733816713e+00
-9.369735047656604365e-01 -3.090112461343083705e+00 -1.665385059745192464e+00
-5.041596772272456395e-01 5.801422491244481172e-01 -5.435219486834869107e-01
-6.274488449705650783e-01 2.190068200576546165e+00 -9.205159616586755522e-01
1.172164793535361849e-01 -1.691556516556058876e+00 4.599175281064610266e-01
-1.295288366571038630e+00 -1.299563194843802671e+00 -9.201141978910245545e-01
1.896572278556751145e+00 -8.617403997696218010e-01 2.685409510769779740e+00
-3.468205556842646198e-02 9.319389099276587096e-02 -1.813404345578863541e+00
-1.203435612033633695e-01 9.596999510125192590e-01 1.101758886452575359e+00
-2.323570377470931092e+00 2.281674035846126269e-02 -9.143104076563518534e-01
-1.248010158107493606e+00 6.033905954598339783e-01 6.795189204322915622e-02
9.168614370859426987e-01 1.360077831935933901e+00 6.175056833272790646e-01
2.186035343552137800e+00 -5.896555908245735278e-01 1.976050281357026317e-01
-6.776886986844208316e-01 -1.011909889330298462e+00 -1.090055990222664528e+00
-1.226927045306595021e-01 -2.445792330716264340e-01 1.248309725593485187e+00
-6.537088515615023798e-01 1.250515149055629882e-01 3.951771338449423521e-01
3.700380104742817533e-02 5.866001507057573283e-01 -1.349387024584172812e+00
-5.161222816863053620e-01 -1.115123520864022666e+00 -2.499086363578542525e+00
-1.018752335920479535e+00 -1.879977964473545371e-01 -6.289364475667309495e-01
-1.732651001312742967e+00 -1.688556568813590619e-01 5.619399915555707281e-01
-9.830917733572350770e-01 1.023278091309490212e-01 7.095350000216196218e-01
-1.007846567406537996e+00 -5.646981408909212963e-02 1.015458577964160725e+00
6.391490275220774731e-01 -1.828046548648503689e-01 -1.200831399118740261e+00
1.879466722035100679e+00 -3.462957816078326978e-01 1.190416135497555761e+00
1.544115694967729491e+00 4.168063697958763192e-01 8.033970278937685450e-01
-7.829620778803532133e-01 -8.875099881501589127e-01 -1.524689193749563687e+00
-3.818980276055372602e-01 -8.771911666959310017e-01 1.507763148810713494e-01
-1.569435238230206364e+00 8.389493804777174990e-01 -2.134444076019819114e+00
-8.133160403731805044e-01 1.660777128323328133e+00 -3.632680956580930376e-01
4.448157210463286604e-01 2.504513432293618003e-01 2.381933439069765512e+00
7.693966050709351023e-01 -8.747092688469397803e-01 -1.304134105290202017e+00
1.316303027800167502e-01 1.849258269286017331e+00 1.047585795655261220e+00
-2.278029031795292703e+00 -1.935366773482425584e+00 -1.872693847959492897e-01
3.129188332300245179e+00 1.768819285884708714e+00 -8.432090518482799890e-01
8.565517436320135847e-01 -4.596333636711610326e-01 1.565258589177690007e+00
-1.800637986413972547e+00 -2.694429905171453199e-01 -8.642410261513759906e-01
1.205222992727045250e-01 -7.491313859021766497e-01 6.245376594666312009e-01
-8.381431747859650061e-01 2.135526553472144595e-02 -1.014721207370969047e+00
-1.718351679987759839e+00 8.994242824329916619e-01 -8.435191256864871256e-03
-1.882785588610835781e-01 -1.272259896801769541e+00 8.566576001749963698e-01
-8.390471903310010582e-01 4.929648020727410707e-01 2.068828117793938270e-01
7.447873840665207856e-01 1.800623577607544323e+00 1.067139629357871211e+00
1.295517474136583580e+00 4.804821310911178145e-01 -7.812682168578588549e-01
7.890449975857960485e-02 -3.721689798130545235e-02 -1.070014196808898754e+00
4.131521171498931944e-01 1.505575502574701963e-01 -1.017913742305023295e-01
2.303063116462772175e+00 2.398987795010441459e+00 2.689138725897455284e+00
1.328806679389838763e+00 1.817156517040275920e+00 3.343706592534888555e-01
1.909083786266860816e+00 6.282313966011006112e-01 1.275144961815376732e+00
7.156103002571205796e-01 7.292770225403166773e-02 9.579034777184403104e-01
9.609398170945515627e-02 -7.615005560091592240e-01 -1.449231253857350854e+00
-5.519946839926304083e-01 -6.600802872348907613e-01 -8.565078873814258031e-01
1.038914301745656577e+00 2.014847428981040522e+00 -2.526901856586974304e+00
-1.552820044200285965e+00 -2.238734731695763425e-01 -1.797602806258929542e+00
1.676173844839859983e+00 5.449594315829898727e-01 1.958480850277886987e+00
-5.123513943367463686e-02 1.395185429945442035e+00 2.562031751691761006e+00
-6.433993141693173934e-01 -1.432653186394694078e+00 -8.257217289421414641e-01
-7.032658844869836834e-01 1.467214447873976590e+00 2.364767752721077088e+00
4.182175011017630339e-01 2.286773226780770552e-01 6.636288248474654372e-01
-3.802456806808704459e-01 5.612651518446361010e-01 1.447628845954547216e-01
1.002627386194991033e+00 1.132968718232790772e-02 6.801995547370514039e-01
1.053518479430513466e+00 -1.171295000978541445e+00 -1.684385784998817082e+00
7.469622117625004387e-01 -2.376482489314448721e-01 -6.200738777555185877e-01
1.225592353586786754e+00 2.286372953729007396e+00 -4.716006461296773367e-02
-5.209814826211820460e-01 -9.145205817730233111e-01 -6.154883154384720445e-01
5.769574661870824350e-02 2.117578627194740548e-01 6.916182766122533909e-01
-8.940771476870827961e-01 -2.072131094622533531e+00 -1.993850768036982801e+00
-6.271291246925083662e-01 -1.544467680072625804e+00 -8.034409662373183103e-01
1.368175833027248656e+00 -8.629321580422633087e-02 1.125739591662256345e+00
6.402502101127742762e-01 4.117904686648826695e-02 1.000991025964867109e+00
4.862719694519491709e-01 -8.954005405225877734e-01 2.116756464118534353e+00
-6.773642651569493633e-01 1.186117453369968100e-01 -4.794349390899410590e-02
2.620669401453200598e-01 7.135155150086962550e-01 -1.013573221728373053e+00
-3.828544748291653477e-01 8.481771274675170558e-02 1.222392368108176974e+00
6.007488007362755678e-01 -1.247303805582308245e-01 2.598017643211310901e+00
4.466567753706428556e-01 8.730431011555328524e-01 -3.950102783502129067e-01
7.534150078739986212e-01 4.057947766269505152e-01 3.004233594616229075e-02
-1.315688440699582795e+00 -1.592747913603266730e+00 6.063014592959470317e-01
1.323130826520171777e+00 -9.294867287113725007e-01 8.472647722030430817e-01
1.885528853173565000e+00 2.306092370812178771e+00 9.566935319774677593e-01
-2.252216385583710179e-01 -5.176617757063234349e-01 -1.035712228852123218e+00
7.560258998301703226e-01 1.307007107603947338e+00 7.860062665891622835e-01
-1.839676718918125120e+00 -1.912643884150697637e-01 -2.127313111797030643e-01
-4.420339609606450115e-01 -8.551549348568860953e-01 -6.604263290439074119e-01
2.411086027879902893e-01 -5.271619768147733920e-02 -3.145126748789107696e-01
-2.114794180684349545e+00 -1.867871661982526188e+00 1.723308073874770141e+00
-9.827599698430911079e-01 -4.478213286269897564e-01 -8.838079219906036510e-01
-1.135297731854733927e+00 -2.769410673796667277e-01 1.836899662176981751e+00
-1.478113739615390498e+00 2.374150482026520237e-01 1.327398431822969238e+00
-1.124123607421356308e+00 -2.526480589904521956e+00 -1.743626601741819826e+00
-1.650227193302933104e+00 -1.067110281484781598e-01 8.047840150301901474e-01
-1.722065271226136396e-01 1.102249254297408054e+00 -9.670526644052013232e-01
-4.188291174962257557e-01 -7.943463828006147587e-03 2.790758319467715465e-01
1.918144064691607031e+00 9.726282840331836876e-01 4.073372679431006005e-01
-8.993894271395598272e-01 1.604797249477902810e-01 -1.404896092185931478e+00
7.359057500430536969e-01 -4.439807454562169076e-01 -7.685804796257504901e-01
2.503039298944658153e+00 1.008156571560267611e+00 2.783361154121455350e-01
9.497563776342963227e-01 5.643887570317638325e-01 1.364632877881526207e+00
8.514735956615691048e-01 -1.461880702114604080e-01 2.209365116013263908e+00
-1.085902124107420486e+00 6.756470898100535027e-01 6.849594628173394373e-02
-6.514756939352706056e-01 1.573557977638542438e+00 6.768958941191792755e-01
-2.677802741294509348e-01 -3.773678784661138597e-01 1.376027295030868292e-02
-4.921463373512039441e-01 4.280442732906378112e+00 -5.940348331868285925e-01
-1.205495857366724710e+00 -1.917970426416383489e+00 -9.231493167825277624e-02
1.248025566049278057e+00 4.431924722861297350e-01 2.066876845655307271e+00
1.047117452893751910e+00 -6.812262619384281681e-01 8.963726165992149664e-01
-2.351270067391588725e+00 -2.956444366832658988e-01 2.942567341197568798e+00
-4.785453049418822991e-01 7.894235403001503837e-02 2.586140775333134467e+00
-1.063833678405022853e-01 1.299014586585260922e+00 1.137089389613560320e-02
-1.093720019018667444e-01 -4.517627313694531632e-01 -1.071451340643343908e+00
1.736632933963476066e+00 -3.690689416413694968e-01 7.117599235581362205e-02
9.047249521233720060e-01 3.208398113610567703e-01 1.280769924344487554e-01
1.059930689057916542e+00 6.192108831387569401e-01 9.059485887700808870e-01
-3.648454089527494171e-01 -1.168421182948537584e+00 -1.401509593433776679e+00
3.927701795525239126e-01 -5.798865127596387614e-01 -1.845286562381476814e-01
1.415363709437300610e+00 -1.283073466390937556e+00 1.485701860153427756e+00
3.100141749650062728e-01 6.595667621675840309e-01 -8.564884294633179351e-02
-1.086343237965509134e-01 -1.731181945466140903e-01 -9.167149846115651979e-01
2.671868669779792205e-01 -1.254660617671845335e+00 6.434920369012953056e-01
-4.505079631580928279e-01 -1.863261346209170721e-01 1.386451935169442429e+00
-1.438237368879823119e+00 -1.024043285093514388e+00 -2.280778439973206950e+00
-3.175609520242845818e-01 -8.756157589951929499e-02 -1.152927786153645773e+00
1.080906623628866914e+00 2.234978410369276691e+00 -2.473436729114090182e-01
2.626229198852572555e+00 -4.410053922077322719e-01 5.825650188771346327e-01
8.108064415256455160e-02 2.516054769045378281e-01 -2.027581628593623009e+00
3.756861652706718346e-01 -5.352787869189776782e-01 1.774027706564899054e+00
-5.171865910102423358e-01 -6.863157038528133747e-03 -1.402309386755359544e+00
-2.447385461157296938e+00 -8.915506269485581337e-01 1.103138505877655717e+00
9.124099367714967324e-01 2.515456766529464261e+00 -6.396156807828445867e-02
7.469287339548363880e-01 2.670525615507124417e-01 -4.881705895518768656e-01
-4.301497628262955231e-01 -1.315756384536479251e+00 8.399943184518159356e-01
7.468841573113453869e-01 5.102190813881138931e-01 1.711735391270549522e+00
-2.788872541148295636e-01 -1.977388687375691845e-02 -6.849221047301329302e-02
-4.903659177653150181e-01 -7.320216962250338799e-01 6.522195517252327157e-02
-9.079015664916167960e-01 -2.471007343077485707e+00 -4.402860312122116593e-01
-1.946443968842626049e+00 -4.023817088041950485e-01 -6.124787107479070514e-01
-4.972743811007579451e-01 4.578933096843345041e-01 -3.814045161392543015e-01
-9.580933509785234392e-01 -1.421271073133025586e+00 -3.930750739945298444e-01
2.307838572742015870e+00 9.877480817660664325e-01 6.518075823224250831e-02
-9.019772082471100294e-01 9.586671310976463412e-02 8.553009500609095594e-01
3.188795772913716187e-01 1.130593020377454350e+00 -4.338937274540558553e-01
8.057064724700280234e-01 2.652293537698182657e-01 3.458701248828421893e-02
-1.807784364419624090e+00 2.629958221389651074e-01 -1.913446313814551325e-01
-9.846521789128700464e-01 1.563386703242472198e+00 -1.180148847531373169e-01
-7.256263616937219663e-01 9.503336756493696580e-01 1.658638127912217541e+00
-3.081417796159868772e-02 -1.431439004883583666e+00 2.666301142413478598e-01
-1.150980563512396193e+00 9.998464087402514355e-01 1.490895346294720980e+00
-1.202154823125474392e+00 1.350110289094798688e+00 -1.012930535612361016e+00
-1.427584309985403088e+00 -9.833637073794292416e-01 -6.483364780605422872e-01
-1.276318403483730268e+00 -1.185414088781900244e+00 -1.817506881806429941e+00
7.172405082170874024e-01 -1.196595440293847679e+00 -3.549042438661099697e-01
3.796703787572449640e-01 1.231749583090375300e+00 3.842755989725404331e-01
7.431749231659227073e-01 9.260943772049796685e-01 9.938435870236133063e-01
1.385161760305536838e+00 6.051099621817014329e-01 5.202858042888179879e-01
9.972484552521397871e-01 -2.929486873282535209e-01 8.926227709403455890e-01
-2.810694348582841506e+00 1.411704031230138101e+00 -4.690349269078511463e-01
-1.094396743154124163e+00 2.569331716428812085e-01 -7.691835221592573379e-01
1.389272105109800926e+00 6.683377444615066221e-01 -1.870133370967196340e-01
4.240191162027184824e-01 -1.533128692216449984e+00 -3.492686043536310514e-01
-6.067114478168078584e-01 3.463440378307780509e-01 -4.695070641297974245e-01
9.565022993408809349e-01 1.104459358599303442e+00 9.719463466882360958e-01
-7.336264249350417099e-01 -2.694468187392391467e-01 1.760094973377379857e+00
