9.516797289985783337e-01 3.370081854490170059e-01 1.596144597455189329e+00
-3.546788051954341547e-02 -7.306762830384445628e-01 2.562563897026714610e+00
1.005808639439526475e+00 -6.828295519277758352e-01 -4.933409555715112527e-02
-1.035676726354724408e+00 1.308839154525235582e+00 1.124494204858845992e+00
3.025793572654484898e-01 8.553356159765446165e-01 -5.937567762413584749e-01
1.967591456679576245e+00 1.048413991638606824e+00 1.058350137505368993e+00
8.766253756307146316e-01 5.376652867150236714e-01 1.675814887309557966e+00
-1.382999143500088235e-01 -2.042097837200968158e+00 -3.225463684826670896e+00
6.095444404282690520e-01 -3.811245911303037248e-01 -8.306128181025405066e-01
9.230655987488782799e-01 -5.618152517005703395e-03 -6.104207103923409150e-02
8.135990185479875514e-01 9.772472903517962495e-01 4.052141657036112399e-01
2.822240680579461092e+00 1.681152085251739203e-01 8.912672091195008583e-01
5.988813818994247473e-01 1.914754923000525855e+00 5.481433655470642208e-01
1.461142626711271930e+00 -1.308733621493935795e+00 1.328419070815333836e+00
7.649514728425329535e-01 -1.690298762843661651e-01 1.278228807810671608e+00
-1.739888072266845942e+00 -1.299990652395208723e-01 1.868912363486111339e+00
-1.365685879948124182e+00 2.555555798266390122e-01 1.440683659958879481e+00
-1.197129439333604717e+00 -1.125127986280562098e+00 3.882352442572967188e-02
7.420967399860336489e-01 6.110027874161819694e-01 4.211863436406644290e-01
-1.166020594155923407e+00 -8.443767937402524293e-01 -4.855065986929214539e-01
3.290930950530016608e-01 1.402217953665754635e+00 4.618782289720179124e-01
-1.888340798909955209e+00 -1.318294143040721345e+00 -3.895657752421071152e-01
-1.028705962852517697e+00 -1.153267681321251903e+00 -1.021088774530931609e+00
3.508453286572521534e-02 9.329118253427544083e-01 2.088448431347001977e-01
1.568012873836862386e+00 6.107004449702477800e-01 -4.233708024933496850e-01
-1.772729153387064827e-02 -1.900071759772364421e+00 -2.741618804352822014e+00
-8.589427571711314435e-01 3.061830494639965483e-01 1.315239189611416615e+00
6.236401652756052849e-01 -1.304984596841162192e+00 5.479470163049147136e-01
-1.535894721569636356e+00 -1.732310375681378911e+00 1.609446348660550363e+00
-4.463890603856434103e-01 -6.582859071539228779e-01 -1.532110081265010137e+00
2.237841715665687126e+00 1.087780425947421747e+00 1.279747105875290725e+00
4.167185187158651827e-01 1.696005461934145364e+00 6.313861454907800930e-01
5.858897501686461950e-01 9.607774376013593631e-01 -5.181988795345806587e-01
-9.096727387745673354e-01 -1.802663241930636984e+00 -9.179883515451847664e-02
-1.877570319772794871e+00 3.349236848232483021e-01 4.753275680321271679e-01
-1.349902375666970356e-01 1.370207332992409821e+00 9.588002931355961156e-01
-4.397032996564664842e-01 -1.844311540535045202e-01 4.760953105141473296e-01
-4.420918883983411263e-01 -9.391114723769473649e-01 1.078067379342760868e+00
1.768464422279881987e+00 -3.241821057193696731e-01 1.663971450335343993e+00
1.186220109190153638e-01 -2.036577241505926339e-01 -9.062156869219637478e-01
-2.023118105066824768e+00 -1.351165072599532779e+00 -8.346494079678885569e-01
-1.237452322982968700e-01 2.920947527786525999e-01 5.536788502263676470e-01
6.998228759564498747e-01 7.738462193389221699e-01 2.380737090490223640e+00
2.327748797680059489e+00 8.338370670620715019e-01 7.025956621260879276e-01
-8.767673136605349526e-01 -7.035650549948609944e-01 4.063382359919620601e-01
-2.117287086821772579e+00 3.265956918593106995e+00 -2.818608327956277915e-01
9.147121073378117195e-02 -8.320788036116255615e-01 6.422012437497526260e-02
5.193438036330173535e-01 -1.356789052164600662e+00 -2.006795325841163602e-01
1.193800122027995014e+00 2.679233681468102368e+00 1.643632938932902521e+00
4.996997286091382495e-01 -7.798704636360727083e-01 2.291582762877072632e+00
7.951332312228938104e-01 1.271837008671912184e-01 4.782045041954074982e-01
1.244015404709331252e+00 3.264806347500537331e-01 1.663954484370758546e+00
2.021183555168005741e-01 3.085086371211396283e-01 2.403065048471435539e-01
2.652867469289792002e+00 -9.450269911608180085e-01 3.377852848550016995e-01
-1.240884449254422650e+00 -1.030377887147331473e+00 1.013575013387584045e+00
-3.013209669609414609e-01 -1.182403065043864387e+00 9.097397130437563373e-01
9.909274961430627471e-01 -2.699531295547435983e-01 1.952279472640837676e-01
1.230501570466212780e+00 -1.493130743156027895e+00 3.987143116003267762e-01
9.706004553705855908e-01 -2.532981854554783863e-01 3.201893156080362068e-01
-1.328948624726448591e+00 -1.196271279425168199e+00 1.246337481564909755e-01
7.223389622544975630e-01 1.215608780288698343e-01 2.780896487820059271e+00
-1.361288951989009011e+00 3.402194630081234461e-01 -1.366599235010862223e+00
1.307558948179938119e+00 2.567460764740278067e-01 4.301213701939734513e-01
-6.174759306464139286e-01 2.241095812502813089e+00 9.586780522145371686e-01
6.167408647895276097e-01 -2.050519274457451857e-01 -5.765221311324204567e-01
-1.526351422072795838e-01 9.094915074713239012e-01 7.933388241792628248e-01
-6.220099039240443162e-01 -3.006159997138052042e-01 -5.186983666712557950e-02
-2.539328070218452860e-01 8.600952446440439658e-01 -6.786240506212548595e-01
-2.698216429708745201e-01 -8.004296358022477964e-02 -2.404282776702275637e-01
6.823691946437961953e-01 -1.205083345585715726e-01 1.160224457439641421e-01
6.465514125328064576e-01 -2.455636334744319971e-01 5.899436924244437774e-01
1.410978120161272775e+00 -2.049866900138061165e+00 4.145238701298700201e-01
1.095799303021978366e+00 1.235396624812993061e+00 1.277731805744524163e+00
-1.201788659509676283e+00 2.262953204328274071e-01 -1.784273780032451517e-01
-2.195940629228778640e+00 -5.505797446134200746e-01 -1.317712551139045729e+00
1.966582173988062454e+00 2.643798791907037149e-01 1.151271790261146677e+00
3.010463174471155190e-01 -4.424162901538908343e-03 6.420959146630694780e-02
-6.435893655531230717e-01 5.316088290066189881e-02 1.446905564586262294e+00
5.890593355672119058e-02 2.135788630764899221e+00 5.748933571438061829e-01
-9.994351233931901834e-01 1.964657962755396170e+00 6.029428179292130041e-01
1.803960115428020927e+00 5.702699430140457659e-01 1.061049698199390878e+00
-8.820657324505699615e-01 -2.526111840276539677e+00 4.371868249963203334e-01
-1.002662892298369357e+00 -2.265202990905634262e-01 -8.232122249996330909e-01
-1.441206258219274727e-01 -1.338860495578595877e+00 -2.437185650169593210e-02
-1.701453852830995706e+00 1.807580665155441579e-01 5.475407646577641341e-01
-1.302028890557417551e+00 -3.157564092830019709e-01 -4.451959828702894417e-01
7.474170280903951191e-01 -1.275337023243864554e+00 -4.868377737794746807e-01
9.014480891848536404e-01 1.643287358190835157e+00 8.725959335040669451e-01
3.023274636169933638e-01 -4.215202630464630063e-01 -9.588047802510554218e-01
2.937863038602178900e+00 1.235000893743711581e+00 3.077466162753314527e-01
1.235925951562595992e+00 -2.021847852726706307e+00 3.345411727073912544e-01
2.167993412099377348e+00 -2.838971801393602723e-01 -5.979282876980167583e-01
-5.003705017972761571e-01 1.144128200041193644e+00 -2.683400213873310403e-02
-1.306129736758073534e+00 -1.808862051369316770e+00 -1.133969514505464682e+00
1.456793599567418163e+00 8.414180593001050479e-01 1.185458320843358671e+00
2.439467427073327976e-01 2.112520587178494669e-01 5.021092196406897745e-01
-2.734655123503728191e+00 2.132002045579972638e-01 -2.129440622840314545e-01
-2.321084257810080986e-01 4.270765158802219963e-01 8.444919621255000397e-01
1.085172276855704832e-01 1.223343249221967799e+00 1.024895354984640239e+00
-5.068734633569680348e-01 9.811008902828521894e-01 9.763466847729279641e-02
3.181245107733939870e-01 -1.475416721508760132e+00 -2.548418028399138668e-01
-6.944633701184141916e-01 1.236903858883639629e+00 -1.680714422405220621e+00
-5.053426269817473671e-01 5.271160172318454240e-01 -1.557613721246845495e-01
-9.797947408484479759e-01 9.332185106080630455e-01 1.377042242743865552e-01
-2.580523462712736027e-02 7.883998562902549967e-02 4.047585114766765746e-01
1.219769741887080095e+00 -3.426141390323815816e-01 -5.184392947719902445e-01
8.533923968819325800e-01 2.439206898675263080e+00 -5.278414529023678359e-01
4.021642355910151623e-01 5.892760121458473499e-01 1.598749330596316742e+00
-7.405825366869085435e-01 6.523068926399955281e-01 1.984848600146758568e-01
9.129735413131072619e-01 -3.464472866149764241e-01 -1.809630005245089990e+00
-1.776679945237469749e+00 -9.450717861522723862e-01 -1.403067555346634299e+00
-8.578794164444405457e-01 -5.092361838315982991e-01 -1.689719190942255422e-01
1.818593537242136460e+00 2.820815782622614343e-01 1.258965412007193585e+00
1.126478967922161845e+00 -5.488107738598697605e-01 -1.375142456225347254e-01
1.523789655535285892e-01 1.275243323664984496e+00 6.978460124648273588e-01
-1.482162051571728867e+00 -1.176218780542193532e+00 -7.632433532213798166e-01
-1.314310793482859729e+00 -4.859371769639363459e-01 -1.063502406683138446e+00
-2.273331490981440606e+00 -5.875197529039432043e-01 -1.116942838348744527e+00
-1.932781372879488035e+00 -4.841171666531906004e-01 4.047384054912041007e-01
-5.573121898224342452e-01 -1.433649688856107884e-01 -9.087299732853436618e-01
-2.674253619263441406e-01 -3.570502388241061364e+00 -2.750818906543470166e-01
3.687387426158594828e-01 -9.662464886350191628e-02 2.471313552925571422e+00
-3.549140555087275106e-01 -8.666545845797157810e-01 -4.183910043370701604e-01
-6.770990366097013879e-01 -1.358754373346966027e+00 -3.838276169279939976e-01
1.830364502131756721e+00 1.095476552235365997e+00 -6.345456816008261391e-01
-5.495107621351253968e-01 6.627838891698721868e-01 9.260701361540746301e-01
1.189902936994354565e+00 4.525785564571035979e-01 2.255872749068299932e+00
6.250514162934962537e-01 -1.527402990879443312e+00 -8.223577809576940734e-01
1.820149301541635678e+00 1.313463316594766783e-01 5.248295370949912497e-01
-1.592515671948221412e-01 2.560678569928235948e+00 -5.581645772836667518e-01
1.867440400648350707e+00 1.864726677990619086e-01 -6.592754123078309325e-01
3.995873211830865412e-01 -8.268978930213033429e-01 6.318101249086305327e-01
-1.620210927800331380e+00 1.206373737245299393e+00 -7.368729330858014848e-01
-4.469301128419645996e-01 1.142531229833432693e+00 -2.577641839986281602e-01
4.776361318955374968e-01 5.239412381505279548e-01 2.047786076978062475e+00
-1.272440085419919154e+00 -1.091855536803004068e+00 -2.432347374359891568e+00
4.669075530228922188e-01 -1.105549353297504478e+00 -1.725962197673816867e+00
-1.007339155327967362e+00 9.357408191470012460e-02 -9.059747829971647182e-01
3.013030124283606614e-01 7.331032994113251267e-02 -8.500554041787067305e-01
-5.103418342382314288e-01 -5.790907125559990876e-01 -1.802539546266229697e-02
-8.113130124254090969e-01 4.944463578746410848e-01 -1.816740312275952673e+00
1.427698940544358974e+00 -6.961414085983830269e-02 1.971737587333428188e+00
-3.977275710592217406e-01 -2.580505867400584297e-02 1.031663486480289826e+00
-2.125517642757859704e+00 -1.768803729068517683e+00 -9.272172626004400176e-01
9.963564740858610325e-02 -4.389622102304613360e-02 5.261739906771002451e-01
-8.411072874925411558e-01 -1.672686386977358497e+00 -8.140503287726841286e-01
-7.770750654174993777e-01 -1.130454734577435172e+00 -1.499431988638661117e+00
-6.283723210746106069e-01 3.907790473894083294e-01 -1.273005638011874829e-01
1.105121490945589535e+00 4.368628888729629289e-01 -5.897406380793102088e-02
1.789162218513884239e+00 1.856191829794121340e+00 2.600403224721479223e-01
5.433290062753186600e-01 1.148114226398380122e+00 1.144019746708453855e+00
1.670998269430207017e+00 -2.607342874871795280e-01 3.953312727549350702e-01
5.355945203161510682e-01 2.157025772648944795e+00 1.412741276937126145e+00
-5.969764834772774975e-01 7.447105050797233616e-01 8.583121214820323974e-01
8.252531606070415693e-01 9.649017374557024018e-01 3.411457489005541355e+00
3.715570446605322985e-01 1.203855636805266194e+00 -2.852452007227621600e-01
-1.233614025873185360e+00 -7.683805503185083818e-01 1.067820273814948484e+00
-7.758558701173441374e-01 -2.171501643606709386e+00 -1.015109198484170694e+00
-1.836874597531662490e-01 4.755878276987371422e-01 -1.019320566689757568e-01
-4.582166287507271063e-01 -8.360839103047088550e-01 1.596947183918242530e+00
-2.243698755172579773e+00 -3.912169196717537600e-01 -1.516996201697385915e-01
-4.917525734470331589e-01 -1.058555112715415358e+00 -2.067232266729334356e+00
-8.309133231114524953e-01 -7.486537230470767801e-01 -1.085330561712497310e+00
1.212490335474208925e-01 -1.196775227528592334e+00 3.775907194926180210e-01
1.324302581457741601e+00 8.993208836900986602e-01 -2.114725350757626909e-01
1.739236490798605317e+00 1.458711037438963132e+00 1.379405788792381848e+00
-3.227706253785995738e-01 2.018528568680307833e-01 -3.999125242899466692e-01
-1.171282119166447977e+00 -1.146965406331232673e+00 1.080033652587015336e+00
-3.104381199464479879e-01 6.292937385027996822e-01 1.111516665650000402e+00
4.550290893845164164e-01 5.696616233506828220e-01 -1.214287217550110043e+00
-6.265387069484080751e-01 4.673394011469229059e-01 1.043782934134462881e-01
-1.194224315180615115e+00 8.649473457369869500e-01 -1.117775566006590449e+00
1.327804178385355360e+00 1.181332887057342962e+00 9.524941816250599436e-01
-3.613717225433703550e-01 -2.758366369798354034e-02 -7.863159116244546887e-01
2.425184387204833980e-01 8.926792698303309681e-01 7.211660610296528606e-01
5.827173675604906400e-01 -1.849114957946901283e-01 1.307273605323481913e+00
3.036034453428234858e+00 -8.975681970145643618e-03 3.160821344399239674e+00
-1.500396029730750591e-01 4.385877339311553547e-01 3.373091240810508484e-01
4.205984483015942632e-01 9.838753635345175441e-01 7.460904829817048833e-01
-8.784739444589214630e-01 2.488559650050422567e-01 -1.002996286410350768e+00
1.185220889019925172e+00 -5.042663507644202792e-01 -4.254896853457336148e-01
8.059730463700109926e-02 1.088884031769959515e+00 -3.848695454591766207e-03
1.189987748198569228e+00 1.422006354044908161e+00 7.085555441064628202e-02
-2.348992777164784940e+00 -5.911495031010517431e-01 1.130195021059602567e+00
-7.691586375265513364e-01 9.395755629190555291e-01 -2.670985559671551490e-01
1.095145056283154839e+00 8.822577956110684294e-01 -2.328985170443764741e-02
-1.856424548163206345e-01 -1.822137863973276817e+00 2.244231955625098918e-01
-5.763534665523220024e-01 1.555677352817154135e+00 1.715575510499517398e+00
-1.247889590073471555e-01 2.387134585296336597e-01 1.591742816477133005e-01
-1.889732506561085934e+00 -4.973611634800865211e-01 -2.543881924315573029e-01
1.477700053725142793e-01 -1.005458897061532131e+00 -2.919381347650230052e-01
-8.139868761759178062e-01 -2.234048338522606203e-01 1.019519787584538539e-01
7.857154198277642720e-01 -3.285611287856038398e-02 -1.014745166011410404e-03
2.590874258874166225e-01 5.694213321320245047e-01 4.024886565586860421e-03
-7.053654173988983533e-01 -6.146918560331793291e-01 4.591311331297550646e-01
1.506119569954579074e+00 1.302821941672555717e+00 1.271867549447083467e+00
-9.590912352712155364e-02 4.210893185975330133e-01 4.840658686897726937e-01
7.836215891117854770e-01 1.651668439575357361e+00 2.778414642117892797e+00
1.594913537522888225e+00 1.984526286277077611e+00 1.144484337476276758e+00
-2.621995436850351080e+00 3.640139006588121173e-01 -4.534296948575111674e-02
8.923510975201254247e-01 -1.237721027867388690e+00 4.072794411160588490e-01
-1.176738780975933762e+00 1.139769509016949289e+00 -4.165842899093213925e-01
-3.261842884351018323e-02 -9.665637802758133557e-01 1.182990217464953586e+00
7.286874131928358089e-01 -9.143149240814802958e-01 -4.788435726768172085e-01
-8.261816384496023513e-01 -1.382837371081327316e+00 2.271652547846914061e-02
-4.727707489912337802e-01 -1.768000050026997672e+00 -5.938478359697477726e-01
-3.956393576364656273e-01 2.156724999659310082e+00 -1.409110943268703675e+00
-6.233582893097199262e-01 5.882592706055411735e-01 -9.266497663190125245e-01
-6.308738855488111863e-01 -1.044142809088737245e+00 1.274482235644746053e-01
2.085383534181915799e+00 2.252722793145700564e+00 -7.670450907278134611e-01
1.646569903658815948e+00 1.838468416758192392e+00 1.366772736525490584e-01
-2.358870864031265002e-02 -8.796412845154371052e-01 -3.243480758117825991e-01
1.079912220036321147e+00 -5.174589308683060773e-01 -8.352331018321768052e-01
-1.460420638686029893e+00 -6.278519834759084262e-01 -1.639425364863468237e+00
-1.250030793639291149e+00 -8.317010197357017631e-01 -6.501339868501353481e-01
1.382397148976577395e-01 -5.875601418469855730e-02 -4.606784799400048813e-02
-1.176288430340971969e+00 -1.646094879644822706e+00 -1.341024292701868514e+00
-1.646692949895212088e-01 3.220699777376567763e-01 -9.789728337347664011e-01
5.322556704468408562e-01 -4.844802427252425936e-02 -6.890743972579123078e-01
-3.069268389996424151e+00 -1.198551074509920600e+00 -1.029972694855387338e+00
-5.939996322174772025e-01 1.856670612766264661e-01 -1.015049141104208408e-01
6.284426504653277679e-01 -1.434218199574671893e+00 -3.530769318111380839e-01
4.337624817907360653e-01 -4.466449985668767275e-01 9.017896801897764547e-01
-2.221795462828882739e-01 5.446555060772125811e-01 1.239698216873402203e-01
-5.006769073505421552e-01 7.684677945352309525e-01 1.792611169434410678e+00
4.085045387367453040e-02 -1.137439746060334711e+00 4.390909686455371497e-01
-2.954630702856810842e-01 -1.553629705161364560e+00 -3.860316444513370859e-01
1.612656588322337381e+00 8.078080263660336602e-01 8.924874123782823299e-01
2.636743911988534972e-01 -2.220195913104623386e+00 -1.641826006483760647e+00
1.161662526624851255e+00 8.992090837443569296e-01 -1.310521051091554368e-01
-4.740139945040913183e-01 1.552976714278307968e+00 6.616917261930919114e-01
-1.328077762771077808e+00 4.852851673256982079e-01 2.011404253740696202e+00
-1.001034680733254412e+00 9.591109041213408126e-03 2.003168673338358907e+00
-7.476956120200491940e-01 -6.231012893737457592e-01 1.750896067492690555e+00
-1.832876616373628309e+00 9.381742846786933487e-01 -1.445459133497797088e+00
-6.086794648598043977e-01 3.298056974751903070e+00 2.661076042003274189e+00
-6.529278309282529058e-01 -4.891389914631746882e-01 -1.836936203276294588e+00
-6.754573168609900868e-02 1.296369955303653843e+00 3.548266213146920034e-01
-2.208176742878625198e+00 -5.500358768598436754e-01 -4.581205566529528150e-02
-2.238604231686525114e-02 1.654015675447853440e+00 -1.186671809427457536e+00
7.777937920669339977e-01 -2.873791237081989802e+00 -3.097255528661188695e+00
7.681894716749255725e-01 -2.194016980599093003e+00 -7.487223623748278101e-01
-9.214742498258146064e-01 1.756772307434744329e+00 6.060623652269286898e-02
6.368898558416786759e-01 1.211444903961204522e+00 -2.998823777311508287e+00
2.375468430263782516e+00 1.569662116934700036e+00 7.591302266893862338e-02
-8.634150844857124696e-01 -1.551858400951045880e+00 6.225748990099724267e-01
-2.492128240857227617e-02 4.244453822386026198e-01 9.014047289211744030e-01
-2.955245709236902218e-01 -1.184955984918446559e-01 -4.898769248857408054e-01
-3.804113903822855525e-01 -1.578372245722815537e-01 -1.393194205943210751e+00
-4.970998538277793255e-01 -1.813297313207195671e+00 1.614188253472818579e-01
8.129203343626951739e-01 -1.721665016385752311e+00 2.571321022892073760e+00
5.208034379447372686e-01 1.824312871095808974e-01 -1.796846795854221357e+00
2.849592138735566049e+00 6.979768931042269475e-01 2.495854551975943969e-01
1.519300245121356641e-01 -2.243508348026064247e-01 1.174758738544179337e-02
-4.272256629371948278e-01 7.537934760664231071e-01 1.276053370862182401e-01
1.299490578753409453e+00 1.863585644442934397e+00 -9.947435171100937890e-01
-1.214909905833913228e+00 -7.179426630294103440e-01 -3.464035237208181739e-01
9.119020548194640696e-01 -1.292559448557066282e-01 -1.600310646397010705e-01
-1.146526217484252541e+00 -2.827406114936500625e+00 -1.039109368421273327e+00
8.833844630144976895e-02 -6.574538695613350026e-01 -2.214275882533375261e-01
1.461399212294409167e-01 6.993608135803864867e-01 8.212966334439827376e-01
7.843043345712830128e-01 -7.126438977725442214e-01 -5.397857103794719835e-01
-4.531132272939424888e-01 2.349965456117242280e-01 -2.963117922883289346e-01
8.570147431461074827e-01 -9.547631833412340008e-01 -9.847944157131179876e-01
1.784909194241537822e+00 1.104020371636959652e+00 1.629700122080120384e+00
-1.626161413411849610e-01 -2.236538231803225640e-01 -1.463535538870472941e-01
-1.750279999154895183e+00 -9.798271621167070622e-02 -5.875708688404251978e-01
1.005811348238703218e+00 4.916839607109479982e-02 -3.493840962959834373e-01
8.365804588529111019e-01 -1.465032055234055663e-01 7.424669192591271116e-01
-1.801673032647242434e-01 -1.549851650985627494e-01 -3.453428933764185471e-01
3.734245005493499470e-01 -1.049651135435192284e+00 -9.196519503723552535e-01
1.526737875443251458e+00 1.051394323741414949e+00 1.852242487733740672e-02
-6.993310300740599450e-01 1.708462577875203170e+00 -3.055436795781265036e-01
-5.655353858329932315e-01 3.290713336267734324e-01 -4.842954828097901787e-01
7.637084625594692255e-02 1.327799933930189802e+00 -1.072731841317098311e+00
-8.029418093988724969e-01 2.250787710416601861e-02 1.014422086252819266e+00
-9.034980106145296119e-01 -1.464920848437171852e+00 6.528000528512827305e-01
8.863868500654552562e-01 1.885682821846609736e+00 1.595647787722407340e+00
-4.730593099929770173e-01 -2.796110410903072552e+00 -6.404635248336918441e-01
1.421206708605334601e+00 7.348113377188038031e-01 7.712585478089883928e-02
-1.080016380213187244e+00 -5.050110675454555498e-01 1.542108688994925370e-02
1.255085246326985260e+00 6.903716556072061472e-01 2.283792677996340448e+00
1.266431949698009207e-01 -7.410494135952749861e-01 2.205786043968049892e-01
1.194243585982151856e+00 7.956188060727615863e-01 1.920596990117419800e+00
-7.697140724279460944e-02 4.021558361722839536e-01 1.756962209268255970e+00
1.164539830116687824e+00 -1.141241830979332628e+00 5.947560247412451151e-01
-2.030218408479018133e-01 -9.538400649727060143e-01 -1.215142066487177264e+00
1.517088970277669091e-01 1.140861653422161170e+00 1.985522920252250856e+00
4.881811502637950495e-01 1.632023254905771159e+00 -1.093322709943520765e+00
2.608794057397182398e-01 9.800021417389979117e-01 -9.141466731473657514e-01
6.414517772189295419e-01 7.433147689663961444e-01 5.481475304984613217e-01
-5.503572114888659605e-01 -1.045267552982956705e+00 -1.069373473350005321e+00
7.795857768531677667e-01 1.262465338381584479e+00 5.393508856966996445e-01
9.024289925531120415e-02 -1.632865254935882415e-01 3.143146877220512891e+00
7.314672631320925378e-01 3.267096661497457255e-01 1.932659936691168978e+00
-7.453057800995649407e-02 2.105123553665159797e+00 -1.527071040770073385e+00
-1.357107271599389486e+00 -7.467688937578642605e-01 -1.523237882575122271e+00
-5.893820823838143985e-01 -4.597630556588347406e-01 -6.014779478927455569e-01
-4.479057267710295775e-02 5.347560792454832956e-01 -2.485897508770030573e+00
2.594084053857946826e-01 1.516922403712764433e+00 1.486287197455696152e+00
-2.391084663495312235e+00 -2.253150217227338992e+00 -1.144311331313555558e+00
-7.647757090706337468e-01 -3.672994666609609160e-01 1.395980886581456915e+00
1.349602645544504043e+00 2.104429335592713501e-01 1.526734077544983581e+00
-9.769729399292130800e-01 -8.553206911691367820e-01 7.996286423303249347e-01
1.065784610154802969e+00 -2.599113897207514956e+00 3.585023527131462329e-01
-4.346908651848003791e-01 1.427878469618151458e+00 1.171116155603660447e+00
-1.843167245136035692e+00 6.807274065886750325e-01 -1.402038195108041840e+00
-5.451914193389921781e-01 -5.081303885544599108e-01 1.804894538077707944e+00
3.561880820977749718e-01 -1.067174942969322249e+00 -4.886514121190662641e-01
-2.013731485065699545e-01 -1.664961114945315401e+00 -2.162049733721428169e+00
-1.564524331311701433e+00 -1.355683768663690003e+00 2.293778271650552814e-01
-1.112433560512559261e+00 -9.567298398292588546e-01 -1.214573381502555005e+00
1.326745179659941654e+00 5.953628078334760598e-02 6.049133466732190545e-01
-1.770985958222869971e+00 -2.118234389165271292e+00 -2.248950113238112891e-02
2.800763393489348330e-01 -1.241902985654943059e+00 1.747671770720982565e+00
-7.851915428681095488e-01 1.099009863685002308e+00 -1.466192931259537202e+00
1.327189147128723379e+00 -1.000023292769937733e+00 1.426825476675152915e+00
8.596661439564963203e-01 1.177962423942039871e+00 2.529542012479257251e-01
-8.894018046514691189e-01 -8.564970144094963267e-01 8.686567897889678758e-01
-1.430236599035051848e+00 -5.382419948055694459e-02 -9.602601518716247231e-02
1.326559218669414175e+00 7.906968588672932396e-01 -1.158207319983684869e+00
2.193959115777706970e+00 7.344651567690361205e-01 -2.014623236844624854e-01
-1.728290380882127608e-01 -4.719169386364369112e-01 5.098165882129817028e-01
8.335771807622026630e-01 4.349378933376888412e-01 8.098748883824942180e-01
4.835628710360188598e-01 8.117789542242006551e-01 -7.524299812851720226e-02
-7.049465841209954231e-01 -1.689662891575895998e+00 4.379063943386063418e-02
-2.583538401182118971e+00 -3.712534576915494378e-01 -1.860872411137655114e+00
-1.223674906821879405e-01 1.059472094920687502e+00 -1.532263029404405064e+00
-9.011782546023816565e-01 6.041272337160337180e-01 3.923013825256282949e-01
1.126737207730855062e+00 4.259481062787362493e-02 1.338763773099806542e+00
1.839537521451772850e-01 -6.631914874187812003e-01 5.560645498937092368e-01
1.563146153683893091e-01 -6.688344916109802973e-01 -6.193356507058700444e-02
4.102221362290875417e-01 2.538377838208283332e-01 1.028398744980993929e-01
2.279952422986980531e-02 -1.748315649837970387e-01 1.489214673733969541e+00
1.924808405455770144e+00 1.413298198196818678e+00 8.462663397801194476e-01
-8.492135379419485375e-01 8.763295777414428223e-01 -2.991091956837418353e-01
2.335457727705819941e+00 1.479697386735980835e+00 -1.393902240622121314e-01
3.222939779576058372e-01 -6.733077596641476870e-01 -5.231507453767560989e-01
4.957405711678578575e-01 -5.906974766942024724e-01 -2.347907171294713047e-01
-9.432612482896856054e-01 -1.056769719482692493e-01 -1.762108499454971611e+00
-1.726106945697831740e-01 2.251896448824624586e-01 1.172434934986144039e+00
-2.542223799485894276e-01 -5.503681853390737233e-01 -1.958789673943662990e+00
1.010817050265448103e+00 -1.928085056559626143e+00 -2.009154277882433171e+00
-2.325277813144677186e-01 1.448995004341061765e+00 -1.904983946283762775e+00
1.873766686728496556e+00 1.113186766215871426e+00 2.297469022245862469e+00
8.751839750467595991e-01 4.532739924836312051e-01 1.566323548432263513e+00
-2.153676261169756856e-01 9.927839388492276651e-01 7.706871312643146510e-01
-1.464204531992825409e+00 9.047866868709983912e-01 -8.752489685805140418e-01
5.425155942599204639e-01 -1.243584233303214326e+00 2.478624478532157616e-01
-2.542435716550757174e-01 -5.208156911420361856e-01 7.166441138039214565e-01
-1.096021912209159455e+00 -7.750020526655270192e-01 4.858507983565550914e-01
-2.805978050663114898e-01 -1.909694687759161624e+00 2.064226826510254797e-01
-2.190641151759257887e+00 -1.040778837326823858e+00 -1.196267325036029616e+00
1.118319761758743480e+00 -5.969196327679510139e-01 -2.015715964778923119e+00
-4.397987159216847353e-01 1.110387244965287401e+00 6.192903116225895177e-01
-1.498690390104543191e+00 -2.271787900374017788e+00 -2.012628723695608635e+00
6.978213027849180516e-01 1.118068930467513988e-01 2.338775319443008982e+00
1.506970718859642622e-01 1.062232748407645477e-01 5.612198127226180056e-01
3.716073864909453794e-01 1.480464088233075515e+00 7.311463199077454789e-01
-9.999095905312144206e-01 -8.839352847172243788e-03 -3.605294240368447367e-01
-2.375806239737082159e-01 2.217439766558504388e-02 -1.247618657892893279e-01
-1.165914516006370416e+00 -3.068598839479759199e-01 -4.655935952433096769e-01
-1.077805103600117054e+00 -3.148874917064174994e-01 -1.352239282354896988e+00
-3.964368997520024140e-01 4.869613147203870618e-01 -1.413699120599150705e+00
7.362323518365727626e-01 -2.806776993992332603e-02 1.509070256531352516e+00
1.310419436726146358e+00 1.483894187493720374e+00 -1.617857685672409174e-01
-1.180027167330841120e+00 -3.712424063512176353e-01 -3.961904489593206513e-01
-6.389733521134093319e-01 1.091750454698296124e+00 -2.064904120685331357e+00
3.300089808138787495e-01 1.617849619310900433e+00 1.193402466741649182e+00
-6.427525862731975348e-02 -3.808779412526156483e-01 -7.448877605849820727e-01
5.098279827349933013e-02 6.253462512636395187e-01 -1.182113071983515562e+00
4.378147413267013954e-01 1.581441238930997306e+00 1.018755457801096220e+00
-3.578837724636739770e-01 8.023321707607922182e-02 -1.661532137079769211e-01
-1.356602113003503529e+00 -6.942302774164907930e-01 2.040675764984460461e+00
-4.937168987989596358e-01 7.442156198893906671e-01 -8.666232096708388344e-01
6.514459031742301232e-01 -1.203134656983572359e+00 -1.214944287216663366e+00
-8.096695371177728973e-01 2.043652105349462289e+00 9.919861247270022053e-01
-5.631848772052703289e-01 1.897843647731920047e+00 -1.184204949870636625e+00
-3.313555648351099725e-01 7.495893065348995243e-01 1.623762604102106932e-01
2.374717534433933963e+00 9.377975695655194066e-01 -4.260731042060942331e-01
2.138831653281277667e+00 9.424605048175640487e-01 2.702279435984508149e-01
-1.439351055488888864e+00 -1.648132743576773418e+00 -7.631419474295078054e-01
-5.243656167805423873e-01 -5.000064871721678905e-01 -9.478419074388917398e-01
-3.488338002951035799e-01 7.009840760847330099e-01 -8.709867594866743667e-02
-6.003957143885946257e-01 6.464616875382280803e-01 8.720505216838894125e-01
5.726328492674819248e-01 4.767317015999243401e-01 1.963958046408852631e+00
-8.499917152142877352e-01 -2.245778795398373440e+00 -4.500392599303804086e-01
1.912023554442132678e-02 -5.236920640602439336e-01 -1.847618866712003594e-01
-1.095817681554748679e+00 2.731538892000846097e+00 7.632994810034837707e-02
5.231801302365663986e-01 3.529643512461061450e-01 2.321050696386501855e+00
-1.000978539928359279e+00 1.440515233776033854e+00 -4.231883791213473245e-01
-3.802621546971820532e-01 8.844620097204918263e-01 -2.124192729757715448e+00
8.646586970054181975e-02 -1.895265627146541787e-01 1.231225570901835376e+00
-2.685888670178306903e-01 1.439682852909651922e+00 -9.190061062350209919e-01
1.439793266097839197e+00 -5.160362420682671480e-01 1.287308418337271165e+00
-1.217581467530114425e+00 -9.007511754551771332e-01 1.285941072369427562e-01
1.742050401642315727e+00 1.626635937990528191e-02 1.610663508501121721e-01
-2.054859550269230617e+00 9.694233323369283450e-02 -6.360234255453960373e-01
-4.399263697549647967e-01 2.629744051462608034e-01 -9.018562307387938404e-01
-1.314797888546886728e+00 3.609573325029040713e-01 -1.195073424688813724e+00
9.554923402335857574e-02 -1.797006596700025494e+00 2.367993306449798774e-01
2.267844148407401228e+00 1.400530016799424793e+00 8.207236641383064413e-01
-7.436339475516344777e-01 1.389795812857167245e+00 1.165387298556964435e+00
-2.907577747892345243e+00 1.225669882756299289e+00 -9.356470653713795382e-01
1.652613293893171464e+00 -6.481099944776107513e-01 1.684165830622023297e+00
6.632598334706216736e-01 2.653462782541077480e+00 2.768818749269311041e+00
5.147201525388738208e-01 -1.013752465556816418e-02 1.132221332594310903e+00
-1.635006347909540914e+00 -1.454765376953432998e+00 -1.436747168480966064e+00
-2.087649682527812911e-01 1.432038459878134384e-01 -8.251977153281382371e-01
-1.169694666960833906e+00 1.462180050855977020e+00 -2.225847637336341833e+00
4.515603642207283719e-01 1.564545182499925469e+00 1.916710237763152302e-01
1.485149835113235284e+00 5.830440001963527186e-01 -5.725398828643373239e-01
-1.362723666173794479e+00 8.004312557169430686e-01 4.149350653744374728e-01
1.142716885118419956e-01 7.357478673851087780e-01 -6.192306323156080428e-01
1.064504746082759912e+00 2.995050379721573286e-01 2.465015095988989935e-01
2.629433371824912991e-01 -8.293195655843386138e-01 -5.390165870628110811e-01
2.172017612020104238e+00 -3.723142336027988053e-01 -1.397076775271327120e+00
-3.309843259454764430e-02 -1.446514504514511579e+00 -1.588034431689272719e+00
-1.387614708107472339e+00 -2.181978361154464530e+00 -1.163263054762682991e+00
1.877670134528250379e-01 8.030963140035660697e-01 7.936265539644931089e-01
6.816701019687654295e-01 -7.413141457235754572e-01 -2.549634257387609182e+00
-1.571496168301133700e+00 -1.814904702735691711e+00 -5.578154436890968570e-01
1.976664888890084404e+00 -6.268384769183432681e-02 4.252146062575106189e-01
-1.378244050347913197e-01 5.422831164647565760e-01 -2.270918489882268965e+00
1.392939574380360757e+00 -8.536859759348782717e-01 6.575476584763464416e-01
1.479960601239983742e+00 -1.678743102593468484e-01 3.918544778519114646e-01
4.781140593703702146e-01 1.318108859413149148e+00 -6.351084920088752028e-01
-1.452628629647659153e+00 -1.012351223475637330e+00 -1.695834160553247649e+00
-3.935136458702637174e-01 4.221992888825940593e-01 -1.159996608274764807e-01
7.773613936953387427e-01 2.131861749083524549e-01 -1.293625570523583290e+00
2.032319432717470509e+00 7.157164859549621783e-01 1.358485784055124546e+00
3.249276501342027723e-01 1.326818430797036985e+00 2.076448035763632571e+00
9.421215181707520703e-01 -4.611344584631284493e-01 -1.034180514881250623e+00
2.965372579775525708e+00 1.483554296784083348e+00 1.267160612071454029e+00
-3.250055008649324062e-01 -2.284966395544966722e-01 1.224780111792544979e-02
-1.405504358527162267e+00 -1.631934068225153300e+00 -8.559838901443386217e-01
4.573662368186650617e-01 -9.269334088051711662e-02 -6.923137578588759444e-01
6.387127949742101851e-01 -1.520300162558552381e+00 -5.653905732773754078e-01
-2.839594588258689267e-01 8.720663039928946425e-01 -2.405931854153539051e-01
-9.217837985871009110e-01 -1.786757859016375072e+00 -1.438160071666267914e+00
-1.523429072863964784e+00 -8.010662743082299642e-01 -1.425008421668051417e-01
1.010609865683726571e+00 1.736918294795757323e-01 -8.249942767659701470e-01
-1.624540426153431083e+00 -1.713452109133850820e+00 -1.076722376036791218e+00
-2.248426771551053638e-01 9.553185233149312783e-01 6.832289250479572917e-01
1.387808425819042846e+00 9.284221927963134391e-01 1.644719524023987356e+00
4.261487924868219146e-01 1.908578448138769090e-01 -6.576969121547311392e-01
2.095290167829684247e-01 6.958664116053210336e-01 -7.319904298324237946e-01
6.685934998719352818e-01 2.406809122451296190e+00 1.337033260514164157e+00
-1.246329541692665077e-01 -1.665988522722213983e+00 1.955474795856363412e-01
1.029722263706094543e+00 1.380001364109533668e+00 -8.672587949041481448e-01
8.062535931044464421e-01 1.881377065866304710e+00 1.033676694693825837e+00
-3.174076930085034665e+00 1.128777946213320726e-01 4.251528134387776436e-01
2.100395845871130263e-01 4.695932603486334678e-01 8.237020863278832206e-02
5.505066384153171066e-01 -6.721639985366250070e-01 -1.856995915198246250e-01
-2.028804737553240312e+00 -1.405176943167386394e+00 -4.442604677614105380e-01
-1.073611221277388728e+00 -1.597874850974727812e+00 -1.218948103572100039e-01
8.036847893495898676e-01 3.951966434840886722e-02 -5.852767106613849801e-01
-1.756839722142309324e+00 8.590357398854613358e-01 -1.022292108107127895e-01
9.310441326464766743e-01 4.399433456290511302e-01 1.650947146425087331e+00
8.065113664913188263e-01 1.272313018687255326e+00 1.601515546108598365e+00
8.091322088487087338e-01 -8.116680263348052815e-02 8.282076749078901567e-01
2.743596882576564422e-01 3.029585536475613017e-01 -7.404622349236429368e-01
-3.766516230689189726e-01 5.402329664500631345e-01 4.486877713699205517e-01
4.962753188891416700e-02 -1.188662330340713558e+00 1.439749050359748317e+00
-6.277850078250775123e-01 1.978839430040235658e-02 -8.195263406656418947e-01
1.304962599864973205e+00 6.559832562800649303e-02 9.889042641109977438e-01
9.113267786477279309e-01 8.212458778639650792e-01 7.936744566949470725e-01
9.398307325481864982e-01 4.247047246638148144e-01 -1.534313948010965767e-01
1.726633035899696633e+00 5.942455520391721757e-01 7.690303008865706502e-02
4.293261684159765945e-02 5.597069157680578666e-01 -7.656503003733046153e-01
9.435168399287319208e-01 1.410962156749799856e+00 -1.235109735512739393e-01
1.544698579766429880e+00 -2.529185212614202261e-01 8.141909597085988937e-01
-3.438445369473075441e-02 -1.771774871084914604e+00 -3.332229065688642744e-01
2.022051827057940621e+00 -2.453321224297718484e+00 6.381955942484969224e-01
5.442644806072862718e-01 -5.100024558043102507e-01 -2.591299739995467810e+00
-1.004732843143721244e+00 -4.986579960402208744e-01 -2.439144965710477564e+00
1.143824549839198568e+00 1.139791830097777847e+00 5.361050580764314955e-01
2.026154826415978327e+00 8.683353922865931773e-01 -3.587862616961441375e-01
4.132284914669217546e-01 1.318677596847033229e+00 4.133017948542738740e-02
-4.941858381558933422e-01 7.962241110381105269e-01 -5.315599938958222026e-01
-6.172647959052104394e-01 -2.073240562379730090e+00 1.308863303147050905e+00
2.579956331821733784e+00 9.181083346933343048e-01 -7.526372010806481327e-02
1.217991131819375905e+00 1.174540835647744474e+00 -1.607857364318136639e+00
-1.293802809038357093e+00 -1.078171887584932875e+00 -1.059723184440326538e-01
8.837565103648731268e-02 2.095425122822347497e-01 2.306414947064109988e+00
-1.649348125895926165e+00 -6.552016736140728881e-01 9.656953452045962116e-01
4.138588168759977370e-01 -1.055456710442733481e+00 2.070720223137485050e+00
1.578294558984677520e+00 4.864608121137082852e-01 -1.411061344655064609e-01
1.684516971814563613e-01 1.892640166282752112e+00 1.282003951516078821e+00
-9.140284733612691337e-02 -7.829129088198423236e-01 -6.410364951475909789e-01
1.411792403517718730e-01 -1.525782023546702559e+00 -9.182813968188141551e-01
6.741771700331502526e-01 3.981140450235764461e-01 -8.401972660798184833e-01
1.691407631835917247e+00 2.777367712037336345e-01 7.815211343693622137e-01
-9.764032977579913952e-01 2.231666624985090497e+00 -4.969466138693554025e-01
2.409710369040168887e-02 -8.707725517643427615e-03 -1.456733943715192714e-01
9.859669150585195219e-01 -5.352454062860565465e-01 1.743791347210257747e+00
-1.045368652097313777e+00 -3.423989502030030385e-01 -5.758380679057948370e-01
8.092780020073570002e-02 1.153496996500638083e+00 1.102247294481772943e-02
1.481545350944652339e+00 1.979570347440879341e-01 -6.836811168746204093e-02
-5.885519558190053235e-01 4.152905080024313356e-01 1.543886749613775144e+00
1.093921557888458240e+00 8.253899244154427883e-03 -2.423937903557539797e-01
-7.915808091067393359e-01 -6.832395817300823682e-01 1.676091426024830522e-01
1.689901757772487745e+00 -4.553901970522294951e-01 2.414239421440266486e+00
3.130586327879566477e-01 8.743653914060081078e-01 -3.848102386128756658e-01
1.700565627456175566e+00 7.729962027032454275e-01 6.956453263252377894e-01
2.172864205646753977e-01 -1.024402750614439306e+00 -6.689919157667004734e-01
2.799202501235172891e-01 8.172205053821319787e-01 8.083278238112392433e-01
-7.553401400644634833e-01 -6.746779889746303827e-01 3.892267355340812696e-01
1.301898392177059716e+00 5.914452826029694688e-01 2.581188339576596102e-01
4.442091335103348637e-02 -2.355586452366142947e-01 -4.556163417063225918e-01
1.365860561760995351e-01 2.414475033856987807e+00 1.058803687517992476e+00
-2.106102376297936729e+00 -1.035423481000622203e+00 -7.142031156647665746e-01
1.011118049387870865e+00 7.851998618901046001e-01 5.671368295101165691e-01
-4.317488391197786268e-01 -9.890257539274478482e-01 7.786480898717975663e-01
2.778909729045112575e-01 3.504862637515510082e-01 -1.716345995859787532e+00
7.884197907476946376e-01 -2.857109728620334632e+00 -2.976997063116564313e-01
-1.344201741074421363e+00 -9.513064916021143347e-01 -1.966024101468765384e+00
1.059360853222552912e-01 -5.356452660650905528e-01 -1.006396411110102473e+00
-8.099867518742167594e-01 -3.238328509463916927e-01 -1.644114515123201281e+00
-5.081800936835709770e-01 3.408899266861570521e+00 1.599681408098446500e+00
1.206176693105270648e+00 2.044436643328850778e+00 2.348704995384838234e-01
-4.246635220832479796e-01 -1.774048021831553523e+00 -7.145475138246196734e-01
1.052187531848694846e+00 4.894746284029080075e-01 1.416719921842970464e+00
-1.496887991480992497e+00 -1.283792761324953347e+00 1.616421015239680736e-01
-5.746975709383291830e-01 -7.583664633671088895e-02 2.107614306834789675e-01
-1.313213821076606669e+00 -9.831396534272314192e-01 1.242383897301393647e+00
-1.197393146784943241e+00 -1.204361509399593633e+00 2.429204611004207592e-01
1.337900086165413560e+00 4.972449840235886320e-01 -1.405652665501537557e+00
-1.380700548820534168e+00 -9.079233942854587625e-01 1.141020525805592767e+00
-1.210407319569428708e-01 -7.795801576187173509e-01 2.335986086348349922e+00
2.020807960630081057e-01 -1.119971168520100147e+00 -9.336684499900002043e-01
1.694932428550915526e+00 8.596376796815147214e-02 2.396318298694396276e+00
-7.722746004826164246e-01 -7.931678353648520252e-01 5.723592873294955918e-01
-4.841885943560393368e-01 -8.390558283878448709e-01 3.570389953478179113e-01
-2.121613475282681627e+00 -3.065269919025955803e-01 -8.148119918825627028e-01
-9.259589433925663471e-01 1.334924661050916228e+00 1.278360267633966263e+00
-5.395864178346054807e-02 1.212261391283206979e+00 -7.873414825511515502e-01
-1.811827638523248463e-01 1.703211311274991147e+00 -7.948482647066522633e-01
-1.205099134001090810e+00 -5.873142401962120340e-01 1.044296749643972566e-01
-8.374805771327460402e-01 1.196311978026886047e-01 -1.875081913400735267e+00
-7.484428194966323833e-01 1.875208011562316202e+00 -1.220524436116147138e+00
-8.596665829888721078e-01 4.622355348146873211e-01 1.117706558009880169e+00
-2.397335590165680763e+00 1.753154549351884306e+00 7.222822789578070557e-02
8.827533260618697364e-02 8.975294427169770994e-01 -1.158426943675323839e+00
1.374751023734109179e+00 -4.079246415315699315e-01 -1.470385108066682101e+00
-9.087572354463022695e-01 -1.134639936340171573e+00 6.715420907236936410e-01
6.149913510507432068e-01 -4.239484720963740405e-01 -3.219221968127238820e-01
2.649370951345015879e-01 4.494467939554654956e-01 1.308332380906483516e+00
1.177953539496773061e+00 -4.603052985423220500e-01 -3.479860700079785429e-01
-4.931290471899782979e-01 -3.279101802678607847e-02 2.853945061123339677e-01
1.455187655905810562e+00 -6.231956004926044734e-01 8.319188011978073671e-01
-5.263141643952981008e-01 -2.350522300117330876e-01 -2.784079947533940613e-02
-3.065142817998716129e+00 2.490885472822527369e+00 -8.364776153335331532e-01
-1.266507210879289858e+00 4.041133545971716812e-01 2.738681711549583175e-01
-7.099166313656655181e-01 1.588464925831397645e-01 1.175990855085962128e+00
1.000232641357328145e+00 1.529978482067912759e+00 1.540259491636284395e+00
-1.222188341955616320e+00 -4.712060956544486534e-01 -4.341072125289103800e-01
-1.075298478919884948e-01 -9.184229963614277681e-01 -5.366085082715187360e-01
-4.081781619976131981e-01 6.992172947149315476e-01 -3.968516062018566104e-01
4.304076800288058058e-01 1.170088202195074256e+00 1.443735435798273459e-01
2.010469392821416790e+00 1.839897636335046549e+00 4.353270429046658951e-01
-1.227698402247801024e+00 -6.952672999044150481e-01 -3.084536033390150589e-01
-1.100435478429358405e+00 -2.977867641379386976e-01 1.018843529884465804e+00
2.246638821101297978e+00 -6.092686299613538914e-01 8.388055657608521898e-01
1.237994998929820456e+00 -7.706236183005032991e-03 2.587580336133306069e+00
-3.291543417638009839e-01 -2.125359864204808602e+00 -8.472630131641583073e-01
-4.085969706737754281e-01 -1.041844467671226182e+00 1.010407459480759051e+00
2.042288459042464588e+00 -7.740591169169097618e-02 -2.389164824764673511e+00
-1.986899804794758362e-01 2.040032296351419472e+00 1.168337249850344151e+00
-5.879923460489461240e-02 -1.125587340025862026e-01 7.653909314574294243e-01
-4.465294743217660955e-01 2.399090356895826615e-01 -1.471711297024734133e+00
-9.178671318849953575e-01 2.513974423017405480e-01 -2.083625191329352866e+00
-2.734774844885510259e-01 -4.970612919706806077e-01 1.179606046204323189e+00
-6.544310908171688812e-01 -6.730329943971651296e-01 -3.547546034028108419e-01
2.105059797643762387e-01 2.634127352556902002e-01 1.458046065587637941e+00
3.849247289831830843e-01 -9.664915328310456077e-01 -1.579469176194118640e+00
-6.434210871022817413e-01 -1.169908394414770569e+00 -1.319065558558672802e+00
3.136166339522421520e-01 -2.187768412141586793e+00 -1.383210822377302307e+00
-5.188591837260358997e-01 -2.251705260032188516e-01 -1.455498198806022492e+00
-1.020844076368023767e+00 1.275733688618094108e+00 -3.988957564317580085e-01
-8.800440602230558129e-02 -2.201445374705957025e-01 1.283197069697239456e-01
-1.089065725997744538e+00 6.548925743552647116e-01 -5.257821065526804283e-01
1.020338549753652346e+00 6.733757673215232664e-01 1.141956250191175748e+00
-3.862847900612468299e-01 7.779570682896921330e-01 1.241980653722230543e-01
-1.283001986450601040e+00 -8.607469665178346663e-01 3.809204164185586716e-02
-4.817264839060376724e-01 1.603336408742920272e+00 1.049784507291692925e+00
-1.042183288470296398e-01 1.596375166886133679e+00 -2.475068461392235797e-01
9.392645257327636443e-02 9.778750500771488108e-01 7.203329559479842992e-01
-2.217256918047509462e+00 -8.340535835332109071e-01 -3.859970220736133051e-01
1.134337991947886870e-02 -1.095238008137508490e-01 -9.807079874425681520e-01
5.767238696897774020e-01 -3.441956974207582842e-02 4.138352555437408986e-01
1.481501316538667457e+00 1.688506325229570448e+00 1.431561120982707269e+00
2.393363761368536125e+00 -1.494330506637615796e+00 1.081363536543597847e+00
1.465765902654940778e-01 6.456736086852372658e-01 8.208560963190363324e-01
-1.052290929355031324e+00 -1.334602943074522541e+00 -2.617909916213262633e+00
8.605101200221807467e-01 -2.419240598126158659e+00 -5.982752923006761092e-01
1.765724798682414498e+00 -3.082695317756158904e-01 -3.034846926960267366e-01
6.831002698445848287e-01 1.459481926742634883e+00 -3.101099990613149782e-01
-4.465050837803697936e-01 2.339141964104106020e+00 4.425527668613344345e-01
2.732381116374799079e-01 1.200206036857309311e+00 7.415223263012087340e-01
-1.284760020849493367e+00 6.182783076849921455e-01 8.981577418338824170e-01
4.615399924162061351e-01 8.479130796561966665e-01 2.249107875384823263e+00
1.426612171914065086e-01 6.567414911752911255e-01 -2.001301827159845281e+00
-2.108478420335434755e+00 -1.132983858206181305e+00 -6.134179996030050264e-01
-7.873278579662206234e-01 -1.022663328518764736e+00 -2.409196198502184805e-01
5.702815422987913552e-01 1.210787515736502895e+00 -3.218905642555979218e-01
2.060408394694813738e-01 -2.211232362942544327e+00 -1.699214306518385786e+00
-5.920581488371425838e-01 7.190495459028288794e-01 -4.464054545033194765e-01
4.226667872813886229e-01 -3.372062773840350802e-01 -1.215599154352279831e-01
6.111432982037967587e-02 2.294547811669594983e-01 3.388851537199910613e-01
5.439360583634467172e-01 -2.013606819619742971e+00 -2.105873329949687345e-01
-5.208835114378211895e-01 -6.440514893219673187e-01 -1.176966787680822080e-02
1.559277500831430130e+00 2.609720831159097476e-01 3.042348425631921094e-01
-8.754807757974513160e-01 2.936201172534222970e-01 -1.358991406103298161e+00
5.728103284521450789e-01 -2.634420215127386555e-03 -1.616739689529985702e-01
1.730302863164510985e+00 1.721626074927800065e+00 5.883881710008826982e-01
8.649234568164680947e-01 -2.866361945474759088e-01 1.153607631116841947e+00
9.978888482946807192e-02 6.122247574666215275e-01 1.269897065952966919e+00
4.449191102593589298e-01 5.234404726859895884e-01 -8.121859643356174052e-01
1.094265264116470515e+00 -2.427156685372572342e-01 -5.421868550731626657e-01
1.067643491246531573e+00 1.523099673475958316e-01 -1.113552026739893064e+00
-1.301443881311211470e+00 4.760154461967480710e-01 -8.876273219666535041e-01
-9.534081006131256419e-02 6.168153915783501917e-01 2.066649423271899044e-01
8.386957464029939358e-01 1.671927653894381693e+00 2.224602406396612442e-01
3.873617676873976623e-01 -6.381665514312144794e-01 6.396291389469089816e-01
-9.986394697492011474e-01 2.569523915048148144e+00 7.332959969509156295e-01
6.664606218381594616e-01 1.988156781827112196e+00 1.121823827172365173e-01
-3.795918723518003079e-01 -1.341305741598628476e+00 8.823575597236643642e-01
1.342942449487424028e+00 4.008529476710679940e-01 1.310594004932081891e+00
-3.505106287498863105e-01 2.152241152523221013e-01 -1.572026522633445778e+00
-2.841471860200557309e-01 -9.413869400554437661e-01 6.017262526817190871e-02
-3.388473800926714574e-01 -1.620147772701344469e+00 1.099213615591625670e+00
-9.595393541686052519e-01 -3.529059939477698360e-01 -5.015815883042699097e-01
6.011914297283084130e-01 1.440199627049921771e+00 -8.826057052320244178e-01
1.124599618118280464e+00 1.111990721671469728e+00 8.284880175175717287e-01
7.763962102152401901e-01 1.620255975339846888e+00 -2.237841205669619526e-01
-9.909177000376276911e-01 1.145270466530841524e+00 3.035146261698055126e-01
-3.607970491777084399e-01 -1.973636808595290892e+00 -1.398649895214438832e-01
-4.937023625614147537e-01 -1.003258843916304599e+00 -6.371816696378869160e-01
9.224637391060841463e-01 -9.382693784534916759e-01 -5.806314477420226883e-01
7.585755938216531824e-01 -4.355099707324008307e-01 5.400049902362388243e-01
-6.545223514560447597e-01 6.610023493175147813e-01 1.371191127976365776e+00
-5.002998125673535634e-01 -1.021336485130213578e+00 -1.258017150235052339e-01
2.191018858144553771e+00 -4.449681848195119471e-02 2.951465516854895554e+00
2.374922638356466109e+00 1.172588950691494603e+00 1.051004003466083025e+00
-1.170496030904197848e+00 4.384562919377008594e-01 7.636488339259250857e-01
-1.018018951866971888e-01 -1.129108977505013378e+00 4.005351844278642881e-01
9.765889311645055137e-01 2.796684663876616295e+00 1.390577432002327307e-01
1.271285250832445701e+00 -5.786805857638777084e-02 6.234294644443550970e-01
1.251610342674116527e+00 1.194632776189296086e+00 1.036092256869800998e+00
-8.675806112134809567e-03 -4.349563411584597139e-01 -5.009087584028530937e-01
-8.095650351537013734e-01 -5.659623808000555645e-01 -2.385033056863305467e-01
1.053015147194579448e+00 6.920714910859439017e-01 -1.262987115791105452e+00
-1.697886953177412561e+00 -1.782654511286769772e-01 1.755552412207252999e-01
1.304438167628726442e+00 -1.192418669524938579e+00 -5.802755032877592312e-01
-2.108607032266520687e+00 -1.793620971751007209e+00 4.113048902472404844e-02
8.725375276130657998e-01 -8.882791444321869179e-01 -6.521479996374093258e-01
1.128963001862500537e+00 2.820798157096336412e-01 3.057620644122449605e-01
5.552367364003599759e-01 1.024975546935849469e+00 9.072932096818309144e-01
8.318893947084082807e-02 -7.052516000750452818e-01 1.573959956141696592e+00
-9.176817702936079790e-01 -2.878912356463197986e-01 8.290116412278316638e-01
3.152121271795826907e-02 7.828523902558245373e-01 3.739998212143740286e-01
9.296391285044021124e-01 -1.817677753994880296e+00 8.264166133068768794e-01
-1.149559333666465566e+00 -1.872636722621112138e-01 8.932206175481667287e-01
-1.928281964275108784e+00 8.545575538961436290e-01 7.704315228307956342e-02
8.289004905065648909e-01 1.782869136843955316e-01 -1.408818647841069138e-01
-9.115622810509917961e-01 -7.459517734969480784e-01 -1.824587400717091246e+00
1.497563289109591356e-01 -1.689935721194189000e+00 1.269482226986531348e+00
-5.323224264584827115e-01 -7.718712597445962498e-01 2.045384557810094428e+00
6.951018565330726595e-01 -6.563987868914489265e-02 -2.431222693555945558e-01
2.476421168271597750e+00 9.562688733068571700e-01 2.136206202656809161e+00
2.050784166710434508e+00 2.251931120257356866e+00 -1.686046802358074803e+00
7.969176471242120918e-01 -9.282451602390928702e-01 -7.553347745514893408e-01
-2.270813672894198998e+00 -8.180556255725237591e-01 8.548420185577716435e-01
8.756163221381640938e-01 3.645996222716306745e-01 -1.210832966055787274e+00
-1.229119859788423197e+00 6.878448293902528210e-02 -1.010009237341906285e+00
-5.297281794563121204e-01 -4.206889958654614903e-01 -1.252319473978719788e+00
-7.379933794319231133e-01 1.920179725174105956e-01 1.596103116266213373e+00
2.753332313193292413e-01 1.083744564794271170e-01 7.190548957698489341e-01
-2.037121007948118567e+00 -3.665317924530918647e-01 -7.146720784967599549e-01
-8.401583547301677557e-01 5.357326754889508713e-01 -5.483969602626628248e-01
-1.641488823325377933e+00 -1.057260532773163231e+00 2.816449419263928888e-01
2.913781746653199001e-01 -7.072203859423238370e-01 1.904758706581394678e+00
-3.617255607974084741e-01 9.778799392281747327e-01 6.914689465862101647e-01
4.723224302917687911e-01 -1.288855555373495942e-01 -4.731011227382221351e-01
-1.824005145559948193e+00 -3.141752279788076474e-01 1.953390677125687258e+00
-1.217948954862360988e+00 -2.305960634887102678e+00 6.178359486118887300e-01
-2.364683748816405640e+00 -9.112614207103360009e-01 3.248018323404410213e-01
4.605174044350480167e-01 8.571038835193123262e-02 1.164237662292607167e+00
-1.403973735825396307e+00 5.137002859883103012e-01 7.532565540127280634e-01
4.189391514178067988e-01 -3.484423743183149291e-01 2.441744400778628199e-01
-5.055519651203410625e-01 1.719428525572304078e+00 1.243140070224216354e+00
-1.024068696667795431e+00 -1.726438982016867962e-01 -4.567980124591455304e-01
-2.677797220337966300e-01 3.981731477190871837e-01 4.504103224477391532e-01
-8.426035539190419588e-01 3.729452301773664158e-01 1.029528598145103668e+00
2.200363041256772512e+00 -2.845830771150488214e-01 -4.719479110982157666e-01
-5.195236873154813750e-01 1.780672334499066700e+00 1.546273025294508940e-01
-9.869118569690593645e-01 -2.106099601014340017e+00 1.747457042457940313e+00
-1.009857764926139989e+00 -2.967341249919432045e+00 -2.947093832073252040e-01
-3.404071987183923120e-01 8.214436820838906250e-01 1.389420840547506586e+00
9.301159735095798631e-01 -4.934118541197586305e-01 -1.070747492648741916e+00
1.214681947543337914e+00 3.281268564423611700e-01 3.276756166456940011e-02
-6.113463489690056374e-01 2.348828010195733729e-01 1.303376137448016170e+00
-9.869979861061977111e-01 -2.321931160353660317e+00 -7.050096064837302334e-01
7.755703704374348195e-01 3.430142839889547268e-01 1.719781984541300490e+00
1.457192741388404933e+00 1.495763345132631539e+00 -1.516957006509108918e+00
-4.045300399020486104e-01 1.137996726489678423e-01 3.066179788589560307e-01
-8.725016257256301699e-01 -7.513592729733494791e-01 -2.797178728276316084e-01
2.172667009181843967e-01 4.745314594512406448e-01 2.217765154697358909e+00
-9.179956440387491146e-01 1.561691160434574677e+00 2.347462719866341807e+00
-1.584404663035371197e+00 -9.154909900654998323e-01 1.388059046991366730e-01
-1.643018675470957479e+00 6.293886142805695805e-01 3.576589371249403460e-01
-2.073251151869938136e-01 3.442995715370974263e+00 1.913856167140891351e+00
-1.341838057588357280e+00 2.723258329667778144e-01 -4.801722479110648312e-02
4.413055043721844095e-01 -1.818357028505255935e+00 -9.848186915384864459e-01
8.055081874101044370e-01 4.491618490595793989e-01 -1.525180164081970435e+00
1.939107614907325194e+00 1.727989363249304411e+00 3.081238793940579423e-01
2.282564927658704557e-01 1.067711727198787042e+00 9.788948372772492412e-01
-8.907826871580178940e-01 -1.447153080757349164e+00 -2.377497570524668369e+00
8.658689540694490816e-01 1.870119551675655245e+00 4.596250275602996038e-01
-1.021572778226923495e-01 -5.031834544116597918e-03 2.681862818241761204e+00
8.308407550309011569e-01 -2.165831085580246507e-01 -1.227633336468210601e+00
5.596916392592150569e-01 -1.095321877880980566e+00 -1.276065536235074571e+00
-8.017361483475362594e-01 2.759816683673149695e-01 -1.012722225632691320e+00
2.547824764360916205e+00 1.657627935910784611e+00 5.766975661635006523e-01
-1.988645009337983716e+00 1.963071291980964084e+00 1.066048678601727584e+00
1.292339806245459188e+00 -8.139316157803011542e-01 -1.387421923399919654e-01
-1.577284619630469953e+00 -6.530597812384784095e-01 7.380462327108339160e-02
4.477821383222269080e-02 1.645355813948893076e+00 1.287165884119101378e+00
-3.908055101937808473e-01 1.345745915270274207e+00 4.067518825042631958e-01
6.376143687034727670e-01 1.131665218091966740e-01 -1.431976148840712337e+00
5.172414935188378582e-01 -8.266922966904648451e-01 -1.595588569113233435e+00
-4.695324674271872945e-01 1.046504128260327127e-01 2.183412133030235847e-01
9.790269405483178478e-01 -1.372324175562306126e+00 -1.119358532815087237e+00
1.635578234969407241e+00 6.030637494592245851e-01 1.211117597580003036e+00
-1.225087402450026675e+00 -1.958339670166009405e-01 1.451532031603684159e+00
-1.271015426767488243e+00 3.968607904223282468e-01 -4.294276133297698639e-01
1.264387119438372453e+00 2.604477236952433827e+00 -1.219857102296007856e+00
3.357978592915539240e-02 2.054754156511130470e-01 -4.925614060184020371e-01
1.570942579245672821e+00 9.114137708920790892e-01 7.275123029610286451e-02
-3.112399369856762577e-01 -9.217026640800562998e-01 -1.293125329059786610e+00
-9.209740137288131567e-01 -1.332487783781204582e+00 1.813361635169837838e-01
-1.982911307157536163e+00 -6.466566352926826911e-01 1.409831917595347761e-01
-2.014758324828743952e+00 3.775776995277546622e-02 1.015022885494851090e+00
1.373165237155855367e+00 9.132438591446199183e-01 5.301718294373054530e-01
-1.106438299310622320e+00 -1.629789150329902014e+00 -5.285017552895122650e-01
1.939113425280008185e+00 -1.079463747685960762e+00 -3.953958686204498418e-01
-7.759781558324094775e-01 -3.658962311503326514e-01 2.314336205299811766e+00
-1.922800988320284565e-01 6.087505102934682721e-01 8.047474436995923908e-01
1.137373604799230664e+00 2.766656867177673673e-01 1.850888989220481617e-01
-8.657209865825468142e-01 4.526810792771007730e-01 -1.178519673976841098e-02
-4.239357310294907810e-01 -1.672060947921487184e+00 -1.195540903917906017e-01
-3.754198221370024235e-01 -4.688962672929476438e-01 2.746333153852296149e-01
-1.381787259754239550e+00 -3.855565047012853297e-01 -8.569920003288784560e-01
-1.496095816196862494e+00 -9.737336693466769333e-03 -2.639621570015651564e+00
7.200300076468602040e-01 -8.653020754957512217e-01 2.089571561102668285e-01
-3.324208173836229463e-01 1.939823642483097021e+00 -1.642228767082730689e+00
-3.052554815774616293e-01 1.120956105183793960e+00 1.250286468187968847e+00
-1.470748916329125855e+00 -2.040713335126633332e+00 6.474546068614910332e-01
1.570327295202847528e+00 1.819890529433247361e-01 1.994388128478649658e-01
1.897811372532264951e+00 -2.127796677801927494e-01 6.841862323568376203e-02
2.014258041218139450e+00 3.408186890182594575e-01 1.338345817319742448e+00
1.186087336263678127e+00 -1.413466250921804779e+00 -1.219472975710158114e+00
5.411556062523258381e-01 7.913683245370040087e-01 1.183624640981607135e+00
-1.337266782771832085e-01 8.978560314856729452e-01 1.140466077116631727e+00
7.772751532282056175e-01 -4.840694047944189005e-01 -1.031581926340877420e+00
-4.800893552925150076e-01 -1.128035423339843746e-01 -2.075963832303036938e+00
1.359245764771670029e+00 -1.652235412320620433e+00 -2.104352940554813367e-01
-2.306592118687836868e-01 1.708537690674538645e-02 -1.293653220572747564e+00
-1.217337523433568158e+00 -2.938886493987226345e+00 -1.124413845596249573e+00
-4.934193679760934259e-01 2.089845558873643316e+00 6.623945784919900159e-01
9.227117864821330340e-01 6.653560027446570047e-01 9.667482897906060080e-01
1.735037466235725523e+00 7.796082506148471758e-01 5.138770724528174405e-03
-7.531110305784758374e-01 1.208621691345577176e-01 1.216307998061171292e-01
-8.751618744240894365e-01 8.426195263841840255e-01 -1.086944443372207303e+00
-7.232175021493940648e-01 -5.522337879507759340e-01 1.129994687241925089e+00
-1.154768822023835240e+00 2.064535498732588681e-01 2.058024761469754438e-01
7.307418429343786048e-01 -7.828540731911404205e-01 2.095256879111882853e+00
1.124537120039834637e-01 -2.293290221760843295e+00 -3.207745743565904584e-01
-1.141847927806154850e+00 1.779997614488526114e+00 6.073918841985961325e-01
-1.806396674144332914e+00 1.025541917843779238e+00 6.046554058127473485e-01
1.016087605160128193e+00 1.737934506525817824e-03 7.840875009499312931e-01
-2.477861169064410785e+00 -5.971294851805880599e-01 -8.046010559685426999e-01
-3.380122082969966302e-01 -4.477265443928576616e+00 -1.793179693675058362e+00
1.854751515829819120e+00 7.350160454457971282e-01 2.066565102479910543e+00
5.776214368486820572e-01 -1.090517979867311915e+00 -7.118721447044225048e-01
-6.234623832985739522e-01 -1.958022438719738689e+00 7.318472645975351298e-01
1.454259307310946214e+00 -1.414505034928241756e+00 -1.827500015458831450e+00
-1.834280525937865836e+00 -1.863939155179646923e-01 1.109443500284567619e-01
8.958164412469591387e-01 1.482995056871785788e+00 8.215461455893566800e-01
1.518820672886441736e+00 1.562878607894628402e+00 2.440895034691674681e-01
2.310498104126737395e+00 1.600222779701932607e+00 7.706813050596543757e-01
1.875220011272563658e+00 1.242270193870009809e+00 -4.838377547902708020e-01
5.516907425665922293e-01 -1.329397347841379418e+00 2.460645351754969790e-01
-2.433453753207820425e-01 -8.315746688033938128e-01 1.353335065789802449e+00
1.050725166742886074e+00 1.786192807195794874e+00 7.060215590295892962e-01
8.591584043405675608e-01 4.024609884331379894e-01 9.864963099333281527e-01
1.518234918756673713e+00 3.630501720760550555e-01 8.058278068553930140e-01
1.707401159574049920e+00 -4.731992554220024738e-01 2.117243865376147172e-01
3.139458775435359228e-01 9.181841296397610375e-01 2.492862579535776724e-01
9.229986141770771813e-01 6.990046519315737950e-01 -9.762618047930411436e-01
-6.349104503618865358e-01 4.346263781084310773e-01 1.117453725878703841e+00
9.715058498312170165e-01 -6.729279224608519794e-01 4.276558456834972377e-01
1.020866445447937254e+00 2.653951999042539533e+00 4.780931746572925078e-01
1.457097531669200086e+00 4.603724901042503537e-01 1.682805177693165399e+00
1.186080988007501613e+00 7.663268788431902845e-01 2.545494751818901946e-01
-2.925866226817349647e-01 2.732241707948185327e-01 -4.494802671916107162e-01
5.333818072952345446e-01 1.005281519574338089e-01 1.245119321734992734e+00
-4.678057585604461499e-01 2.078108440323422901e-02 8.139188157164519710e-01
3.673221081174792291e-01 2.029819310739905958e-01 1.530777658899028504e+00
-1.852842199389319600e-01 1.112053152839931336e+00 -2.104925561662438493e-01
-1.355187063312951690e+00 -7.362746999713806195e-01 -1.602929533848565846e+00
-2.190145536899239520e-01 5.569664051999352328e-01 -1.131689658138316901e+00
7.904612458436131028e-01 1.094662724260100806e+00 -7.447966824276517350e-01
1.712301138011613100e+00 2.435585836246717539e-02 1.421441572201100012e+00
-1.580767491138300507e+00 1.553051884664776949e+00 -4.115724730053311742e-01
-1.855096152644588159e+00 -9.121538630359711242e-01 -6.383818371535376901e-02
5.804927248750508806e-01 2.872875448247054209e-01 1.271259535290125253e+00
1.605562047025090200e+00 1.743344660813605174e+00 -8.486277518037628198e-01
-1.136636244166306486e+00 -1.816605682541452049e+00 5.057559928135948457e-01
-9.882910268073579196e-01 -8.225214490175948301e-01 -2.052786996694236366e-01
4.860665603598212092e-01 -5.462526736550352702e-01 5.715448011979045173e-01
-1.333169124792408455e+00 -7.271516459880899008e-01 4.800671505409084272e-01
6.390075130829769856e-01 -2.915691896272361028e-01 3.008244178513627687e-01
3.347553678680892375e-03 -9.098331798039231977e-01 -5.506649486775150315e-03
-1.673197935264927327e-01 2.125096995976425429e-01 -3.519362607138030175e-01
-2.187623393683324924e+00 -7.027058264539995935e-01 -3.304995948487671198e-01
-1.870380424755781146e+00 -7.779283806036236815e-01 -1.695383582178347504e-01
-2.875502658193010985e-01 -1.634446865477442667e+00 5.257562556692394473e-01
1.925610454326086796e+00 -8.537290316201884277e-01 -1.384011700934142386e-01
2.603273951526873242e-01 1.469311490301129730e+00 6.812760444225471890e-01
8.737347373805687267e-01 4.744888125002738599e-01 -6.319498635744180692e-02
-1.648098029571839263e+00 -6.149296197269114028e-01 -5.973779844445064047e-01
-2.263427170788780529e+00 -2.446680039100517234e+00 -2.218128092170799093e-01
-5.286576168937209275e-01 -3.176590036495707814e-01 -7.717776755236896991e-01
5.340238451705741074e-01 -1.292960310502697219e+00 -3.220246650355668705e-01
-1.190047354917948441e+00 -1.339726832374343424e+00 -1.254533332297805170e+00
-2.343781798778461933e+00 -7.513402625233744914e-02 2.361884354671559549e+00
-2.400414394564152953e+00 -1.387899503147408176e+00 -3.767725290013730355e-01
-1.116847050846137002e-02 9.101676122969117877e-01 -1.960708254010884444e-02
-7.619294871517747758e-01 1.355053286853770134e+00 6.928879788684301211e-01
-8.968821968267592926e-03 2.011510972638745010e+00 1.674077065161226896e-01
1.219097892912995640e+00 2.949904272994584575e-01 9.995859990971360798e-01
-1.772723344879695295e-01 -1.418596710308112963e+00 1.033532632773040305e+00
1.204152549689869511e+00 4.669846302980936725e-01 2.387362203628075719e+00
-8.254985513960244603e-02 -2.350931646844188094e+00 -2.917007323604503988e+00
-1.132455949706554499e-01 1.626755671944432713e+00 1.137755399659592825e+00
1.815788300873694805e+00 1.598026166081678023e-01 2.189855062746860703e+00
-5.351635262364191625e-01 1.140865499295361296e+00 -1.309712611514536551e+00
1.486152649272449056e+00 1.693210012508281626e+00 -1.900742744024159991e+00
-2.099028162658715502e+00 -1.885470386215767125e+00 7.166140394265547719e-01
6.187680692882510103e-01 -2.836468756698069527e-01 1.119077081758413694e+00
-5.686051140973928941e-01 -8.394236039759781498e-01 1.386132449642318853e-01
-1.363216200426331515e+00 8.851985747391353243e-01 -7.186501936332003737e-01
-9.145468577252109377e-01 -7.839396566988960924e-01 -5.648279455132509952e-02
7.244761828685229998e-01 -9.743846394725739213e-01 1.795681392283512867e+00
2.082485416673872658e-01 2.383202034608269848e+00 -3.346634589928706438e-01
1.307068658523931060e+00 -6.161452078756548545e-01 1.244720055033727846e+00
4.793877913121683543e-01 1.021891584803908737e+00 -8.382253296509060148e-01
-4.476019369169952355e-01 5.479847158912161120e-01 1.002608980276670447e+00
3.362955412902968177e-02 2.558873155608844652e+00 3.216342303319773333e+00
-6.375784002599269584e-01 6.124764218574951791e-01 2.088714762484384480e+00
-4.787515912070792745e-01 -1.579770675225845133e+00 -4.006289654022175961e-01
3.034929324180013488e-01 2.421605082767134265e-01 2.041138960672741476e+00
-8.553937990734904462e-01 -1.256558176537673877e+00 -8.959794801785294638e-01
2.108079511522123473e-01 8.007026889661263969e-01 -1.084595613594842245e+00
5.245111762983620807e-01 -9.866280623799981164e-01 5.634969757403722745e-01
-5.959132427411111266e-01 -8.307229917116709661e-01 -1.476528061133203451e+00
-1.021031590801762867e+00 5.575393359874828425e-01 9.459253635469405674e-01
-4.653130200894727286e-01 -4.526302197103929670e-01 -1.167945829469013708e-01
1.242371463245297347e+00 -1.833704176746213221e+00 3.658685218619414092e-01
-1.770931558461189326e+00 3.187579941927798366e-01 -8.290104376460514235e-01
-5.625256359225906388e-01 -1.439145203099608139e+00 -4.886086382376681470e-01
-6.918508506507861089e-01 4.161412368395072114e-01 -1.058076107165069502e+00
-1.597572393476648367e-02 -1.774184022739496491e+00 2.577691437991781465e-01
-1.960422517585006075e+00 3.756840954500111351e-01 -1.204390894520708466e+00
-2.842782144718470905e-01 -1.957805031442763077e+00 1.481802229035464213e+00
-2.695156468816490292e-01 -2.126945686033693050e+00 -8.985877033078730758e-01
-1.381352811014757043e+00 -7.562250017736780183e-01 -5.922366890896147984e-01
-1.240558395090862298e+00 -1.802749345441681528e-01 5.232482803501352642e-01
1.144304093718295778e+00 1.621164838840029265e+00 -1.287827723565909244e+00
-6.738707208192737941e-01 -9.941757373839718026e-01 -1.224757095073094382e+00
6.930454690992371436e-01 -6.522334654647830021e-01 1.872420224832698432e+00
9.271450844392259416e-02 9.902617667930611045e-01 -1.380660308136337999e+00
-1.790621257565790492e+00 -5.794250152322872882e-01 5.380209761759096043e-01
-4.982881575750827685e-01 4.877872683689012945e-01 5.898676627817622808e-01
-9.168709356903299579e-01 1.438868016157660579e+00 -9.913015363696355831e-01
8.376387502928759332e-01 4.946086117571586449e-01 -1.562579107812553048e+00
2.228114912272876058e-01 3.815864848431692602e-01 -2.568211628187664797e+00
-8.875286254330045921e-01 1.905006856931628523e+00 -8.781489162135986959e-01
-1.835771799995050690e+00 3.547901254663631265e-01 5.355039554782092814e-01
-1.719796199998610553e-01 2.811103140596058481e-01 -1.804514428326874809e+00
9.196579300332443641e-01 -1.158421363149204630e+00 1.598097900998367127e+00
-1.248354506850469559e+00 -1.269715731639854628e+00 -2.530503478283531726e-01
1.997021991455613321e+00 -1.161486684080553777e-01 1.414718516685718797e+00
6.693887696980405089e-01 -1.197876040321902646e+00 -8.925145265290251873e-02
1.146898874953544034e+00 8.014512352605229761e-01 -8.366910957094120249e-01
-6.660987232935283719e-01 -6.415791641762149666e-01 6.568559885244871221e-01
-1.076915834654804449e+00 -1.629571158053642055e+00 -1.415226879984102570e+00
-7.173507276078042727e-01 -1.265911557795088349e+00 -4.373186159943686091e-01
1.127896231689153428e+00 3.106530617009278794e-01 2.314953623348053213e+00
-1.468998721620595749e+00 -9.768549883416666191e-01 2.007212530913352833e+00
-4.386996415279567629e-01 1.248958579109591849e+00 -6.063492508776446854e-01
1.584530688608682292e+00 1.650119854802900798e+00 1.976688923566771061e+00
7.388054390299968466e-01 2.397798796875302840e-01 -9.893832926927736970e-02
2.697157067063484792e-01 1.938247087465126084e+00 2.051727546104900934e+00
-1.425178231322860700e+00 9.566052073660458177e-02 -1.543547623805054725e+00
-6.654453255034773473e-01 1.042031485881569131e+00 6.440889757572483276e-01
5.704387426059377431e-01 7.338418587407022908e-01 3.363346679092816816e-01
1.142016460940978861e-01 4.944245207525215235e-01 -2.716273067893151261e-01
-8.326497717903915685e-01 1.090851758059316889e-01 -1.789034632431600436e+00
-1.768445243146108403e+00 -1.556918097154536551e-01 5.311480010963642862e-01
3.866033797768975155e-01 -9.889052019791586545e-01 -2.907261230718993783e-03
1.561214843009660402e+00 -3.669046725074104343e-01 1.371852952810224568e+00
2.940433637273269785e-01 -1.331248796744691099e+00 -1.823212352596131680e+00
3.624559768417561223e-01 -1.878109093795173878e-01 -2.301042947305679487e+00
-1.846685308386359470e+00 -7.081342232264226100e-02 -1.103163329717887109e+00
-3.676755409361590621e-01 6.361441625631312213e-01 -2.714309546777403659e-01
-1.085980739285974828e+00 1.052157733946732066e+00 -2.514455667085266910e-01
4.760392307673877443e-02 -7.944059729394361558e-01 1.775490166391721303e+00
-1.133395491056263360e+00 -5.334783041000825676e-01 -8.653721551677868717e-01
8.565090750106643114e-01 9.294739531748090755e-01 6.890445790685644223e-01
-1.001387764239552336e+00 -5.991674675829430363e-01 -1.173840310691420363e+00
-3.574035248612907889e-01 -6.680856803927315291e-01 -3.485801744531832336e-01
-1.485770738301783744e+00 -2.333737184830679379e+00 -6.029075910668002525e-02
-9.953379994838040812e-01 -1.532961967298356321e+00 -1.812152323143207733e+00
7.002064155027871717e-01 -6.704060918003683645e-01 -1.370617923455737852e+00
1.170024252875252246e+00 1.778582030972968742e+00 -2.944527159692890139e-01
-1.914410623921446009e+00 5.596899112086628492e-01 -7.800077663960802710e-01
-1.136224246614675470e-01 3.306654056473879999e-01 -4.388978892420164479e-01
-5.153109992230753278e-01 1.353195856829452204e+00 7.931145944392565816e-01
-3.331436238745639766e-01 2.234391200648274678e-01 1.496710361942467316e+00
2.151063600584320668e+00 -7.710048815896017871e-01 1.857888042183669874e+00
-3.131590498557825786e-01 8.318390035760124812e-01 1.247945276703859574e-01
4.424983130797124353e-01 -1.331014315929051506e+00 1.179571920695391185e+00
-2.328290705505743574e+00 -1.459370496991511779e+00 -4.268300491706149002e-01
1.217092733116090786e-01 9.295935223354807597e-01 -6.534129531555608050e-01
-1.254265311901799351e-01 1.766582039272011073e-01 -1.645704887718615783e+00
1.151467389741959391e+00 1.163855642843737659e+00 9.371382036579511965e-01
-1.517221197212003547e+00 -1.169452520626406145e+00 -5.285838543446138571e-01
-1.008032955579340806e+00 2.014815155669630098e+00 8.843691121211675332e-01
1.337604485795499398e+00 7.994799353420756205e-01 6.565278649886309159e-01
-9.666594839850861653e-01 4.072430309601833276e-01 9.701132903075563307e-01
-1.202312127986078893e+00 -1.082341805316118455e+00 -9.828286310311908913e-01
6.396661346712124718e-01 -6.098145616847744366e-01 -1.193075418251327680e+00
1.253916841317842756e+00 -3.661837078957175251e-02 1.883328799074754478e+00
-1.136528983520230796e-01 1.160748147619379722e+00 4.634419430229832493e-01
1.690756597587911303e-01 8.458592684941701467e-01 -7.023058222162321673e-01
5.208827683868825220e-01 2.028575349892340896e+00 1.044336254601294089e-01
6.085981330406111667e-01 6.307424441042888130e-01 4.749852695052770857e-01
-1.637858910273849444e+00 -6.528438748879867859e-01 -4.510808019059788232e-01
2.452646254238671109e+00 2.194326351552683185e+00 -3.817975459877839262e-01
-1.056007933975979807e+00 1.091199567438154494e+00 2.830982410518573467e+00
1.824531614787055389e+00 2.068719380247449724e+00 5.427772545216227318e-01
3.616675456546194489e-01 9.008300153578110425e-01 -2.569230887341186209e-01
-1.846791953985749135e-01 2.461771318534899944e-01 -1.783211063645680494e-01
-2.311799812782781238e+00 -1.014610032209579682e+00 -9.073709166009069627e-01
-1.256572422752078921e+00 7.545286602128717934e-01 2.637571174911212957e-01
1.627792514405270285e+00 -1.022480142365956635e+00 -5.755042686100724225e-01
1.185842279908226438e+00 -8.207035542022129704e-01 1.178598435238627840e+00
1.441606609077617840e+00 -1.404997477128816952e+00 -7.691462835596278858e-01
-9.934669313919666234e-01 8.220202036329968820e-01 -2.257225325631010415e-01
4.674041722051063275e-01 5.611733687423570149e-02 -4.817629794044142599e-02
-5.018151336546644581e-02 -1.528431979918640771e+00 -1.831210423583829572e+00
1.819677908065976624e+00 -1.383416221116480771e-01 -8.611057445863296023e-02
-5.679452848853943081e-01 -1.988548034413764265e+00 1.067667101019515785e+00
2.549523073686319474e+00 2.615449033969881487e+00 1.216560940587497974e+00
-1.332985089685146729e+00 -8.640002652080625012e-02 -4.566532247551319812e-01
-3.455504165408773698e-01 -1.894874585609747308e+00 4.720956861080272127e-02
8.638017139272866629e-01 7.281624912442554720e-01 2.851869755999569822e-02
1.080538603143071041e+00 9.331163888889486557e-01 1.085307009940646994e+00
1.319268778954481913e+00 2.618946326821165904e+00 1.320656935967281509e-01
-1.021409840276138903e+00 2.250152034823002190e+00 -1.376370211319821291e+00
-1.016692356818903020e+00 7.259900796540481593e-01 4.264808848652977824e-01
-7.759917093665429366e-01 6.527874695575549557e-01 1.412837930694328392e+00
-1.181594954919964024e+00 1.188998417090914250e+00 -7.088116265857252740e-01
9.590278020111353552e-02 -8.849112825157467999e-02 3.929559712924256543e-01
3.934485195741475039e-01 -1.415926352280710621e+00 -1.120379337552586563e+00
1.526752305655810771e-01 -1.312214113136345173e-02 -1.043115525830991541e-01
2.159589173554679498e+00 9.854285122339281333e-01 1.411745408483132458e+00
8.733845127583583778e-01 2.412587398770261737e-01 7.650628527117983024e-01
1.945328557288696025e+00 1.344872390286321551e+00 1.498180972105312314e+00
-9.719609649016089925e-01 -9.380279977361531962e-01 -1.541971931382533523e+00
-3.069658546028471768e+00 -4.887615489984816763e-01 2.190451141944775859e-01
-1.300603229141694905e+00 1.993673376521969409e+00 7.205255579113526432e-01
1.321931454434310815e-02 8.963852337862998620e-02 -6.815076914778458450e-01
1.113657653797402336e+00 6.541961743733994972e-01 -8.652493971061407940e-01
-1.475674773520402105e+00 -1.805040780516700138e+00 1.099220403492229270e-01
-2.706174853015192450e-01 3.790976696344394714e-02 -2.406833575685441318e+00
7.521275202552726302e-01 -2.282234600001293856e-01 1.493400610786221883e+00
-6.505918248711095586e-01 -1.494849098978487278e+00 8.522275732068052001e-01
8.665724417906894850e-02 -5.202416470552788663e-01 1.669441575782155240e+00
-1.259548307448403737e-01 -3.119399540345346722e-01 -4.287900122296056660e-01
1.701909275910824082e+00 3.907636739184556784e-01 3.640753650616704862e-01
5.929429602376764530e-01 8.547516181637648813e-01 -1.035174609964257808e-01
-1.325779650333338555e+00 1.425830590632089834e+00 -4.493502041495372468e-01
1.201160449123752194e+00 1.036797525271297982e+00 -8.080903698100883048e-01
2.063485906142911164e-01 -8.324365644254982932e-04 3.533470676345249473e-01
6.277077023915713649e-01 -2.857155344037819455e-01 -3.229554796595202060e-03
1.058279412231658334e+00 1.414748916832564207e+00 1.933287100605537656e+00
