-1.008126740609577521e+00 3.277730730807003057e-01 1.793029525479872821e-01
-1.254107107020244194e-01 -8.587194704037095505e-01 3.333000719952738944e-01
6.385331887692058395e-02 9.385474642623470309e-01 -7.466161073854360453e-01
-5.340711597208572803e-01 1.132415730655194963e+00 -1.437219204475826739e+00
8.771310861963586003e-01 1.027288621357994813e+00 5.726693196321794854e-01
7.427187293270567370e-01 6.452210632111580191e-01 6.521855711473709682e-01
-2.498516204977268451e+00 1.294296349825266867e-01 -1.019991041644785934e+00
-2.311706878715406699e+00 -7.910940309519087776e-01 -3.684083369318744694e-01
-7.530765199874174254e-01 -6.788928138433758530e-01 -4.309465052990796297e-02
3.808662765804737838e-02 -7.730701150143590716e-01 -2.654254821909921569e-01
-8.666075274491206182e-01 -1.799105859012470221e+00 8.319790886119295958e-01
-1.780603524919210257e+00 -1.020449553986993552e+00 1.228305210334770692e+00
2.069592956027871966e-01 1.330118107623093238e+00 1.498284687321285613e+00
8.457474273311518242e-01 7.094832365754852876e-01 -3.348414203650207366e-01
9.106850753881792215e-01 -5.664602227518086286e-01 -3.863717081536054976e-01
-8.486961394139357351e-01 -1.581943955432325355e+00 5.652558092184643002e-01
-3.269057376274064897e-01 -2.042645935064819618e-01 1.065604595266081756e+00
2.916982001456719376e-01 -8.165098905896057691e-01 7.961263704209026182e-02
4.026224785367203962e-01 2.508206189427972355e+00 7.254451772297895173e-01
-4.048928415442912820e-01 1.954287546694782884e-02 2.476185531774313553e+00
-1.008846294761871931e+00 2.062433540441482638e+00 -3.196213306292101652e-01
-1.003238195410541600e+00 -1.315647278133213471e-01 -1.210395415725202595e+00
-4.308111041935210328e-01 -3.214485176947039502e-01 -6.023417084820256173e-01
-2.098620031102041983e-01 -1.282062575251078362e-01 -2.443932782912256130e+00
-1.868304258286737074e-01 -5.146340517184387897e-01 1.457279931501752390e+00
1.789919870590919393e+00 -1.513560092272789870e-01 3.180347136124715424e-01
-1.407469851169041553e+00 -9.915101226176661342e-01 -1.339346501047036231e+00
9.061618253075537366e-02 1.050670629284117918e+00 8.952175582254857655e-01
-1.779282690436495784e+00 -8.178171611124722684e-01 -1.601357370262431745e+00
-4.873697873330801178e-01 -4.351778781558446330e-02 -5.375676105214954870e-02
-1.002666536799221131e+00 1.036987803130086983e+00 1.254354040770607748e-01
-8.952061787966210105e-01 -1.045153399043481812e+00 -5.155677036256567369e-01
-1.453678046050015382e+00 -1.837247689191672251e+00 9.170348946556587943e-01
8.434347556628791764e-01 6.587543187886143459e-01 -1.335682448467999661e+00
-1.817305092821915879e-01 -2.378630909253105497e-01 -4.457653754436293747e-01
-3.881125475795008661e-01 4.438618905933617853e-01 -7.322377310281857898e-01
7.157941307030235567e-01 -5.844325564150210095e-02 -7.175939520312604181e-01
1.181440893843623385e+00 8.446108842852959597e-01 6.877154766307884692e-01
-4.921314500254168611e-01 6.257990465483493914e-01 -4.743567859034214518e-01
6.562721831722642118e-01 2.142099988664816212e-01 -1.943987592531825626e-01
7.125108490003303485e-01 -2.280290052685333135e-01 1.316462514724158650e+00
2.181184216755418515e+00 -6.405362409889996389e-01 -2.575565752586729262e-01
-8.068981927244256447e-03 4.879866894303304115e-01 -1.776305350585439258e-01
-1.628988884258899095e+00 -7.646013863875293914e-01 -1.164906597931535170e+00
4.043858694490257699e-01 5.237813629537704241e-01 -2.185141355021522624e+00
1.080065869195190764e+00 8.198536855260889489e-01 1.323339103678111695e+00
-1.195350724825781974e+00 6.011658904536496539e-01 6.458324125470009669e-01
-9.039261803855729305e-01 -1.832231355530810291e+00 -1.651817060650586644e-01
-1.928098259542034176e+00 -1.687430597187013825e+00 -1.014216060904498118e+00
-9.317139780108826264e-01 -1.347441211987037812e+00 1.758929860935181999e+00
-1.001304199413400875e+00 6.960648482299103268e-01 7.004428766385100147e-01
6.143633631948992591e-01 -8.568996726150648335e-01 -6.113041590119145940e-01
1.724647832128994196e+00 -3.021424740332038450e+00 -3.621136923219419046e-01
-5.724910988679787760e-01 3.069305718132941951e-02 -2.249271515555346102e-01
1.005672118356249811e+00 7.420292622284678785e-01 -1.449223795199536813e-01
8.929192372555344592e-02 -5.482476257918742490e-01 1.514331626778250728e+00
2.825689062126020001e+00 -2.966636789238858984e-01 1.793295014838103274e+00
-7.814661690329380850e-01 -5.950969247962506481e-02 -1.486085251770859372e+00
-5.599087674743936649e-01 1.822077699973731812e+00 1.891466106159490623e+00
3.556323080736024655e-01 -4.671906052645785623e-02 1.413285202501556315e-01
7.619785344830739549e-01 4.097456955934788425e-01 5.183647458749999215e-01
-5.345166540966681534e-01 3.582023000573150151e-01 2.442694221134055210e-01
-4.733688001042772875e-01 -2.275319175176081288e+00 -1.153133001171966709e+00
-6.362749511014744730e-01 2.052924444619499411e-01 -7.397205809360518636e-02
-1.934253569031687547e+00 -1.552444908531390055e+00 3.984078699276083491e-02
5.728096441952479356e-02 -8.594866963462519660e-01 -3.053291610691536428e-01
1.008545759487935012e+00 1.375398324077096390e+00 7.021644859039121167e-01
-6.290334171491238635e-01 3.923707035840957591e-01 2.109350502618417833e-01
1.602617000304621842e+00 7.221412321712792348e-01 2.911103075948481944e+00
-1.815780977429375165e+00 -3.852733133052541614e-01 -1.089510041522982364e+00
9.840590629662315791e-02 6.184309436744079846e-01 -3.035986064843415377e+00
-1.120960750046132715e-01 6.484931187257192420e-02 -7.323312929868219801e-01
-1.234150303607935983e+00 -1.148410277238125499e+00 -5.438560121983433415e-01
2.263599893633868376e+00 -9.889015060587571515e-01 1.971911196259133803e+00
-1.539595111087823653e-01 1.206061473648946558e+00 2.011785672062976538e+00
-7.876494418923551954e-01 -2.080821298298862310e+00 3.165866608887815126e-01
1.689613765783341659e+00 1.612254577578305037e+00 1.118619746750722843e+00
-3.017545187821963903e-01 -9.171571220735350582e-01 -2.824631556287411360e+00
-5.574909574548067015e-01 -1.903025757324583456e+00 -3.761044709037800748e-01
2.207828694191384944e-01 -9.026004827217928295e-01 -6.851963395263633849e-01
5.494874406645793297e-01 -8.882802842611350336e-01 -2.871192707951796041e+00
-3.953238893911697471e-01 -2.215076862137858038e-01 1.195696022537560133e-01
9.952810179113908973e-01 -5.912753673159448775e-01 6.826016351710084695e-01
7.954278316677103611e-01 1.850076879584095169e+00 1.316181610454998374e+00
1.660104780310849959e+00 -3.208741994074282289e-02 9.461550557350011381e-01
4.561390648347079524e-01 3.675903320550767406e-01 2.430648850494731006e-01
-1.100156168201419149e+00 -3.794686496478412718e-01 1.702680666567204071e+00
2.015762038517811661e+00 -4.160646556371212501e-01 1.475204436216023707e+00
-1.585567668896345372e+00 1.362521283059540567e+00 -1.862035443398017964e+00
-6.259819417231736738e-01 -2.169575964893533104e-01 -9.397983342360091141e-01
-1.743336106860167156e+00 4.882673518392325329e-01 -1.470898766833252935e+00
-1.327725863651072480e+00 -1.151225068354686520e+00 -1.596646993969015993e+00
-1.029431271562641914e-01 3.579134762161411132e-01 -2.615746718231880541e-01
-1.056921121364767568e+00 3.806206502082354337e-02 -1.285643929443042843e+00
9.609448103501430083e-01 -5.914448776825731446e-03 1.149373450579206368e-01
-7.661014126653119538e-01 -2.189297745143490737e+00 1.399031489069820999e+00
-7.779208755057551716e-01 -6.517630254186376204e-01 -1.693917685966926490e+00
-6.606447885777797513e-01 -5.537044581159595857e-01 1.141058227287057747e+00
-1.452424368430186963e+00 2.626464833869950333e-01 5.398579227179367557e-02
-7.638956559106722111e-01 1.210760609471287275e+00 -4.707944766754594834e-01
-2.049258785740554423e+00 6.021414069943213931e-01 -4.062175047370512604e-01
-2.495105820765171512e+00 8.500469219903339368e-01 -1.496273578244720515e+00
1.452526572846016384e+00 -1.055269412648727423e+00 5.159006456443844257e-01
4.429969380634203313e-01 1.941749874521546460e+00 3.598501944391674368e-01
7.259008192486771094e-02 -1.577212394873075407e-01 7.538309653950832079e-01
-8.596628414060003553e-02 3.080403197863500475e-01 -2.097696385993763624e+00
-8.043906971160694752e-01 -7.034499760045915817e-01 -3.564493876774066372e-02
-1.110249880924999433e+00 -2.481865617828372450e+00 -2.568724212181724198e+00
8.412708537223818617e-01 -3.417246919077322476e-01 -2.446927417694308105e+00
-1.468684454399837191e+00 -1.268406831275014968e+00 -2.197581027713674029e+00
1.153136928906592251e+00 -9.034233767399479920e-02 3.228577071026342837e-01
-1.128120752856016651e+00 8.734227961868437085e-01 7.495318009418041605e-01
4.715581573154681294e-01 1.470925009811953288e+00 7.058109277066654252e-01
-5.587230332805187549e-01 -1.774889453922396276e+00 4.504863157374305871e-01
-1.000349828932056706e+00 9.355841341521571319e-01 1.005803702486750772e+00
-1.020586569823795031e+00 -3.678335922394069257e-01 -1.615578248482717472e-01
4.341045810878159106e-01 -1.319289265556856883e+00 8.121748824769035036e-01
8.892704049234740893e-01 -2.761895363638248169e-01 1.694382592111002062e+00
-1.357401769243890666e+00 -3.042679937425886827e+00 -7.976196576819578610e-01
-1.140594733558571106e+00 -7.596484328606289971e-01 -5.693034912738692555e-02
-2.406548130592667256e-02 -1.755500712034351318e+00 2.528314024291773432e-01
7.178874869984480656e-02 -9.545661802878602220e-01 1.568937237752255909e+00
-5.829960999303798186e-01 -8.149443129500451022e-01 -3.961110532553313024e-01
3.756706432932330753e-01 -5.839619424674327153e-01 1.434874757745428830e+00
1.604411655176954277e+00 -2.349786162385281152e-01 1.139337623136668309e+00
8.829359006880834748e-01 -1.206555077304932500e+00 -1.188604371673189330e+00
-8.000632335709714216e-01 1.166785707661327276e+00 1.514772426461654886e+00
-1.325680530546218483e+00 -1.862709464449983532e+00 1.004849798042638742e+00
1.464446358399926984e+00 -8.699355283547338669e-01 -1.454475279144036293e+00
8.386868894584473821e-01 2.998114136797274565e+00 1.256734478174391434e+00
3.047084846405589964e-01 -1.938503116031151885e+00 1.123054904673775445e+00
1.309763004483048832e+00 -1.397922009586043401e-01 7.531183355888222408e-01
-1.185909362236956088e+00 -1.586553388440290258e+00 1.324282944376423909e+00
-9.247763470244747541e-01 2.891573838235955707e-01 1.363635845445183570e+00
-2.155737250938652982e-01 -7.136511598195508510e-01 3.108491095941110505e-01
1.194429540090293562e+00 -1.458236842380374876e+00 -1.318783756213397496e+00
1.796970071162791727e-01 2.802071681911010304e-01 1.596302439376537485e+00
5.065655134308651997e-01 -6.722345410149028755e-01 -7.051251935152647032e-01
1.729409168898334292e-01 -9.784956272378264597e-02 -1.238657829124437226e+00
-2.516237929983547450e-01 -2.144764209093455443e-01 -8.443213608538502335e-03
1.118101450779013240e-01 -1.017115909087311199e+00 -9.160525332297368983e-01
-1.460120104423916931e+00 -7.277201063440272844e-01 5.616540669248633044e-01
1.480305411230161461e+00 -1.317006453853828640e+00 2.056981248273513363e-01
-6.111071808858474785e-01 -9.367430424572824599e-01 1.853821059043544883e+00
1.489257964750061225e+00 -4.877600433380873124e-01 1.304893024209531571e+00
2.309985148320635062e+00 4.803730235398157022e-01 9.063989296360893677e-01
1.596965351302811476e-01 -1.245097298908894867e-01 -3.578235893943930157e-01
-9.577120279238575673e-01 9.254492857259910554e-02 -3.041979758618118534e-01
-6.732127589912548782e-01 -5.951712013265025858e-01 3.678806300287144060e-01
7.825756840923563384e-01 1.908560149431175468e+00 -1.090588514300509848e+00
-1.122107882837876103e-01 -2.336325241641871164e-01 8.573665565098756991e-01
-1.447747112053528573e+00 -3.700321500071021008e-01 -1.345787911343015342e+00
1.353913531792567682e+00 4.405091863755882797e-01 -1.411338396303702059e+00
1.682938571492694324e+00 1.398802682722521951e+00 4.586268368570856069e-02
-2.615076753462974857e-02 2.276409218746990315e-01 7.339368612615774223e-01
-2.614756207715175140e+00 -1.891818876284314666e+00 1.164436409057762578e+00
4.168507517380070082e-01 1.055365900093939713e+00 3.367965346958242678e-01
4.160682283553641669e-01 2.200746293321981240e-01 -4.533881521973268658e-01
1.804120852981530243e+00 4.287648857672063940e-01 3.738951798625173017e-02
-1.403817423447847546e+00 -2.156235331069547456e+00 -2.167088605063606011e+00
6.102261014693878272e-01 -1.685752802062652655e+00 -3.480030695008379249e-01
2.150443596675690738e+00 1.487448397539048894e+00 3.913701669105534853e-02
-4.106385749112398953e-01 -5.082559031061775201e-01 -9.293336288432927361e-01
7.246083485346999087e-01 -1.209638853120823310e+00 -2.453217124806611693e+00
-5.085299131636872305e-02 -9.403150216778328740e-01 -1.539106487468632878e+00
6.356850299950437266e-01 -5.567764862105317736e-01 1.431030556002926279e-01
6.156743259422363668e-01 -3.382417610117336437e-01 1.420179283360799571e+00
9.823012408018385599e-01 7.915701000081537542e-02 -4.461147224938942779e-01
2.680203343741904831e-01 1.050675471078782230e+00 4.479224845273306332e-01
-9.067875333391883785e-01 -3.123089104053146325e+00 1.556897696767574057e+00
-1.310524950457065518e+00 1.291915849628277657e+00 -5.619441124580984992e-01
1.831786854473743675e-01 -8.467406206098557764e-01 -8.747893305567724376e-01
2.477086232276149991e-01 4.448760013976290617e-01 2.911605381566423345e-01
-1.414869109213896081e+00 1.329008069403661674e+00 1.460719231619088898e+00
1.550028818963828936e+00 -1.888215613546981420e+00 2.289358904374541481e+00
5.387872732049607816e-01 1.822874387534327179e+00 5.257237210030286656e-01
7.180148998750304212e-01 5.865852107096881651e-01 -1.838956130701205893e-01
-1.959781661526899477e+00 -5.729925853552053638e-02 -6.792515360763656806e-02
1.163537746873460677e+00 6.250570671215534002e-01 1.941680991815076363e+00
-1.386961966701025228e-01 8.461488634411689080e-01 -9.704152096375107117e-01
2.008157851150720763e+00 8.120694530900079977e-01 1.110269804250782588e+00
-3.973426213200255130e-01 7.321160055030155878e-01 -9.302376846980088265e-01
-2.804500857789689050e+00 -6.363683770251382654e-01 -1.278480959471916201e+00
1.535392599560754912e+00 -5.645035833920064583e-03 7.290080829948366592e-01
-3.590060081049079033e-01 1.378548822556089570e+00 -1.374781358473725179e+00
1.240092313208428720e+00 7.393307060765719196e-02 -6.061906420696616671e-02
4.005160394311692018e-01 -1.826399767096422933e+00 -1.553609754952655964e+00
-2.797380640782915484e-01 5.652702506692195428e-01 -2.075355529052186121e+00
-3.183914939280592105e-01 3.114004112050939854e-01 2.427154483824626174e-01
-6.890546489595772428e-01 1.723686997625771378e+00 1.466548973280919599e+00
-3.987896175922633901e-02 -1.375371381713994090e+00 -8.203959785825478690e-01
-2.403132964495481860e-01 -2.588039544373695655e+00 -2.828137076147865692e+00
2.519183506744104850e-01 1.387623094523783296e-01 6.714629239204008559e-01
1.106965178773485325e+00 -5.182082695843650555e-01 -2.078167448058627631e-01
-2.248048690779086978e-01 6.219307619117375729e-03 1.389294102044366763e+00
2.415858093434233855e-01 1.248106745225969760e+00 2.221637690469048021e+00
-2.425229856128915173e+00 -6.950115172285553644e-01 -1.015752517213068584e+00
7.787607231193820478e-01 -6.327559807407210357e-01 -7.761685311911237228e-01
1.936412610305920934e-02 -1.156119106647827133e-01 4.235038997328877675e-01
-1.117636501094574353e-01 1.402685845861600278e+00 6.412045336171914300e-01
-1.820828951994638345e+00 9.487278807778687373e-01 8.610892457473680039e-01
-6.927067435838915044e-01 3.055053315375868550e-01 -1.416461985387362787e+00
1.626156024325130511e+00 1.280593529441329981e+00 9.531601749714005978e-01
8.037437391084067961e-01 6.217534187619760955e-01 1.075084177200045010e+00
-1.114568341946686747e-02 3.845274795932867029e-01 2.446555330237541459e-01
9.958434959777173745e-01 1.541076964686001416e+00 1.278009366444864625e+00
2.019590063006020841e+00 3.504214842494078885e-01 4.922673501100112148e-01
1.836083665800516851e+00 2.526932351646188346e-02 1.155611140120083480e+00
2.953392578993512707e+00 -7.131745996863236847e-02 -3.129052377398267026e-01
-1.076654403019871253e+00 2.806330574660244714e+00 8.512293859518145211e-01
-8.594492840286300783e-01 -5.940170675619704799e-01 -5.177092774034371958e-01
1.126083814267389016e+00 -3.747457451979502308e-01 3.855534056020154532e-01
-1.342725389616000520e+00 -1.001067589530180602e+00 -8.658993029368944327e-02
2.751487099024130245e-01 2.132740365271305616e-01 9.310074214041743623e-01
5.150737703645478227e-01 1.516196309044905099e+00 -4.083748839142996578e-01
3.552924162923518647e-01 -3.412686507826266924e-01 -1.909840543999254958e-01
-1.643182224799983659e+00 -2.156914991795119363e+00 -7.258723745371729041e-01
-8.259285463968242258e-01 5.599704600126287346e-01 -1.589501437828568342e+00
1.554375216439355167e+00 -6.601270625130764014e-01 2.092554984437484666e+00
-8.278427738749567499e-01 9.534991094396607636e-01 -3.721932200025279691e-01
-9.448845995146755161e-01 -3.900688076410262495e-01 9.894776884262186378e-01
-1.781967773438183578e+00 4.158770078741224063e-01 4.125768766409604327e-01
8.142368701996478553e-01 -9.045197925410954909e-01 -1.647015716839755228e+00
-3.164297878426556854e-01 1.270480126243557661e+00 -2.827631014675570653e-01
4.253978317826681010e-01 1.340559645840175618e+00 2.415280900813191467e-01
-9.632451179530370222e-01 -1.105486590524979995e+00 -1.142185714949111697e+00
-1.132581936738288997e+00 -2.425134499610660299e+00 4.474281679956804147e-02
2.019872131006971827e+00 4.731188939274970084e-01 -2.068804025482181563e-01
2.681612786667844084e-01 3.988375948645969116e-01 -1.467369396189043051e+00
1.365741515236887915e+00 -1.588038324120575995e+00 2.685057104423803631e-01
-1.676336289968553883e+00 6.049019885570190436e-01 4.248940792279554124e-02
-2.364246272923097081e+00 -1.287127217548543978e+00 -8.938626100344977399e-01
9.243511978713774280e-01 1.582036418684477086e-01 1.396217685825590582e+00
3.389222843043647182e-01 8.580592832205121701e-01 1.603390605094224264e-01
1.069350014226998269e+00 -7.548928295792427523e-01 1.969851596582525843e+00
-1.854427793812338576e+00 -1.568961997951195730e+00 -1.027259533156281712e+00
-1.200027062486970886e+00 -1.005104661775761521e+00 1.462830461160601336e-01
2.491855873884085693e-01 -6.225940076251315070e-01 -5.748120640449596586e-01
7.273867716593939159e-01 -2.313743380278199258e-01 6.456864533810411366e-01
-1.054295264861674575e+00 -1.344521212810902977e+00 -1.928088272446840223e+00
-3.790360808932701775e-01 9.158793172572796681e-01 -1.452583720853040106e+00
1.199481033367428839e+00 -1.067866651778527576e+00 -6.999475664182912560e-01
2.322028328881034498e-01 -1.700885980384936325e-01 1.113501617278132017e+00
4.580818925357060256e-01 3.927494182394971611e-01 -9.263699213764311491e-01
9.692153963352186929e-01 -2.030050315653604276e+00 6.238460465205692973e-01
-2.200486929160759830e-01 2.201827418450849616e-01 -7.292625787857232034e-01
6.549421783049821366e-01 8.741666786383877064e-01 -1.588143671211663221e+00
-1.406017781474363515e+00 3.876700008664114572e-01 -1.354869397490011118e-01
1.508365715052352840e+00 1.285846109176621566e-01 1.030991428859796333e+00
4.108739211240045597e-01 -8.626025630577398573e-01 -2.441133380078006176e+00
-4.507150893391209667e-01 -1.667421541738632218e+00 1.718879697804571283e+00
-1.622330843629757879e-01 5.447209359120760430e-01 1.224432293691375184e+00
-9.263755720884108147e-01 -3.041508478373222690e-01 1.138685906189154107e+00
8.136288987818891538e-01 1.390185218649379717e+00 -2.171535838771994520e+00
1.881009809698342417e-01 7.664768781617786741e-01 8.612812568090675303e-01
1.557482269130608277e+00 -2.726501878976603788e-01 -2.250603697017687921e+00
4.432303915560981133e-01 5.565225769970110203e-01 -2.595687323293410786e-01
-2.609675237606657872e-01 -3.452503771811966660e-01 7.690453803495977958e-03
7.493176213179808531e-02 4.342380763346507244e-01 -2.199842126353013239e-02
1.998952143378847079e-01 4.934096751053269614e-01 1.305922641005573981e+00
1.731611973138277860e-01 4.441310123136293919e-01 -3.273507021279772333e-01
-7.306529755197460618e-01 8.973886547327150076e-01 8.441313278643125528e-01
-1.198681379765876409e+00 -8.618946847819102253e-01 1.162355451955138896e+00
9.093766708948844979e-01 2.077621606213095440e+00 7.951591469068293172e-01
2.247879439972468862e-01 3.683696730830557931e-01 9.666646188969979514e-01
-4.413540864293191701e-02 -1.791422059424778057e+00 -4.001771938680215079e+00
9.800688745899032162e-01 -1.783902547418525497e-01 -2.635997154495707040e+00
-3.170490509346398644e-01 -1.143545693689933085e+00 7.245744008431869165e-01
-2.921787718385618904e-01 1.701106644809138313e-01 -1.909023375661158539e-01
3.537655816343576731e-03 8.895252291453306093e-01 -1.655842858113620863e-02
1.362621353443973060e+00 3.857660753466132242e-01 1.404986257962029361e+00
-2.236408135454172053e-01 7.210537502126374010e-02 1.714649630209699627e+00
-4.370170121913246053e-01 -7.361556694323395655e-02 -4.249198654219069615e-01
-1.810773652366171049e-01 -7.379963136331646467e-01 1.465899604285288982e+00
-1.460963954001831544e-01 -1.113276740515229513e+00 -2.807761600084700548e-01
4.366940543611377845e-01 5.121414423597401289e-01 1.861970282036551350e-02
1.582111801096965920e+00 3.733964693330808493e-01 5.425946327596758989e-02
5.370909242340534684e-01 -1.840062997069115136e-01 -7.854589716028212987e-01
-1.520609235350814936e+00 -6.558603626636654305e-01 -4.523607949508459125e-01
-8.079287603842146837e-01 -3.857840886038566008e-02 -6.453369804376825059e-01
7.112179616308285102e-01 -2.120996693551536971e+00 -8.623298250986504154e-01
-1.387611165166543259e+00 -2.856125842960079986e-01 -1.087724477658439604e+00
-3.994361700683057848e-01 -7.756227329961026262e-01 1.011936236615852414e-01
1.773205908699140299e-01 2.348056020187869741e-01 -9.354931425026793423e-01
-1.262744880183607199e-01 -8.608872026606093630e-01 1.055412937147032881e+00
-1.635794011455062869e+00 -4.024167566359753145e-01 -1.012206613842658420e+00
6.928981398329211450e-01 1.481049809762096325e+00 4.464324932973693372e-01
-7.882437148043098807e-01 -3.007790945911373859e-01 3.102550345122583320e-01
3.492118046418991595e-01 -9.369857939127240742e-02 3.518575466526279172e-01
-9.596080494559896534e-01 9.994583589468872820e-01 -5.491028481986280907e-01
-2.527911569126757740e+00 -1.530993613777267504e+00 -2.222083703394399201e+00
5.476567373106399073e-01 2.365129011110069235e-01 8.848006294256138826e-01
-7.758647399776046338e-01 -5.389699279009914079e-01 5.118331782782640227e-01
-2.623510583655311201e+00 -1.053549116342101133e+00 -1.551772412323073835e+00
8.103544359312475631e-02 -2.322410890235622194e+00 -1.773849707993472080e+00
-6.723974038889767302e-01 -3.636074670217687155e-01 -2.862645125933058754e-01
-1.334257972702394879e+00 -3.194849407404452557e-01 3.357438216453274560e-01
-8.857685913928730059e-01 -1.935231355722816460e+00 -1.341441081297464644e+00
-1.352939576650836306e+00 -2.490028177841937529e-01 2.598633888696886274e-01
-9.476633589476363140e-02 5.155951158850022864e-01 -9.902966072766987704e-01
-1.837863866092794396e+00 1.927370410690624425e+00 3.736618578603600471e-01
4.350506062400901763e-01 -1.040624740050348773e+00 -1.967900679947325093e+00
9.749714605854084004e-01 8.969303455707939854e-01 -2.751827230867081031e-01
-1.117826078466499728e+00 1.260691702872680509e+00 1.028050722708448772e+00
4.976601487932458268e-02 1.425002262460631552e+00 8.808036069885565311e-01
1.218304001769911382e+00 2.211197575774012325e+00 4.372627763651855681e-01
-1.618522032457002657e-01 5.070864122059495216e-01 -1.235014908765232233e+00
1.544047165424341506e-01 1.030028118822395866e+00 2.565002337990068271e-01
5.242278819996222250e-01 4.618382496480329946e-01 -7.091332953948930040e-01
-3.951456051698536420e-01 4.201865904142332298e-01 -5.706040952171408387e-01
-1.523353863813232012e+00 -1.051673529140203067e+00 3.653012427225180714e-01
5.910682402917599720e-02 -5.469737843741314665e-01 6.653251120644503303e-01
-7.262264542528137357e-01 -8.338732332773577394e-01 -1.454489995004701441e+00
-6.439650834918628775e-01 7.158822181969864973e-02 2.490869607003375119e+00
-7.969409954892675563e-01 2.910818300341255771e-02 2.285767081811527213e-01
3.741824537293407804e-01 1.634708163832545580e-01 -2.257675974227814075e-01
-1.847632872146462768e+00 3.158506473210809240e-03 -1.751123265276424590e+00
-1.174603228726669002e+00 -6.571511251282745603e-01 -1.136430015595533138e+00
1.194753385911777821e+00 1.516828338245427510e+00 1.781055829017275771e+00
4.358102864094670625e-02 -1.762332536319506149e+00 -1.608716192622009933e+00
-1.781115054049620117e-02 -1.269402478344062946e+00 -1.246790405394833101e-01
-4.720494358343593211e-01 9.469213387824455541e-01 1.217239005376458127e-03
-9.207535013372660782e-01 1.898185750521951820e-01 1.015687884329492530e+00
-2.898514737769916083e-01 1.161420716714753665e+00 1.206906007593331998e+00
2.640825745956670856e-01 -1.010648771408922064e+00 -4.371685289950516529e-01
-6.083692346941731444e-01 1.031076172810714509e+00 1.856834823136507273e-01
-1.025420216124896200e+00 -2.143512844578249199e-01 1.198949959094208095e+00
1.004303005441193664e+00 -1.342016728269092019e-01 -1.327234934738072969e-01
-2.513541645544745129e-01 2.021207600432871621e-01 2.294187979685938794e-01
-1.494996784121561673e-01 4.403754622356077508e-01 -1.045097781240971746e-01
2.568319855496379311e-01 -4.281927885505654174e-01 2.290197378123952632e-01
-3.568424011235380444e-01 -2.011141169917403104e+00 -5.627753050681475466e-01
2.410800747508465847e-01 1.262640804567902064e+00 5.565054080892093413e-01
1.399123497566735264e+00 1.077986807701123428e+00 3.830430775011257616e-01
3.944809976252057759e-01 1.606918349699255177e+00 6.421387636077465766e-01
-2.248273121061815871e+00 8.355109054699285664e-01 2.746363544027071724e-01
-6.844869446447401362e-01 -6.493771791967151152e-02 -2.858038352094234735e+00
-4.437994094144316337e-01 -1.247315570943969609e+00 -8.348024323080083242e-02
1.777696154280365981e-01 1.602359253981647136e+00 -2.371389273763683248e-01
2.322610380592950996e+00 4.474542848851944532e-01 2.083703909332553228e-01
1.466794336160717194e+00 -9.764290002368978261e-01 -1.999336375351112860e-01
-6.771190134189313259e-01 9.386537729681443398e-01 -1.296630691575083816e+00
-2.571819511533883773e-01 -1.053685117021989415e+00 -1.745594443168432486e+00
-6.058520626138725884e-01 -1.003330769178568005e+00 -1.522028081566343949e-01
1.088633429935486951e+00 1.477353224255010034e+00 1.014393120831153627e+00
1.001689646981791970e+00 1.725198231164903229e+00 4.214387625202299370e-01
4.949817782805194799e-01 -1.986535207994821750e-01 -1.026796583520111605e+00
-1.072547002407416183e+00 -1.172913461328145335e+00 -6.084594181653458778e-01
-3.532531389389293452e-01 -4.572397071495544196e-01 -1.249612905937131702e+00
-9.964456329004096613e-01 -1.322992429660270197e+00 -1.128257148141551092e+00
-1.737133807797049401e-01 -2.520857362783764377e-01 7.936968725566446725e-01
-1.621186190445483843e-01 -8.828436287006942162e-01 -2.086556420492819419e-01
1.112586570901148431e+00 4.006347558544791632e-01 -6.601596812314041163e-01
-3.326541029814776840e-01 2.263691398816523481e+00 -1.515693652179493256e+00
2.545816228046126062e-01 1.591863319521516829e+00 -5.580588945506737009e-01
-1.396940382749837006e+00 -1.057810884963536591e+00 6.529507277785606689e-02
-3.045904395349307014e-01 -3.095864870201412433e-01 -5.410009286355007552e-01
-3.915056236881825358e-01 3.481502289999880428e-01 4.736569851587064672e-01
-9.664085078784125926e-01 -2.071312262656424430e+00 -7.428038653142348124e-01
7.615160785555843415e-01 -5.724126674534442127e-01 1.240208436571441641e-01
1.422111704279258149e+00 -1.718328127803129268e-01 -1.180452821954807829e+00
4.945124405262002476e-02 1.201124651917335751e-01 -5.383110541010787120e-01
2.336043069861556631e+00 1.564587117534300464e+00 1.886111419559548308e+00
-3.373842402010360786e-01 5.957127227110624590e-01 -7.862388298946323406e-01
-2.269675623416228305e+00 -6.413496537314260504e-01 4.379738146660522302e-01
5.515707767604072220e-01 1.188169201034274147e+00 7.123211775185858130e-01
6.038202825991854095e-01 7.483151118509210331e-01 2.592189365162971271e+00
-9.041279684271534833e-01 -4.765966867760814130e-01 4.980383194189781371e-01
-5.289538453047044619e-01 3.829008417236802186e-01 1.909132293901146360e+00
1.760651382803851472e+00 2.388067677668119226e-01 1.086354605826290509e+00
5.758401300686288860e-02 -7.727942370265554750e-01 -2.628076955334787801e+00
3.062537695043829888e-01 -2.249344465697643347e+00 6.652301934220750113e-02
-1.553743890391785287e+00 -1.832961457550658535e+00 -7.151392512872790652e-01
-6.741872188432018742e-02 7.573708860543821864e-01 1.415781228247127821e+00
2.716716910709490840e+00 8.232368066977914234e-01 1.751972629668945292e+00
-1.610804433351853415e-02 7.368764567156153023e-01 8.794858316082398986e-01
-8.580176515787807379e-01 -2.724919303893871714e+00 1.302081004425979627e+00
-2.333372457047842907e+00 -2.200278847074109700e-01 -1.036323696309857656e+00
8.380171165362928498e-01 -1.241598553677330408e+00 4.362273667206811867e-01
-2.494389127164053921e-02 -1.422928187104136599e+00 1.327775881730088425e+00
2.988480711554664104e-02 2.050376504529403121e+00 -3.817805238506052357e-01
2.544623234563203606e-02 6.084324377666950889e-01 -1.422929939921795839e+00
5.855787590740452186e-01 1.355804019536785976e+00 8.910962918768030594e-01
-8.449392500429642183e-01 -1.902086131988097284e+00 -4.683083186538949949e-01
-6.965901096907352041e-01 1.089404072228520981e+00 1.501452904582668779e+00
2.239334622685656973e-01 5.869582261816643776e-01 -4.387922963333831250e-01
-8.692040519076754679e-02 -1.085148159617839614e+00 8.188992585264147639e-01
4.970702178629936019e-01 2.741792740785583549e-01 8.374898844992744174e-01
1.751988873602616570e+00 4.168233552847471213e-01 -4.669803573929638407e-01
2.833422796023514767e-01 -1.128894524312501702e+00 -3.266317454326438940e-01
6.759478978758826084e-01 1.644062156200100100e+00 2.617638543205359269e+00
2.212100103982630017e+00 6.549789716828264829e-01 1.698098055399572259e-01
-1.261645774167019507e+00 -7.623937869957435609e-01 -2.210049900964812242e-01
2.052785062264995020e+00 -1.327853187660120060e+00 -6.491678923671022616e-01
-1.423294400746464516e+00 1.192822841461216088e+00 1.216169281068931740e-01
-1.818632641776203318e+00 -9.992330294494442544e-01 -2.172493989675244208e+00
-1.129006169600056619e+00 -1.302617764588188898e+00 -5.199094191645781127e-01
-8.129497846731890132e-01 -2.177775172234642120e+00 2.994280360299353960e-01
5.633551275694248517e-02 8.816267177200389771e-01 5.871866723178629233e-01
1.343690661716559598e+00 -1.628208280943928554e-01 -5.788646672794574011e-01
2.361655987413680435e+00 -6.014424737456949277e-01 1.667792704573876961e+00
-1.689875703618367586e-01 -9.692026282718151364e-01 -4.596000297397526135e-01
1.728656547070744454e+00 3.074368560057274546e-01 2.492812864805430628e+00
1.021046101263006545e+00 -5.008997175067628760e-01 4.969366858931348330e-01
-1.136188866912361206e+00 1.209877908282892323e+00 1.332163110365962133e+00
4.313150878782791575e-01 1.189608718318952985e+00 8.400332726274359896e-01
-8.159685184233610444e-01 -8.715323729847509471e-01 -1.806163726332790764e+00
8.261931610906160239e-01 9.394569617683581342e-01 1.472751138686991590e+00
1.407786274390763426e+00 8.438703364937558682e-01 8.258606542676499851e-01
3.486861329457860759e+00 1.329446382958272999e+00 -9.845660630769093036e-01
-9.742633506072135852e-01 -1.136904886919418489e+00 9.026120567277704509e-01
-2.500281267805921637e-01 -3.312452428798121629e-01 -1.646550312291655827e-01
3.003198405817780969e+00 2.948677740347916965e-01 -1.546975041149087460e+00
-5.039319141031498583e-01 -2.588189361358537721e-01 -2.129004070201582888e+00
-1.258859805995597103e+00 -7.691869651295664134e-01 -2.634000641802228815e-01
5.789726826575000151e-01 1.724349745500921571e+00 -1.216153751658595183e-01
7.796101144840819064e-01 -2.239529635756504877e+00 -3.205859785833210296e+00
-6.116198317435850296e-02 4.479156743549077557e-01 6.237443463022398493e-01
-3.055597148640626370e-01 -7.425496586656554765e-01 -7.264199952619818657e-01
-2.697860936328212444e-01 -8.041007706625932228e-01 -1.109926944024338225e+00
-3.583819626364421751e-01 -1.066610764712287551e+00 -1.334986283557532349e+00
6.311174601809719231e-01 1.446216337753203907e-01 3.033381283151580510e-01
-3.596934181717900136e-01 -2.915251011846815565e-01 -9.036379442309971921e-01
-1.370093923924633472e+00 -4.905731014022038372e-01 -1.887724576613595717e+00
-1.890084759566815764e+00 -4.202296968418867684e-01 2.099343205429427872e+00
1.062258763790175031e+00 -9.537413808315480246e-01 1.208260624842051323e-01
3.118044974191608310e-01 -1.711622225860385482e+00 -1.253639870011609814e+00
7.615156576249293430e-01 -5.850466724417147102e-02 -1.860936517198467310e+00
1.595444222697202985e+00 9.175726401660445619e-01 1.099837667872562541e+00
5.939343926673352758e-01 -2.157629949458280683e-01 -1.421173577875013638e+00
1.037807890150825862e-01 -1.268734515691970044e+00 9.606058099652718951e-01
1.153394263946635245e+00 -3.491150725048047798e-01 1.016957404244676511e+00
1.195174068732391959e-01 -2.199490503338596969e-02 6.139210918107355086e-01
-2.861920898579106698e-02 9.361165721600528400e-01 1.183164507640854346e+00
6.121587847085820933e-01 -6.465634381260415564e-01 1.341650723107761678e+00
-4.041774313781452133e-01 5.838130442952194077e-02 8.011490766733310176e-01
-2.311475897137850177e-01 1.936566389853858539e+00 2.956598431969732488e-01
1.675603477678560438e+00 1.336525341658998167e+00 -1.077223478001453127e+00
1.698526237568317887e+00 1.490249629781279950e+00 6.951511180422280667e-01
-2.912454160899986100e+00 -1.240949310050051269e-01 4.146810044864737144e-01
-1.533597907527860738e+00 2.300371484449682313e+00 1.290969083530654871e+00
-8.370510631783976141e-01 -2.145149987196228736e+00 1.383180172072983050e-01
-1.897193307462768930e-01 -7.149480776220106248e-01 2.953619765316695123e-01
3.710756042065016524e-01 -3.219518352023774899e+00 -8.680240156555074638e-01
3.640332493897933119e-01 -1.230572577074434903e+00 -4.407737415720600072e-01
1.439681244047027686e+00 1.826570012459722392e+00 1.050218919620782287e-01
1.872746882467499985e+00 1.071671532503479796e+00 -3.582408379341317506e-02
-1.294210485440283831e+00 1.500435083095881250e+00 8.879942823977753363e-01
1.212184963257446846e+00 8.974035827774159424e-01 1.731593415265590963e-01
2.286970446899369014e-01 5.098459781883666331e-01 -7.986033297295822564e-01
1.039419605006057346e+00 -1.071644946103981866e+00 7.599788331765113814e-01
2.446466386384499536e+00 -2.100171964704373728e-01 -1.185376919087980929e-01
-7.057486332958027297e-01 -1.416368306275000988e+00 -1.788419008273413047e+00
-9.551627023115794035e-01 -9.204724377570661087e-01 4.575365433960865147e-04
2.468766917957659679e+00 -9.196138149781996063e-01 2.871975412459172872e-01
-1.081650153166455075e+00 -2.743847101635676911e-02 1.163566941001409782e+00
1.846326807373026568e-01 -9.028136699220887795e-01 -1.112187731714143979e+00
-4.691844180034808742e-01 -3.944044502568637700e-01 -1.836873111356952748e+00
1.183466147527833412e+00 -6.587088505950120521e-01 -1.461056542974033867e+00
4.031835110744012018e-01 9.340634088948874814e-01 4.219488508715014685e-01
3.363629852827004774e-01 -1.135735015817179949e+00 -7.594225072345147654e-01
-1.893412645438780739e+00 -2.051203774895865806e+00 -4.307632076449862124e-01
1.440691659931690571e+00 6.238727404003165944e-01 8.054512423203750160e-01
1.028373688951823794e+00 3.497353554843755097e-01 1.083408722644171096e+00
2.493967125625602410e+00 1.182577370049632703e+00 -1.262814501316550819e+00
3.830878924713776446e-01 1.018598721641197358e+00 -3.517221498493548482e-01
-6.259553516264160233e-02 -4.546752561281786065e-03 -6.173542832968175187e-01
-1.033941038090148812e+00 -3.650635261898015349e-01 4.494682435810885002e-01
-2.842737534118823239e-01 -1.269628399807573471e+00 -1.472381994949824913e+00
-8.463856354714243135e-01 -3.967680526595812052e-01 -1.144962587296642909e+00
-1.123600585391328899e+00 -3.035406566395169037e-01 -2.673362034614554350e+00
-7.569508923585620552e-01 -1.174777955440014621e+00 -3.741823595285668214e-01
-7.480233849355759634e-01 -1.430959574046488214e+00 7.438084435992153853e-02
-2.599421915165621710e-01 -2.382807941344290636e+00 -1.906461754590612845e+00
1.281069413478332031e+00 -8.313107011319424977e-01 1.351189736075514958e+00
1.933424046070644220e-01 7.916568952905497225e-01 2.572007840962423630e-01
1.151750224908049125e+00 3.023992059603678451e-01 3.410897224331749467e+00
-1.182143910033587098e+00 -1.810552134131299118e+00 -1.532929895802692677e+00
-3.518780687331418688e-01 1.120303833644626046e+00 -4.443895652789173201e-01
3.601278467050815779e-01 -3.833479799822073208e-01 1.034195675903299305e+00
-5.874397641157138583e-01 3.757490032978473282e-01 -1.124936172140014845e+00
3.899878981224413899e-01 3.946224825874383724e-02 1.268664810698101331e+00
1.028699279099992037e+00 -8.060434112029717379e-01 4.966937086508799171e-02
-3.871293566331951430e-01 7.771292812793859639e-01 -6.981253395634245962e-01
-1.175905380260678701e+00 -8.257327201108992654e-01 5.024266633931895321e-01
2.170307451069968252e+00 6.845227997752081350e-01 -7.773680875516448818e-01
-1.093097691878635480e+00 3.658522175357568074e-01 -7.489302165702911296e-01
1.455013354160223260e+00 1.624876069114612243e+00 5.114714462718585875e-01
-1.618867873599088014e-01 5.915256962333330648e-01 3.443519561096461956e-01
-6.633906084594184405e-01 -1.410084567876523920e-01 -4.908784525148243705e-01
-1.066294188011882582e+00 4.176625824396759668e-01 -6.507984148195200547e-02
-1.381088456746205617e+00 8.005942248283031137e-01 -1.017852030627097282e+00
7.479653736416703724e-01 2.415348528192380329e-01 4.528102444490901823e-01
-1.314802665262611470e+00 5.317977143004950502e-01 -1.199743192708159656e+00
-2.725579759249400214e-01 -3.421588913155344525e-01 9.532159944120960349e-02
1.638045927035379989e+00 1.843718146077337194e-01 -1.069030064922073642e+00
-3.143740331379084596e-01 -1.890006638303144193e+00 1.084526727596342832e+00
2.046409562231560342e-02 5.932962466694781112e-01 9.019659673521998045e-01
2.458122517152478537e+00 1.869631705199376492e+00 2.576588576297597633e-01
1.302632520286875595e+00 5.450467775149847593e-01 -1.238590303016926963e+00
