1.995512721043042559e+00 7.057003576515065157e-01 4.579974279489884559e-02
-1.826564023921753099e+00 -2.431683895222295777e-01 1.386714493523323100e+00
5.373882934275905354e-01 3.219727930144978600e+00 1.577488362955671075e+00
-2.259571023543121449e+00 4.995715491702755751e-01 2.068827413076058663e-01
3.942236873842510647e-01 6.069884211307817745e-01 -2.361314137154092441e-01
1.063556183673790123e+00 -2.281776302207729201e-01 -7.910226406754938822e-01
-2.834411579255490254e-01 -1.463643639548109832e+00 -1.982470284552197759e+00
-1.526800556558939870e-01 2.648428785690509768e-01 -1.169340596164167856e+00
2.631325000841679529e+00 1.094388232822394724e-01 2.962546664002713159e-01
1.362732070542070684e+00 6.997521723363264723e-03 1.255785975201720861e-01
9.876006105445932493e-01 1.873483650132166778e+00 -6.600131389612453603e-01
-5.419931088745332248e-01 -9.310929836398322834e-01 1.301331300654644751e+00
-1.394880518699820549e+00 -1.527380478210859316e+00 1.996530553765948346e-01
-1.147493073342776837e+00 -6.566728522373045385e-01 -2.144422351088439704e+00
-7.222581551324147586e-02 -7.494671343857408630e-01 -5.218400158599280081e-01
-1.611845242700052472e+00 1.022146512693775433e+00 -3.526749482952603598e-01
-3.627194938925493162e-03 4.456231348723070917e-01 1.444831064073047511e+00
-1.059872998785187370e+00 -9.856597508254419937e-01 9.162415236901577664e-01
2.093781071652579540e-01 1.196875850395180407e-01 -9.509781248225392947e-01
-1.137212467908931934e+00 -1.046072822730326202e+00 -3.106019125612888399e+00
-2.547567840377965576e-01 1.906594005989014295e+00 1.237613247739659528e+00
1.075672860280990406e+00 1.366412815966604688e+00 1.126557595797684996e+00
-5.649045567457360306e-01 1.512861432754982749e+00 -1.909821029724547703e-01
1.238141274622287291e+00 -6.685033457474687246e-01 4.818162096982103737e-03
1.199508687897220316e+00 8.826535394059737971e-01 1.148480148345407015e+00
7.828724579495696112e-01 9.638455413329236610e-01 -4.129064238578847856e-01
-2.442806994357126227e-01 -5.978565145363619049e-01 -9.450099912581175765e-01
-1.606678185648755974e+00 1.080308683173255790e+00 -5.162661107992323473e-01
-1.490737506201450735e+00 -2.952555969105174150e+00 -1.407309197645818077e+00
1.369139506170680365e+00 -3.283464641048087218e-01 -6.700272185394701152e-01
-5.422363788910257165e-01 -3.207947765358695746e-01 -5.903725739591554333e-01
1.390746117429685347e+00 4.490203097936562582e-02 -7.077254047290321148e-01
7.310643062897930200e-01 2.587102664411657926e-01 -8.213269948120558439e-01
1.018256472048990169e+00 8.804088755692902613e-01 1.515558576293384085e+00
-1.356160822044260694e+00 2.701549056214728184e-01 -1.494862604741096668e+00
-5.314787142873047543e-01 1.769753284003441118e+00 6.210604072378143048e-01
-2.071670579401957202e+00 -1.053841562248684749e+00 9.271257329528905800e-01
1.669963060812938105e+00 2.199381592864764201e+00 -6.542417154421820147e-01
1.704045873966073987e+00 -6.119051199400948882e-02 -5.366224437602589159e-01
-1.045558702668967221e+00 -1.193173616129056924e+00 -1.363731419251684063e+00
9.927613401189464559e-01 6.412621830882203611e-01 -1.186340314154164410e+00
7.770810373933046966e-01 1.182767371700059078e+00 7.707928961636526521e-01
3.695265029099947252e-01 5.684742756660892127e-01 6.264859996583661550e-01
-5.381486684199081605e-01 -1.529312987793320699e+00 -1.804340790381330439e+00
1.524254251730558840e+00 1.465966852162955636e+00 -1.807528787787904268e-01
-5.701936270969392151e-01 -4.907416059942560915e-01 2.295874877067854425e-01
9.963093249492489534e-01 1.323306546915981263e+00 -1.472512248184364436e-01
2.899161071525638289e-01 8.508165049442379946e-01 6.603126167170425553e-02
5.748330828216411392e-01 -8.242943114484535538e-02 -3.382268190829407217e-01
6.685578661437661108e-01 4.265328276916823258e-01 1.223243050091533668e+00
