-1.214533548924116246e+00 1.515495341664332418e-01 3.890713336873710126e-01
1.438430388060174536e+00 1.232280723086587981e+00 2.109624405751585829e+00
2.659320865786856114e-01 1.488227118484218847e-01 7.992333760662342357e-01
-1.288880070492534946e+00 -1.352186773586143698e+00 -1.772824247380127893e+00
3.424052094819035608e-01 -2.245378540320772665e-01 -6.414831791965067698e-01
-6.478186755366093230e-01 -7.222634712974423943e-01 -8.409225618090199195e-02
-1.577264068759230087e+00 5.547175697902715363e-01 -1.837711016501703432e+00
-1.572649009246196439e-01 1.869666450975580707e+00 6.355909803144245140e-01
-1.326507873430935236e+00 -1.748809709532357815e+00 -4.793194072613619627e-01
-2.242850937839723002e+00 1.033834474819465443e+00 -2.351963552406333702e-01
1.674879493378493178e+00 5.185450702687027791e-01 -7.116328050139741901e-02
-9.294339331993004549e-01 1.263353101981176785e+00 7.422291234069933186e-02
-2.054324742112723534e+00 -1.243218818669894699e+00 -5.443650132409072473e-01
6.157369442289892802e-01 1.003807696557590390e-01 -2.330544981198465759e-01
1.480803051221090350e+00 8.494918008209709770e-01 1.000812015970219404e+00
7.356742273756926576e-01 1.260563238590570179e-01 -8.696909140962094664e-01
2.583132578422050463e-01 -3.147944602845326845e+00 5.566397782815097894e-01
3.563362362563440855e-01 7.666313586083712828e-01 6.500202816802068684e-01
-9.359756219555870338e-01 2.266788552942691215e+00 -2.385636609306063249e-01
-5.312927092376407145e-01 2.418702588972524214e+00 -9.611966209258726579e-01
4.909872985526807510e-01 5.275213164317704706e-01 2.013833651051059048e-01
9.446884620249684783e-01 -1.132845851297110462e+00 1.649197659165820617e+00
-6.189050942822236223e-01 -1.917264038870949427e+00 -3.798316913179004550e-01
-1.206300978008134628e+00 -1.678559307464199346e+00 8.351255200464113848e-01
-1.265796877948867971e+00 6.619360504724194350e-01 1.116051367318775522e+00
8.384374455513803337e-01 7.861768548949676916e-02 5.954566511959423769e-01
8.773825543452491438e-01 -1.073576100888751661e+00 2.253835487313041730e-01
-4.403136180084989415e-01 -2.004679324557704589e+00 -8.523464709074740631e-02
3.126380701114923610e-01 1.197577386037236069e+00 -1.115138736788380935e+00
-1.610346949646503933e-01 -7.207982207160461563e-01 -5.714938753462583954e-01
