-9.295825239235289139e-01 1.183287354262506419e+00 -1.632483896027456249e-01
-1.042264322373256391e-01 8.729949616789085542e-01 1.635906993373541951e+00
-1.432420883812467682e+00 2.709093654579033394e-01 -7.525117585552543176e-01
-1.423542993023710346e-01 1.036018432778434972e-01 1.333487368493275316e+00
-3.101160357661127964e-01 -1.559595127356469546e-01 -9.115218525140335037e-01
1.184100093373522178e+00 6.847970892247368102e-01 1.623307439860234291e+00
-4.772205106544835651e-02 -5.856730348511711703e-01 -9.464211019335309061e-01
-1.648059623086039371e+00 -2.288003573152933789e+00 -1.291079264822605488e+00
-1.325769175771946751e+00 -9.803209155459490232e-01 -8.149461931315056251e-01
7.446194847305345199e-01 -1.060466729250884033e+00 2.058461692424139233e+00
-3.846861067283218194e-01 -1.495969706247053388e-01 -5.878568775423991255e-01
9.202281404117460539e-01 1.683647284067034677e-01 1.673878520369456613e+00
-7.059847365148288478e-01 -2.048446306577624831e-01 -1.253344765324302945e-01
2.542467956505500837e+00 6.924206911892998306e-01 1.273164572628261659e+00
-1.569179561017904012e+00 -1.266399598111830893e-01 -4.040920234559458035e-01
-7.944627812193481020e-01 7.042718840011727988e-01 2.940601194149502495e-01
1.177541884753969814e+00 3.789636751477533094e-01 1.458170829814509961e+00
-1.988356182182257070e-01 -9.008740402396619995e-01 -4.142705339119383545e-01
-5.387738850847902938e-01 -1.327907891975093957e+00 1.694886708288456667e-01
6.794374074606965852e-01 1.664920610752630870e+00 2.099362916427638392e+00
4.700774247391528160e-01 5.017855972335644177e-01 3.990261565027710677e-01
-6.902039871678447014e-01 3.289376528134432265e-01 1.773535226980531565e+00
8.031431187460993382e-01 -1.410555640030504598e+00 8.320635679508037175e-02
2.136738670055901568e-01 -7.178246948659552373e-01 2.364294928683902786e+00
-5.440668722275026070e-01 -5.026169567894754886e-01 -9.637915134470578238e-01
1.002066346525502194e+00 -5.063173212612925855e-01 -1.637740746352998933e+00
2.406546008515790813e+00 7.135551688561744266e-01 -6.117355135788276055e-01
4.694302680563862129e-01 -1.286844598607638224e+00 -2.035222808717654375e-01
-6.844708153611236412e-01 -1.630611812092554125e+00 -1.722545436573502675e+00
1.272727003200336160e+00 -1.055524697368800946e-01 -5.798827116878689791e-01
-2.291483896489251659e+00 -3.729435803554294049e-01 1.994338664016646057e-01
-3.134638861953437661e-01 -2.976865766791696455e-01 -1.276455254379300186e+00
1.550704506407227123e+00 -4.131035117393255796e-01 -7.718628401648308657e-01
-2.106196840591670671e+00 1.227839481304857427e+00 -2.892851429924838680e-01
-1.428730409274124202e+00 -1.499286077043463727e+00 1.504281040688629778e-01
-1.024515514093922608e+00 3.340012062858625508e-01 1.766957341353405875e+00
2.094139779870296536e+00 7.946712221362609574e-01 -7.122923204304434375e-01
-7.562295431678469626e-01 -4.599956955941437164e-01 4.679573681315263300e-02
1.029143220962009941e-01 -8.308238621776375954e-02 -1.536576977971414237e+00
-1.945037453834177033e+00 1.420026856271805471e+00 -1.497187379870783541e+00
1.808528022938789004e-01 -9.425594288895824402e-01 -5.943260481225965952e-01
1.989918354799705691e-01 5.421110523942682669e-01 1.076688128695617586e-01
-1.731263001026968951e+00 -6.987701871824127942e-01 -7.180008512595845716e-01
7.278786345753329723e-01 -3.606691649220554741e-01 -2.667307270735552738e-02
-3.787562145732977781e-01 3.448089555183434518e-01 -5.109964412136804857e-01
-2.403786190697024816e-01 8.136540468356947553e-01 1.462370352063853129e+00
1.598835785191284442e+00 6.877665561858276044e-01 8.627496953249367273e-01
2.776499196512341339e+00 7.043262200314389654e-01 -7.584975835785801035e-01
-2.110824820744184649e+00 5.595566333545960447e-01 2.061950727497570135e+00
-9.326397660029662751e-01 -9.782640470296235513e-01 -1.567341780689198494e+00
-7.542033127958729377e-01 1.511831491179763676e+00 6.387044982595149190e-01
6.307628098940066819e-01 1.368446870490557465e+00 7.894313906040841822e-01
4.946608430688828051e-01 1.178392313142623271e-01 2.304419973443672109e-01
1.148005655654206203e+00 5.134042365452562429e-03 -1.997421240329253500e+00
-1.982133228354217902e+00 -9.240424443467769589e-01 -3.498324672054403672e-02
-8.635403324347297183e-01 1.386988703811809831e+00 8.120525692114402005e-01
4.436894233528474452e-01 1.064540881926872018e+00 -1.141180446343380561e+00
5.307196879808697698e-01 -1.243548687456318191e+00 -6.757069954499635989e-01
-3.874209668268422391e-01 -8.652004522366281147e-01 -8.490901510276149811e-02
7.342354906115723390e-01 7.191614935680541443e-01 3.630002670617709093e-01
-2.365517195432601527e-01 -1.108627852908933287e+00 2.352329240538637567e-01
-8.230541905550468051e-01 -2.032799950989875981e+00 -2.416714090391608671e+00
-2.688262873884139648e-02 -2.021144572363157366e+00 -6.311176924828298951e-02
6.082798445939872067e-01 1.459721033813702107e+00 3.043019030465468622e-01
4.245200474756143372e-01 -8.478379956701412867e-01 -1.504258702360822486e+00
2.854179672624895803e-01 -8.670985498381273970e-01 -7.661752755616695332e-01
4.363721937099284132e-01 1.137505268220756482e+00 2.620241270229555219e-01
-1.077382210886624003e+00 7.957384331556982549e-02 -1.977414115061719713e-01
5.360810587180058207e-01 -3.527086130404181175e-01 -8.050276415308088573e-01
7.241865981124508966e-01 -2.516752916199425094e-01 1.983413415141735969e-01
1.380784095561222946e+00 -4.108022889087827867e-01 1.844221623705601498e+00
5.418152352243168490e-01 -6.307705322147860727e-03 1.030767079111757800e+00
-1.520767968789693558e+00 -3.982279988262612536e-01 3.662135497002412809e-01
-1.436185856196921851e+00 -1.582688597325839552e+00 -1.469792186808514867e+00
1.058264984038067125e+00 3.006026417542986273e-01 -3.974019816016433060e-01
-1.419619601361794548e-01 -1.079859787001631322e+00 3.488568346757789929e-01
-1.342402156416718118e+00 5.036655193796324426e-01 -2.136259028982430586e+00
-1.212742498069154573e+00 1.409698795771369140e-01 -1.130210455550989535e+00
1.601544909585509657e+00 1.286338829716024978e-01 8.627515832331411616e-02
-2.713671329178177771e-01 -7.776056605926862098e-01 -5.221433009548004378e-01
-1.857318100225858748e+00 1.026857303179439684e+00 6.973009700680803391e-01
3.678290868119673540e-01 1.677139611705751321e+00 -7.192015254068975239e-01
-3.663701987990004572e-01 -6.468104264721028507e-01 2.578685556879380947e-01
-2.747629418020214320e-02 -8.580820301747585921e-01 -2.760186138059153027e-01
1.123607500278526627e+00 -3.175119012441190769e+00 -8.129239801812762067e-01
9.793726188446683079e-01 7.163582405604541625e-01 8.135079826294104866e-01
3.868284390755065694e-01 9.682737367105658244e-01 -5.244931135175316950e-01
-1.206590271321863472e+00 -1.374005626708994843e+00 -1.096290912040394971e+00
1.494556599087270676e+00 1.363727429999475493e+00 1.882202458206926998e+00
-1.782175700765680215e-01 3.018346839057638453e-01 2.392819154867553144e-01
6.329144676954640003e-02 9.214866760122151224e-01 4.678124137420865969e-01
-5.856454256539689318e-02 6.438753865391593223e-01 1.608518327601940134e+00
-3.761757149374447273e-01 -3.474238101693195580e-01 1.219263959778019046e+00
1.821959228523949870e+00 5.755397371664832118e-01 2.820527520228664486e-01
-3.187266329993334590e-01 -1.552222499200704320e+00 1.692176688120686334e+00
4.216587718327680090e-01 -6.227480695764302521e-01 -1.406383433237997638e-01
1.782488131560595379e+00 2.995731549927304727e+00 -1.813164471322207483e+00
2.158222135554619392e-01 -2.446388101795430314e-01 -1.514896938189788766e+00
9.109932309670971673e-01 -1.825905787162735994e+00 3.489301344937913996e-01
-1.245674950765440769e+00 6.145602948322530512e-01 -1.162774632212446591e+00
-5.563439487112651349e-01 4.529549429984706110e-01 -1.477848786166395811e+00
-4.711781712456503679e-01 -1.393871208967267350e+00 -3.889675735582384331e+00
-1.162820506064035531e+00 -2.027586881510268668e+00 -6.474853473016232153e-01
-2.713216132975158512e+00 -1.675946187055001868e+00 -4.762059008350736367e-01
-2.586249217930366440e-01 1.230314789130394271e+00 -7.813119650639803737e-01
6.643520160677264252e-01 8.725690517053815709e-01 -3.860905034496342481e-02
8.088439003727123655e-01 2.991309808944878856e+00 4.145708321105032179e-01
5.608012564792866916e-01 -2.746198332961220512e-01 -6.058809936059406098e-01
1.604169933307302065e+00 6.697557906949562767e-01 -1.614525292033168746e-01
-7.457134197442861767e-01 -1.614358438249410277e+00 -8.591029399745611084e-01
-1.041799369974443223e+00 -2.500624101575624092e+00 -2.156079620235094918e+00
1.209239626479213792e+00 8.968786497993982421e-01 -1.069917692701389145e+00
1.907430763565254095e+00 6.184818963539195913e-01 1.722583398537200328e+00
1.445760401610320045e+00 -9.308776081679068781e-01 -1.529827539640660206e-02
-1.018001942798213655e+00 -1.114236771262050452e+00 2.239680699870090219e-01
5.131789598991010060e-01 -2.389829383951472819e-01 -1.298630760757719216e+00
-1.254504827064306660e-02 1.226620471931124667e+00 -1.554024758782029281e+00
-1.438908901271480634e+00 -4.607712549515644573e-01 1.183712131432774983e+00
3.725165055291600469e-01 4.569777022286672929e-01 4.563963140582637523e-01
4.660943370747760994e-01 1.663327165775079441e+00 1.352266993936771744e+00
1.744611614466670346e+00 -5.285263155821895431e-01 1.102745058420828705e-01
-1.240385392349486082e+00 -2.079078825592802104e+00 -1.176939379693245247e+00
-6.475010602443371788e-01 4.257573834430715687e-01 1.078337518848686782e+00
-1.001860167595011841e+00 -1.153799251264533421e+00 -1.190371375606227300e-01
1.074059436654596134e+00 1.079326562471499273e-01 1.202698257666550585e+00
1.111297492040656421e+00 7.473672984635288952e-01 1.327348873959204312e+00
-1.355608868155524949e+00 -3.395050396467584886e-01 -3.157631496413902950e-01
5.117501452939684503e-01 -4.995814120158079685e-01 1.142719147334330554e+00
-1.489449208993888885e+00 1.155722772367280271e+00 3.771660763578120745e-01
1.343644545839265403e+00 3.834183899304610676e-02 -2.031537659741141644e-01
-1.298767917416400852e+00 7.960171165559196682e-01 1.266274331939061248e+00
1.619036993043950545e+00 -1.987924402093037335e+00 -1.646018728447535162e+00
-1.497193613233091858e+00 -1.540026578756650721e+00 -1.410934244530122950e+00
-1.990352456302981743e-01 -1.614592477830252060e+00 -4.181643231544488470e-01
-6.193680488554731411e-01 1.165257288024936777e+00 -9.397699301491049262e-01
5.789325650398544632e-01 5.654438391944455189e-01 -9.269376439024805681e-01
3.064462777097206603e-01 -7.565267392553604031e-02 5.888771062295046210e-01
-1.733093862841170285e+00 1.093871526049617682e+00 6.379276409117762281e-01
1.319566085423593549e+00 8.665715524685559945e-01 -2.213906386728284881e-01
-3.784128359970632127e-01 1.100326848481727460e+00 1.474609867429548249e+00
7.380377915052660498e-01 4.462639847025024475e-01 1.087667137147092511e+00
-7.006770274673879140e-02 -1.592415594832046200e+00 3.111693400574091495e-01
-2.211501122881325720e+00 -1.590975381402579103e+00 -8.708124020160703527e-01
1.463308628971291103e+00 2.753289668223427578e-01 1.021748034907552949e+00
-2.215953999630732030e-01 2.021654097920579485e+00 -2.346050279947240469e-01
-1.689476218991686318e+00 -7.343277811801853794e-01 8.545322807157695877e-03
1.607705496115159782e+00 4.016634230438000941e-01 4.467195970750187373e-02
-2.366421651352373257e+00 2.625742259134811185e-01 2.090909151108351072e-01
-1.606204639391177302e+00 1.398021144625583689e+00 -1.294260421250906123e+00
1.926776609650066585e-01 7.697792137525086842e-01 1.930244956747867446e-01
-9.706006507533765371e-02 -2.275698615690965987e+00 -3.497040788761729413e-03
-2.567558536513544487e-01 1.939521432195790540e+00 -7.413652973645759037e-01
9.381993330369350348e-01 9.279182374956014279e-01 4.825733373013494920e-01
-1.518602094075017117e+00 1.983097959726291215e+00 1.358239944443367708e+00
-1.903848155616739701e-01 -5.508123385389226412e-01 -1.631039579575467302e+00
2.664523028494475421e-01 1.195589667892062113e+00 4.794677968500418164e-01
2.063030772273226066e-01 2.591996550295199153e+00 6.542996918483893198e-01
-3.482376198278547719e+00 -7.282829182874905882e-01 5.977534676470774855e-02
-1.867346320590399733e+00 8.761598193178676830e-03 2.050660552679544057e+00
-8.534879026470016949e-01 -9.771231268908422418e-01 -8.818818117978088900e-02
1.359473971091762046e+00 7.427844005238600777e-01 -9.433645768117715491e-01
-1.896281423667708355e-01 4.181487530491524995e-01 2.954252597453482787e-02
7.140179546109084452e-01 -8.698959583912040383e-01 -1.321596944387980699e+00
-1.088613569685749072e+00 -1.204012514726114702e+00 1.004827891120723571e+00
-3.676965382561542817e-01 -9.169086656355004417e-01 1.040163272126275240e+00
-1.276943748747469520e+00 -1.250111007059798163e-01 -6.891604693302875173e-01
9.311284221172789755e-01 3.086634125384618788e+00 -1.648258448930758568e+00
-4.740930779839264697e-01 -1.322926376081004385e+00 -6.016891279329517062e-02
-1.601959549192815357e+00 6.344916543687180166e-01 3.292318946435552895e-01
-1.687242609713915709e+00 2.525169309167242249e-01 -1.059279194311566474e+00
1.066916555701113545e+00 1.123125532338363763e-01 4.518298903790282095e-01
5.973714137128899315e-02 2.758710354837819789e+00 3.561113856832422986e-01
-1.267956965158762772e+00 1.814289650721094826e-01 -9.543188697683100408e-01
-1.237086241622340488e+00 1.252233907955124792e-01 -1.462523314599164515e+00
-2.218482828623375980e+00 -2.199912688900578672e+00 1.144425208302995989e+00
-7.304613772650778714e-01 2.803585176019201430e+00 8.833095973702219661e-01
-3.164491645531708475e-02 2.665041254876937327e+00 -9.842308689093637319e-03
-4.495536682594488131e-01 -8.607641441400274429e-01 -1.498471963436963872e+00
-8.768994396591793805e-01 1.534434387213076345e+00 1.124277243735301024e+00
-1.954928971206880139e-01 -1.114130911325732942e+00 -1.508055795992913950e+00
8.899403050489529399e-03 2.502666328607684232e+00 6.009491847092784944e-01
5.010083130799072304e-01 2.525087983004393966e+00 -5.829103561237303222e-01
-1.336974419919545687e+00 3.455475419393847503e-01 -9.432628631142656594e-01
1.518731474222005495e+00 -1.649083646233340250e-02 -1.300144340221570882e+00
4.604658622880508645e-02 1.120444539607900358e+00 -4.279490019021845448e-01
1.023164665799885409e+00 3.740048704873069063e-01 -4.945039102580929269e-01
-3.054869624679763529e-01 2.914233965713682317e-01 9.268356342172342499e-01
2.701844559039190963e-01 1.286976225571838883e+00 4.876681214163727796e-01
-3.216399960759998011e-01 8.378184482940248534e-02 8.407222767096262928e-01
1.008393631637999333e-01 -9.263864213002555026e-01 -7.982101316951759618e-01
8.024357498278920087e-01 1.246063439586468924e+00 -1.178456893642867875e+00
-5.626824977976729869e-04 -2.779290817374758804e-01 9.475682984474531612e-01
-3.458394943020824952e-01 3.341320057044649960e-02 -1.653215156513556883e+00
-2.254538206919520782e+00 4.566932718857656948e-01 -1.080777495913502584e+00
-6.431288189531032540e-01 -8.219772952451982473e-01 7.232144434233038766e-01
1.806723594623219853e+00 -6.782054694264796346e-01 -2.114051560951343500e+00
3.290030499889389226e-01 -7.850984934350473399e-01 9.763050582528256527e-01
-4.499825654563491262e-01 -1.671587239902741606e+00 -4.293345546092886544e-01
-1.326654759488385737e+00 -1.856659540520659624e+00 -6.702593663615630248e-02
1.890634624812756126e+00 -9.435243634043872785e-01 1.028159290349212274e+00
-1.556388035559549854e+00 3.883805795473578293e-01 1.297900550253253238e+00
-1.314335022978097456e+00 7.135392014480861356e-01 7.402833062498972438e-01
-2.282252521388202782e-01 1.089927092919213969e+00 1.156258516128513492e+00
2.022610935274688160e+00 6.680149967610362616e-01 7.112733717098037589e-01
8.453283743877446632e-01 1.238152359929087565e+00 7.822969360099349956e-01
-1.822855062469767473e+00 -6.167985270624389837e-01 -1.082303425630722682e+00
1.032432038909178784e+00 1.323926330130727580e+00 1.423784093948515350e+00
-1.132611937085107101e+00 1.717809355641574776e+00 7.671244092206279674e-01
1.575276461291361452e+00 7.634560637257209459e-01 1.588559756137916112e+00
-7.017348890722048260e-01 2.399412502133338787e+00 -7.828347767600052354e-02
-1.402652418878519436e+00 8.433089637311411702e-01 1.222197825927048953e+00
-2.495417149151903935e-01 1.042343702258587967e+00 2.513940382973363086e-01
7.010035548561681651e-01 6.883025120738448521e-01 -4.313041283767747869e-01
4.132070487707423245e-01 -1.330853603854253997e-02 1.328692664880338214e-01
1.215661809885806077e+00 -1.790583497141082336e+00 -4.394272354693573579e-02
9.268916108740596904e-01 1.008243132521529084e+00 2.617162378622767127e-01
1.204803931485997959e+00 -2.833241417747399682e-01 1.402358273277541922e-01
-2.101122093785754430e+00 -3.485072746236372865e-01 1.727654815799845256e+00
1.811440636391573600e-01 4.741839135692950125e-01 1.317146723006794140e+00
4.049208690797747590e-01 1.766814623394657779e+00 3.382370468984453593e-01
3.384091706260752286e-01 -6.507628049352109922e-01 1.034363230602116657e-01
4.290024099980795369e-01 6.583760109927561111e-01 -3.581277237029972804e-01
1.919917323710285117e-01 -2.711307825539735483e-01 -1.134866412264815105e+00
2.228531793688133811e-01 -4.612791701341325545e-01 -2.702310041298582322e-01
1.600609905916164366e-01 1.133394076060397326e+00 1.980270871487635809e+00
-3.160650007781354853e-01 -2.154117943981761485e-01 1.028820577595839891e+00
1.288230631702820483e+00 1.775455673903278964e-01 7.467991723756384204e-01
-4.677613016276890301e-01 5.934136575388042623e-01 -1.306942784042084416e+00
3.911995572104342012e-01 -1.956476653471594385e-01 -1.346172871394063053e+00
8.561488768353802126e-01 6.339954358459248818e-01 2.599052342939698779e+00
1.354518810873592827e-01 -2.341388927561344202e-01 -2.075240530187635990e+00
2.281917322734512976e-01 -1.164690080141872475e-02 9.597950088177444883e-01
-7.724626107047412038e-01 5.543807591110518906e-01 5.192870472331441167e-01
8.097273000724267700e-01 -8.813181579480275918e-01 1.282067340595894223e+00
-6.557994468693221224e-01 -6.093039054718636383e-01 -1.001880372211938486e+00
2.016147254443710679e+00 -9.731014735211001021e-01 -5.219133478067572440e-03
-9.768109108508430394e-01 -1.499402362006651890e+00 -3.959639925696447627e-01
-1.315743487466865425e+00 -3.830562664907123382e-01 -7.091431154720495567e-02
8.475564123216436929e-01 -5.774638506418021677e-01 -7.800589413243685932e-01
-6.384372874927379815e-01 -1.319421293355660385e+00 -1.616753815193060717e+00
6.291984475925489484e-01 -2.855082923835009501e-01 2.078650970590200320e+00
-1.547066248133869282e-01 -1.833806367527008430e+00 -1.485860016870704348e+00
-1.133683829583132407e+00 -1.961939723653206014e-01 -5.476813447387884892e-01
-5.791164957406316205e-01 -2.611986979256629926e+00 -4.943740701825602435e-01
6.603880318422372664e-01 1.356016190232911534e-01 2.941615660156316814e+00
8.642020904496736655e-01 6.651096192097244453e-02 7.450080895396518077e-01
-1.316875471435587031e+00 -2.893081601771524403e-01 -2.370160721731702225e+00
2.115449620227126459e+00 1.015133376467992843e+00 1.863228062934892515e+00
-5.615902616013925819e-01 3.335950696919575131e-01 3.574970444287830507e-01
-1.664767261917253771e+00 3.786347851585334379e-01 3.371312841961562334e-01
-9.207400669261656123e-02 2.933049830568799088e-01 1.378549449569257179e+00
-4.840881379880510593e-01 -1.112936177286832362e-01 -1.669017104727208878e+00
1.711571520369369881e-01 -2.223388805194931095e+00 -1.732412162108592391e+00
5.738416203895309042e-01 1.905085387837139432e+00 3.543400014229720618e-01
1.104117993154076771e+00 1.205100411147570938e+00 1.656714910308028754e+00
6.859631059372516271e-01 1.021703273936279466e+00 3.304892246469867678e-01
-1.120707392559629145e+00 -1.129069405574891327e+00 -3.433886275763201601e-01
4.217912363770652817e-01 1.624708456977269844e+00 -6.684258654991812598e-01
1.074595999617809161e+00 2.317919108972884557e-01 6.353983040241968361e-01
-1.259898844550676911e+00 2.256923311838962665e+00 -8.965692444774694403e-01
2.383021526420794345e-01 2.544589789733306517e+00 -1.939533963085204871e-01
5.364684945272397698e-01 1.967455157024186718e+00 -7.343381762205694052e-01
1.358361083519922241e+00 1.274952896162195870e-01 -1.329757768725481348e-01
-4.859175392246556369e-01 -3.972277872288881850e-01 -5.660556591861787279e-01
-1.105210887253015306e-01 2.872455026221091834e-01 1.104872115383908504e+00
1.857128950791776534e-01 6.400496103791282199e-01 1.183061396052170977e+00
4.515027075881649643e-01 9.664426656541803551e-01 -1.235202932800051334e-01
-1.113495399944480768e-01 -1.115444907968456523e+00 -1.215493548103227184e+00
-3.941227989281946842e-01 -2.890976739243201754e-01 1.228931599039698508e+00
1.105343329443205569e+00 -2.177383462909725509e+00 2.181394766113597949e-01
7.806444000820172979e-02 3.630866677408949306e-01 1.041737280315340186e+00
-1.328633959306273038e+00 -3.493707961884586211e-01 -1.029126585549624551e-01
1.061415685102359507e+00 1.169592585337525747e+00 -1.455628974283192933e+00
-8.770747986168236920e-01 1.865872990497123629e+00 1.872243258459215687e+00
-7.740145392056441143e-01 -9.508773093414496502e-02 -1.129536202763627983e+00
1.601561697655977667e-01 -1.763149697002541316e+00 -1.024662975710823432e+00
-1.823835304394753276e+00 3.667993235668191021e-01 1.415493354353659639e+00
3.630468381452809923e-01 1.343123476194972632e+00 5.640081396006318970e-02
-5.413502327974732964e-01 7.101646366417189160e-01 1.212682026948395997e+00
-2.509991694504944526e+00 -1.298432122876966854e-01 1.648494901922285649e+00
-7.838400332462804876e-01 1.641488207463086990e+00 1.312668537263251167e+00
4.198152542265528586e-01 -1.629381005701624474e-02 6.192855917369397556e-01
-1.322768601757548401e+00 2.135057435081204602e-01 -5.092965778421446599e-01
-3.821007232925318631e-01 -5.790033075766883863e-01 -9.627154741295407270e-02
1.001997007951509477e-01 1.725638461020680303e+00 1.714371176748684000e+00
2.215884548704731838e-01 6.479025154353608151e-01 -6.156699987734202129e-01
-6.473576784397965245e-01 -1.863898140200289655e-01 1.459158295860469634e+00
-5.766230419786959605e-01 -4.278295465008125631e-01 -1.002822858582719245e+00
1.444856069381381669e+00 1.044130543630873209e+00 2.027260861792949065e+00
-1.293072217435636162e+00 -1.672773219060892158e+00 3.492270417020321149e-01
-1.394256076384355891e-01 -6.366779526207105855e-01 -3.063253615519350159e+00
-2.042186946894483102e-01 9.104703998314769287e-01 1.306764541439089378e+00
-7.964425994055737146e-01 -1.650650241268434515e+00 1.634548608813037873e-01
-2.304859631889088600e+00 -8.023218834315309911e-01 3.291117615086309733e-01
-1.341262266156856287e-02 -1.826840638034091358e+00 -3.026396410506608792e-01
7.527065658668252723e-01 5.988430884141273669e-01 8.796482829991356667e-01
2.581738989964336373e+00 1.796700224436772464e-01 4.675380871681655837e-02
2.344691222267051289e-01 -5.862348302870752370e-01 1.011026622976919809e+00
6.844345677887604396e-01 1.325137157147690647e+00 3.422773609688475327e-01
4.878393322659454467e-01 1.625168486404454105e-01 1.051780286828551514e+00
-1.520775815812333898e+00 5.525580392863782553e-02 -2.144937570598157262e+00
-8.004803433902063503e-01 6.057986401458246295e-01 -3.426081718883945415e-01
-4.174975662253924691e-01 1.493458532321271015e+00 -4.438548997430528109e-01
-4.054781724063392101e-01 1.362664418053444404e+00 -1.978486609526689533e-01
-7.091237420289002724e-01 2.078844161859161321e-01 -3.957218393952478541e-01
-1.392188667913051070e+00 -1.167918033910647191e+00 -2.874705703362151477e-01
-1.816615391293438631e+00 1.220605736749788672e+00 1.686988649368945881e+00
-8.095151904695283562e-01 1.126147818656405342e+00 2.328834537217840062e+00
-1.165746179171165853e+00 -5.833991405959485510e-01 -4.829993050734341931e-01
1.923494125687425171e+00 2.547194809570415774e+00 1.002683628829476259e+00
2.676639771192578232e-01 -9.777647756455580819e-01 7.218419301918493902e-01
1.896340960025888478e-03 -1.011082539135047309e+00 6.437404295186337500e-01
4.360058714423853399e-02 -1.438958347514928793e+00 -2.167930840777377188e+00
-4.114176405402845682e-01 -2.092635400819890634e+00 -1.006481956728054072e+00
3.649615092894348267e-01 1.027027283085006015e+00 3.509154790325358930e-01
-5.118231680537885797e-01 8.555695199044024424e-01 1.141805349495732980e+00
9.225466338744088279e-01 1.635221991471529135e+00 1.258326753383590901e+00
1.257433485084030744e+00 9.955034525343662288e-01 1.217157205391207198e+00
1.088654013135522014e+00 1.830003887075216884e+00 -9.136827355492278535e-01
5.222689188638556246e-01 -1.951468494858567881e+00 -1.390510630066581932e+00
-1.443464933563416430e-01 -1.610815856446606853e-01 1.738466626098186030e+00
2.399062363013447552e+00 1.716841353153122585e+00 3.398206677178922108e-01
-7.148746469752331745e-01 6.684422571729553564e-01 -2.216724744090340371e-01
-1.156185346708197947e+00 -8.804980867597429484e-01 -4.440567747913300445e-01
-1.626168507804095276e+00 -1.095488813177100784e+00 -6.494018237891558964e-01
-8.982360215957487792e-01 1.386278065115913005e+00 1.543303040444366836e+00
-9.708362651751962780e-01 4.788940284919737111e-01 2.737947081330927013e-02
-2.994250387308751149e-01 1.231086534466443894e+00 -2.703779042554057543e-01
1.508408260311820515e+00 5.743704615302351879e-01 -9.254802902525971486e-02
-1.562828654680029850e+00 3.555697684001047909e-01 -1.342708457970121838e+00
-1.050680480342347511e+00 1.461957751300128727e+00 -1.362305296987273429e-01
2.346056232310331224e-01 -3.268139573334742920e-01 9.878718636346652815e-01
-3.473406258922683287e-01 1.667892739109927636e+00 -5.273513128933462468e-01
5.626126944849423328e-01 3.849365099571803173e-01 -2.079472331897311843e+00
-6.599532162393306756e-01 -1.999166961705363676e-01 -7.894462989950126186e-01
-8.922087275101727721e-01 2.782799273767491144e-01 1.806695402796737460e-01
1.686573489632976486e-01 -2.416911635298243155e+00 -3.618767007235662803e+00
-6.683633152853684090e-01 -2.367415431106856261e-03 7.435268160386310221e-02
-2.872210131632416896e+00 -7.643466211860565629e-01 -9.515009125249134225e-01
-3.303619460015103648e-01 -1.849072154677667168e+00 1.706704648210611630e+00
5.872021579649832068e-01 2.332590953385359711e+00 -2.485096955063825774e-01
8.880629271695497096e-01 1.800492592521407698e-03 1.332368891352663898e+00
1.633640534981217751e-02 5.930965475305722823e-01 -4.426834958270392528e-01
3.253215526122721357e-01 -5.505371924529302019e-01 -1.778041087924478347e+00
7.833807668788994594e-01 1.437025002586845623e+00 -2.293542806451555283e+00
4.980404766495329927e-01 7.462760384272928427e-01 -1.377373120365623649e+00
2.623442893836528400e-01 -1.208019248010314683e+00 -4.790048957761992576e-01
-1.749918656129783590e-01 -1.019074801233987859e+00 9.038745966533372478e-01
-2.383768271020090701e+00 6.931081070516118547e-01 -1.956071486813752758e+00
-5.391740451745783425e-01 -1.513071924093472687e+00 9.773490245919675967e-01
6.821545184764006287e-01 -4.956670191946318527e-01 -1.587355375489671871e+00
6.988999297827547252e-02 1.115450103572243279e+00 4.662302400145689196e-01
1.770060578885771507e+00 -8.354419121732392650e-01 -6.895875798013395563e-01
3.488322988818608472e-01 -4.937353307106978617e-02 -1.861388770905622714e+00
-1.496031433770758312e+00 -1.063600324249909801e-01 -9.544215740828738692e-01
1.392370674070686487e+00 2.036085375883748827e-01 1.354134235973846856e+00
4.604312849882710168e-01 1.933147138297778511e+00 -7.336113441644708244e-01
7.908328583973247561e-01 -8.483246922957643488e-02 -4.993317473694734998e-01
9.278910864317717611e-01 4.647584753799993140e-01 1.718671944349431602e+00
-3.012350517469395972e-01 1.117348519442599830e+00 -2.020516618523123142e+00
-2.179043759057421425e+00 -3.513806971282358305e-01 4.757428684636891836e-01
5.924223835339970101e-02 8.960996422958864560e-01 -6.629671888837675997e-01
9.802493435590917681e-01 1.859334259681669321e+00 1.316818339451836017e+00
1.906191868016469337e+00 8.434401898614030113e-02 2.255396240401152941e-01
-9.984948868336812611e-01 -1.360229099005390685e+00 -9.552130426005406294e-01
1.273972159481708832e+00 2.386779548299929332e-01 -2.629593123662399279e-01
1.367478813830487860e+00 -1.557072274732655970e-01 -4.033551848187854616e-01
6.888220380396961051e-01 1.151643035372514667e+00 -2.614668869346936653e-02
-1.205608429578615137e+00 5.450656953690571349e-01 -3.112678229329502999e-01
4.870297201550052857e-01 1.757933793883135754e-01 -1.620429244267432844e-01
-3.289063509971384969e-01 -1.673719311009314037e-02 6.581910742701990724e-01
-7.972809752014216045e-01 -7.271804139740366546e-01 3.837492854585040636e-01
1.224834556156797483e+00 4.791024695043420989e-01 7.221766109940903622e-01
1.081801849459815834e+00 -7.659314160094830015e-01 1.581384587628938965e-01
3.941711867985904227e-01 1.555024409480276759e+00 1.467950130515274898e+00
1.425333093214951496e+00 7.432677394969832152e-01 2.929863014054712722e-01
6.476480672287795448e-01 1.477164693282199681e-01 -4.140823246382987488e-01
1.355614605055240673e+00 -1.860425589198464458e-01 7.033360283231580024e-01
-8.295613183291801196e-01 7.037404707495935607e-01 -7.654185212339577049e-01
2.509791306734104332e-01 1.401139681035078688e+00 6.912277576005271262e-01
4.430563839462556830e-01 -1.158412575215244988e+00 -1.243838486768921836e+00
1.575733830720363882e-01 -7.597861783949821923e-02 -6.541963505015462310e-01
4.761198203488030689e-01 1.743744757731626738e-01 1.223083044359587035e+00
-6.198443540231718396e-01 1.615921992815705366e-01 -1.195388016717545909e+00
-2.457283836490979478e+00 -7.443099493667514333e-01 -1.407774317519623786e+00
1.528071183048551607e+00 -1.073371896603155129e+00 -1.892753674271232089e+00
-5.894454618095787968e-01 -1.241152384098361261e-01 6.108139794060312155e-01
9.933800795640870263e-01 1.163453223543352788e+00 1.681282293598919564e+00
-1.021984872151792345e+00 3.080416917361307183e-01 -2.515486065194102228e+00
2.257494706720287958e+00 -1.898830558223888465e-01 -1.592805288192777891e-02
1.219403011801137637e+00 1.143274697355070924e+00 -8.500660346735191553e-01
6.904115963348921303e-01 1.930208582373317050e+00 2.127840351616808179e-01
1.366558432143369917e+00 -1.066463910020242212e+00 -3.298973238906338645e-01
1.152496797995789413e+00 -3.453524528719686959e-02 1.106186535633660206e+00
1.693515756115280269e-01 -1.309746701023375648e+00 -9.054951137118996130e-01
1.238316424046739472e+00 5.301180762741048991e-01 1.519484595716487974e+00
5.229641293568361160e-01 1.482039565852186769e+00 9.993907967376902679e-02
-1.806024691600013998e+00 -1.033346270931941424e+00 -4.517892597048378533e-03
-4.871064397596896467e-01 2.707372371103029085e+00 -1.647963423861217080e+00
-1.378257879874927871e-02 -1.482052993482011916e+00 -1.477125167202956835e+00
-1.810641587379821615e+00 -1.064291794437916661e+00 -1.489827387045101759e+00
-1.076988922220570855e+00 1.685637914665560011e+00 -1.519772056485524603e+00
-1.002567832696300565e+00 1.624500715409813001e+00 1.063508644958911731e+00
1.767239224060884961e+00 3.189596893908832609e-01 -5.497865732415447848e-01
1.695319624391950164e+00 4.007865640498924908e-01 -8.104753707272083219e-01
-6.052575531450460344e-01 -1.231214939823860988e+00 3.662512498720565945e-01
1.826995943080100382e+00 -1.060975625897001340e+00 -1.710151913191879647e-01
5.760720832196633001e-01 -4.794595996123882653e-01 -1.576148030067349159e-01
1.242009401765402643e+00 1.317550343487799314e+00 1.603848338909656279e+00
-3.016503142736219889e+00 3.297620236604440480e-01 -1.374462963451909880e+00
-1.761205142672968904e+00 -1.567382238980162379e+00 3.860390905019710495e-01
1.709798292409793863e+00 1.053439256598459828e+00 1.095749958232628440e+00
7.987479527559174786e-01 5.619712365266340548e-01 8.953976443125105655e-01
1.791312722803962032e+00 1.467745465650895920e+00 -8.323373151522028834e-01
5.603308058744461695e-01 6.798323736041821386e-01 1.137271567967472752e+00
6.259512268616835851e-01 4.662410986037230920e-01 -6.731806104914693778e-01
2.631656703083575799e-01 -1.555306863461910050e+00 -2.110965124218322497e-01
-1.102922669016175750e+00 -9.832027835548351469e-02 9.749607988755666366e-01
5.517403976422776690e-01 -4.170516222643195214e-01 3.612294642571399761e-01
-6.026848043135102362e-02 8.784408139681498806e-01 1.181864529292652177e-01
-1.480339528336100496e+00 4.359931339119244020e-01 -4.459653839632282679e-02
2.729932316499427136e-01 -8.629029622038479896e-01 8.134228593156691556e-01
6.231308030586977242e-01 -3.788624976865122007e-01 -2.763403592351258098e+00
-1.961832674371241758e+00 -1.769040773379814802e+00 -2.484836899729591098e-01
1.178361097308861183e+00 -9.299326331844354199e-01 -5.443844285642419623e-01
-6.579565901333235267e-01 1.309678909290376891e+00 1.856891371650690070e+00
7.696114301538151681e-01 1.570707323066663275e+00 5.325721034666687226e-01
-3.802402850166761716e-01 -3.713523410816494397e-01 -1.214392531799680430e+00
-4.179641428578939610e-02 -1.687493977380470911e+00 -3.223436770715523814e+00
7.385821106055483476e-01 5.666099572930320960e-01 -1.048879144604110580e+00
2.267207329969316287e-01 -1.591505290715580889e+00 4.012722353184866586e-01
-1.166652055344266081e+00 8.806834646758453511e-01 6.820103972381457158e-01
-3.884845805785556716e-01 -2.704731904696461298e-01 1.270569824917036739e+00
5.196421463344733649e-01 -7.943695337665006573e-01 -6.980618721323512688e-01
-7.433053679978969264e-01 -1.978584522772264709e+00 -2.400744378943836521e-01
-6.364251364485959961e-01 9.827480440227183145e-01 -4.445910710010346767e-01
-1.078822468204165608e+00 -2.610765100997925359e+00 2.098864307387875439e-01
-2.187094937048763121e+00 -4.458340174962227009e-01 -2.432758803421508076e-01
-1.091019263412102980e+00 -5.059137792480008500e-01 7.447054620920576795e-01
1.297035975582581990e+00 2.489389953257891697e-01 1.276725535673496559e+00
4.131060578645208148e-01 1.624252819722498575e+00 5.816150135710211888e-01
2.267487287875167290e-01 1.775950614125206606e+00 1.909501200604029059e+00
3.073810213331817920e-01 6.681062060461335772e-01 -6.804530740870340377e-01
6.243979294441623917e-01 -1.018204712549409141e+00 -7.842689221824405976e-02
-1.414738772820061552e+00 -8.313460402317496278e-01 4.840567866535457897e-01
1.168292371059389767e+00 -2.131361444687827622e-01 -9.519999830490493142e-01
2.138832481264608121e-01 8.295381339720656610e-01 1.193073219081131953e+00
-2.513118487443080085e-01 -2.219773710917435361e-01 1.225446973696011188e+00
-3.099039559174786573e-01 -6.920250241888870057e-02 -2.209317764949082497e-01
1.277689232637093886e+00 -2.736294589552977552e+00 1.246189586797447513e+00
-9.218416778296747438e-01 3.708257209034580004e-01 3.945523314896047240e-01
-7.431507033705233578e-01 -6.038029807927910442e-01 5.871550742439000103e-01
2.233140251410331012e-01 7.816313550589806258e-01 7.520044920356045992e-01
-6.735182078183743482e-01 -8.932289368452297484e-01 2.143143155395592636e-01
1.223215054447912342e+00 5.389042118782623181e-01 -1.551180152378790700e+00
-1.974059342665950068e+00 -1.783021886057316041e-01 -5.513822193681339190e-02
7.284208872221948905e-01 -1.768956361348985151e+00 -2.172024463680044093e+00
4.501569232953173127e-01 -1.410814738510761446e+00 -5.334859780303189414e-01
1.094014147074980237e+00 4.222532670874591387e-01 1.858057923704208303e+00
7.370818131560017417e-01 5.118424959120903006e-01 1.207494491958108540e+00
4.911859699549248615e-01 1.456640958335909675e+00 2.960648485559447263e+00
-1.321634566363249608e+00 1.391345663206519090e-01 4.223739370080624722e-01
-1.546144876648015032e+00 2.245437716498837055e+00 -2.361880744422285572e-01
-1.217210395141701706e+00 -7.615681817018622457e-01 -1.057462088745895645e+00
1.388405602147448903e+00 -3.246999395209120287e-01 1.709700743287064229e-01
-6.216287684728799556e-01 -2.217832084171646567e+00 -5.786328793329998943e-01
5.890053233207732664e-01 -1.387763379618841553e-01 -8.134647930639212765e-01
-3.764897541124068159e-02 1.826362071553928157e+00 6.440579407805112622e-01
-2.538262548631926574e+00 -2.283868404414230446e-01 -1.552995697555989985e+00
2.372657226704340538e-01 5.211572461744166107e-01 2.087241357477505055e-01
1.270081060569120956e-01 1.021326014993315212e+00 1.557182249597033108e+00
4.786854237053992378e-01 -1.652736229208396357e-01 -2.001804893971970145e-01
-6.972687277320045451e-01 5.849995908406404599e-01 7.897392850726725477e-02
7.036412709930155440e-01 1.544120612569553685e+00 -1.505513198598855684e-01
-1.402074077057614776e+00 5.025463508085648012e-02 -8.605544324864951022e-01
1.404690848190002894e+00 1.681263613612827834e+00 9.924427835765359251e-02
3.640409904418845377e-01 1.059336089103818379e-01 4.567686185097904472e-01
2.421202327459909487e+00 1.346849398793885655e+00 -1.669191600926605012e-01
-1.309433706995144497e-01 7.827943743571541546e-03 -3.760370929705116883e-01
-2.386747652866422875e+00 -9.118724780119547013e-03 -4.257779233822752141e-01
-1.345508257547052278e+00 -8.577003792537423177e-01 -8.379963842581815703e-01
-9.623866311532596196e-01 -9.236542267170033682e-01 -1.355855604771570633e+00
-5.107150736469729946e-01 1.148073578815530293e+00 1.589527738376702137e+00
-6.701421819910619027e-01 3.504506755944294394e-01 -5.548157041182526505e-01
-4.595647050309143444e-01 -4.597877062780950097e-01 -1.775267822290690134e+00
-1.157100522023579936e+00 -8.850466790617916857e-01 -8.006988391627427593e-01
2.667962858824078909e-01 5.737937390690728279e-01 1.144116096506388791e+00
-2.396987571409769924e+00 -3.438859737091423119e-01 -4.816901474002080463e-01
-1.359558984994587494e+00 2.512642397995066279e-01 -1.136663315733978719e+00
1.116625351658862897e+00 3.311570054192628509e-01 2.152405872935758246e+00
6.870879436537309370e-01 -6.112129789220923648e-01 -1.839321999278479725e+00
2.235331236716153747e-03 3.607587457757615024e-01 1.182489052322800216e+00
-4.915956161724744922e-01 -1.810164065431546954e+00 1.408486731762063071e-01
-1.459163115766333174e+00 -5.420074122960372165e-01 1.028134363084151071e-01
-7.914720872487137626e-01 1.782669686635998674e-01 1.500199858829312505e-01
-1.920174916656612885e-01 -3.707206989618490045e+00 -2.499487316607339471e-01
-2.352498388921100858e+00 -2.097694471132146798e+00 -1.022313695840495251e+00
3.783664750093165274e-01 4.668108298837149173e-01 1.941402449909741534e-01
9.572362438648576166e-01 -5.444203826279798708e-01 4.524295315886687208e-01
-1.206865266476980558e+00 2.828586369948398183e-01 1.956651925599985353e-01
8.773001359316870973e-01 2.116598027052576825e+00 6.675142078667893886e-01
1.280285425362327700e+00 -1.545276654293490370e+00 2.302309811160563768e+00
2.740654782146700885e-01 1.327231467323856773e+00 -7.084528907300300382e-01
-4.032773901649133741e-02 -5.377469813734756521e-01 3.087612556115621576e+00
-2.108181018160746767e+00 -1.418954569209363026e-01 5.432629748289459215e-01
-3.898772094455382198e-01 -1.098537288202269036e+00 -1.525778367092915921e+00
1.749155551292399302e+00 -1.588722751277697576e+00 2.656807744444200647e-02
3.609525470623850540e-01 4.664332593214337574e-02 7.389424566927869087e-01
1.482265017305616661e+00 6.778693698022729697e-01 1.261040125578987148e+00
6.425105006931531859e-01 1.411031577097243250e+00 1.260539912030929299e+00
4.746023861451094117e-01 1.167286344737259007e+00 1.162928437326072428e+00
-3.481281731441382421e-02 2.987864748786581703e-01 -1.494191472747803617e+00
-1.799937698596174807e+00 -3.572560652162837247e-01 1.271910248032864788e-01
8.340346087350176685e-01 -6.297844983918767792e-01 1.361862074787975940e+00
-2.781433033531360177e+00 -4.862219160041632571e-01 1.310762896155138968e+00
-7.715027684233395355e-01 2.398251986789461387e-01 -1.407160361709464680e-01
-1.490490867527976881e+00 -5.752841725380063442e-01 -8.115791147381578030e-01
-2.385230469694189281e+00 3.230194056298956173e-01 -6.996884354667193273e-01
-5.631536413979582045e-01 -2.286958399039585199e+00 -1.476652541577092137e+00
-1.259320559085215008e+00 -3.204985367913386618e-01 -1.252171849852752317e+00
-5.441853511592477100e-01 7.882222992097487335e-02 -8.804469628094878653e-01
1.137105997566941973e+00 -2.214115885520492100e+00 8.106913991271644804e-01
-3.458291870003680213e-01 -2.759072283882549881e-01 -1.253344161931760459e+00
-7.721416738948032599e-01 5.992799344313792798e-02 1.346188831147210108e+00
-2.261030271934610925e-01 -1.316095955376218374e+00 5.503867839937108819e-01
-1.193209363263696421e+00 -1.020013657081309422e+00 -8.121838821397411312e-01
-4.804711503267613537e-01 8.324653360173441818e-01 6.858015762825062644e-01
-1.283324104639820273e+00 -1.071174712430683851e+00 7.318142843661179509e-01
-1.502843480095331641e-01 -1.459990412858814590e+00 1.553268720091098842e+00
-1.212500164159034943e+00 2.952507756436276720e-01 -6.195680152036255883e-01
-1.510028787186638688e+00 1.667553467109346155e-01 -1.461386669257208060e-01
3.735577415901711329e-01 5.517427001244346041e-01 -8.824525916463743513e-01
-1.413900593643800718e+00 -9.821344263215084913e-01 9.886495060868472073e-02
-9.156642253475404392e-01 6.310949016587711347e-01 1.320568476092036425e+00
7.705314356077858085e-01 9.067920108656031264e-01 6.967035892785056195e-01
8.265214283444186627e-01 3.984444905279564964e-01 2.325189766861206486e-01
-8.379622990597312970e-01 2.782265390339349054e-01 1.280054614860913542e+00
-3.340895766643561249e+00 1.003118419925551175e+00 -9.500488013099364082e-01
-6.182121133721913964e-01 4.433250160627311143e-01 5.519398503911461251e-01
9.988773143632907470e-01 2.085047462189730805e+00 -1.901022490843229829e+00
-1.783360407630197653e+00 7.001322557603835151e-01 -2.012188370346672528e+00
9.696087277810196969e-01 5.349549516062394039e-01 1.563967408209961274e+00
3.084813320785582569e+00 2.130378259830614240e-01 -2.430866927664438570e+00
6.825887655234286200e-03 -5.710003504647319650e-01 1.831566837614129195e-02
-1.218649832549162815e+00 6.110180309020871725e-01 1.549467085909125297e-01
8.785418653060317329e-01 -5.187310450432536246e-01 -1.796366013475818146e+00
4.583349549242223819e-01 3.059958875327712047e+00 1.121664243807760197e+00
3.599632462542794453e-01 -4.422111382296410320e-01 4.321148345272061153e-01
-1.641184050578549547e+00 -1.545928901608246475e+00 -2.063880202691588117e-01
1.035475205896912776e+00 1.148344221093967832e+00 1.607590534122333770e+00
1.042818038555004101e+00 -9.365537510636376961e-01 1.108291372676128095e+00
3.889645991100552092e-01 1.007144974590480802e+00 -3.497949671297562180e-01
3.028516599939122811e-01 -1.201745282806017112e-01 -2.536933325145170892e-01
1.007514045805566028e+00 1.117407869690824063e-01 1.063607190910129119e-01
2.235104910420862012e-01 1.717082021644048107e+00 1.210253988122900193e-02
-1.482639864482649394e-01 1.547481985440037899e-01 -7.003511520299587900e-01
1.032317499727935184e+00 9.477932306081988667e-01 9.523533639573449339e-01
-1.657327841128542145e+00 3.046846037197609158e-01 -8.971997545030115928e-01
-7.286224053746244156e-01 -1.303936181902712321e-01 -1.563548182793870200e-01
1.229750681218004571e+00 -3.250870524454851473e+00 -1.331815285451774189e+00
-1.559422430692161132e+00 -1.465777282649345370e+00 -6.095622680536481042e-01
1.160463829953055637e+00 -1.208857543465388540e+00 5.683527389652950346e-01
4.827071335854358214e-01 -1.473010685968460187e+00 -2.361668117221017660e+00
-9.243333208187931582e-01 -1.463453353982513194e+00 9.918993743686699283e-02
-5.505406778670678403e-01 9.819947401411894816e-01 2.662100510545607479e-01
-5.555494093698433167e-01 -1.480166824472554987e+00 -5.543199241798081323e-01
-5.037550860729858027e-01 1.699015633459898811e-01 5.378031159013227924e-01
2.466569136744428903e+00 -2.753802471394604101e-01 1.619982182807216065e+00
1.350786685318931646e+00 8.165696541106031159e-01 1.700463434023157250e+00
1.830439797430788662e+00 -5.935144283880858795e-01 4.043715292413053719e-01
-8.946401017535934308e-01 4.573864326405338021e-01 1.324326201348480669e+00
1.149625919121803896e+00 9.890200630802310489e-01 -8.601325930663770158e-01
1.228890882470891732e+00 2.402714160552735234e-01 7.299593448771567461e-01
-1.451475700096220400e+00 -4.781872462343961239e-03 -2.695926821045984134e-01
2.522219063611458312e-01 -1.316198788676019582e+00 1.182026100155446402e+00
9.681264015349122509e-02 -4.404457975020749094e-01 -6.605020450164864609e-01
-1.312766558661285998e+00 -2.395303033314884478e-01 -1.360124303501827558e+00
-8.735576449425712653e-01 -2.336753210649000767e-02 1.387443513809726303e-01
-1.494524894043254726e+00 2.407601382565478509e+00 6.778544793069125607e-01
-6.447545183348080133e-02 -5.243679030896823967e-01 -2.034136098536882375e+00
1.243501681846954643e+00 -2.253386498141218830e+00 -2.306697668375108812e+00
-4.414796871615127571e-01 -1.295987550008791400e+00 -3.455605159881937061e-01
1.454410602091224414e+00 6.602524505548845735e-01 4.793122588223970304e-01
-1.098134858243440704e+00 -1.888418077116668314e+00 2.462044938291001461e-01
-1.263924364563673297e-01 2.266125211129004224e+00 -6.549070435441910476e-01
1.664223258908383407e+00 -2.028258137274217887e+00 -6.217561373651963041e-01
-3.981830910177386329e-01 1.317404775886477530e+00 -7.000017533086786425e-01
-9.273497011872233742e-01 2.281481821050398429e-01 1.382427675997374372e+00
2.025655030434688086e+00 -2.851075532909823629e-01 4.126659203996069780e-01
-8.576559934731892154e-01 -2.024114236315140758e+00 1.793389479881256632e-01
-1.967136285823373187e-01 7.104005800613899524e-01 -1.299809584626717252e+00
8.441982036177455573e-01 5.060458830767193827e-01 -2.908581446395664405e-01
-8.342693438322574817e-01 -6.504200004233229304e-01 -8.052473481031359182e-01
-1.805182842529925891e+00 -1.692277823354993771e+00 -3.971949225424307173e-01
-8.894567696064026308e-01 -4.908385749305118062e-01 7.163746084390132385e-02
1.655000900456878643e+00 5.782221162522120927e-01 1.007486197299412023e-02
1.500266022204937766e+00 6.788903447005323333e-01 -7.412191518268140822e-02
8.933829021384651625e-01 -5.033320452130032319e-01 1.284558548121997212e+00
-5.306319796474701089e-01 7.100188368148618867e-02 -6.769604268494375798e-01
9.656072857685256139e-01 -6.921278013248652883e-01 1.354113503069304336e+00
4.582286440719290921e-01 -1.211164616790983084e+00 3.668927842720328680e-01
8.489037599143389734e-01 2.494415528703958218e-01 -2.905492272984850355e-01
-2.494157496995043299e+00 3.390172101173792862e-01 1.517517353411675929e-01
3.917352553424555683e-01 -1.565233501493402235e+00 -1.267172889987210116e+00
6.600410822686020307e-01 2.485040529572730694e-01 -1.232864675351431627e+00
3.681389478918817293e-01 1.300064789617124461e+00 -1.116854225366584519e+00
8.071249739249243271e-01 1.650360914535404122e+00 -9.736613144659995722e-01
5.706761394532031684e-01 1.064472641837737932e+00 -6.271998311788777869e-01
-4.171194376134630954e-01 -7.642286963310130909e-01 -9.445470555428707726e-01
1.191096269011548969e+00 2.293608766420154321e+00 1.177513255194720276e+00
-2.093268633276298640e+00 1.532933843498473614e+00 -2.192402493332008540e-01
-3.735312511467629992e-01 1.273160024717184591e+00 8.265623894445595088e-01
-9.719352710488102787e-01 2.914463859437568805e-01 5.426631569206421535e-01
3.710404676775562738e-01 -4.412392521712523719e-01 -9.248972748000838795e-02
1.397490616726859036e+00 1.243939185016353033e+00 1.169095644779867271e+00
2.541240782064676518e-01 2.246289237664631067e+00 -8.033199421407111185e-01
-1.086195977343961117e+00 -5.440432229968051869e-01 -1.410731304608317860e+00
2.285605813985868151e-01 -1.173417065279543259e+00 2.713377213189587245e-01
5.147089666459070401e-01 -9.356822391307224596e-01 -1.102859011792613586e+00
1.533849520371024511e-01 -1.261820490355543889e+00 7.184642250966100097e-02
-1.644706060080121546e+00 -1.334486976800709268e+00 -9.216730386500598948e-01
3.967978829188145706e-01 1.211755573460038926e+00 -1.021448804750265005e+00
-1.066156195109581040e-01 2.197236994071588567e-01 4.045899661282951199e-01
-6.574773221593359640e-01 5.402235141078611802e-01 1.772804962510902138e+00
1.903505144859215514e-01 -1.535985702563258393e+00 -2.291857161589641589e-01
-1.466295019140880784e-01 6.870365339741546507e-01 -6.195709165529015294e-01
3.375506031171432442e-01 -1.445018207883277839e+00 -3.948111291904131126e-01
6.672560202321046186e-01 2.026598258437999789e+00 -3.109619241772844100e-01
-1.140050363778324805e+00 1.330579715618997128e+00 1.273323196882514274e-02
2.651168112347423111e+00 1.246844092939181081e+00 -3.233114646803392223e-01
-8.107638389349881569e-01 -3.111232629064295985e+00 7.415402711229515109e-01
2.063951208109680469e+00 -9.873448114673972764e-01 1.065579083149853501e-02
1.131859278852634709e+00 -1.854332932355587937e-01 7.006655616045774915e-01
1.143995227510024582e-01 1.581488862026702691e+00 7.255561465179062308e-01
1.075713199572183143e+00 -1.056189858524205327e+00 6.380511920929755609e-01
1.164598267382408459e+00 4.339520586976196581e-01 3.728767296021753830e-01
-4.665679140667538527e-01 -1.592394202991265217e+00 -3.111816995041321920e+00
1.196757157201198574e+00 -1.369064939156062755e+00 -5.950074801460747409e-01
2.197429275379046310e+00 1.490804825304009595e+00 1.083522420476942028e+00
3.828921738128611696e-01 8.779207096722343451e-01 9.511883634585021063e-01
-9.757448874926097915e-01 1.223823561551568018e+00 8.935511479797690892e-01
-4.585865700696013514e-01 2.628533399242550805e-01 -3.262978617428441974e-01
-2.461328347759875745e-01 -7.157371780893894142e-01 -4.372823248429407728e-01
-1.344505052075954055e+00 -6.245183741658876242e-01 -8.090860986684380585e-01
-1.761249090273390161e-01 1.791281844288150626e-02 -8.158188183038876939e-01
1.600119751125135714e+00 -7.089702363074861236e-01 -3.034527546379183205e-01
-1.916155289325016886e+00 -2.661051450137675634e+00 2.079290173193421021e-01
-1.139617195773442448e-01 6.279220235363283109e-01 -1.727901607367121395e+00
4.485611457215477049e-02 9.633049887528919442e-01 1.375984077639965442e+00
1.197261821811554938e-01 -9.110979800453757882e-01 4.989810704326618218e-01
-7.668920541481918374e-01 -5.479335398907410060e-01 1.713064975060193951e-01
-4.968567210775977072e-01 -1.914071382519506148e+00 2.448904870448847859e+00
8.440450493479204619e-01 1.253653048251469837e+00 2.061660700435892224e+00
6.070590176337720134e-01 -3.799649776350327857e-01 1.587861658972032242e+00
-5.720889831733195763e-01 -6.257161795711823071e-01 1.174672730353146788e-01
-4.970028723601934151e-01 -1.752409249338067854e+00 3.527291273778149217e-01
-9.170574292657081017e-01 1.691279448614882330e+00 -1.165254700996735560e+00
-1.837945531609431193e-01 1.729593091634643365e+00 -1.336596105318870631e+00
1.198694318819745863e+00 1.302955577965472234e+00 -8.815451298936463065e-01
-1.580847974547282320e+00 8.680384962043941055e-01 -1.195338604657340653e+00
-7.790338551606670325e-01 1.489059153662254609e+00 7.843776368958541578e-01
-1.532463576648828374e+00 -1.076890104539402149e+00 -1.132841807828424585e+00
-1.402751907897644257e+00 1.462401339553718760e+00 -1.728880235880208449e+00
2.541732840681285577e+00 -5.191841671017496385e-01 2.328905492928373677e-01
1.398572161607443576e+00 -4.004496378920351374e-01 -8.050046241235904176e-01
6.129920731509956866e-01 9.395981587522709289e-01 -3.250445399468164798e-01
-9.630052160253529392e-01 -3.456028581241241238e+00 -4.014535810327654608e-01
1.767906060257387946e+00 -2.371121276387947230e+00 4.542296433322154936e-01
-1.646896629048677507e-01 -4.134418642908022079e-02 1.455474237789032288e-01
-5.984474154146302016e-01 -2.588653447385447226e-02 7.407724120492864550e-01
5.313063243730393737e-01 5.733901695779042296e-02 -1.153027909874606016e-01
-1.403372973891094500e+00 -4.332230349801363678e-02 1.313034159758710073e+00
1.786312867746385979e+00 -1.845803834316784853e-01 -1.283357907972804135e-02
-1.810117798268476852e+00 -1.129667939306015390e+00 -1.368009122806846056e+00
1.192023770513954473e+00 2.107559395957991355e-01 -1.167652030639878546e-01
6.674858597264903270e-01 -6.554948885774597445e-02 9.405079047174413898e-02
-3.910160076748595559e-01 5.257387131812790715e-01 -6.680377543012225861e-01
5.500955588630486170e-01 3.135804484191578867e-01 -1.033254504351731828e+00
-7.469854518364029694e-01 -1.175625921069944901e+00 -2.746908313916921474e-01
-2.260346614279473698e+00 3.745948672793147916e-01 3.415565742600905619e-01
-6.453652768474283929e-01 -6.653719913471868308e-01 -1.260625380033065790e+00
8.716889989310179221e-01 -7.950667404939620875e-02 -8.949225125139808057e-01
1.257923128967878279e-01 -1.416195908748381749e+00 1.129872562347419729e+00
-1.355823770813988194e+00 1.218435036094038804e-01 -3.090388841057886138e-01
3.296972782628669885e-01 7.920540416929496841e-01 2.717869981389143819e-01
8.154050190514747776e-01 6.792436134151851324e-01 -9.592234142787305906e-01
3.103432550651477051e+00 1.488638166850967837e+00 -9.187906427056706793e-01
2.578935483675194984e+00 7.079715564494089008e-01 1.567331664098929656e+00
-5.714594268357772178e-01 -1.073047359003792556e+00 6.046733231529031194e-01
1.415612134858904358e+00 4.512787887728513803e-01 4.880369024374447418e-01
-4.570126458576835304e-01 1.118220498691745224e+00 7.364493930590294557e-01
2.173075518662550554e+00 -1.008400154317318442e+00 -1.249146336311987016e+00
5.824796078766317775e-01 1.055441322684745331e-01 1.779401372107189072e+00
1.299827104760270524e-01 1.718414651060427900e+00 1.305790279152678313e+00
-1.343791708585378331e+00 -1.119706761589870592e+00 -1.214681477994066894e+00
-8.251979801853259744e-02 5.691360828304375952e-02 1.849620174557335739e+00
8.682905839485928201e-01 1.949009535931152115e-01 1.555788460199345469e+00
1.234560320000371858e-01 -5.264108873474383499e-01 -1.429046822243734027e+00
7.530035863542207109e-01 -2.076091126810828413e-01 -2.455060590064470638e-01
2.072738999573550789e+00 1.453163328460311821e+00 -5.839015820690496295e-01
-1.216179444283139954e+00 -7.033632608842625977e-01 6.016593817318545145e-01
1.782293458635196837e+00 1.464595931723570388e+00 -6.747491591334919825e-01
6.537375601759256583e-01 2.284432373716177356e+00 1.088004462176320519e+00
-6.717463616819394634e-01 7.817223689367708284e-02 1.409136218814559083e+00
1.045992344042157018e-02 3.097764444078274781e-01 2.635906146036547382e-01
2.722386261246706463e-01 2.167686259952293915e-01 6.070778880951313017e-01
-2.699817965696220678e-01 -1.478379188179435033e-01 -3.213572834524854871e-01
1.541605455589930340e+00 3.612278334047676065e-01 1.274397512058849546e+00
-1.566898601680948300e+00 -1.461737167420713579e-01 3.107160374418694859e-01
1.493168561785792381e+00 -6.348317245553649624e-01 -2.617775860471869720e+00
-4.976051809345828358e-01 1.012692029565093188e-01 -6.430292498880830765e-01
-1.776455129299728153e+00 1.053740311124978568e+00 3.086903129824227765e-01
6.337023110962605177e-01 4.026351137032250782e-01 -1.081599566076357322e+00
-7.113025969313719887e-01 -1.731819366527943327e+00 -1.714027019605582680e+00
-1.786578176167308740e+00 -8.094331993866430430e-01 -9.993723024408924793e-01
3.447697640203881697e-01 -5.666675506040400601e-01 -1.824067010990468418e+00
-6.808835374516906125e-01 -6.695247419178995685e-01 -9.952605653036020739e-01
6.400470030620174500e-01 3.582708238009545409e-01 -2.579216939506396855e-01
1.461172839902859510e-01 1.812205067182324658e+00 5.281152459991159676e-01
8.682136007025520463e-02 -8.988764127002284443e-01 -2.292848248107041131e-01
1.115393496015752439e-01 1.391725126366893939e-01 1.826116633797404409e+00
-7.199556732654129876e-01 7.723880274272816315e-01 -1.027831153722175817e+00
-1.607843729083007656e+00 -9.921235174247566846e-01 2.224956313970516408e-02
-1.647938970327729180e+00 1.370049034342657235e+00 -1.963862177337145631e+00
8.628666947166159229e-01 4.932590496941659519e-01 8.827646860453850497e-01
8.938215655032777374e-02 -1.280427785869518331e+00 -1.267201194205640036e+00
-4.958187227460220114e-03 7.800517137675919699e-01 -4.279337610633358602e-01
-1.330353717491246091e+00 -1.553944351362926746e+00 5.373476557824330424e-01
-1.610791669455318598e+00 -8.151425416846762584e-01 -5.450863589152697974e-01
-4.265282677988504467e-01 2.036476634486070303e+00 -1.073244913759343389e+00
7.875390873040286621e-01 -1.031362351451088788e+00 -1.206091207877892479e+00
-1.177561740657220302e+00 -1.391627992657757940e+00 5.256717319651258435e-01
1.601103841644055947e+00 -2.635096698133021498e-01 1.354896441112453775e+00
3.802539803580617384e-01 4.580040284685366059e-02 -7.704912591750987527e-01
-8.604830832099532589e-01 -5.419957941364095255e-01 -5.028548595497568385e-01
-1.139858499031772832e-01 -1.207260086970334045e+00 -1.276565782443870978e+00
3.357548162243307321e-01 -4.811245534924177836e-01 -4.164621380014732477e-02
-5.991158581614313139e-01 3.129111803397337521e-01 4.768011091359726228e-01
8.375992713449345040e-01 8.740868384612860975e-01 1.636858744003432342e+00
-1.762907458466995925e+00 -6.028505191335277180e-01 6.749726665745499066e-01
6.668813716488218857e-01 7.896593906317643796e-01 1.766548741879197193e+00
-6.799931824901230826e-01 -6.762565137258491621e-02 -5.878471603435564408e-02
8.241301189213776635e-01 1.837768490112415609e+00 5.355786468288810109e-01
9.261818441128879531e-01 1.593364288439823584e-01 2.934741651390646577e-01
-1.527481007552249803e+00 -1.928510254165762605e+00 -7.503894748832140582e-01
4.133458080282146341e-01 -4.169313712033267949e-02 -1.938060401129051868e+00
7.477479585147617236e-01 -1.225751243114302502e+00 -1.145498650670887963e+00
-2.019423184553989614e+00 6.529259295800637908e-02 1.750792905911027653e+00
6.306257795302987468e-01 9.487945217321126501e-01 5.263589426033310481e-02
2.505989351886563909e+00 1.721697568212338658e-01 4.501359272873654005e-01
2.346884926911965152e-01 9.699692773687920155e-01 -8.277251613863614299e-01
1.192149465265014863e+00 1.117533226750326403e+00 -9.110375475313494675e-01
-1.262146322649067676e+00 -9.364447532553290543e-01 2.717633972952009369e-01
-1.540175257002389664e-01 -1.019697811220922734e+00 -6.326254884539386225e-01
8.881790998911189838e-01 -7.604281857463834893e-02 -7.300060798950476215e-01
6.422787453326546103e-01 5.219748684210343548e-01 -3.990257340379316231e-01
2.937042041851883334e-01 -1.073437542023540026e+00 2.456147104263508574e+00
7.927831366616997499e-01 1.347085760406782518e+00 9.591601504833040526e-01
6.754817539998397846e-01 5.441970394882884587e-01 -8.203780942015896915e-01
7.678770739625955244e-01 5.396554419598630359e-01 1.470932738090629854e+00
2.203657157390861432e-01 1.859334440144447154e+00 -1.028476952126543997e+00
6.716334232183763797e-01 3.322836807069849963e-01 -1.167873188974204890e+00
6.292580731459258558e-01 -2.044789917113063460e+00 3.537153266145719455e-01
3.773294459523309774e-01 -1.625490699017578144e+00 1.676837294393592526e+00
2.219781482460733812e+00 5.667635468006718691e-01 -4.134759564383387875e-01
9.032393340103831436e-01 6.659952888435838325e-01 -1.986168393897321804e-01
-6.560950217194005951e-02 9.653789256446880795e-01 -1.154757313546410202e+00
-1.294713309942537194e+00 -5.965049995295399476e-01 -1.384375646906113255e+00
-1.729986636120975252e+00 -3.468757559337986018e-01 1.801846931088689541e+00
-1.132931790728839427e+00 -8.972718089067759362e-01 -6.901328176691678973e-01
-2.042658148353110326e-02 9.832942350248619068e-02 5.418925763151736241e-01
6.558877396429043660e-01 -4.000345146716655087e-03 -4.290234309116280897e-02
-5.278216285737773461e-01 1.258873585718451649e+00 7.145404433833776325e-01
-1.970499368289786446e+00 -3.371635675589746417e-01 -2.696202091872808015e-01
3.690313275682659544e-01 -2.391704832630611399e+00 7.142228540966633066e-02
-4.062677960176189207e-01 1.243742619254672110e+00 1.318947328837916544e+00
-7.156237496424225908e-01 -7.932622424050383980e-01 2.470290059352735490e-01
-2.403822506540083115e-01 5.722951861246788896e-02 -1.134053808820956855e+00
1.012381369722783475e+00 -1.275060443032591362e+00 -1.739389778857857172e-01
-7.200944586748333487e-01 -3.351036375615996654e-01 5.618534026534933723e-01
-4.045643201553666968e-02 6.113510733387814700e-01 -7.523457096615169259e-01
-1.633382124156170789e+00 -9.852839300783280407e-01 -2.509992386801773723e-01
-1.285402912750126525e+00 -7.155933306918966785e-01 3.432843082986214434e-01
8.421304013497967755e-01 1.714772562002712775e+00 -9.901018428924281967e-01
8.767293654199326269e-01 9.731370201865967573e-01 -3.706257557667292923e-01
1.370145990313797357e+00 3.257548294216615625e-01 1.551549757648023053e+00
7.853100141067970164e-01 -4.436763511803429871e-01 -1.462104233623112703e+00
2.936897058001199934e-01 6.332064458563655407e-01 -9.757173512773009705e-01
-9.468864000642347456e-01 -1.711830543478932709e-01 1.088311738479529334e-01
3.453579258117241979e-01 8.058563850147842933e-02 2.176129014932614680e+00
6.121168503658573901e-01 -4.127792872410536162e-01 1.114784692164573432e+00
-1.855265091053389215e+00 -1.582122825806526967e+00 -2.653197418576614952e-01
-2.769898932441812178e-01 -2.008544997985168390e+00 1.458270111083582732e-01
-1.014066999312770001e+00 9.518475879624107572e-01 -9.940832584975034525e-02
9.622594374073836221e-01 -3.954111666180631923e-01 1.225648652261293048e+00
6.692727890201827234e-02 2.131384889597600640e+00 5.304688374526640438e-01
-1.865787229511182144e-01 7.522577856812984187e-03 1.888512981138273483e+00
-2.297103473604648727e+00 -2.171836257909124157e+00 -2.990568422201942966e-01
-1.341854052616334503e+00 8.190827624623506775e-01 -9.159109500699913475e-02
-1.297400538550080196e+00 -1.430911748209141354e+00 -1.583582413958854129e+00
6.620006596752224803e-01 8.931557849892542977e-01 -1.043468169591426520e+00
3.354359851955300842e-01 7.851181058055947126e-01 -1.257566339173166181e+00
9.400855686895401853e-01 -6.827297635276434740e-01 -1.556132467619435022e+00
9.836576250224047246e-01 -1.273899793762599986e+00 1.437659952730561574e+00
-3.280450925243875160e-01 -7.369266773965803541e-01 -7.335408371723434184e-01
2.412405394491857757e-01 -1.338616664143292390e+00 -9.585641951754322321e-01
-3.974118657011863620e-01 -6.383324504809906319e-01 -4.155023874450968768e-01
2.245964830271466539e+00 8.963962090255110926e-01 7.229862836359466360e-01
-1.123502732898257195e-01 5.804732080576715525e-01 7.965512431855437114e-01
1.745169344559277969e+00 1.983278634103172511e+00 2.244167937284754721e+00
-1.135351654060016813e+00 -1.156466156091605857e+00 -3.519338430992907663e-02
-5.102501928722813496e-01 5.954831300057837895e-01 2.894345236856581405e-01
-7.802508601531104038e-01 -4.790838504572254020e-01 -1.216328820852657699e+00
-1.044974757838831092e+00 -1.704865517724066359e+00 -5.137967018549580711e-01
1.153769795514709706e-01 1.447769911129708653e+00 6.744130955189662213e-01
-3.379711131037209104e-01 2.168110146122796955e-01 -8.777101725631422102e-01
-1.075024878554081686e+00 1.984247523088688014e-01 -5.712740069833370793e-01
6.698675812727179490e-01 -6.953148371680166751e-01 -3.734151021211508104e-01
7.554983791464704446e-01 -4.388657142509407860e-01 5.072033309730272777e-03
9.177465337056286421e-01 8.752666416227470325e-01 -1.488762095083579817e+00
4.669000001017437618e-01 8.411158487720055144e-01 1.901687148961817675e+00
7.291095633121080777e-02 2.063317247487764239e-01 -2.816074631000590189e-01
7.240637563605452076e-01 -1.714206204359573160e+00 8.422142380780595072e-01
-1.378204148501960491e+00 8.283375966410416735e-01 1.412932663981098846e+00
-1.739046740124808643e+00 1.913134310588071374e+00 1.765229454050980751e+00
-4.529360015361932890e-01 1.692208244115951388e-01 6.174373647741634441e-01
-3.534720738616018210e+00 7.571163962840687933e-01 -3.254754036258932226e-01
9.139063383852001898e-01 8.469959471923813599e-01 -1.486663247462697512e+00
-9.097071345878493531e-02 7.210056905039883279e-01 -1.654213865346065848e+00
1.481635729079917030e-01 1.432975389107074005e+00 1.162961529289644025e+00
-4.964438616742435362e-01 1.190988242866682700e+00 -4.607550652766074784e-01
3.178649217923795733e-01 -5.306641659851361048e-01 -1.824202249532524966e-01
5.643491619734806175e-01 -7.946464206434444844e-01 -4.952295450822061795e-01
1.078665240985608786e+00 -5.742541682153442517e-01 -1.668495682968194727e+00
-1.124592361457352974e+00 8.790858027304004896e-01 -4.232895454439045135e-01
6.452352270146690660e-01 -4.354023138551543770e-01 1.416879717917334802e-01
2.255208079473994820e-01 -3.496623479325272621e-01 -1.066547034580190623e+00
6.178910401381829676e-01 -6.916589458597521833e-02 -1.207909842432869141e+00
1.242124539352788437e+00 -1.889106305885678849e-01 6.165494158777922173e-01
-1.469921472536313001e+00 -9.730891868430393554e-01 1.020168028523767756e+00
-2.109224318692015654e+00 5.089899899803197458e-01 8.430092778056266223e-01
-4.292902983132712569e-01 9.998251187079739699e-01 1.550135703600792891e-01
4.282299628045149742e-02 1.146745459658221167e+00 2.840573188059292153e-01
1.241646362404973170e+00 5.337654795356323589e-01 7.525063007128577341e-01
1.098128209422325030e+00 1.781257970935257173e+00 8.908032499514773050e-02
-4.583833051158469063e-01 5.104059112409687904e-01 -5.870433856559069685e-01
2.236876551271174574e+00 4.188481782333718373e-01 -4.645409043089245849e-01
9.967128897232435669e-02 -1.425007650026727912e+00 -1.391679677689911854e+00
4.748275244592985445e-01 6.881800336745550473e-01 5.410400311448921862e-01
-5.574865076568923383e-01 4.242020856826778097e-02 1.334869030957670510e-01
1.217430668900663537e+00 2.622342137064972434e-01 1.118637319020787224e+00
-4.538289245226464486e-01 -9.958420462624633096e-01 1.272614353561863698e+00
4.842288974794002332e-01 1.308831880387578916e+00 -9.970003421066344629e-01
-2.461479058032465250e-01 -1.552998992924063071e+00 4.940712605765757992e-01
1.947825564248162333e+00 -1.388442306568654638e-02 6.185998194036612663e-01
-2.364255830728796415e+00 -9.198627394647109767e-01 8.082582454029869634e-01
1.822910995835741899e+00 1.178742322498961936e+00 -1.089495725145088523e+00
2.123866237956613556e+00 5.403212330730575719e-01 -2.880138612224812933e-01
-5.521566315133347169e-01 -1.011484801378934151e+00 1.605055911667523816e+00
1.301616866097081937e+00 -4.259565872114851048e-01 9.984326629779494144e-01
-1.039069529742768783e+00 -1.789035657053232864e-01 3.391377495995406832e-01
-2.344568489607539163e-01 -7.573431191293589215e-01 -9.060524204815079141e-01
1.328170162643948160e+00 1.149595384294730405e-01 -5.142246025300698520e-01
8.612709563014364633e-02 1.652545440197192406e+00 4.096302381469052456e-01
-3.415786102766175669e-01 6.694769574942256440e-01 6.630750474879458789e-01
1.684112657145758751e-01 9.485586669362081613e-01 -1.122268799932595096e+00
4.867373389214573187e-01 -1.612051002198315652e+00 -9.685498865551369629e-01
-7.887932124762275787e-01 -1.675621364814483982e+00 -2.041546031373568049e+00
-4.852353583885155586e-01 2.810289571969358580e+00 -6.053452000794241616e-01
-7.280753199404749187e-02 6.386769830601597420e-01 -1.714684830840304874e+00
4.983699390514633731e-01 -5.776342014010094061e-01 9.577633961537918017e-01
2.052777452867308727e-01 -4.994875163742514834e-01 -4.948023272520821747e-01
3.016202032005675937e-01 -2.358675904850114913e-01 1.623239584863886531e+00
8.057534444532477025e-01 -6.438612243875856400e-01 -9.997244304865586795e-01
1.070259872542138613e-01 3.073368702752440340e-01 -1.206816183638535600e+00
2.417194032818420268e+00 2.308895340358800286e-01 -1.208935696032420459e+00
-1.121856314995013926e-01 1.756363432807046543e-01 -6.788273314968978900e-01
-1.239219619494788538e-01 9.261260504825612472e-01 -1.448014904834576733e+00
4.816969610557237935e-01 -2.177603285545325340e-01 -7.054533530490281201e-02
5.339906611213698362e-01 1.232698062091564184e+00 4.371279807809321238e-01
-5.107428332639818436e-01 -3.903471004120162569e-02 6.811073616258408459e-01
2.448074821277042012e-01 -6.312979745347553351e-01 1.582181344417047608e+00
-1.048968143411396436e+00 -1.850300816496815437e-01 -1.133111003823391028e-01
-1.450414927695938827e-01 2.710511032810651311e-01 -7.906321354929841672e-01
-1.799204677286087017e+00 -1.254269356613805897e+00 -4.029441944759182270e-01
1.339311304542427861e+00 6.894587166893034746e-02 5.587957788075098575e-02
4.796582415902925778e-01 1.770588327590203015e+00 6.242488826037402294e-01
1.213688927365994541e+00 4.459341420654093224e-01 1.079299595904003262e+00
5.745832472778393818e-01 -6.407017679430376811e-01 -1.785764507546905855e-01
1.387418846774926884e+00 1.161785352641778180e-01 6.079481414438288045e-01
-1.117794655148656391e+00 -6.081497502851029857e-02 2.445314105556048445e-01
-1.575583743307529039e+00 3.288787439460849615e-02 -1.622646572843666202e-01
-1.614656978986292568e+00 3.753131845349783613e-01 1.112924338840574956e+00
1.346614771456957849e+00 1.239754556805667818e+00 3.355866658025908889e-01
-8.617315366737099414e-01 -6.399882778353616075e-01 1.568601157821966741e+00
-1.029884107233993484e+00 2.468063157563562537e+00 4.835886052308489003e-01
1.099967364205270748e+00 1.158792578201733203e+00 -1.055592508341298918e+00
-7.450391724453164777e-02 1.706899420750538576e+00 3.653877877039247157e-01
1.031724133347722283e-01 -1.000070501798662859e+00 1.073023562843334888e-01
3.068142686049231127e-01 -6.379107272926503036e-01 1.124158610696668337e-02
3.967621052969320106e-01 6.101669110158529641e-01 -1.087971587864435152e+00
-7.443690111844787349e-01 9.318181009857845476e-02 2.020022654334580281e+00
2.420579299456695477e-01 5.493699872420321206e-02 -3.314172333794976333e-01
1.219735803329097257e-01 4.638635506449139134e-01 6.627871144987982355e-01
1.202677872698429518e+00 -3.195290936493538902e-01 -2.070397768670854788e+00
-1.755810174941992763e+00 -7.810050697290116251e-01 -2.071734463982533025e-01
2.202260573740493221e-01 1.721419085693188133e+00 -1.087000924002001323e+00
-5.656110459445455874e-01 -1.683456282510400026e+00 -2.331388083474505990e-02
3.761853592983855910e-01 4.507538280497360716e-01 2.595659962578444446e+00
-5.277689256358089054e-01 2.124508674981234524e+00 2.819223183432211788e-01
1.411178531174219319e+00 1.638145382710108677e+00 -3.569601365189541964e-01
-5.873682445614625269e-01 -1.650288556297716092e+00 9.094240013588912319e-01
1.671096226534290352e+00 8.973503082002209918e-01 6.471767900787865901e-01
-1.412032205442486088e+00 -2.129751199584420718e+00 1.348988871252208011e-01
1.426614174179257954e+00 1.202731251688257341e+00 -6.717280192724550680e-01
5.744335373626533459e-01 1.752603693514058314e+00 -1.345689590709595373e+00
5.611178579365899699e-02 2.294664090399487044e+00 1.411127968491889817e+00
2.519984940157416364e+00 -1.632887368925802996e+00 -4.700055904236468685e-01
-4.924605505644565340e-01 1.047028416292771213e-01 -1.516129645975597295e+00
8.000881528220199490e-01 2.368126001131030667e-01 7.781793276034217888e-01
-2.208763880851530637e+00 4.595226168881066942e-01 4.520402211746876731e-03
1.567948244057065343e+00 7.587870143761374919e-01 -7.132735297306647126e-02
-1.021904538463967782e+00 -1.537874342733935862e+00 -5.997469114640734400e-01
1.345345949066340197e+00 -4.418254670452523847e-01 1.717424689049361852e+00
-1.432320041029812696e+00 -1.587509485815265187e+00 -9.304358691702229178e-01
1.055231261449038449e+00 -4.804485219280328900e-01 5.669819011328069980e-02
9.683675210435225278e-01 4.101604336466795897e-01 1.861336252042922856e+00
-1.425030605712643172e+00 1.493460552452653411e-01 -2.374040280067838182e+00
3.574698667570846977e-01 -9.781076201551354155e-01 -1.439238019193917140e+00
-1.535598404028402086e+00 -7.018313410064783708e-01 -1.309313089392146301e+00
4.372478295456313502e-01 1.129176537229008792e+00 -1.152667573846200888e+00
2.215740745963426406e+00 8.879600400970846241e-01 9.677157191071119602e-01
-7.525607725918990187e-01 -7.397694398220432399e-01 -1.034199481737135273e-01
1.224236856427375786e+00 1.704573593100332740e+00 1.243217273309002557e+00
7.237958806838418191e-01 -2.978958631267558665e-01 8.962989223230899416e-02
-1.769689531437251162e+00 -1.466598527192054080e+00 -1.461816540528511510e+00
-1.928709607662962844e-01 -2.287549822087904250e-01 2.279522606994827116e-02
1.469534101040304686e+00 -4.597014876402047978e-01 -1.492210551730491552e+00
-1.082925577973389952e+00 -9.332724146403981180e-01 -1.584196610403664662e+00
-8.210404070008883171e-01 -4.914375727930003768e-01 1.560419404618129668e+00
-7.794262382755530183e-01 -1.822522120935978540e+00 5.209855376928216319e-01
-7.144565208461605144e-01 9.382945082967397710e-02 -6.497716739135832587e-01
-3.760413460846636080e-01 -6.224545286292477719e-01 -9.420476994604295440e-01
-8.620241006886368851e-01 -4.473527525878767674e-02 -5.437512190202667961e-01
9.114277013223679447e-01 5.793807243627722148e-01 -5.198152530584605469e-01
-1.344867648618032763e-01 5.347061879540022655e-01 -7.380171078291997144e-01
-1.375581824140027942e+00 -5.606985787621112660e-01 -2.139321754287807131e+00
-2.177091886104412843e+00 -4.173176875099351424e-01 -5.385827707698034317e-01
1.893556904898058724e+00 -2.447137502186957914e-01 4.263833591210713370e-01
6.793261028664452361e-01 -2.441744328984238877e+00 -1.984690329432885703e+00
-5.802149157888198960e-01 7.835533240362591023e-01 -8.988228157200421897e-01
-1.770225115404916227e+00 -4.083239116574454153e-01 3.883913328470811610e-01
-5.416407603786490554e-01 -5.677763254248188174e-01 1.770234901214451373e-02
5.280076677628484649e-01 -1.138394699353665995e+00 3.525262656940864048e-03
-9.596332935040909895e-01 1.520699449479627319e+00 -2.221478434743204833e-01
-9.413509485167614876e-03 1.223576282342073274e+00 -6.371307034479303244e-01
6.626262867450147809e-01 -4.362706540557090840e-01 -3.119369752077705282e-01
1.481923737380910211e+00 1.293630057194520955e+00 2.625136939368819533e-01
6.463294487378684616e-02 5.041391299493404032e-01 -5.568552789820613302e-02
1.711492894529362818e+00 2.277312649547854395e+00 1.337849170661170040e-01
-1.387221303779184067e+00 -8.002238261520171481e-01 -1.956398517644158286e+00
6.317263128536544370e-01 1.120095703615414884e+00 6.318493026529915513e-01
-3.973890310044175811e-01 1.207463666973345173e+00 -8.461984589107669485e-01
4.826286079814638974e-01 2.998138898876563374e-01 -8.034517117634532024e-01
4.064237957278575841e-01 5.745042019752564233e-01 -3.539801922998416783e-01
1.612354275260657221e+00 9.167383701887608094e-01 -2.151403625397554364e+00
5.865474966655048750e-02 3.381423428246843610e-02 -7.103824559925269178e-01
-1.263049878476630306e-01 2.567859662485894034e-01 -4.348885535564182003e-01
2.516998659959738260e-01 -1.307621869861319563e+00 -1.736195685389188448e+00
2.380072636916047202e+00 8.683198444568077656e-01 -9.028768474976116565e-01
-1.081561399011747637e+00 -8.963308224321699935e-01 -5.408119310205704577e-01
-9.575271892366798987e-02 2.603301377709432707e-01 -1.994672692203579789e+00
5.966869061075954495e-01 2.048315649419440443e-01 1.583656738665933483e+00
-1.013251425116847404e+00 9.289439866250732702e-01 5.623476756718761571e-01
1.970248769162064040e-01 1.975641432831082955e+00 -1.716936219863434809e+00
-4.897826230186324015e-01 5.327715865363025216e-01 9.290049270720615038e-01
2.522685869137711867e-01 -1.749184324677947044e+00 -7.248452689470370469e-01
5.438576920652388180e-01 6.126679148674922804e-01 -9.915659383739066079e-01
-1.125521269732036034e+00 -1.689885893872307365e+00 -1.100258508793612755e+00
7.192049039952193024e-01 -8.261350945558177949e-01 2.609382505708960576e+00
-1.022506581193982633e+00 -1.275366042428442093e+00 2.822145933926800687e-01
3.329250678851911616e-01 1.776097616628173337e-01 4.920451138569673644e-01
6.116594110007114171e-01 -1.144315600311368586e+00 1.451003518091404487e+00
-1.686726542925121031e+00 -8.939206609489678268e-01 -6.458611317229295823e-01
-1.272555781063579916e+00 -1.138456535030710759e+00 -3.038661531491460011e-03
8.251156915488280230e-01 1.018258209842616058e+00 -3.844686748809402199e-01
-8.044190866778242466e-01 -1.678243432788405709e+00 -3.862525733420824059e-01
5.641029636941230496e-02 -2.073312520564237094e+00 -2.748141302567849165e-01
-6.404404873128093367e-01 -1.710024825604846699e+00 3.661932778426636448e-01
1.312235893759336580e+00 6.843063911576536817e-01 1.648351276571125679e+00
1.043284455697455426e+00 -1.360765884695389172e+00 -2.054526801048841556e+00
1.589298897615151862e+00 5.541517295911024821e-01 -3.869945658722463433e-01
-1.752718901462091416e-02 1.341899709915923777e+00 -1.704362936125123351e+00
-9.945548343048283835e-01 -2.165208259683214731e+00 -1.182329498345137120e+00
5.516261729154509075e-01 1.464148848024780403e+00 -1.322305984745981267e+00
-1.446747781822447454e+00 -1.044269503185863313e+00 -7.313385560438195876e-02
-1.414049674634573872e+00 -3.995082895961793445e-02 -1.623700676442712210e+00
1.430383459744936081e+00 -2.773867081869993978e-01 -1.243471019616025908e-01
7.333249638958063699e-01 6.266271616238496822e-01 -8.772635669511301693e-01
7.107751150890921910e-01 1.323487338992196616e+00 -8.830076690969519415e-01
