6.201589524816291110e-01 1.117203109707419095e+00 8.001703199558274360e-01
1.242044160577335576e+00 3.081644476383850750e-01 -3.876289640848362694e-01
6.989178799015069998e-01 -3.148435825160561530e-01 -8.752849500901141999e-01
1.400855949264411926e+00 -1.837278591743330969e-01 3.771097744813518560e-01
-3.306175669413319307e-01 2.405564510962747704e-01 -1.453700601807934589e+00
-1.916607517253090531e-01 1.032464731440226324e-01 -1.871727001195994111e-01
-6.017458725291452426e-01 3.688861570058679096e-01 2.504116398650081399e-01
1.431102081303557316e+00 7.855873252542587837e-01 1.385141164270728087e+00
-8.438536755710756010e-01 -4.564031431657530335e-01 -1.120000843948129265e+00
-1.369956465693533687e-01 6.909154846674659955e-01 2.600255136478842211e+00
1.775827959864925143e-01 1.159456453315843572e-01 1.633769442335437416e+00
-2.471582937508376432e-01 2.192454601027746364e+00 5.508077547760289461e-01
2.946532435270921013e-02 -3.622987900026138908e-01 -4.221788720872940992e-01
-1.138730407454222382e+00 -7.650564593588710105e-02 -4.226599316514405569e-01
1.477501535064813520e-01 -6.425181980221401634e-01 1.506572775871224956e-01
1.183802619985244720e-01 -2.675054408212621526e-01 1.825514068644851218e-01
-7.662185060036220685e-01 -4.673854533066414407e-01 -1.873117320246755702e+00
5.422137467155928592e-01 1.082815213715822233e+00 -6.006191772129212403e-01
2.506296245225899111e-01 1.962107937044974104e+00 -1.560140709497654044e+00
2.244811764216479766e+00 -2.612069008951027893e-01 8.190390960570985701e-01
-1.123530729679791618e+00 2.057633707337080953e-02 -1.644341389623142691e+00
-1.494540213358926395e-01 -1.812283411237431752e+00 -5.386955092660511424e-01
-3.017002798732302260e-01 -3.809913541925411540e-01 -1.170662286289030574e+00
2.124345363663241670e+00 -1.117564136500753813e-01 -2.817175226345569605e-02
2.911057666252219178e-01 1.086623191182197523e+00 1.338983413874504924e+00
-5.729686221561705040e-01 1.365407629324678407e+00 -1.801538696880282675e+00
-3.452056414987195732e-01 -1.712461308368190549e-01 4.873354010810986292e-01
-2.522201215824003029e+00 -8.062040126283718244e-01 3.279746426072461807e-01
-2.543979409966528049e-01 1.752868155233287872e+00 1.012929820418008831e+00
-4.357694342590687775e-01 2.321119203739840930e-01 1.030355466738186010e+00
-9.650835820920000696e-02 9.357852323706694619e-02 -1.594911845741041834e+00
6.600370694478304712e-01 1.376168921116224908e+00 8.156349472416052349e-01
-5.246169558757783902e-01 -1.275161619169159710e+00 7.737559301587766392e-01
1.980320340722189210e-01 -9.471285647859981616e-01 7.245077048054988644e-01
-5.998912673140308627e-01 3.275717924495642475e-01 -3.778584179213717587e-01
3.633453175440215510e-01 -6.809203020781504634e-01 -1.103920627793257392e+00
-2.115772354703294944e+00 6.214177082356640014e-01 -9.109946206317220962e-02
-8.964963354881376745e-01 -9.441138054295894477e-01 -4.465862946451237825e-03
1.644723709839614134e+00 1.401590720592795547e+00 1.002494338901868343e+00
1.467101749254734688e+00 -2.357981864446752063e+00 7.361640304528203060e-01
-2.699052646356165930e-01 2.620111803120247496e-01 -7.223281426103592695e-01
1.127650753148906393e+00 -1.619883034255242271e-01 -1.699268032335186085e+00
-6.173103486352777836e-01 7.344156978170921501e-01 2.159802177109870769e+00
-7.007580689299974797e-01 -3.134386090117157186e-01 -8.994835279174367981e-02
1.631629387451426938e+00 2.019816816422198791e+00 2.685575406533161402e+00
-1.848406079577082362e-01 3.461606475850333986e-01 -1.359515940831986347e+00
-1.730058135666961761e+00 5.053749597621537415e-02 2.928068659193476808e-01
-1.224362136790805855e-01 -3.781787290085630859e-01 6.294839079119196601e-01
3.018610318713447205e-01 -4.534327015758544688e-01 -6.865697719073488026e-01
2.019071648972843303e-01 9.885181465374970333e-01 4.244282869789443025e-01
