6.479472057327362311e-01 -9.240266272555002214e-01 -1.490347133325581996e+00
-2.572515873606231462e-01 1.521096576891308727e-01 -1.527468750801399988e+00
1.403820305867788054e+00 7.828978951599621094e-01 1.129444154428752123e+00
2.274596178473266228e+00 5.858897673720673271e-01 2.988124772517040117e-01
-1.243577169634809687e-01 -1.206202802791879192e-01 1.613581394727561680e+00
1.057086516529526010e+00 7.767447271780548723e-01 -9.478535347656040777e-01
1.401777805859317771e-01 -1.959869742363978373e+00 1.790740156070727007e-01
-8.996190689122961492e-01 -5.659639551333556229e-01 -1.100832555067652763e+00
7.793887639699456082e-01 2.641908942949645844e+00 7.469529958279381709e-01
-2.668282415400098362e+00 -1.046118919439873451e+00 -1.084726565557464939e+00
1.668395838964119804e+00 -1.456949594115194202e+00 -1.585526968376327117e+00
2.477986431153156310e-03 -1.908000633526157452e+00 -2.415705989408031940e+00
7.313383339018475482e-01 1.390027668724089560e+00 -5.948848834769195904e-01
7.055133805080570086e-01 1.320033174071496118e+00 3.325056843138406437e-01
1.161816145408154144e+00 -1.050559585038483235e+00 1.466658717591934336e-01
-1.427977843084211607e-01 4.220356170142781638e-01 -1.732236766850838050e+00
-9.007079371112036714e-01 -1.402859439985387979e+00 -1.328447231782177385e+00
-1.530101758657780753e+00 -1.067887578804682214e+00 -6.586057047017047639e-01
-4.471915458213037153e-01 2.739061880425313067e-01 -7.556357338557124770e-01
-1.836015203930025708e+00 -1.966151770740504512e+00 2.735128148710098683e-01
-1.108321625586627057e+00 4.519184974769798746e-01 -1.599647609054843933e-03
5.921244339193668660e-01 -5.556379614655519994e-01 2.241126818304932655e+00
-7.185685606146164917e-01 6.630312591463001226e-01 -1.583908027684266751e+00
6.390338946128470976e-01 1.114462595655948185e+00 -1.449249853126800769e+00
9.270599976831886968e-01 7.576158195262905348e-01 2.165242264824408736e+00
1.912055298839820949e-01 1.494709202777394275e+00 5.165054869405329985e-01
2.161959580291279437e+00 1.161477394229522897e+00 1.363342335085691914e+00
-1.822459987898152223e+00 -1.358950906083386423e+00 -4.173284119441222906e-01
2.752679000680817278e+00 2.084013824883708565e+00 1.896432574274969918e+00
1.570611596453373116e+00 -9.057139891937000531e-01 4.089215334111021560e-01
1.023863624347650436e+00 1.493440895844146077e+00 -4.455568580024231728e-01
-2.361336442060647300e+00 6.989293835966947643e-01 -1.007821336213003405e-01
-3.433836894784124683e-01 1.443720521212262131e+00 -3.796200938878704356e-01
2.031605127158484514e+00 -5.161925414242034549e-01 4.970165963013197241e-01
1.145316325824179859e+00 9.192330441414893194e-01 -7.696298756654600393e-01
-1.761836604855816502e-01 -2.628456373016609948e-01 -1.137755426863682029e+00
3.631918336530447489e-01 3.350179767005195819e-01 2.128864755785402352e-01
-3.492015288049884481e-01 1.762887964979253486e+00 2.506634382499889568e+00
5.323848077043170646e-01 2.099520391735905100e+00 9.206921086888515404e-01
1.517668531494609008e+00 2.488903111877383889e+00 -1.408317743196542127e-01
1.457402474058619779e+00 7.093279172928681486e-01 9.054132820631094480e-01
-2.030016998436496856e-01 -1.379827113391981497e-01 -3.990126697166862524e-01
-4.280188107517462481e-01 4.366519218339592889e-02 -1.711322943510415362e+00
2.097234309055905577e+00 1.274050356940445772e+00 -1.749610240314822818e-01
1.096344266210111940e+00 4.076117745914232815e-01 -4.221283812472846897e-01
1.664848597916358308e+00 1.824660698484813270e+00 -6.898095288583507845e-01
-3.483869201297481455e-01 7.661607285882593432e-02 1.619466091572407063e+00
1.862157312795128750e+00 9.512090614104391495e-01 -4.889416946730254510e-01
8.698592504667532754e-01 -1.078769146880471430e+00 -7.655939503268902602e-01
-1.345693641758809456e+00 -1.037527729491221073e-01 -8.192551268296255351e-01
1.419178559411212737e-01 2.775397175236721248e-01 1.466878632410157701e+00
-8.146854197063142511e-01 9.565899787328731030e-01 9.768096210942118773e-01
-4.571812141516973238e-01 -1.200732291693721310e+00 -6.432071846843137042e-01
-2.293916968306234372e-01 1.473935499729189136e+00 -1.328279852829335805e+00
-1.346240208122486126e-01 -3.037021630256690474e-01 -9.105451729779986403e-01
9.032541039844976805e-01 -3.760742337915790046e-02 5.084204542106049995e-01
1.302575337764802610e+00 6.457130480493934455e-01 1.195255951980508824e+00
3.980677740350267446e-01 1.889247681603976048e+00 1.560628094428040957e-01
-1.146901398296491070e+00 -1.146889276598889729e-01 -1.297521128466628149e+00
-4.558309115451009697e-01 -3.187458351773349019e-01 1.800422593594915854e-01
6.243962354498195921e-01 1.561182791664456726e+00 9.388719780558374417e-01
-6.137687823259329045e-01 -1.046749745807361798e+00 4.223383237569886539e-01
-2.634846778909573084e-01 1.080537997995115518e+00 -5.265776526203631569e-01
-1.729298236309718684e+00 -2.667423359900961133e-01 -1.457592684898489033e+00
6.089465884413622909e-01 -1.097211742985582106e+00 -2.017776785014994356e+00
-1.102395526569246442e+00 5.143259378022829731e-01 4.271081869772154760e-01
-4.700723974610406808e-01 -4.791241214650092117e-01 -1.138319809227096524e+00
-9.301678983425059055e-01 -1.303327160722650646e+00 2.656235138854039501e-01
-1.979660102027868129e+00 6.730618040354183762e-01 -1.955528066986184088e+00
-1.092090290018065346e+00 -7.123590815320923753e-01 2.391987880072764527e-01
1.146935983732896958e+00 -5.512539361487585055e-01 -9.887792596766487030e-02
-2.927819160040479485e+00 -1.226581612919276587e+00 -1.250937258302693422e+00
4.883327744736982168e-01 1.147559933300912771e+00 2.389656441274822463e+00
-8.816631191562773751e-02 7.191280375650110912e-02 -1.101486289743786262e+00
1.935588434598899399e+00 8.882708095531941517e-01 8.375551506598604146e-01
-1.987789654629524838e+00 -4.431634015084534584e-01 -1.907652999659690707e+00
2.720090001101628907e+00 1.853999705558573519e+00 -2.434685822817919121e-01
1.170448264841816854e+00 2.277612934776356290e+00 -3.278255258797543314e-01
-7.337677889382286933e-01 -1.311681922237437625e+00 3.741974640938992014e-01
5.842901575391721281e-01 4.993677016105390609e-01 1.067916408899979075e+00
4.624371441112437031e-01 9.856996496157275356e-01 -6.190804177143597320e-01
4.271344220109150047e-01 -9.214447338796103448e-01 -2.367651281420426912e+00
1.066720269720970116e+00 -1.223307108500210516e+00 1.972259093784380246e+00
-1.255484122429304072e+00 1.428946400969913544e+00 -3.459799325199214293e-02
1.361461934081841907e+00 -1.817020425257185323e-01 -4.470274613990794510e-01
-5.559304091136066939e-01 -2.186437992254761209e+00 -5.219176377923924193e-01
-2.277713462491027796e-01 2.666957760043441095e+00 -1.703620493207349984e+00
-1.353781468433564505e+00 -1.718500397298455828e+00 5.084713600463346417e-01
6.645913935386691396e-01 -6.447633110505557319e-03 3.225379862699220279e-01
-2.155423846638813701e-01 2.479274527827234342e-01 -1.329902883793084856e-01
4.859168704034731445e-01 9.816965860054964743e-01 5.495022349429479203e-01
7.415023673754566058e-01 3.788809657589921054e-01 1.445522500658282583e+00
-8.871935545490733377e-02 1.407920389545096462e+00 -1.061047037077233579e+00
-1.130471987000760015e+00 -3.663733363771821683e-01 -1.097398606213340067e-02
-7.692365836662651279e-01 -2.826504137998716581e-01 1.461663135197906360e+00
-1.329329991751301066e+00 1.507373274696850451e+00 -1.524712282963029075e+00
-9.586792230092217038e-01 -3.072071522441540692e-01 1.163822932427554413e+00
-8.259616364607593741e-01 -2.383722716141767339e-02 -4.233680610708320247e-01
-7.795822476382315847e-01 -1.605627651671992506e-01 -1.071921740696246905e+00
3.575467278908561752e-03 1.228564639785926449e+00 -1.339732937180465044e-01
