1.282127269033208394e+00 1.825662341134003830e+00 8.202658968767755354e-01
-2.338578403630630742e+00 1.994857427632416025e-01 9.661109222671642183e-01
7.979828812584717213e-01 -1.949331603227050458e+00 -6.668621436558971327e-01
3.283626015953136079e-01 8.538681412626676348e-01 -1.044842313322740690e+00
-7.271199563497915408e-01 7.985370484562241966e-01 -2.500184795065860666e-01
4.268689416411160509e-01 1.892086045281123008e+00 8.411048859726339977e-01
1.163932248883887466e+00 9.549528238268134572e-02 2.776409702689528469e-01
-1.084119213753628186e-01 3.262652760131930396e+00 2.102949178564175736e-01
-5.087847912420508933e-01 -7.530400192603498022e-02 -8.722864268608861993e-01
6.037574943420337403e-01 -1.040765824645936144e+00 -4.167146014296304601e-01
-3.704753295817664327e-02 4.557930559362572964e-01 -1.459427340272585472e+00
8.590107748690478662e-01 -5.765366161644214227e-01 -1.860440375503187083e+00
7.506107227810605576e-01 -3.095883632792281737e-01 -9.922404287078807616e-01
3.279329743657729779e+00 -6.168516362891007798e-01 1.672610893393899234e+00
-1.549066519510990947e-01 1.548638974893152165e+00 9.186807029658637935e-01
2.618151550105030090e-02 -2.503676799638047790e+00 -3.281370587715068954e-01
-8.722407543749242098e-01 5.566666715470742766e-01 9.628364944597067598e-02
7.291010309918035670e-01 1.010872843411611877e+00 1.612967022172397402e-01
1.988933257445736569e+00 1.572185035202659176e+00 4.911376426176162213e-01
3.532004059896800552e-01 -1.882233399377909455e+00 -7.228618504678424594e-02
1.521101081073942485e+00 -4.332980033876673298e-01 -8.955526119009409314e-01
-1.039053555011407726e+00 -3.563484734092458028e-01 -7.248725319595381578e-01
-2.633874290248045646e+00 2.524876100651893829e-01 -1.171091756930723538e+00
8.621001550988616202e-01 -1.360843477649159805e+00 -4.316010925399460518e-01
-3.382380031453657843e-02 7.478245442464381831e-02 3.998448071082020272e-01
2.325334111453630781e-01 1.272454641586155510e+00 4.683776295344543872e-02
-9.951480012502436079e-01 -1.231853120331993789e-02 1.248447376654819863e+00
6.177791966581656080e-01 -6.011138548248373681e-01 -2.775827075850580417e-01
8.697300719511782408e-01 7.149432137762231632e-01 1.775745148861610501e+00
-1.520128142559798334e+00 -6.548440592133244476e-01 7.387692448451609328e-01
2.246254892195660879e+00 -1.217956999831746767e+00 9.519053463793636372e-01
9.630000385187800216e-01 -6.856202760935297125e-01 1.763667727872679336e+00
5.950818927923576807e-01 6.966341146733934231e-01 5.041840729126266796e-01
-4.258942377498358134e-01 3.738737168678578637e-01 -3.800427180896910340e-01
1.311525657324197791e+00 4.490655814120702027e-01 -5.934805551621402664e-01
1.052070763154233202e+00 2.317602397625448951e+00 1.138886714217019591e+00
-9.319626270559098202e-01 5.087638404861014596e-01 1.276027074001236716e+00
-5.099893547106449931e-01 -1.183003217641731553e+00 -1.463137080663869494e+00
-3.735669955845899448e-02 1.470697810167412189e+00 4.816673407360326231e-01
-9.956582083907785652e-01 2.422353242965169517e-02 -3.920557205569623616e-01
6.842141245563464480e-01 -7.720524560053667606e-01 2.623062560447918523e-01
-1.097528141130645896e-01 -2.881354357977071956e+00 -2.240622402025641779e+00
1.800840818189693993e-01 -4.827388513170083328e-01 9.064186573113103274e-02
7.742594421801585192e-01 -9.606616458288743665e-01 4.652671970182226668e-01
7.288646735762033257e-02 8.764286141286621312e-01 1.445529237695452274e+00
-8.182693694463218925e-01 2.069744071869847435e+00 -8.521438669505667640e-01
-7.868334304122274192e-01 1.974999531252241702e-02 1.555841382248444038e+00
1.777961635981503141e-01 3.654502384749781507e-01 1.566120972335122152e-02
-1.195653745622972774e+00 1.632653516206537425e+00 1.419770733644482585e-01
-1.779412700616456178e-01 1.444497036033955961e+00 1.091866353219081986e-01
