3.294385230143836996e-01 -2.310376756409263432e+00 -1.258712702636550995e+00
-1.470841222910477808e-01 -1.781729408362265010e+00 -1.970833086514557353e+00
-1.397917669433748511e+00 -9.885632832410931048e-01 1.371424587455520872e-01
-2.393655928182136794e-02 -1.143717743223627292e-01 -2.157448405902750110e+00
3.235563840812830660e-01 -1.296758303600873186e+00 4.332539939090722658e-01
-8.693845232298694770e-01 -1.795207582895059550e+00 -2.748144153367586551e-01
-3.646659924560209376e-01 3.030300242712169467e+00 1.977025468569496347e+00
-6.095154698442237784e-01 6.822958185566991851e-01 -4.205534528956249574e-01
-2.939238429280877085e-01 -7.690168232654552849e-01 -5.029844307012955040e-01
-8.975511963669540183e-01 -1.107288922443194767e+00 -1.187947740191310775e+00
-1.416423535934848155e-01 -1.786383256197672020e+00 3.266876794413066110e-01
-1.905962186467637931e-01 -1.910789252485198375e+00 8.469107861484646005e-01
-1.505980791711698297e+00 -2.298808434539640899e+00 -6.690724172283488702e-01
8.441099820253189501e-01 4.282242074615663086e-01 5.071843663452341167e-01
-5.604089569504242530e-01 2.644408814336396962e-01 5.718262842233554633e-01
-3.840337164927845048e+00 -4.672901774788449369e-01 -2.987037585491922886e-01
1.527393340040787084e+00 -4.799326813354588550e-01 9.336128567015259394e-01
-2.181995719301212944e+00 -2.205767175005931335e+00 -1.517293077520407429e+00
5.105188141352521303e-01 7.378376267113928577e-01 -3.536964269105955516e-01
-1.488139457306298041e+00 -1.155575090150047224e+00 -5.915742456380086445e-01
-1.775057124523449770e-01 1.160056063847875629e+00 9.216168679947411846e-01
-1.796013965587714978e-01 2.142624800519144834e+00 9.244301973914711423e-01
-2.169232734986870081e-02 1.202961961328943286e-01 1.864802503955993895e+00
1.680329478443627345e-01 1.773767022069265287e-01 9.726036345297816021e-01
-1.379623529135436844e+00 -6.456122655076326211e-01 6.432859074274097644e-01
8.928808181634262375e-02 -7.350042707074995185e-01 -1.214794864026708110e+00
1.765442940448523901e+00 6.850226608712036702e-01 7.005076985154324865e-01
-1.011173856138395166e+00 -1.291852913665154645e+00 1.066986705318423434e-01
-4.534704979958734672e-01 -1.113974808011888307e+00 -8.017184156316121690e-01
-1.672403330036372093e+00 -9.198545177633390413e-01 -8.006481502839317699e-01
1.481257460052313180e-01 -1.240254809524284241e+00 -3.561942168581637702e-01
-1.231714565695164021e+00 -7.217873124496376747e-01 -3.175015383464903085e-01
-1.979821755864938693e+00 -1.024950675930630162e+00 3.702555304778046841e-01
-1.457319957634738206e+00 -6.410738472537058641e-01 8.810069627788625901e-01
1.188697636508392108e+00 8.259477598200616333e-01 4.647129910071654546e-01
1.359138253641704264e+00 1.700767891299764800e+00 4.166786169239247717e-01
1.219962942085089708e+00 -5.374983251264171535e-01 1.518620454238616579e+00
1.327045014630895636e+00 1.336028022302579554e+00 2.250624354539179084e-01
-2.106431875247457564e-01 3.081381785791303951e-02 1.266317809353723511e+00
8.395514296812993660e-01 7.920827084686643538e-01 3.856885551602933782e-01
3.675731561058895869e-01 7.137954885459896204e-02 -5.668348987405170680e-01
-7.241716163548483909e-02 5.065181587249465434e-01 -1.467552938212125291e+00
-1.780958675402087632e+00 4.767946685714770094e-01 -8.903308733003751918e-01
-1.444443881643985961e+00 -2.236491995839256397e+00 -3.446587710788980852e-01
-6.936414371775579957e-01 -4.383388398186237600e-01 -1.032816553161579387e+00
1.442563374269577148e+00 -4.261676691958193874e-01 3.732170310348009723e-01
3.299500624531189974e+00 7.609907335003202045e-01 1.029401869446859408e+00
8.005727605504868727e-01 -6.884481121631733647e-01 1.016122873903807511e+00
-1.301107278592274596e+00 -1.534867229995461990e+00 -1.387885306609097036e+00
-4.468497140496813791e-01 6.064106679949081702e-01 1.130239094585442361e-01
9.571292822614887452e-01 6.114618323373566255e-01 2.027380685515499659e-01
-2.108834666273158298e-01 -1.019474079313843484e+00 2.272910007874237248e+00
-1.614521241029765131e+00 -4.368140737494562442e-01 -7.602948479877149612e-01
-4.020105726698342541e-01 -9.180689404962785183e-01 -3.948504986266914152e-01
-9.540551765208620250e-01 -8.433307639232129338e-01 -8.579622578350194484e-01
-2.074968158059691259e-01 2.956222962600986159e-01 1.033534070970909102e+00
-6.192910369538084936e-02 1.276591712790660083e+00 -1.303534660683000945e+00
-1.642812085181483139e-01 -6.040838188949856358e-01 -1.834625920353763151e+00
8.904578884884328804e-01 -1.811872073692716523e+00 1.337105481786473593e+00
1.496764410603298900e+00 2.431604859637051530e-01 -7.519928395693853407e-02
-8.155022086005798698e-01 3.067321461278089689e+00 2.609552104696364339e-01
-9.161641004106879649e-01 -1.608832131955111544e+00 -8.271215621414630403e-01
1.773567703035272558e-02 3.952342616030442013e-01 2.536828839433658001e-02
9.431848032137422067e-01 -8.381286238105019049e-01 1.214914553363853456e+00
-5.682219119317604150e-01 -5.693600558010267765e-01 7.249200113821099301e-01
6.938314486502430434e-01 -7.819381464819047389e-01 2.930633200365539981e-01
-7.601700011404872726e-01 -1.360924328289868646e-01 1.028423176956793306e+00
-3.723771324864062482e-01 -7.702812699276084807e-03 8.397837434550017299e-01
4.221931754807619619e-01 7.681221917826051016e-01 -8.111554754882257523e-01
-9.970866602264469858e-01 7.193063778171038258e-02 4.672294030784564511e-01
7.583991851776293869e-01 3.177069743542889624e-01 1.647435849353614312e+00
3.394525334127163063e-01 1.413192496425494049e+00 1.406135190545825253e+00
-2.519629656130927042e+00 -2.788636819828922420e-01 5.404685309300009122e-01
1.490208173412469472e-01 1.574438238002849877e-01 -4.416260859038428910e-02
-1.396277251397467722e+00 -1.123494667596901753e+00 -5.609347258128951630e-01
-4.487080741800103523e-01 -6.390821226337550787e-03 -8.701863164972183373e-01
-1.625246787992389974e+00 -1.243664520587231426e+00 2.875861273839651622e-01
9.777620447291768269e-02 5.825215223200291836e-01 7.827792968407090157e-01
2.840392284360834241e-01 -1.090492958196896955e-01 1.329172479015374275e+00
3.204779928689320823e-01 7.114434197734320620e-01 2.306486343851668064e-01
-3.878510683284753791e-01 -5.143631803808657033e-01 1.060025160767808838e+00
-2.474432219077885797e+00 -1.542801813744634654e+00 6.992042039838850531e-01
-1.863084224715191306e+00 6.961875863833348888e-01 8.834938070457809545e-02
2.121682303118083812e+00 5.187961192808301369e-01 1.660549110833254405e+00
5.183460009596185802e-02 -7.427781152706687262e-01 -9.168202056074135076e-01
-4.364358507875146787e-01 5.353398764222441208e-01 1.977724854590598547e+00
7.685754335771373125e-01 -3.467873789516633942e-01 -1.372556131722339146e+00
-3.538867827849938585e-01 5.222798894858088348e-02 2.479059675360540949e-01
5.613132886370790775e-01 -1.024800874379107496e+00 2.050103477421409526e+00
3.077793415120383402e-01 6.529007299018680932e-01 -1.378628661149700063e-01
7.842061895257341764e-01 5.112497112775342689e-01 -5.328777628582903603e-01
1.642335599695875503e-01 -1.312522338704735558e+00 -4.148559678523199290e-01
-2.456808258804151768e-01 7.477185100226035885e-02 -8.966831126394892992e-01
8.547133625935035006e-01 -6.112205579050893345e-01 7.584927576246502934e-02
-2.378010191940232776e+00 4.440423261346253536e-01 -2.344944605791813075e+00
-1.294983412038925863e+00 7.298517362035812361e-01 -1.252871593888760793e-01
-6.382825819525445032e-01 -6.649184414137225829e-01 -6.105420727013227689e-01
9.886051740735402049e-01 -6.971738357683930909e-01 -4.627768813024191186e-01
-8.237837932399043606e-01 -5.151980254885808463e-01 -3.742814738311236455e-01
-6.778637811147139036e-01 9.815913743523552171e-01 2.088708554699319819e+00
-4.432141324442921415e-01 -1.341872171981243866e+00 6.491787924964844692e-01
1.045768854690713123e+00 -2.560338726369311702e-01 -1.446930223323470432e-01
-1.382505522934615261e+00 3.986250864742558742e-01 -1.299246373000812138e+00
5.608884913407845563e-01 2.604427501900675734e-01 -7.662571065410261895e-01
-1.313310587390139617e+00 2.038772368035251414e+00 1.218093874390951292e+00
3.456978073584980327e-01 1.228939033653588808e+00 -4.873169039306251005e-01
-1.179030570863813798e-01 9.080862919652046283e-01 6.652656063609314607e-01
-1.043305342439508010e+00 -1.501503181089469230e+00 6.863601820968882050e-01
-3.105147970662345269e-01 7.066127429788282566e-02 -1.009391621722528942e+00
-2.378540195562076853e+00 -2.477603734897040333e+00 -1.017808391943377355e+00
5.539039126186722228e-01 1.761048070508005381e+00 -1.014490732251372984e+00
3.674377295377547759e-01 1.422038379156803645e-02 6.591105007321531595e-01
-9.514283021359580816e-01 -1.310878721361967481e+00 2.486463354918150293e-01
-1.932884896050570900e+00 -2.844433301061285668e+00 -1.281463809483024852e+00
3.200472502672332964e-01 6.977888426775147312e-01 4.244180242944048387e-01
-1.267638973451770568e+00 1.382944523587572139e+00 6.067746585046595031e-01
-3.916602806762820022e-01 6.480605839837410009e-01 -4.478517527254692321e-01
-6.577680950999938991e-01 -1.994837834773999230e-03 3.997123441428647173e-01
9.367113497846870640e-01 -3.712954950964219014e-01 -3.092493957498104740e-01
-1.781108290468476518e+00 -6.699033673989247539e-01 -2.502308307039633473e+00
5.146139507149333214e-01 6.572932874550858617e-01 1.083562470450105009e+00
-8.589159275509710145e-01 -1.635756120887259302e+00 -1.426838741264333299e+00
-2.892261944034141941e+00 -2.055040018833009796e+00 -1.124132228566240288e+00
-3.937315641041124747e-01 1.691463511233344263e+00 1.252057097163099764e+00
6.404617936679168899e-01 1.998789916469635664e+00 1.569206492467609904e+00
3.226235767587283254e-01 -8.268437614466541685e-01 -3.253640662347034862e-02
-2.431518238154975364e+00 -2.270092769477223826e-01 8.789703841475382529e-01
-6.023016047697095088e-01 2.937238816070335545e-01 -1.018736296272386932e+00
4.602340523733754463e-01 3.073197664019801101e-01 8.635107942914688195e-01
-7.067159013943533630e-01 -2.260984936292352865e-01 -3.013102723120169024e-01
-2.509210196951670024e-01 4.899943621588274678e-01 8.175321608214740632e-01
-1.565442646827830853e+00 6.318692389002584786e-01 1.015852271203575574e+00
-1.399101782606802846e+00 -1.229099553987704541e+00 6.425646075823943093e-01
-1.081514034906913446e+00 -8.205173909189128478e-02 -1.015598802912920817e+00
-2.368036048109423142e-02 -2.120712015204703427e+00 8.082931320001048858e-01
2.624793688971488459e-01 3.218004965111589399e+00 3.345022619274581999e+00
4.512489491864994928e-01 1.520147681967367159e+00 -3.307535119074226149e+00
2.267436654912946548e-01 8.216926400867045066e-01 1.785930787835456668e+00
-1.435023276115933388e+00 -3.491233395444537368e-02 -6.125606071604223768e-01
-8.129201935325900408e-01 6.052220945900086413e-01 -2.650764209108260161e+00
2.396480921378008055e-01 -1.651080466986907247e-01 -3.431890089027815893e-01
3.860400810289364992e-01 -3.017295134315634009e-01 -7.404787785682055423e-01
-6.540402495563757412e-03 -1.051666174314855429e+00 -1.901646935835119123e+00
-5.769337402494343348e-01 1.475252855635206695e+00 5.484014919639434993e-01
1.062862831204621994e+00 3.558079640113498421e-02 7.454654322808081934e-01
1.523410910213031100e-01 -1.092311440354280627e+00 2.906017979293362696e-01
1.109671130483421919e+00 7.448469994530095839e-01 5.275810999411142399e-01
4.919687363043934170e-03 -1.266457677080583322e+00 2.578955366264449989e+00
2.150473340736873240e+00 7.984598870157678663e-01 2.688023023087132701e-02
-1.204850550512683416e+00 -1.922061240492180412e+00 1.473710968522516707e+00
1.701862632118433138e+00 2.727136095465522159e-01 1.244740704140994136e+00
1.334502537533516664e+00 2.575972619073702008e-02 -1.865556376377589531e-01
-1.082529960960678661e-01 -1.464327199087013920e+00 -1.527224280095415443e+00
2.502148839497821964e+00 -1.562605889304101048e+00 -1.763276678044948698e+00
1.202583648175358455e+00 1.974373994794559328e+00 5.265661035849251714e-01
5.478919927666939804e-01 5.329745670499252963e-01 7.504585924035609423e-01
2.514073583325134864e-01 -8.045293144361289617e-01 -1.494407913917978448e+00
-1.267293920918927785e+00 7.731193738530890425e-01 -1.484161742116127058e+00
-2.523160541443582039e-01 -1.608203011352610012e+00 4.770262007343983868e-02
6.262324101498342177e-01 -4.007992337982985154e-01 3.061900399855654875e-03
-1.476174408526254478e+00 3.308033104873603358e-02 6.013330371722175327e-01
-4.168305888644059376e-01 1.043683725551611818e-01 5.007744767259798557e-01
-6.157243268166923134e-02 -2.393723151313553177e-01 -1.400967315402498747e-01
8.345974237566138321e-01 1.004858116812891833e+00 5.378164287140243527e-01
-1.457970538132709049e+00 3.143428104511407639e-01 -5.484518597785209559e-01
8.695094531622060696e-02 1.515405094890124538e+00 8.114473033323759132e-01
2.114943109872219118e+00 1.864902392770634743e+00 7.266628736255853482e-01
-4.585948430978614709e-02 5.736630543121652437e-01 1.037507137799722035e+00
4.741479987362925419e-01 -1.094190677077667484e+00 -1.502002296562330308e+00
-7.251373600550227172e-01 -5.612979624509566445e-01 1.405495286052272919e-01
2.917900791886897660e-01 1.080659389581847041e+00 1.895593249897019161e+00
1.093977571345816635e+00 9.414790485010275933e-01 -6.405431974688580166e-01
1.086647574409970729e-01 1.975298131030852611e+00 -9.603410580841365007e-02
1.462621100987928635e-01 -1.086122871101203868e+00 2.382035451054547170e+00
-1.355119688394090138e+00 -1.932354359148978018e+00 -1.571097084553636947e+00
2.686950845862978721e-01 1.347233616066249029e+00 -1.623486139171886222e+00
3.465742991166724796e-01 1.448908667037323017e+00 3.617838622845236385e-01
1.099673413988500048e+00 1.137455576564398996e-01 2.353992590026886766e+00
7.830618371517321652e-01 -8.711413216302330564e-01 -1.303262868702820820e-01
-1.328701638716767719e-01 -1.046922577073998717e+00 -2.770197533767669862e-01
-9.333399101943548049e-01 -1.332839400785978734e+00 -1.239897057952799919e+00
1.884058457185012525e+00 1.046696069561401599e+00 -6.203159811674305857e-01
-4.030537371808922131e-01 3.228374932565621913e-01 -8.773248683520129543e-01
7.702740634571558775e-01 6.073378111643583654e-01 -6.061855143122435452e-01
1.929461836445871548e-01 -6.600749771059597482e-01 2.390887333019876548e-01
-1.066297309423209994e+00 -5.390496320254705154e-01 1.562909264646001328e-01
-1.455763883620495358e+00 -1.702770667531590343e+00 4.518679405668676319e-01
-6.201556231768003968e-01 6.302607901849650585e-01 8.490044884418384008e-01
6.480003741000697204e-01 3.852430995480348175e-01 5.753571785772817471e-01
-1.820509597985641825e+00 1.426386499058871937e+00 -5.273115968512953611e-01
-8.431188568021101837e-01 -7.834051991294550543e-01 -3.363693137756934570e-02
1.008351166621191730e+00 1.771107588170700353e+00 -4.496448661378055212e-01
1.001924489139417673e+00 -1.386538948847546582e-01 1.299849419030663533e+00
-2.988676215496790967e+00 -2.634576903682669391e-01 -9.126070132819184000e-01
-1.391266007447905961e+00 -8.140388850687945155e-01 -2.436502650764369893e+00
-4.370422514231006028e-01 5.353170240078652942e-01 -1.123025576119071056e-01
-3.916645165134030604e-02 1.476456338737413665e+00 -1.201987058874921299e+00
-2.754705892094686970e+00 6.575939733351787719e-02 -4.727780257238764494e-01
8.854812138414391853e-02 -1.221002399786143444e+00 -3.299611192304714447e+00
1.017943401407972015e+00 1.903389990551435096e-01 4.731030661308793239e-01
-2.040320296945402623e-01 -1.551467621498541227e-01 1.639628517190967694e+00
-5.205719868221738711e-01 4.056812235785476339e-01 2.704916806939847707e-01
-3.372722245605875857e-01 -6.889347306940523108e-01 1.267775566590354286e+00
8.850562070721208485e-01 1.214784776138849942e+00 5.435001118145789123e-01
6.971127536899963673e-01 -1.246798140938710109e+00 2.661591727565660870e-01
-6.425507506935796975e-01 -6.094739272635615324e-01 -1.130602923583588604e+00
9.369849199540807305e-01 1.136499585803669277e+00 1.003282132458860332e+00
-4.461332735918703829e-01 1.282550591003900120e+00 1.960003860760456407e-02
1.497420066511443881e+00 1.721868995559786786e+00 1.285837777220528499e+00
5.629020209608911474e-01 -2.656202376574031687e-01 3.318359598919468079e-01
1.626582986799025576e-01 -7.635083431811040544e-01 -9.632433002896088059e-01
1.986283091156081815e+00 -9.591580259421617072e-02 1.146362994508923094e+00
-5.639329522341711698e-01 -1.237262778933970520e+00 -5.338809370377343155e-01
-2.733253192379236030e+00 1.882664583963034488e+00 9.917922282260172029e-02
3.160166916764663991e-01 6.805652549638961935e-01 1.084387612452942129e+00
-2.856275922748520157e-01 -1.325910091453796680e+00 6.777210990282596104e-01
-6.601698247722773694e-01 -3.223369723549600607e-01 -1.744716676662148580e-01
-3.877140225673649798e-01 -4.813432527491380286e-01 2.375379909362881348e-01
-7.733720020240291149e-01 -8.523149775510130421e-02 -1.285806319035396994e+00
-1.976226349322804055e+00 2.135057381665006471e-01 6.833659316785960502e-01
-6.990916540844038796e-02 -1.431687189736230437e-01 1.615707566386019867e-01
5.305613697835989129e-01 3.142583200625165274e-02 2.235549204140236390e-01
1.609111052726552638e+00 1.742211585235766913e+00 7.062865664143291866e-02
-1.506720491791675998e-01 -9.051119012148738374e-01 -1.280133007636114595e+00
1.079111803843567641e-01 -1.029705440499707469e+00 1.995697426265024665e+00
5.235355555352323442e-01 -9.957453803656786118e-01 -1.067872947297618724e+00
2.054431753210610445e-01 8.285219580755190938e-01 7.895287774757657751e-01
2.295520849549496312e+00 -3.373617260252529393e-01 -1.811787204584152100e-01
1.300413149566329363e+00 -2.238777418621535342e-01 -1.163330968064803628e+00
-2.934687494935598107e+00 -8.683638729766697262e-01 1.776233321636799811e-02
-1.747754420513761842e-01 7.121552179941951222e-01 1.351406277964893876e-01
3.944552971609328607e-01 -1.713211172268674698e+00 7.811035764126750269e-02
5.579229407590833301e-01 1.718458240108805324e+00 -8.435272013346614139e-01
-5.195683477524775107e-01 -8.006960344575893007e-01 6.234189196250891074e-01
1.372877591033888178e+00 1.804479896537841466e+00 2.566419308005760236e+00
1.147623517625073308e+00 8.138074072032495110e-01 -4.358091487720199275e-01
8.181629916292287863e-01 1.561421975042823540e+00 1.856677529475598609e+00
-7.356740334761537881e-01 -5.728640406025589105e-01 1.477384702966766383e-03
7.133427875946466434e-01 -7.420579866039753725e-01 1.115922359249087226e+00
7.187125818845445657e-01 9.689352434208322595e-01 2.187586553943441925e-01
1.106359243011812765e+00 1.517489831264736466e+00 5.030743046553034503e-01
2.031731128276007547e-01 1.432587546015002156e+00 -3.712958459439554826e-01
5.504081911981193453e-01 -1.171479144796101268e+00 -1.015795585065384143e+00
5.998267620703057190e-02 4.744175821205565136e-01 -4.189017368341629854e-02
-8.167043922848642445e-01 -8.815413447605910946e-01 -4.893925590447946172e-01
1.113522547770512627e+00 -3.210815604386706656e+00 1.234281669194463804e+00
-1.442103794033773312e+00 -7.669557128079868003e-02 -6.184329220320801124e-01
-4.606728885971537180e-01 -8.214819663811641082e-01 -1.161788175767691111e+00
1.388664152725792800e+00 -1.055950164961881876e-01 -3.046133478969981212e-03
-1.010483962666913982e+00 9.284262997339476353e-01 5.843749959533857119e-01
6.542948661046797953e-01 9.430660889107727041e-01 1.140116772589427452e+00
-1.427299617442693291e-01 -4.738942900714752104e-01 1.148672466307155915e+00
-9.136915679297399340e-01 -1.595703692388281691e+00 2.323900240165757136e-01
-9.196828073211493759e-01 -2.466668519544156224e-01 1.244257547036771161e+00
-7.339519885965826163e-01 1.681321934821814468e-01 3.870163684206707755e-01
-7.465881981571886872e-02 -6.642020101349432881e-02 2.412080564158343599e+00
1.424245009893382985e+00 1.574732232151114131e+00 5.425210378667985056e-01
-8.692790142874828874e-01 1.688567822079431568e+00 2.187728929215853046e-01
-2.192458260401002890e-01 -1.375792190590320541e+00 -1.215429515151716933e+00
1.074792426942835721e+00 1.340992056124141296e+00 -3.084248379387104499e-01
-5.377073915970620455e-01 -4.462156891983497520e-01 1.106942286475434134e+00
-7.189613193800732382e-01 9.933791978666575151e-01 3.367229404152542460e-01
-4.775517071805537306e-01 2.000158868006156054e-01 -7.678960407747945638e-01
-3.628063300876358532e-01 -8.597062147951683997e-02 -2.816967063060989318e+00
-1.598693130231765847e-01 -1.485665715430136924e+00 8.436669484922070250e-01
3.183545338009037273e-01 8.386883224121755021e-01 3.828098160581507869e-01
3.048165445319285238e-01 -3.432723855031281079e-01 8.218091449437043838e-01
1.460629928461855354e+00 -5.907223738452889172e-01 2.085433501713893634e+00
3.215268572008327386e-01 -1.111378465368537682e+00 -5.441648856116421129e-02
2.176187132847029027e+00 -1.124152142675697519e+00 4.735477873939220594e-01
-2.493619168386966289e-01 1.399077057620917275e+00 -1.324697404072920914e+00
3.272631563279717604e-01 -4.528356185955405566e-01 5.430934213953204637e-01
2.507852481332236150e-01 1.132742333121603107e+00 1.144359203723571472e+00
4.869205087530373843e-01 -2.276800479852185699e+00 -4.536035110607725684e-01
-6.030278705662035499e-01 -4.136487291938090172e-02 -7.589129230211231203e-01
-3.448126802961156701e-01 -1.168338391706711610e+00 -7.176283400804777113e-01
7.455021903444165599e-01 -7.321511098395251382e-01 3.405247173424341689e-01
-1.213252153415056434e-03 1.277039699654014537e+00 5.150318038752809136e-01
-3.273365667019234593e+00 -9.454418198199117107e-01 9.826705237120532122e-01
-3.627851001965682887e-01 1.400853151039523903e-01 -1.327249780573311666e+00
1.304304297023248793e+00 2.936338486910098355e-01 9.675007864159224091e-02
8.600353793488406673e-01 5.988994619187543167e-02 9.558758900527202229e-01
1.125089522737116932e+00 -5.147486742011282423e-01 -3.336325688268036993e-01
-2.417464776637179291e-02 -1.349704169499270190e+00 -2.079364021310832200e+00
-5.119532222746913108e-01 8.065513090975033883e-01 -5.470590607885864598e-01
8.900781173973227878e-01 -9.978999666622119236e-01 2.029804122232542474e-01
3.863630390850509855e-01 1.059562828336379159e+00 2.532904679039933438e+00
-3.741892788498044631e-01 6.259639079873013934e-02 -3.404360466999307167e-01
-1.270534443738951191e+00 -8.411032404130931450e-01 -1.261131870958039247e+00
7.197776126153019316e-01 9.893178266545432642e-01 -4.100315751487885185e-01
-7.073233572309562955e-01 -5.038599055711004970e-01 7.155330798732022490e-01
8.833566780696884280e-01 -1.426644507807885986e+00 -2.601124810940233512e-01
1.655951666526492172e+00 5.688105841102598648e-01 -1.182996206183959398e+00
-1.000600823411190721e+00 3.610625093999482171e-01 -9.263292249282215618e-01
1.582147273425726919e-01 -4.830679512378280860e-01 -2.416985091658052087e-01
4.370327060186124934e-01 4.609812241331795457e-01 3.237332458777914534e-01
-1.930195281181893208e+00 1.139715579816393598e+00 -3.712330067691922419e-01
-9.271683866882167724e-01 -3.659703943896930323e-02 -1.015926693226210098e-02
1.134114217313124007e+00 9.021168632065212911e-01 1.039428590365311100e+00
3.083480653493302914e-01 4.829301077185260693e-01 -4.966516820557854706e-01
2.106492990582454761e-01 1.512863184444651843e+00 -2.376446958838095425e-01
6.784347591747712514e-01 -9.908350247549237988e-01 1.209296269132553725e+00
1.596921234296854841e+00 6.315364618136662944e-01 -7.671345715779298580e-01
1.220270973885458909e-01 1.038657103451836594e+00 -3.736842746719029051e-01
1.360743043336069213e+00 8.305110565816693491e-01 -3.544884476450526067e-01
-1.680213121891554806e+00 3.714055211098705733e-01 -1.171726781275249429e+00
-3.055943045168864058e-01 -3.500504448109166944e+00 -4.338384261687121546e-01
-1.432925527353048345e-01 -1.526279757351727828e-01 -4.366421602571489702e-01
-9.143935447937180383e-01 -7.580891962611586710e-01 -7.639525105019042694e-01
-1.944864900222922355e+00 9.576155925332832108e-01 -1.166845463938372074e+00
2.087525912197202960e+00 -4.904436987988594066e-01 1.947196999233709258e+00
1.049479801383686128e+00 -2.427328390342376352e+00 -1.124782101528413181e+00
1.228908435234014274e+00 9.246303406115103929e-01 1.353086174017586130e+00
3.049805323381842848e-01 1.105716930480505233e+00 -5.516213824714539804e-01
-3.627524328875331161e-02 -2.058442415768699796e+00 -5.812091608055395264e-01
1.153341614630561951e+00 -4.411718665374927406e-01 1.149094410795673538e+00
-6.944406744816336019e-01 -8.659980836426830475e-01 -3.320390494906877432e-02
2.137770693793019650e-01 6.898805902743547769e-01 6.133172985232201446e-01
9.202839893210978950e-02 3.949087206774111625e+00 6.315020659456582752e-01
9.098416142652512306e-01 1.262513966783593622e+00 -2.085273035266246744e+00
-1.339233933277958144e+00 -5.807867764991911930e-01 5.656527003452334057e-01
-4.528421964389857113e-01 1.554163131743460102e+00 5.050151826866010607e-01
-9.622177211515472450e-01 -2.953783599131273307e-01 1.376710087832397678e+00
-1.180110920896969007e-01 -2.416633810618455946e+00 -1.156612613352828056e+00
1.361777243580768459e+00 6.975166386725772938e-02 -6.617196816480357402e-01
-2.618803072978249658e-01 1.758289258535863375e+00 -2.906038198433560371e-01
5.412260585972172855e-02 1.409448978807935626e-01 6.206768955628365614e-01
1.277829637719321010e+00 1.335165366071156656e+00 9.130929215283356548e-02
-3.008346847395653167e-01 -3.976402294566869222e-01 -1.002225864692627200e+00
1.439250359081040154e+00 1.026504230241595872e+00 -7.970329538146461168e-01
8.741167890258251250e-01 -1.553859211016883624e-02 -2.503346405505539884e+00
-5.034867583095818944e-01 1.739740575308428849e-01 4.134297152434721068e-01
-3.645884977639518021e-01 -1.157632577667067508e+00 -6.129650091936861278e-01
-7.749788845726999220e-01 1.091266574692283609e+00 2.347421350287282049e-02
1.245511643954193559e+00 1.899841356051623631e-01 -2.731417097963411145e-01
-1.374263801586555367e+00 2.616089580920577529e+00 5.036196705468698465e-01
5.005687875265035780e-01 1.095827796402430554e+00 2.528469593554180106e-01
1.904109080979009549e+00 5.590545301250320342e-01 9.062363643644155697e-02
2.065213065432980333e-01 -6.740982122199038473e-01 5.855879825908552050e-01
-7.011854148691147870e-01 -1.048290155768303755e+00 -9.220513673131203181e-03
-1.728992783957894019e+00 -1.431732529141657828e+00 -2.302663234389453195e-01
-7.719413031488360222e-01 -1.055166776072997470e+00 -1.298861159406627497e+00
-1.895579892934488586e-01 1.503543984140363943e+00 5.382597196112577365e-01
1.119540590631483923e+00 1.686256901637654737e+00 -7.413144075368784947e-01
-8.332322522692012789e-01 2.140848277152044288e-01 -1.782496561349194764e+00
1.495454725666607310e+00 -1.105435289003074972e-01 -1.500853618079217799e+00
-3.634113394309194112e-01 2.879535196698450594e+00 -2.738561642928644124e-01
-1.084882185021923906e+00 -2.000327687708758351e+00 -5.076269157836134083e-01
3.631080352138265077e-01 2.017810388415100853e+00 1.375727779878086032e+00
5.790283029200338216e-02 -3.036466245959787980e-01 -1.020250188059569796e+00
2.227392680728934593e+00 1.174243890821696779e-02 9.488406355311869156e-01
2.680881018142661221e-01 5.191799970884256599e-01 -3.647811795603866925e-01
2.389997636807179582e+00 5.378335921521809615e-02 1.050499750089127105e+00
6.135156107436491313e-01 1.994971103991886596e-01 -1.884926465397848139e-01
1.477292217542646391e+00 5.915575441590498196e-01 9.854427433002728165e-01
5.528356251722443826e-01 2.343312181476154832e-01 5.163802785589155508e-02
1.339837018528814649e+00 1.038766392344173228e+00 -1.306071320263636704e+00
5.850729277230704017e-01 1.123806130492342792e+00 1.171907813921702068e-02
-4.805442467440077525e-01 -4.768415678740933750e-02 1.035408588924185747e+00
-2.398862379312064697e+00 -1.495449887837090097e+00 -2.703735683575045901e+00
-5.591974419957672637e-01 7.323344029467717675e-01 1.619815309941652348e-02
2.614448517328833876e+00 1.183737899635444624e+00 5.752012587484864881e-01
-1.385479234048271557e+00 -2.453634376842695808e+00 -5.654710538907639084e-01
-2.236928891137931474e-01 1.121061274074311331e+00 5.122328622475975646e-01
1.299547303797776721e-01 5.554674755212427595e-01 -8.672745278773315025e-01
7.108193439625432042e-03 -3.588064793163318056e-01 -1.189690009909700752e+00
-1.212971587416251218e+00 6.615914731198133669e-01 -2.840353453333551048e+00
1.884578031066188375e+00 9.069050158019673624e-01 2.042168406918500878e-01
-1.021118544546817608e+00 2.217677533447697691e+00 1.918551862104622474e+00
1.629155144961612844e+00 -8.608227068753221412e-01 -1.638849309496229534e+00
1.285406869732693469e+00 -4.453851900754536852e-01 1.547144110665266137e-01
-2.303737511011243466e-01 9.064831221384428428e-02 1.220552390137104481e+00
-5.502239649111950737e-01 8.027082275753552043e-01 -4.409396510773325728e-01
1.851104665227711887e-01 -1.400460638705138372e+00 -9.847565096226894577e-01
1.826786727751043227e+00 1.777590347346635236e+00 -2.717140409074902951e-02
-1.244420546822722073e-02 -7.877882212498505954e-01 5.155829241451300726e-01
-7.194077925645676608e-01 -2.138745870804655835e-01 1.977761506881363429e+00
1.574581352614257801e+00 5.404704327154875587e-01 2.542702543038705132e-01
-4.399205389752429696e-01 3.102357725501931895e-01 5.028575770431615855e-01
1.593043850951449403e-01 9.883207095359911598e-01 -2.017364424308490278e+00
-3.470254451881444324e-01 2.015931407511106777e-01 6.894188937496150693e-01
7.624558799755203342e-01 1.890064366459792256e+00 6.177443902185796309e-01
-3.167479566840327165e-01 -3.708123054573472244e-01 -4.140600101378028031e-02
-1.647811607981384263e-01 -1.827563405070940394e+00 6.330822323769479398e-01
-4.528879885323041643e-01 -1.371841305931000843e+00 -1.437495081068746572e+00
1.469543103345219537e+00 2.365856103080233197e+00 2.113373527683309216e+00
1.406888339888058059e+00 2.170807327564737710e-01 7.853348164045941271e-01
7.192360167164346674e-01 -2.303322754042592679e-01 1.786873470268762976e+00
-1.562855360651489445e+00 9.352251156079555150e-01 2.704488543027188108e+00
2.406952747548415594e+00 1.494888602745830797e-01 1.728261520983233712e+00
-1.262381573401113455e+00 -1.231930666985499467e+00 -1.830043769035789358e+00
1.528374847026552352e+00 1.282111806180107116e+00 1.229401622173819986e+00
2.469071911231513372e+00 1.591445713608273249e-01 -4.358573972677626251e-02
-2.453031403684635126e-01 5.814219936219653384e-01 -4.556141337603352159e-01
1.166985209960815784e-01 -1.100449439246427019e-01 -8.265330679086799748e-01
-3.887288010541164684e+00 -1.303068540182805712e+00 -7.026593751030651980e-02
-3.979961446206629061e-01 2.485771768757400468e-01 1.762467563446355578e+00
1.881690861284508243e+00 6.669260375072660896e-01 1.277913977188376515e+00
2.032827945923715518e+00 -5.096937151579217229e-03 -1.334827054088364218e+00
3.641526045950399748e+00 4.319485453763876048e-01 8.796372020191169927e-01
4.623423747352890523e-01 7.328352371805391119e-02 2.669088792725492487e-01
6.299968380312914729e-01 9.667855310103738997e-01 9.013618058403485289e-01
-1.876056653513326955e+00 8.779258723746206083e-01 -6.878129887741446513e-02
2.982177877106866770e+00 1.139808490710548128e+00 1.133035592146216963e+00
-2.912016213096402240e-02 6.201295197706500062e-01 -3.772729537617069973e-01
1.412221610582269804e+00 6.249376719400627778e-01 1.819586946134198469e+00
-1.219185205083944901e+00 9.563292780477445909e-01 -1.532407779188465158e+00
-4.755477716655367448e-01 -1.043878279360974437e+00 1.309992224164022057e+00
2.239916291127360459e+00 -1.135776765622929174e+00 2.183177403698167152e-01
-3.287883829411531456e-01 -8.862189321967268718e-01 7.124293627548072827e-03
1.016195040445566411e+00 -5.585383480328155459e-01 -7.995366303232065430e-02
-1.557699290483064436e+00 -8.483402868693799004e-01 -8.852178668669824502e-02
-1.381762989934408825e+00 -2.452704636599331578e-01 -1.345109855608577654e+00
-1.561370439970336532e-01 1.098693024415262176e+00 2.053079344336024903e+00
9.242323466189168446e-01 -1.294912471990372627e-01 -1.865933976663295413e-01
1.054424865784883369e+00 6.902726689005563854e-01 -1.244720388890041107e+00
-1.220615212519966519e+00 -2.285361077056502488e+00 -8.020083112965001870e-01
-1.638929285680702508e-01 -2.400747232421741817e+00 1.086242980177728912e+00
1.583103073753535650e+00 6.402342418305340122e-01 3.480789656843784607e-01
2.489946857396605040e+00 1.355512935849040090e+00 1.804010095610448339e+00
1.188812551456121192e+00 5.014570900778482221e-01 -2.806589601913866971e-02
-1.283970639043391593e+00 -7.611268824551182810e-01 4.047352784141641235e-01
5.047022259854385684e-01 -1.591877964346825269e+00 -9.380914700497589021e-01
1.064364281797261835e+00 4.250008096313833694e-01 1.564842815208716154e+00
-1.740064914859539957e+00 5.358625673893013808e-01 -9.292099655993923957e-01
-8.430452779596168122e-01 -1.516160726632495015e+00 -5.336566938287006234e-01
2.660152964391710118e+00 -5.063758019182229564e-01 1.036783533090124720e+00
7.647955736137812544e-02 1.980009608210474559e-01 2.101012206335960641e+00
1.073881164819180389e-01 -3.153986331011371380e-02 -3.201707670385539051e-01
5.795547896181685310e-01 -7.132742045347342241e-01 -1.136495394051774355e+00
1.056692873445128633e+00 4.520630668382581985e-01 1.273793803761880561e+00
-1.776799643857169819e+00 7.616978569940922039e-01 4.249298541780244243e-03
1.695259911961347621e-01 -1.295221129163298235e+00 -1.169682555778108535e+00
1.956096995338191813e-01 -2.217835774047747233e-01 2.336627410937147098e-01
2.535818968410300522e-01 1.180098407683354833e-01 2.715670015997033726e-01
3.435411898770527328e-01 -3.362247943623880575e-02 -1.863202817165383163e+00
-1.268976781438579504e+00 -5.852068247439028426e-01 -1.622848828742034399e+00
-2.417587585598058197e+00 -2.031599507782289038e-02 -1.158118587373306863e+00
2.199891698706803567e+00 1.424143710523551598e-01 -8.331022895962225672e-02
-1.271834470455820210e+00 -1.695692940018865835e-01 5.815034155100303748e-01
9.718610457617429255e-01 -1.888730392696833071e+00 -1.437228055415674888e+00
6.759894574429798908e-01 -7.704352053187317750e-01 3.333234154725074339e-01
-1.339859100594959163e+00 5.015375863815015878e-01 -6.278652210554858115e-02
-5.504696011455090243e-01 -2.509310820369493600e-01 1.447485158390184434e+00
-5.164382512427302396e-01 4.402444705685670812e-01 -1.355844838934408436e+00
-3.060488558312341456e-01 4.243241755741767873e-01 6.990856610037483598e-01
-1.445449570023826791e+00 -1.724556427933018332e+00 -1.803096116653401415e+00
1.404708140794396209e-01 3.572372051741559140e-01 -8.716412959868113930e-01
-2.490432163787963837e+00 1.092218553727777763e+00 -1.947255938350509252e+00
-4.838749999686398073e-01 -5.355693478659603324e-01 -6.718969751818197889e-01
-2.731578365432066891e-01 -3.944912905973045891e-01 3.543731356480323003e-01
-5.555165583327816847e-01 -6.967538631144477579e-01 -1.132702560886113430e+00
1.123295829674377355e+00 1.548367600711509695e+00 -2.968696812573141663e-01
-3.448668163939261344e-02 4.606135178361397964e-01 6.349624621808429570e-01
1.300786495357776351e+00 -5.516299078267872247e-01 1.185699194027989289e-01
2.723492040150348181e-01 -1.759338423371008098e+00 2.279763782946745421e-01
1.807296079584183479e+00 8.922741260235922400e-01 -3.708528100227926894e-01
-1.875911339134770595e+00 6.474353513411834626e-02 -3.701845954452249732e-01
5.552680140160575206e-01 -1.526409836647529161e+00 -9.034732805791390042e-02
-1.162760713593081308e+00 -1.071662560968398292e-01 1.067964984901746739e+00
-4.169988650432909782e-02 1.224115303244331265e+00 1.398637134851975272e+00
1.297991314623370585e+00 1.421580420447472015e+00 -1.821686560950485756e+00
-1.178871671489174489e+00 -7.529778445742225657e-01 4.196025738422112239e-01
2.893465605833952514e-01 -8.324611129710166590e-01 -4.654554354943929440e-02
-1.158755428348747785e+00 -6.740346084709403218e-02 9.052871344363542239e-01
-1.635704051364217815e+00 -2.187402978548321997e+00 2.100336396143103190e+00
1.554759811196915864e+00 -3.083450604529710537e-01 4.364942802698237312e-01
1.417281523631007012e+00 1.832952779414107614e+00 -5.809628660503154407e-01
1.385270930724792127e+00 -1.031224365012483490e+00 -1.430291760010501179e+00
-2.697259610260086538e-01 -3.178321186133633569e-01 1.383235380002945547e+00
-6.627946391007928373e-01 -2.216055824552017661e+00 1.221037105662064803e+00
-2.866479035703653366e+00 -7.903197981957965634e-01 -6.013091190046625512e-01
-2.152711627155187823e+00 -1.397143760831551118e+00 -3.719966458901792783e-01
-9.119399130295786637e-01 -1.076503354858591610e+00 -3.911021636616340835e-01
7.488940340177387966e-01 -9.439039815738498040e-02 -1.133258731803809205e+00
-3.498453954711973068e-01 1.556732834965729451e+00 -6.013862804122711569e-01
7.956079711665176024e-02 -2.405661153965158672e+00 -6.287669523994779963e-01
-5.414730137306249524e-01 -6.585277568378802293e-01 -1.803135109705388262e+00
5.321345094502939466e-01 8.708230886478578459e-01 1.672779331838273542e+00
-1.375985652827305117e+00 3.504213208215739561e-01 -1.173730659448631641e+00
1.475496968811290444e+00 1.270520364675648883e+00 7.359093892865038455e-01
-1.309227862947728527e+00 3.711376017715064535e-01 2.251074677108289013e-01
3.190346653080582406e-01 1.990400214078806185e+00 1.120219642463017307e-01
5.333129837321646249e-01 4.327880534436195914e-01 4.879388458915087101e-01
1.273441051815097591e+00 -4.531803515695437268e-01 2.509000883814739957e+00
1.092475185551740058e-01 -1.355619802572373356e+00 1.391803513048028851e+00
-4.255009070459203624e-01 -2.747622952581437739e-01 1.095346776817497370e+00
-1.042809935901364060e+00 1.580597636773151127e-02 -4.453116746119508140e-01
1.472794949727833869e+00 2.154832900882781010e-01 -9.249388482897713537e-01
-6.309127041740463238e-01 1.893884830156984389e+00 3.151784412610710850e-01
8.894722844625360114e-01 8.006629586276869937e-02 -1.392472822314807956e+00
2.190994386037505404e+00 -2.304246421623088459e-01 1.139120963684823185e+00
-6.385976747926267461e-01 1.277739878115962791e+00 -2.948753730840270593e-01
5.313143534558877334e-01 7.353409633371958964e-01 1.665951212701366702e+00
-1.774066260823064622e+00 3.796254108786929482e-01 -5.210856637473643138e-01
1.307614351690000731e+00 6.777652224515455792e-01 1.092216690995146955e+00
1.207772443413224206e+00 -1.481776264032725221e+00 -1.105450693859813427e+00
-2.205915805198143120e-01 1.539717297457428469e+00 6.595114305392795195e-01
1.193884436009845285e+00 -8.538033402886886503e-01 -7.403472926044404323e-01
3.899150799884391061e-01 -1.064029138380151451e-02 8.316692229441313700e-02
