-8.109201968923434034e-01 3.993936213372826227e-01 7.298050416020691600e-01
8.922674013341667099e-01 -3.474433315280950341e-01 -2.728415411175867611e+00
-1.703437519622331031e+00 -1.136776168077805682e+00 -1.157738577645124334e+00
1.800378349722438154e+00 1.411185124255180057e+00 1.201778144417637861e+00
-1.371252974318825757e+00 1.498107812939454275e-01 -2.141135915574462478e-01
2.390364135244489319e+00 2.039195896490955562e+00 2.059009616066806103e+00
1.519037876970260825e+00 2.977807304216127937e-01 7.227044747458732932e-01
4.708509109679792637e-03 2.110527116146870830e-01 -5.509593386136397708e-01
-1.286642923414420547e+00 -1.494417431631427817e+00 -1.923800094186190801e+00
-1.479227343636490000e-01 -6.500949226912147161e-01 1.990819900208009807e+00
1.932036431295519829e+00 1.909781014067731819e+00 7.076683841965656363e-01
-5.147346049694989656e-01 -7.752987862273691411e-02 1.565920669881311511e+00
1.360567897443301533e+00 -3.839172322522925174e-01 -1.839057742923561056e+00
-1.158928613536149843e+00 1.428448226357990736e+00 -6.971849205438973573e-03
8.161873937056954853e-01 -2.264976440133109614e-01 -1.719451153142064648e+00
5.475014838044738319e-01 -1.760545126972127283e+00 -3.861735131532654242e-01
7.969273337374498389e-01 -6.277636740195597920e-01 1.052541751009753002e+00
2.337684694570335786e+00 1.013905782743239392e+00 1.857266714567688659e+00
1.283614800478795281e+00 4.385875226458412213e-01 1.622211178620847516e+00
-1.694013176756184347e+00 -3.145218187113834052e-01 2.389218200303524942e+00
2.562578127493989388e+00 1.770409195790302093e+00 6.934313034071843962e-01
9.767814889594439443e-03 -1.864127580931976169e+00 -1.052311571379750399e-01
-1.523837963538815510e+00 -9.574573885361539194e-01 -4.307248101027813525e-01
-3.389553787776924398e-01 -1.819445572966322811e-01 -2.118253827965283609e+00
5.044116804935117049e-01 2.975244162813394100e-01 1.459891806005989334e+00
2.051189364497138179e+00 3.863550915542626751e-01 8.696339238625020451e-01
2.004212606606111668e-01 2.815452651537353024e+00 4.015360441695903226e-01
-7.457186153298456244e-01 -1.190162264560491678e+00 4.521054771589662624e-01
-7.401588325614141262e-01 1.925656985627535400e+00 -4.413340899527279371e-01
1.659222203296548903e+00 9.401492680094030163e-01 7.377282715309338990e-01
-5.215498755436520639e-01 1.527977577531962616e-01 6.603132266315350218e-01
5.851306793994959232e-02 -7.327558976921804135e-01 2.325779339539834734e+00
-4.649812619017534843e-05 1.671110660937236148e+00 5.480950669228532579e-01
3.038940352587543581e-01 1.914923728975614914e-01 5.017434795746325005e-01
-2.040570238533745417e+00 -1.106460132775174188e+00 -1.958476845321336923e-01
-6.956284849023601780e-01 -2.321856829525986710e-01 1.754113827127793845e+00
1.979035105725695409e+00 1.790782058769691210e+00 -8.898388667532575180e-01
5.885622938224306377e-01 -3.970183886066751544e-01 2.389974319771336342e-01
5.168141260189007546e-01 8.897765257828564867e-01 1.031403548745065457e+00
2.242849615585518208e-02 2.094051995674973021e+00 -1.277441341149293974e+00
-2.884043037898031958e-01 -1.233988439810390192e+00 -3.553116819962625073e-01
4.189431921514080726e-01 -1.029306365857913352e+00 -4.015195991669124886e-01
1.430477837150457843e-01 -5.548635807734031422e-01 -3.090950308991179951e-01
-6.563558560702100753e-01 3.581902156709831919e-02 -1.410507964839487371e+00
-4.255810967009242551e-01 1.182899264448778354e+00 7.228900401797192510e-01
1.151636187000960598e-01 -9.102215374285339555e-01 -1.525036835581296546e-01
3.864901180695353156e-01 1.354895464490098789e+00 1.399822093542912205e+00
-2.743904053837410428e-01 7.976686897638840534e-02 -3.103938881492223079e-01
-3.462549528756397876e-01 7.115166158215768810e-01 -5.836381910961402353e-01
2.617626499292166620e-01 1.513972442818179109e+00 -7.282882988791723466e-01
1.494090586982770863e-01 1.504974871071152132e+00 4.961119172433849367e-01
-8.646056388231326828e-02 1.215786539297996627e-01 1.297712628814008839e+00
2.738646735549752353e+00 -1.540246098102464600e-01 -6.163669632016455235e-01
1.737466291989140377e+00 -9.190806813779648365e-01 -1.105858730419512215e-01
-1.461397891243569003e+00 -9.053439927705243528e-01 8.341409511915049979e-01
6.168801795038091340e-01 1.344697708161078475e+00 -9.168883178077014140e-01
-4.319143768010862416e-01 -3.171279082157235640e-01 1.532927692840395428e+00
7.283570358308526504e-01 8.413349175334730035e-01 -6.485900741361909638e-01
1.425638075197558141e+00 9.888994796480521376e-01 4.642183739842978274e-01
-1.123911974751101273e+00 -6.512130133191413872e-01 1.069481105411781208e+00
-3.051304433524709703e-02 2.356302249454900188e-01 -1.694249539259935933e+00
2.188881383756497989e-01 9.512893469013583569e-01 -2.922029694800881150e-01
-9.812389293498586795e-01 2.838354380372934749e+00 7.919031864650976082e-01
2.967985339531628020e-01 8.549572800810301132e-01 1.039448048743392139e+00
-1.256520758209086486e-01 -1.531559457137621205e-02 3.819559276434451034e-01
4.928833658632608694e-01 4.053959089687311224e-01 -5.143131807724501403e-01
7.281980716292484335e-01 -8.322416754132997418e-01 -1.026927582974985209e-01
3.154385197083365622e+00 1.195449830976408334e+00 1.278825714445901429e+00
-1.100240954546853001e+00 -2.741088937014890536e-02 -1.702612043700884037e+00
-7.423182158446175460e-01 -1.553820479268430255e+00 -2.201501064434465249e+00
1.837245055494652890e+00 1.037366907932443238e+00 9.908915687234085556e-01
8.141473196565736092e-01 1.184892499430305612e+00 -7.032156918682153091e-02
-4.220229097237808702e-01 -7.476185665487158349e-01 -8.770055497337541084e-01
-8.990472437821981355e-01 6.358014269459242307e-01 -5.523117121965489540e-01
-3.001180672011656281e-01 1.157139698882258649e+00 2.903470172802844473e-01
1.413971844956223745e+00 -1.230217980119594046e+00 5.692002337644314069e-01
3.524393293002840988e-01 2.611785084874894913e+00 1.332471862946604579e+00
2.812722531150007477e+00 1.471318359614187665e-02 3.497500064844348833e-01
1.642415062491634048e+00 -3.799078351764524353e-01 2.822747070007872172e-01
-6.873343122261519333e-01 7.418070473504005946e-01 2.811266250186347460e+00
-7.649965637801634522e-01 -3.073918067864296333e-01 2.937393628403625723e+00
-6.833390692348434436e-01 -5.809488631268211467e-02 -9.571601412871222347e-01
-1.300927855256945875e+00 -1.411927444142699217e+00 -1.210767700604472807e+00
-1.031527456347295368e-01 1.883290843935754300e-01 1.043651965068347121e+00
1.607370802298259571e+00 1.288963962324574775e+00 2.637342651077024591e+00
1.987346166119408508e+00 6.559007565063914580e-01 4.039825558766718672e-01
-1.187031203790911205e+00 6.756204625508743788e-02 -2.023578739876138455e-01
2.490433118575107740e-01 2.018338896506866931e+00 -5.635772160244436613e-01
-1.358504083689752839e+00 4.337418301002813337e-01 -2.450901449710325863e+00
-9.721916981925062817e-01 -8.801406998264176273e-01 -1.487064234066344692e+00
1.609177832985184908e+00 9.148669413009613560e-01 1.192961342154739368e+00
-2.716243005671507005e-01 -7.786114556089167582e-01 1.720181757463217775e-01
-3.938567958913853362e-01 -8.046718110335353558e-01 -6.961303675534131763e-01
-6.473251369211246997e-02 7.937837709796402574e-01 -7.464115788969153398e-01
1.219634159545390784e-01 7.653005104879706533e-01 -1.329219766484813992e+00
1.603601691989497979e+00 -9.581409339608575326e-01 -1.207197954317461797e+00
-1.975464769275806498e+00 -1.236237897040228795e+00 -1.877716476393588740e+00
-6.058593846132984684e-01 1.299575047682623996e+00 1.334491215952025578e-01
6.749761311821083076e-01 6.402349064429302405e-01 -1.457190646711840731e+00
-2.013481700504615723e+00 1.495182076796709447e-01 -1.456163355834206197e+00
7.485011498601401581e-01 -8.724675633418150777e-01 -1.534361231391415670e+00
-2.417216605889193626e-01 -2.157592584166401206e+00 -1.864629897051457430e+00
3.421851942478498776e-01 2.341025854646672233e-02 -1.230570773645543792e+00
-7.696962545771903752e-01 1.422443026780269015e+00 -4.246805650077178917e-04
7.808899988897595179e-01 1.080340529564323582e+00 -3.667628032318861475e-01
1.652375597002752050e-01 1.979548685134712160e-01 -1.594948653612307199e+00
-1.831568336716190792e+00 -1.506472765819778514e+00 -2.014445037362034618e+00
-2.019408193797554762e+00 -1.162684725545462427e+00 -7.534746429360379416e-01
2.227008169235507040e-01 1.294742056918868567e+00 2.721022641430133615e-01
-1.348857371639255120e+00 -2.099225248125343946e+00 -2.500456604444826203e-01
8.409574069726566403e-02 7.397196672603609802e-01 -2.552174023690461091e-01
2.614958818752483261e+00 -3.822510311084008627e-01 4.137104758787583103e-01
-1.059999152036744885e+00 -6.097427876023042703e-02 6.668426072625441847e-01
-8.467059238831158297e-01 2.414419300725392237e-01 -6.254238799499693968e-01
3.475909228629007197e-01 -2.695280335962621510e-01 -4.028484312305594672e-01
1.548674575289234800e+00 1.758192351867144065e+00 9.671293953472517302e-01
-1.968688896021457024e+00 -1.731767281041134199e+00 -2.192124898604754790e+00
-4.837692866866160624e-01 -4.722544704885459077e-01 -4.202638695570166671e-01
1.271034747005314269e+00 7.545376876923550746e-01 -6.384314101554502408e-01
9.653021976824116557e-01 1.057346053778483785e+00 5.961040526547944918e-01
-1.086626737448849411e+00 9.123535007420282561e-01 -2.690632854638698168e-01
2.273673543705335476e+00 -1.056300591090597152e+00 -3.458022584630136009e-01
-1.878006631814272964e+00 -1.354109753568893515e+00 -6.681534237954258604e-01
1.210684640383835609e-02 5.713662534415955285e-01 -9.068419005022434476e-01
-6.888877003637965402e-01 -1.073476068924026361e+00 -1.558528664334771996e+00
-3.756198304745979599e-01 -1.060137625471989642e+00 2.761100652611994111e-01
-2.427558885700556779e+00 -2.387937490020150655e+00 -1.022412621012449119e+00
8.634292704432307008e-01 7.576458117138569204e-01 -3.600201001677224566e-01
1.937169366920267866e+00 1.514354387393167301e+00 -8.002306097524480855e-01
-7.666927127053828617e-01 4.244222304277093238e-01 -7.320102996360461356e-01
-2.485601416043719536e-01 -5.389322964682723427e-01 6.473999058606298984e-01
-1.904072370842013751e-01 6.593156395108891177e-01 1.262504810832230984e+00
-6.132334841158562089e-01 -1.925605061689561026e+00 1.165552807637176835e+00
1.577392607992204043e-01 -3.021382715246298534e-01 -1.643746055513685134e-01
-1.414602675149050803e+00 -8.061293524070893834e-01 -3.184208345977138088e-01
3.090177202965895820e-01 1.704001661564928494e+00 -9.810432341434627279e-02
-4.929738017272503048e-01 -1.277212651844287450e+00 -1.373228343162547382e+00
6.104040556994290156e-01 -5.764124386680122836e-01 1.151037456862277431e+00
-2.796114092010161811e-01 6.329927932465169160e-01 -1.673160687606448871e+00
-7.670673882598104676e-01 4.362711336661936889e-01 2.737017884776875576e-01
9.715279623324382108e-01 1.517027999029760821e+00 -1.693327929830066747e+00
-4.734786614943264915e-01 1.196921913555261785e+00 1.175462526851542400e+00
1.510335565306440309e+00 5.595339658170503938e-01 8.359835425243888896e-01
3.586009705236697931e-02 -2.560133083610645066e-01 2.702186373756173543e-01
-5.722658581170231296e-01 -5.397526283408919934e-01 -1.920787829756780418e+00
-1.212850860417958199e+00 1.061500457376780782e+00 1.460669132693872552e-01
1.252652563519871753e+00 1.143418176657453156e+00 9.339173755439718061e-01
-1.449840997059116621e+00 -1.846993386437192131e+00 2.038797483375053066e+00
7.195995907214335352e-01 1.520822070922171365e+00 -6.946632009449085210e-01
-3.493055194203085190e-01 1.915581918024222841e-02 1.543935087716696408e+00
1.427234912677520118e+00 -1.449728801967028247e+00 5.340103732606285014e-01
1.464896953396799706e+00 7.935888405935394019e-01 4.620439240445289308e-01
2.123636315875753855e+00 8.196489366799470933e-01 1.909090701705348780e-01
-1.908027445175562997e-01 7.779285619247222616e-01 1.247972408247691956e+00
-2.078039713797341648e-02 8.763924977259971438e-01 4.997971660916106784e-01
-1.556159437712439031e+00 -6.588270015601774832e-01 -3.183018243364621469e-01
-4.258776824322835219e-01 -1.048511905660875154e+00 -2.320754158131729916e+00
1.361308352244779529e+00 1.011339864615615203e-01 -1.280940187023581922e+00
1.770879148101097922e+00 -1.141153548590466915e+00 2.460306540973908884e-01
1.365045180749611120e+00 -7.182381020013284267e-01 2.718773415850010977e-01
3.505854882065121414e-01 -4.784528131634245840e-01 -1.562980210790843039e-02
-3.593822378757449698e-01 -1.897157219944189954e+00 5.288563216147665891e-01
-2.172140245156600757e-02 -1.290557785930568357e+00 -1.075088400650385356e+00
1.436491006437283779e-01 -1.057341532105028126e+00 -2.248454106443048772e+00
-1.557785625863305823e+00 1.523928429661089989e-01 6.944476538423867140e-01
-4.751290838111891235e-01 -1.376077412877574790e+00 -1.422115041609147035e+00
1.816709775898639689e+00 1.823844041913053493e+00 3.770073764808510308e-01
-2.624017480819914594e-01 -6.270782384705940737e-01 -1.232023973691667385e+00
1.210210689434840337e+00 1.475011641712041133e+00 -5.002529720578963168e-02
-4.845774557838328223e-01 8.086798529432148719e-01 4.100590317467933121e-01
-2.332203893107689385e+00 -1.359882995044668030e+00 -1.220571214000005122e+00
-2.183244541728528443e-01 -3.567270530929101957e-01 2.554494057719794986e-01
-3.107802417865163092e-02 1.390046629109659815e+00 -2.975725023380458856e-01
2.243193590924702718e+00 -1.438685391702615224e+00 2.255741397967128137e-01
2.200070547061256043e+00 -5.872655438150300444e-01 1.270435042544352910e+00
-1.979924509512102082e-01 1.643040743654292202e+00 6.253116487632376375e-01
-2.844951936443937401e-01 -1.735405227547043294e-02 -1.296720615077116889e+00
9.571860696332913365e-01 8.541084653892665468e-01 -1.120060610515416943e+00
2.007419192293305454e-01 -4.697447197220732118e-01 1.100905501221829397e-01
1.691907367031032505e+00 3.880502734513988639e-01 1.068043750982058837e+00
-1.028202129708845058e-01 8.125193180030728657e-01 4.071986135296258302e-01
-1.797171279081080542e+00 -2.037862852861888285e+00 -8.634406970926993274e-01
1.062376551454499829e+00 3.144046722209125067e-01 -2.262384653102149645e-01
3.096419301192431250e-01 1.763512620357748917e-01 -1.646148821966771481e+00
1.803622144663448168e-01 -9.241530212614801343e-01 4.584941713319816703e-01
-6.243761403219433292e-01 4.364471118362545088e-01 -2.604924889008676248e-01
-4.820874801495722006e-01 -2.035113505989349481e+00 -1.083220060845448085e+00
-7.531473888918356341e-01 -1.112348620783568887e+00 -4.908850744695466006e-01
-1.373718110057433384e+00 -9.251837947553587238e-02 2.407459964990945611e+00
-2.153067939306644085e+00 -2.623497885975283328e-01 -1.551691618465500522e+00
1.896689239030437513e+00 -2.612630728737525221e+00 -1.154730286243027537e+00
-4.825344113761443343e-01 -1.761697650166523132e+00 -1.644307930123622974e-01
-1.210028386447039139e+00 -2.514403786739640267e+00 -7.737891035432163944e-01
3.617983856687710387e-01 8.747582946254661707e-03 4.789919459330175822e-01
8.964373178139481979e-01 -1.562315276406638365e-01 1.833575690373079325e+00
-6.728936300770044232e-01 8.955425612197343010e-01 -1.220677538140793494e+00
6.176471759060837563e-01 -2.480870195201664297e-01 2.041759384351287121e-01
-2.522855599212218358e+00 -9.997089858808085872e-01 -6.571789168236290557e-01
1.909680647369245365e+00 6.668417814207616701e-02 4.355897345958342215e-01
1.517745266609269228e+00 3.213594845824708224e-01 1.753168603218649979e+00
7.084881104251757877e-01 2.535815819234446544e-01 2.173239095640789209e+00
-8.958311829893780276e-01 -1.345057954044006077e-01 4.828655601591375079e-01
-3.185459929385171529e-01 -1.000777425349135719e+00 -2.056444307573264574e+00
6.397450368589774339e-01 -1.821924235964170080e+00 2.221211103536929521e+00
3.795092428584234678e-02 1.095417336786522755e+00 4.153612746216044371e-01
1.081742480053574207e+00 2.649713018339771020e-01 -6.377415501697152322e-01
1.510952463964441161e+00 2.586161024072324288e-01 8.689617544757333167e-01
9.216388140131850371e-01 7.768112592347491407e-01 -6.342803931254243910e-01
-6.623001824039322916e-01 -6.446008605435835648e-01 -4.779739067965944610e-01
-3.731439651175875172e-01 -1.434326963996214621e+00 -3.277673354975211284e-01
1.199022639380714406e+00 2.226991181218895832e-02 1.857098662725085614e+00
-1.920412157386164997e+00 4.107137415581432194e-01 -1.085060721174378351e+00
-2.178568635037893664e+00 -1.885816423868935221e+00 2.572143904849444329e-01
3.052693374946900962e-01 -3.508784474550608046e-02 1.220493956346395459e+00
1.492407902183606749e-01 -9.781733418666005431e-01 9.336280127628437953e-03
1.311628639243241357e-01 -1.745745897884731779e-02 -1.290481538381451188e+00
-7.815968304217616458e-01 5.793140773471865401e-01 -2.092659042921550583e+00
1.970390039344990019e+00 7.731606628269953596e-01 8.406462927444051658e-01
5.587512264650809080e-01 -5.753213563110891604e-01 -3.298147687315567289e+00
1.742999972873418679e+00 1.291636000007413632e+00 -4.114322936819995169e-01
7.889154111752563203e-01 -1.072531604551619333e+00 2.089683220121008489e+00
-2.299004602854123558e+00 -5.174712599697525173e-01 -1.057117188758977200e+00
-2.064906372402118162e+00 4.623597876341796753e-01 1.145932633620013186e-01
1.188276097495976735e+00 2.705839737828913627e+00 8.723896189483811847e-01
-1.551316160102544917e+00 -1.451306100403914945e+00 -5.559186426012335813e-02
1.750516103471370100e+00 3.255945573464104070e-01 -7.188442217609363194e-01
-1.463611824220966140e-01 -2.095276430129687784e-01 -1.571248312903960720e+00
2.179521610631190986e-02 -6.105222845825142297e-01 7.634945974262434820e-01
-1.169987713255161710e+00 -1.127906998349278211e+00 -6.227808795566195377e-01
1.614007618461896776e-01 7.300329721358260748e-01 9.096880033196517168e-01
1.794900643789689054e+00 1.103329839003063473e+00 1.313361217616706211e+00
-8.594511842672831747e-01 -3.345953143741192681e-02 -1.086035747713421262e+00
1.383993505771539678e-01 -1.016372486686106358e+00 -1.415515680258210729e+00
-1.005983096109758779e-01 6.570203319736909187e-01 -9.584722684129716175e-01
-1.322857983585633779e+00 2.142977463334985178e+00 1.805757944919745839e-01
-1.299987885010500666e-01 4.557095632330321333e-01 -1.019788611985431803e+00
9.419392254711933532e-02 2.008559221307359977e+00 -2.507978132026153606e+00
-1.214471786616528881e-01 1.377357844112223617e+00 9.237013613467994766e-01
7.000998345981078730e-01 -2.862395213724170384e-01 -1.169584868136596123e+00
1.483647485638414754e+00 -1.187616569924583865e-01 4.056441640757608713e-01
-3.900086789217543926e-02 1.220474656668344426e-01 7.991776103652843410e-01
-3.661209225186179417e-01 -7.864745202224021625e-04 -1.963371580041679998e+00
5.476142464346562821e-01 1.352699423083076891e+00 -3.066041223019903006e-01
6.592650159898185702e-01 -2.872807082616946506e+00 1.854652208263677382e-01
-7.579073333000660995e-01 4.475278906922933730e-01 1.783760650804752768e+00
5.800845194543409189e-01 3.191442890937666865e-01 4.698449507499735667e-01
3.051934911897229430e-01 2.421040395646396615e-01 5.565254913940096415e-01
1.940028077392814687e-01 -1.163827782966236235e+00 9.278031468539482685e-02
-1.108372266005805962e-01 1.556335488711662496e+00 2.143964226826684527e+00
3.010201304318075310e-01 -7.349157532107561952e-01 2.407652647566281834e-01
3.506241137877819547e+00 -1.758931719808090044e+00 -2.469423596879937177e-01
-2.932050131798029646e-01 1.038555081769563904e+00 -7.625424071896983458e-01
2.324284817649148183e-01 3.486379809205307767e-01 1.022327345629936435e-02
-1.240076184110005864e+00 -2.124756084815158652e-01 -2.237785286996404333e-01
-2.853823056306583617e-01 -2.610076854675121849e-01 -1.894941840818008316e+00
1.267688834727513925e+00 1.290097926179474053e+00 -1.114702649274670332e-01
1.593400975313265633e+00 7.361199915512606218e-02 6.401060446160080630e-01
-5.721671496674350932e-01 -6.652215840306995309e-01 1.496923786936766865e+00
1.488607561919442768e-01 2.439016450397739177e+00 -5.618894187804801543e-02
-1.548528636201711439e+00 1.946518449039577492e+00 -5.759229255980642392e-01
-2.265297302406992674e+00 -3.545868063742069198e-01 -1.016658233861099880e+00
-6.668346480964375544e-01 5.027287017605686081e-01 8.981945820185550655e-01
-1.910461473969345736e+00 -1.753786972546658607e+00 -1.192633360783117435e+00
-1.322451002252479135e+00 -1.119546108515632632e+00 -7.534845400255579806e-01
8.683357131338365065e-01 2.594409907911725099e+00 -1.112327247216553516e+00
-5.308548127534454819e-01 -9.408345378124017833e-01 1.696407581190898295e+00
9.645794817400831223e-01 1.288052546074476723e+00 7.303628538665698500e-01
-1.908940073934974446e+00 4.294152231910526307e-01 -1.280975302498405410e+00
5.926722622940898688e-01 -8.760595252272653788e-01 -1.950211439317715234e+00
1.829755118076349163e+00 -6.326936765012218800e-01 -5.719280281778194031e-01
-1.949656381093898494e+00 4.058700141253642757e-01 -3.509849124808077092e-01
2.979302718271092942e-02 -3.995422834794536415e-01 -4.647042117775871950e-01
2.785689824537702641e-01 4.121055177079449017e-01 2.177225164957672376e+00
6.395038710968541373e-01 -4.469478974982548092e-01 5.213868582131386820e-02
1.618374053323606843e+00 -3.637128328210000872e-01 2.719297003113050337e-01
-1.010971470638189373e+00 3.147612892634825688e-01 -1.031517491906462247e+00
-3.419576722729228413e-01 -2.035184086823834115e-01 -6.778520411198418749e-01
-1.804533296717740543e+00 -3.276735223560720556e-01 1.399414818456241605e+00
9.464453279778020089e-01 -6.690120994022574763e-01 -1.582551790310296802e+00
2.303385985999257257e-01 7.219950410902746807e-01 4.801850558050014817e-01
-5.019696789112213509e-01 -8.956058831817714783e-01 -1.434188185073210331e+00
1.186920659591419014e+00 8.204704465113843437e-02 1.190676217477814269e+00
-3.408289950510063893e-01 8.570079067529530192e-01 1.159979274220073409e+00
-4.780619249312637042e-01 2.267443942503184484e-01 -1.281086039937235910e+00
1.021613459786444800e+00 6.019756338089929937e-01 1.909308392755805217e+00
1.643461342478048426e+00 1.278437091586300589e+00 1.271963678496654815e+00
-3.127070243650241776e-01 -6.438980749394351832e-01 1.351213132766453384e+00
1.432660793627431373e+00 1.446842918415324752e-01 -1.749915213999324148e+00
-1.611094459226419584e+00 -4.600278847334633991e-01 -7.376139604293324714e-01
3.958746210340864380e-01 -1.061432962075775865e+00 -1.690461128425706949e+00
-1.574102195969681040e-01 1.530002638087765154e-01 2.177593319003284789e-01
2.429171831138774884e+00 -5.781102182581754345e-01 5.494321553747797404e-01
-7.161356474722475607e-01 9.685127402703386235e-02 -1.229638892130873185e+00
2.801603258403901897e+00 -4.857394867986282172e-01 3.659365493887837273e-01
1.725428848195706744e+00 1.381561463155631220e+00 -2.292759786149280998e-01
-6.715244031660447810e-01 2.408898964146437005e-01 1.715988684688903199e+00
5.690639978683427191e-01 -1.261922881874812719e+00 -1.798496075229681690e+00
5.451917361298324050e-01 -1.642951106097884972e+00 -9.555692646065740981e-01
-1.945912493377077057e+00 -2.000512273293815646e+00 1.510845060227383296e+00
-1.050257143993557740e+00 -8.905529699374343799e-01 5.131660382800868891e-01
-6.212463188907891842e-01 -2.477024905298819135e-02 -8.640508483521356364e-01
-1.654166831594430676e+00 -1.989506032241261657e-02 6.008975428436182931e-01
-1.165523483957294770e-01 -8.405860108608498305e-02 -1.744234410317932138e+00
-1.365562637813988456e-02 4.782595132389029779e-01 1.568999443890022771e+00
-2.070796544087927682e+00 1.591905033377245982e+00 -1.649337959701919765e+00
-8.793066760625483091e-01 -8.951904670645096651e-01 8.257912244554579395e-01
1.907347698640287303e+00 1.731418335564745004e-01 1.424440219940762198e+00
-9.039780376785053750e-01 -1.186199824210476539e+00 3.803533024191207979e-01
7.563434815607723571e-01 5.655124849243734486e-01 1.274344818052528083e+00
-9.995355171737304589e-01 -8.906103155401090543e-01 -5.656234435905501678e-01
-2.880265606427920844e+00 8.766116283927694042e-02 9.458840944687143537e-01
4.466969872518709028e-01 -8.673783236413388220e-01 -5.440343932825758566e-01
9.617156862848302845e-02 7.865655449663999654e-01 9.073133681604772516e-02
5.888045331213215272e-02 -7.532620239791625316e-01 1.299978979180661742e+00
1.647346596793515916e+00 2.490192857687178574e+00 3.488984297690615466e-01
6.808924850260675843e-01 1.229865096507477773e+00 -7.811141158314980348e-01
9.968339397224240672e-02 2.556724654251633311e+00 -1.542298643636048183e+00
2.929264089269880689e-01 -8.268552670816229355e-01 -1.768222687792596171e+00
-6.816087889607747030e-03 3.169033182307093854e-01 -1.015865654056275824e+00
-1.142769749301574045e+00 -6.136537084266430186e-02 8.589523984328113482e-01
2.454393778273766813e-01 5.539859822240461584e-01 7.689355490549920624e-01
2.367978992618224865e-02 9.502927112105183927e-01 6.662234600179418598e-01
6.773723192441407637e-01 1.835781904050239222e+00 1.856951185618804234e-01
1.548211595946922259e+00 -8.509751204288379389e-01 -9.395017240843323014e-02
-5.281532787486501457e-01 6.022855093583687758e-01 -8.625113660831412732e-01
-1.202427127622249348e+00 1.015403041463363909e+00 8.226208672400324717e-01
1.673918787537414410e+00 -6.006632138553008593e-02 1.435914263838948823e-01
-8.689825956807710750e-01 2.040794781718396900e-01 3.052998619097898603e-01
-1.229597425517930387e-01 -1.928218595005177227e-01 -4.535236125698267617e-01
1.705604686984949936e+00 -5.660788489380119692e-02 7.551796011004974218e-01
-6.346366590514138650e-01 -1.244415133339793478e+00 -3.179719006080534260e+00
2.388544041267592455e+00 4.204685238558194538e-01 4.300190701045832342e-01
-1.399212294581976490e+00 -3.658657399718329151e-02 -5.288333329504106839e-01
3.310893596537352601e-01 -3.773013524653776596e-01 1.835182876949578601e+00
-1.948464995930282440e-01 1.434066968415247612e+00 -8.202992444736900701e-01
7.689313435970719368e-01 1.106410803955069078e+00 -1.020344828878541943e+00
3.369265946755329866e-01 -1.286907328327334676e+00 -4.291917164035886634e-01
1.665975280039413420e+00 2.137948311207735208e-01 6.796301400620566868e-01
-1.330150043086153477e+00 8.243720433621642973e-01 -5.132244076219953932e-01
-5.620652695284080735e-01 -6.213455968160130904e-01 -2.079236980214063113e+00
1.892009551898662156e+00 -2.342821570901665318e-01 -2.461241085680804019e+00
8.461386186091763850e-01 -7.752781940924136084e-02 -5.554270970414556530e-01
1.588932136159392439e+00 2.940739500596645239e-02 -6.218217688737248672e-01
-1.175181763256029077e-01 -7.482501309143489987e-01 -9.877903273239978521e-01
3.336227066777728290e-01 7.423094405180152844e-01 -1.141500483148913059e+00
-9.612536430146867428e-01 -8.170568742132242601e-01 1.036728065971365353e+00
8.485586529753452734e-01 -4.359797877636636398e-01 2.579036654209330148e+00
-1.946222355274919380e+00 -2.043577699633463141e-01 -9.903868715917091281e-02
1.839579989979161612e+00 7.458363575851417737e-01 8.822185216282978359e-01
2.670246765789280330e-01 6.666754428082899420e-02 1.929425758314050388e+00
4.846427852599727859e-01 3.130150517184629999e-01 -2.303835189640700554e-01
-7.701276093085265284e-01 -2.514331920052659264e-01 -3.933214737111438986e-01
8.005189512868708945e-01 3.863126975667408036e-01 -1.462361729498891094e-01
1.869262413302184678e+00 4.900660550939620608e-01 2.057516382593410631e-01
2.078697264797980671e-01 7.832060252193373540e-02 -1.603857360152239231e+00
1.874666029581517845e+00 2.731352689704777958e-01 4.609286857200702303e-01
2.480310526634112445e-01 2.078281346416785969e-01 1.868702728331840257e-01
1.482559516525659760e+00 1.531844010298083036e+00 1.255328262640850845e+00
-2.156259680538321177e+00 -9.843505046976158690e-01 -4.196747883941416291e-01
-1.828554735533779452e+00 -1.545625920722291657e-01 -8.943302942576476511e-01
2.347279530295781402e+00 4.237830967183714992e-01 -8.835477373520537192e-01
-3.181599879294296773e-01 1.574651680744213911e+00 5.529803124525526359e-01
-7.007281096587563152e-01 7.869019581087759452e-01 3.336982196820469371e-01
-6.449695049653276779e-01 -5.940225629993867162e-01 -1.297799054186437040e-01
-9.294679723439391861e-01 -4.638631518582192470e-01 -6.505078788291901448e-02
1.033535282990292736e-01 2.518743960876865806e-01 -5.995791226244024941e-01
2.177882528252616190e+00 4.119283023868108295e-01 1.161585765988536911e+00
-9.492067593276842796e-01 2.669482855451901782e-01 -1.024407314112952161e+00
1.495997770882590228e+00 -2.278446915689989360e+00 -1.604709089801018562e-01
1.118862825235171776e+00 2.573475918647372684e-01 -6.369343385050074691e-01
-8.609682937517095791e-01 -5.386981664206612619e-01 5.979392243939631868e-01
-1.306653318441475919e+00 -1.117879935240734257e+00 -3.256509488563925636e-01
-1.183572345537549086e+00 5.230070127833225113e-01 -7.511285583400306720e-04
-3.055740633385107818e-01 9.103150907182955276e-01 2.471989753140788171e+00
-7.081285253128966062e-02 -2.632850358341610963e+00 -1.529803387667559855e+00
6.751756139389237799e-01 2.212051118914775127e-01 -3.427681167438423326e+00
-7.556456118221244189e-02 6.972825463806473500e-01 -1.142846808614434995e+00
-1.604902859713341678e+00 -3.236018529973519464e-01 -3.577131211077291262e-01
-3.670506456088656888e-01 2.522242187731754903e+00 6.109393149449140470e-01
1.031654919141448135e+00 -1.540685662625748353e+00 -3.967974398804264835e-01
6.370383250436024714e-01 -4.570925275022164058e-02 -7.942144584756691827e-01
-1.339006510591063126e+00 -6.048331674332608765e-01 -6.271342924791519780e-01
1.868927816746693837e+00 6.003693989159625266e-02 7.956263870640583047e-01
-8.189776679189936237e-02 -1.612308975648056197e+00 -1.980179091635226873e+00
1.334184043500401540e+00 -7.463478655600095379e-01 -1.139222760706333437e+00
-1.269367318170570691e+00 1.229223994279678767e+00 -9.158184286815780339e-01
2.473064715822176574e+00 1.014870999855574496e+00 3.937166778737456463e-01
2.576691808944737705e+00 2.480351300514857527e-01 2.816825378639854494e-01
1.168312753671986393e+00 -1.186543820557516060e+00 -7.522166825339917651e-01
-1.223042476614844443e+00 1.751659255899676859e-01 -7.433631002821963207e-01
4.328842412196041711e-01 -1.154409033926178108e-01 1.734735918090382301e+00
1.214202761619775250e+00 8.482553874828994145e-01 -1.500018453246189098e-01
1.516295339269752018e-01 -1.229754932139557333e+00 1.812884301225373918e+00
-2.695945445427476717e+00 -1.240518762761102067e+00 3.186457610280157837e-01
1.505749768921588849e+00 -8.970280221070247029e-01 6.305076463184300373e-02
-1.252511816011181445e-02 2.710219761460039845e-01 1.109743647921812126e+00
-1.209746116853602338e+00 1.571508182242745688e-01 -7.763973620533857201e-01
1.352557164000901535e-01 -6.040746687438347529e-01 3.657443337746392187e-01
3.563790930656335121e+00 1.470037791157401852e+00 2.755486669643003150e+00
1.092092958323673813e+00 1.855685353866119769e+00 1.144989350924281002e+00
-1.810013137151095908e+00 -4.807680095406008380e-01 -2.494656846000651296e-01
9.077774122082034047e-01 2.360160036014978147e+00 1.994672168171911730e+00
-5.107885741146642733e-01 9.530050965673591001e-01 2.420908198358912022e-01
-3.639484398806082099e-01 5.924572512901424837e-01 -3.407879232879019726e-01
-1.112244473241642329e+00 3.678464047718975616e-01 -9.004933343258144651e-01
7.851631206591650480e-01 -8.052329957812995875e-01 5.435816033951192949e-01
9.548592766768799756e-01 4.111463966647461166e-01 -1.127856230036350160e+00
1.759518964436397770e+00 4.921958347449941762e-01 -5.265414102539931474e-01
-6.489470737093718800e-01 -7.912518797527412495e-01 -6.684972919888894083e-01
-2.257323584498215352e-01 9.780449913271413998e-01 -1.598327919398897734e+00
1.867648265059099089e+00 -1.056005723462856150e+00 -2.722200045974662030e-01
-1.614284924183452485e+00 1.669555903371578776e+00 4.942128682535078532e-01
-1.512104148489168409e-01 8.693612112414003112e-01 -2.876601015339722567e-01
5.615511224856719608e-01 3.990595459273343359e-01 8.909427578863684527e-01
-1.645573097889368119e+00 -2.229716726925579540e+00 -2.300223742787150805e+00
-5.331487974592807877e-02 -5.138664726433143093e-01 -4.829623720509197415e-01
-7.426800553075159073e-01 -1.157987440342473695e+00 6.539773868748672836e-01
-2.681833423157602425e-01 -9.275333304827344527e-01 2.435601156174362458e+00
2.777734839600520811e-01 1.929263755594866625e+00 1.202506858689577296e+00
-1.108094163975189783e+00 -1.165003774756049770e+00 -6.039405900210773614e-01
2.162318118648841603e-01 -1.648538303669271787e+00 -2.412225517529306140e-01
-1.148815250670446764e+00 -9.958707081501352310e-01 -1.345098876611070526e+00
2.590492913526082130e+00 -2.000350947995596096e-01 -3.400121334163662690e-01
-2.387260005448014866e+00 7.083646571357586907e-01 2.234311467530407658e-01
9.635345753909010380e-01 2.218931129890196807e+00 1.235916017736766515e+00
-2.055484971217436563e+00 1.157932410882603014e+00 -5.740473158751928651e-01
-1.785785859979289292e+00 1.322660883339688009e-02 -8.907337348492823104e-01
2.183354667578096819e-01 5.021221790936445384e-01 -1.150863767720246678e+00
6.965931458505585372e-01 -1.080287213471458285e+00 1.958569169154917633e+00
-4.396592373975924950e-01 1.658445014017242425e-01 -5.353685816892768123e-01
-1.215545575831965319e+00 -1.895747792909555085e-01 -1.753710116035234745e-01
-1.301394099489908029e+00 3.867246879101050583e-01 -1.792403810221766536e+00
-6.294002048723159604e-01 -3.353535829128124757e-01 1.625596208250779995e+00
-9.771784863207912952e-01 7.937827819842611099e-01 -5.944317529345561901e-01
-9.275303074062540842e-02 -7.136058785697774187e-01 -1.289956971962868071e+00
-7.263209300350206288e-01 5.979265383337230011e-01 1.178477324310346575e+00
-5.152743129901582453e-01 3.094688806934426939e-01 1.618799099310741285e+00
2.629936485828378689e+00 -1.350067525109199362e+00 2.202091879420680076e-01
4.510600020935739973e-01 9.102844277273753892e-01 1.259384099985730643e+00
-1.475072793072071953e+00 -1.084432635150842206e+00 -4.156850196988233215e-01
-5.441534823820517452e-01 -8.568167843750877921e-01 7.990712545807976408e-01
2.558772728534935981e-01 2.220194431958196546e+00 1.329921812776742929e+00
-9.768814408054462550e-01 4.170206369369958699e-01 -1.139632613339947032e+00
1.499840016167284906e+00 1.735963977939030123e+00 -5.430438645705568668e-01
-4.997128033996183771e-01 -4.276106759846909910e-01 -2.287800558564140552e+00
-5.939412920931780304e-02 -3.734640452268174204e-01 -1.787825435059275936e+00
9.278540063264884008e-01 -2.187407719280118013e+00 -3.873253627537556198e-01
-5.347414262390320916e-01 -9.172904272495642219e-01 -3.299654977918735632e-01
6.488573816641067804e-01 -2.190462205686528385e+00 -4.281754042766114932e-01
1.106786992041798312e-01 7.787912267783286824e-01 4.455957951915429094e-01
-4.527214510431257777e-01 -4.008988360699783371e-02 6.134604226513674652e-01
7.789162154861911658e-01 -8.675841332114659910e-01 1.092586896251124706e+00
8.576605087343454059e-01 1.891824968254223194e-01 1.868929136791842804e+00
8.498199011578839723e-01 2.013417290025705242e-01 -4.509037336378661776e-01
1.943521184496546539e+00 -5.711331256187031080e-01 2.766772084240564089e-01
-2.255936235458951833e-01 -1.971419747934363365e+00 1.137737178167353758e+00
-6.753771373776922271e-01 -1.296771934407487281e+00 1.305030662946032649e+00
-1.751922074280009234e+00 -7.831303803161293597e-01 -6.339690694974393637e-01
1.382176097514710822e+00 -3.136484992048188536e-01 1.349067678753003818e+00
-9.367411804831027311e-03 9.973537601580464429e-01 1.767914572792849692e-01
1.015285203423909044e+00 -3.195950462929383340e-01 1.262731718707143513e-01
2.596715416699679757e-01 -1.397073162223799958e+00 -5.782379246807706208e-01
-7.158126013782415420e-01 -5.487178392449256759e-01 -6.060109537905764565e-01
-9.613661975806155890e-01 -6.291721776972765134e-01 8.156640308140401530e-01
3.730012361800362219e-01 -2.825876667427978939e-01 1.220550765928208214e+00
-9.954580735076479225e-02 5.405519855124059081e-01 9.589170852349733210e-01
1.706635873906205969e-01 -3.551147438672025425e-01 -5.455401443069813894e-01
4.753744746960822942e-01 1.018817425938163712e+00 -1.200190118623548630e-01
1.262215689169889465e+00 -1.059222100654290566e+00 -1.152634271507935626e+00
-1.403691821253277183e+00 9.543646267442853492e-01 -6.567019241133364993e-02
-6.943417530516389213e-01 2.149315093613223926e+00 1.509692624459439525e+00
2.296765452590374124e-01 5.454965247949483675e-02 1.125621050854893390e+00
-1.928469900727723507e+00 -1.799726916765015394e+00 -2.013412317389966955e+00
-1.159417451013631917e+00 -5.631770685065593529e-01 -5.671324538803975690e-01
-1.597419564747299958e+00 1.234993140781742049e+00 1.172773539167280443e+00
-5.263026040949505546e-01 5.619659295410046607e-01 1.631857559668941082e-01
-2.890745989210631306e-01 1.273537645069791502e+00 -1.607117675392002232e+00
-3.230773408579631356e-01 -2.101024468055466832e-01 5.627465536384010925e-01
1.415260457729092813e-01 2.947256472502097768e-01 3.247398677660814914e-01
1.271946566742670370e+00 5.583469715838206282e-01 2.212081804782133787e+00
8.545573757460793729e-01 1.461914931755519786e+00 -5.433091542439438815e-01
3.620861399926021962e-01 -1.372505745343806538e+00 -5.975721838385138485e-01
-1.538937390638142277e+00 -5.339513369464796710e-01 6.183813122064523160e-01
8.329157028693237041e-01 -2.006839722425881600e+00 -6.062727115226106411e-01
3.727730637477767450e-01 2.239148883406068546e-01 1.286936651444297697e+00
-6.813368612604602248e-01 -5.155439547359133012e-01 1.238491200704400219e-01
-2.129003636890911988e+00 -1.483222459561974738e+00 -6.247362287209621279e-01
-2.819792379862824383e-01 -8.694189489307539986e-01 -2.055230232587669903e+00
1.994503865028521172e+00 1.891182155263463782e+00 -3.533124423107715240e-01
-1.307881447981083634e+00 1.184153332620115684e+00 4.058758429816280433e-01
1.150680624570744826e+00 1.775212886681274860e+00 1.123923982521992215e+00
-1.077357031703247703e-01 -2.144547771011307002e-02 8.603336523891438326e-01
1.753539610478127120e+00 4.095822549392856837e-01 -1.234611827884436686e+00
6.983277815932873445e-01 1.911144478999496243e+00 -1.800871518575568597e-01
2.758014332213698516e-02 5.782144335281462766e-01 -2.638679613817944691e-01
8.749178938964921048e-01 -9.507741406812573182e-01 7.363829198513125451e-01
-9.056311835431070101e-01 8.809812167565709284e-01 6.271622836027272996e-01
-6.621529180986754914e-01 -1.392091427698345818e+00 5.615796010858318255e-01
1.340387015736761889e+00 4.923374336740708457e-01 -2.095606744639884056e-01
7.190619473535692086e-01 6.740923597792140010e-01 1.360721332171804576e+00
-1.634769463866555528e-01 1.102218056706179894e+00 5.035525311769634138e-01
6.599758857634001608e-01 -1.762592777997978311e-01 -1.132186728776258811e-01
3.909766851777835561e-01 9.688914221523226011e-02 8.824900102676516145e-01
-1.912845166442076694e+00 3.410117700960882958e-01 8.956540854899861515e-01
8.431148659035356818e-01 1.752229766030843683e+00 -2.229656277336987680e-01
8.102764015229722006e-01 -2.178218944455647677e-01 3.321572357376478823e-02
5.094132673892761698e-01 -3.308723485077103565e-01 -1.493582452954350215e+00
1.324772172905396062e+00 2.449235477345547807e+00 2.031156352212122318e+00
3.375824319099565152e-01 1.244392024147561004e+00 2.461867903116653489e-01
-4.840097079842594630e-01 -3.969752577999596799e-01 4.962768383325220078e-01
-1.504136339103118170e+00 -2.457439311643644375e-01 -1.082168247234800873e+00
1.813325468872882262e-01 2.220668906563333933e-01 1.521484416644538928e+00
-1.574986164482764739e+00 -2.844773292159904710e+00 5.045843445480724387e-01
-1.430081369554597748e+00 8.918233418412195856e-01 -1.903322562719558686e+00
7.737459111867071027e-01 8.613893023060176235e-01 4.795250804749872642e-01
-1.394454586505895932e+00 -3.474722968679105906e-02 -7.668028400219896179e-01
9.304292732126215881e-01 -2.472139050747190314e+00 9.387698955057738326e-02
7.506591533485783563e-01 1.629209770492987319e+00 2.107090476261539891e+00
1.147252691492822052e+00 1.178706336664974152e-01 1.624974667057466071e-01
6.607848761146285499e-01 5.097528802519259994e-01 5.259281818912564521e-01
1.505481128255095724e+00 -2.672427059182023168e-01 -8.222966366612767253e-01
-1.371103530200791232e-01 2.217924224793044186e-01 -1.386081060748969751e+00
-4.747676162280067835e-01 9.006076890131167190e-01 -1.300544822094053199e+00
-1.347792073573560234e+00 4.812061393992840830e-01 -1.132684454899871573e+00
2.316409149017536251e+00 7.275116473941551920e-01 2.859598956491734567e-01
-6.303386711789158436e-01 2.186644707045392710e+00 -1.570478859208842559e-01
-5.058683458586701320e-01 6.431344275745010108e-01 -1.391887430866992403e+00
4.337786602778563871e-01 -3.571660393368520925e-01 1.018815672501174885e-01
2.346412085373483780e-01 3.806810047462181323e-01 1.112126270798593719e+00
3.530868893386005514e-01 1.372895610815472178e-01 4.163156948572892535e-01
2.675005394886662557e-01 -9.444616110640404738e-01 -2.426808040507723696e+00
-1.315951985426398463e-01 -2.713527233118027127e-01 -9.947861076345176912e-01
-4.441703714503327793e-01 -6.749679574033660145e-01 1.662173957715024297e+00
-1.216795070875995588e-01 -1.377620058306260553e+00 -3.446643670958888239e-01
-1.010366817845294585e-01 9.670517626639176800e-01 -6.596833179871280928e-02
9.852441631039193792e-02 6.040304374808669330e-01 -2.776261435354813178e-01
-8.787427129078364541e-01 -9.667019226911153229e-01 9.638625796355954067e-02
8.052390222630290140e-01 1.602106632570997391e+00 1.662873058233334422e+00
-7.551592348952342881e-01 2.761276507637777655e-02 1.040005870502794805e+00
-1.868985739176491245e+00 1.542505001552045840e+00 -9.011683914608776824e-01
2.847441083609568713e-01 -6.121406114672678367e-01 1.116737331890793827e+00
1.136313171988163173e+00 4.941836299749656769e-01 -1.112372648892145044e+00
2.079077372528677081e-01 -1.410401897905623203e-01 -8.432856493597256087e-01
3.304732065077352066e-01 7.972883561703834054e-01 -5.487367380007779349e-01
2.413762497384864258e-01 5.279683515725376308e-01 9.122892858998608023e-01
-1.823038961063154995e+00 -5.827481329450656666e-01 -1.430204987563897800e+00
-6.128726419149006510e-01 3.211123620504442444e-01 5.655864273869102288e-01
8.529604862631819939e-01 -7.948550854713489766e-01 1.009347492252820722e+00
-1.205954952161619520e+00 -1.494809721620515175e+00 8.578930496677761308e-02
9.001627369842217785e-01 -1.254509129251064170e+00 -1.232130447061257739e+00
6.017687193013381286e-01 -1.838009377350661167e-01 4.888826961270569260e-01
7.892070985897724489e-01 1.774801186406071762e+00 3.444837168596452392e-01
2.251846963324524165e-01 -1.233154996756939514e+00 -1.283014984769065503e+00
-1.071055461328420666e+00 6.827661099499364727e-01 -1.141955567234016922e+00
-4.967853242783591972e-01 -2.499896183960714779e-02 -5.155313615288772411e-01
-1.749307661182422091e+00 1.459405037497070734e-01 2.570590850055953780e-03
-1.789702613877460990e+00 -1.924906922974926604e-01 -9.447606922446052380e-01
-1.460609925507439844e+00 6.324959606990701033e-01 -1.570478293900265943e-01
-1.988367150308927078e+00 1.537553389042829455e+00 -1.840577404394615701e+00
-1.315355272412394694e+00 2.480765137306302215e-01 4.892462322775013028e-01
8.110818165771951360e-01 2.426659077053909819e-01 1.313622461420451248e+00
4.625840363678609957e-01 -8.778752917389625043e-01 1.620312235963745406e+00
2.570997061770878833e+00 8.987984704643701139e-01 1.539457040316090097e+00
3.362136203179927563e+00 9.056775928916783736e-01 4.458138332002176685e-01
-1.905768205812220506e-01 1.265499313097468104e+00 1.118185266187419424e+00
-8.844399782347582839e-01 -5.062340278244292779e-01 1.278317894226688178e-02
7.325503870831429065e-01 1.421073347341947457e+00 -1.739322229570823275e+00
-1.333758861050127753e-01 7.533791244750909222e-01 1.684674467661798625e-01
1.461765143009887469e+00 -3.527640611271630755e-01 -5.072878359443429019e-01
-7.713827173299836470e-02 -2.627809858671581011e+00 4.650675801888833893e-01
1.045915901953248017e+00 1.542790379353747299e-01 -9.698846763364181722e-01
-1.265288913351004352e+00 3.831798058623234748e-01 -1.093042524459581832e+00
-2.967450240118107985e-01 6.490834254507305001e-02 9.644241575083083440e-01
3.398174239215897563e-01 -8.567324034027772317e-01 -2.751584533783238973e-01
1.327885276141071103e+00 1.168999330557098371e-01 -5.115432079778530206e-01
1.237808604333264562e+00 -1.421127543741773636e+00 -4.307773228730116255e-01
2.692636955298178814e-01 1.245898407373528194e+00 -2.026245229499084033e+00
-8.934145476734739466e-01 -1.426823195716405701e-01 -4.896125122659452655e-01
1.541963154231615674e+00 -8.096442439419737624e-01 1.618684398258401380e+00
-1.662857388373805589e+00 -1.940901868321517787e+00 -1.446594331136455303e+00
-2.307378365988041580e+00 5.229432053464866392e-02 1.175057818391085362e+00
-1.001807523033360514e+00 -8.599966128308278446e-01 -5.717407861722993978e-01
-1.475447049290984358e-02 -6.737936214265994872e-01 -1.934115867616628792e+00
-1.148231260194855663e+00 2.290885709082864707e+00 -7.864329587016209988e-01
-4.642324962356711993e-01 -7.581231401807615455e-01 9.260678328016913596e-01
1.004192713920098345e+00 4.194497061955219097e-01 1.645107534063503074e+00
-8.420028461570383538e-01 1.444020249446643644e-01 -1.252155018959240085e+00
-4.251241105933439846e-01 2.628296504225783314e-01 -3.539723100153073787e-01
-1.306372207244712813e+00 5.851968875689010918e-01 1.212244124942835288e+00
1.598318047046240475e-01 3.399661096920675307e-01 2.289252917906543949e+00
-3.965848238595932607e-01 -1.667191619621931853e+00 -9.401703440786504107e-01
-1.273533165463501815e+00 -1.702000873720921792e+00 1.817758837848344022e+00
6.250095015541985433e-01 2.877088763351920431e-02 -9.645511549650209737e-01
4.311242106641208771e-01 3.887123099699409390e-01 4.180870561653063922e-01
-6.510380869992917763e-01 1.737624232539587199e+00 2.573402721198213561e-01
1.006112372880101802e+00 2.561078978008657359e+00 2.069149660676909086e+00
-1.685519330809974292e+00 -1.462667727733467427e+00 -7.815536056668512810e-01
2.168141424215807023e-01 5.530248814196037088e-01 -1.365000441321031488e+00
1.621718058905199156e+00 -2.895661929617880936e-01 1.086335207111878587e+00
-4.081198081628165109e-01 -3.463528591117297495e-01 -4.960022400953341126e-01
5.307740921336892015e-01 1.491973384406003467e-01 -1.099911671721671258e+00
1.962918887395130874e-01 -9.071380394300285754e-01 -6.230035361859775911e-01
1.042111838239974109e-01 -1.014405529291783958e+00 -8.014597454322385239e-01
-1.918837919790290503e-01 1.786351026120039931e+00 -1.069858353987482191e+00
7.137873643299227355e-01 2.041043371223773661e+00 1.980483111799498319e+00
-4.488554357431389086e-01 -9.708401750095307925e-01 3.325827864880326334e-01
-1.912449420452426940e+00 1.188589205113658176e-01 3.051792724866917439e-01
2.026805657874205524e-01 9.979546642968395442e-01 8.797274401259359555e-01
-1.415489789985531877e+00 1.444090198888351995e-01 8.382186074694102373e-01
2.759461408407793415e-01 8.517763969647665911e-01 9.123365926705679918e-01
-2.117208447359738566e-01 -6.120892086538873844e-01 1.162049240947761186e+00
2.582048899858364610e-01 -1.582777680167509082e+00 -1.105603072822694433e+00
-1.240128071693495926e+00 -4.579503144948993132e-01 -8.656076035745896569e-02
-8.182276433468341770e-01 -9.625283571640419478e-01 8.195907993722102436e-01
-1.013418770404965974e+00 -1.716618357991330335e+00 -1.517766367013294593e+00
-1.160464340632525460e+00 -1.338598634981589708e+00 -5.384950661557532658e-01
-2.873464745024831846e-01 1.239973992592747098e+00 -2.534807890265481367e-01
2.477354250187593365e+00 -5.831342090697704261e-01 -1.044799591765569691e+00
2.149750635844030811e+00 1.458926213937645766e+00 1.479661086959487948e+00
1.233636030928158656e+00 -9.761514248711820052e-01 3.916523403565699279e-01
4.290688750373187199e-01 -7.612552502119840359e-01 -1.122497315529278783e+00
-1.240004041975449223e+00 1.638951791217514442e-01 7.894583582990100101e-02
-6.928552993188157316e-01 1.727498487071990052e-01 1.924299722513749256e+00
4.077911810048822638e-01 1.063320897232759243e+00 1.638155178802097378e+00
-6.185637590217774040e-01 -9.418781142923908778e-01 -5.351993095288146707e-01
4.447080350960872508e-01 -1.524219054590203237e+00 -5.179486697276745044e-01
-1.191519577285210296e+00 -2.058733948580206086e+00 -1.461153846316529670e+00
2.741698088040591674e+00 1.297364170632069769e+00 5.083384013404906865e-01
-2.364578980285200194e-01 1.119899814413241934e+00 -6.671966007484542160e-01
-6.260658792006240647e-01 6.522401336005090311e-02 -1.893976863633967112e-02
-1.087175937399071479e+00 -1.721553515222716602e+00 -2.824401269447068263e-01
-3.369449754102645800e-01 1.808568557810061428e+00 1.658759609431117443e+00
-2.101420819881513191e-01 -7.549525318589509482e-01 -5.066322094239754659e-01
-4.695037178885101414e-01 -1.707102352388792266e+00 -1.070730717546761523e+00
-2.045473883390916292e+00 -7.986655873192048949e-01 3.187470002592118767e-03
4.732329335059056730e-01 -1.739001589925774027e+00 -1.372681116547157298e+00
-1.066487649965872198e+00 -1.466210909567573495e+00 1.282232293354915731e-01
1.463978243334566276e+00 7.618648823981297724e-01 5.829705578879078587e-01
-7.801351265708926785e-01 -1.668939660317865781e-01 -1.631522271814748737e-01
8.728245413836142053e-01 2.589856557201958287e-01 -3.928588170245084221e-01
-3.469937621130707028e-01 -1.028309122469047487e+00 -8.415735914739580492e-01
8.662878203599744253e-02 5.976121412130996902e-02 -9.991907650823694809e-01
3.049180168995395235e+00 1.916109873917673623e+00 -1.729795319371549844e-01
-6.912680528501083943e-01 6.610235827709469714e-01 -1.453675346444930128e+00
7.920644166933197283e-01 -5.056883502989988344e-01 1.185572826527879986e+00
1.026613327857281988e+00 1.705350478472115738e-01 1.164576870823470500e+00
-1.410121159439766236e+00 -1.337322225537976861e+00 -2.126073089307522146e+00
-1.647497569839532217e+00 1.030563539806796269e+00 -6.300869529537209690e-01
8.120619101900221626e-01 1.434310863629888466e+00 8.493231818743118833e-03
6.289408826258808816e-01 1.692879900205652266e+00 -5.873830080665565223e-01
2.435738695159908040e-01 -1.800171690074022779e+00 9.517686964947482675e-01
-1.065085199403845717e-01 5.811424632793871226e-01 -5.941198528302316095e-02
-1.140487856954473411e+00 -4.059817525423194962e-01 1.171341415230100047e+00
-2.435729018087658737e+00 1.266889649037812315e+00 -1.399712196501360362e+00
-1.004003321118680070e+00 3.227106397142087690e-01 -1.933378425640183362e+00
-9.274537560551248117e-01 -1.919630689616876662e+00 -2.073732416484876939e-01
-1.136717344541328112e-01 8.727440556888423906e-01 1.091924671364922439e+00
-2.903240211111079994e-01 4.016367824156685806e-02 8.041172780937400066e-01
9.249155389310546038e-01 -1.057508905971938473e+00 -2.971712086839131128e-01
-1.086149171914904787e+00 -1.243122931454811786e+00 1.283504193956868100e+00
6.259555909173786237e-02 3.172376136205123931e-02 -5.573318193442445834e-01
-5.081717501637417200e-02 6.175983598555084830e-01 1.391322632892362687e+00
-6.406423854008932439e-01 -3.429547678269617705e-01 -1.609623188612172351e+00
5.554264162470824440e-01 -7.598781777617047428e-01 -3.957852056321664591e-02
-2.217973387253069917e-01 -6.702660194042152630e-01 -4.636517210181069770e-01
8.479791869034970508e-01 1.013716961609845146e+00 -8.235034295512364544e-01
-1.175002456763032388e-01 7.692746514661321644e-01 8.736146080832223326e-01
-1.075766037167122269e+00 -1.599293419254484427e-01 -1.339550684569539296e+00
-4.888366434639596636e-01 -1.265022954325627280e+00 -1.338172744980136719e-01
-1.605414210334135783e+00 -2.715865301612052640e+00 -1.504776728231951521e+00
2.095304485008869122e+00 6.990688286031752074e-01 1.448395085586962949e+00
-1.661236247166703706e+00 8.930088757816436740e-01 -2.442424334190576585e-01
-5.347126787511758961e-01 2.889352491961899583e-01 -1.540192739476745398e+00
-9.399499752962026111e-02 -3.281762597773973389e-01 -6.788234308354283986e-01
-5.077300199240694090e-01 -3.367751176016196002e-01 -7.622754289419708673e-01
7.075187261978850284e-01 3.045605658107876090e-01 -4.127005391899665754e-01
3.321763390844084674e-02 1.013947975686225966e+00 1.187097686091737270e+00
1.456688748940131894e+00 2.197108054668619914e+00 -1.607069725603410548e-01
1.539065757759221498e-01 8.721479496887898364e-01 8.215255303925760311e-01
-1.772655769871789300e-01 7.206402126008852882e-01 -2.383105428923936175e-01
-1.174217180482806100e+00 2.589406572107379456e-01 -6.912367212603958144e-01
4.614017705032513739e-02 -2.086816866875190080e+00 1.283153897378164432e+00
-7.985446603245001107e-01 -1.417613865226419190e+00 4.342037297688308151e-01
-6.232117827021259604e-01 1.210260274982740469e+00 -1.268585790315743145e+00
-1.000503529707209793e+00 1.670573033150720921e+00 6.121643421438101029e-01
-4.869004979387731025e-01 -1.291522932305636528e+00 -2.384325465638616470e-01
-3.143502467414137636e-01 6.881514478054657769e-01 1.119535337724780977e+00
6.211477029354484092e-01 -1.020799813736442907e+00 1.073261664433123874e+00
2.680194630877584805e-01 -1.547978919731702319e-01 2.248126330262156802e-02
-3.905450136277350826e-01 5.387754273157563389e-01 -4.915463791590917730e-01
6.070463905476241040e-01 5.279279299035848361e-01 2.314106602152796732e+00
-5.829791950562525082e-01 -2.240727890650714649e+00 -2.559855422994250951e+00
-1.218035791697452463e+00 -1.096907869327229612e+00 -9.003671760572786731e-01
2.754716498839165251e+00 -4.954244655700168476e-01 -1.050680840487213441e+00
-8.728344320064291839e-01 -7.671632182163240499e-01 3.359134168022330780e-01
1.719682464317915827e+00 2.902259750576474673e-02 2.882043317485631029e+00
-1.686807464684656477e-01 -1.550873134564114908e+00 -1.065663875417851347e+00
9.218263017166650197e-01 4.592434821131541334e-02 1.330805306876640781e+00
5.720839971502085231e-01 8.015126082370631622e-01 2.210390468765785599e+00
-1.825067905580683547e+00 -1.868517307174063280e+00 -3.165612635005306541e-01
8.994114939525785779e-01 1.689363094851172864e-01 -5.715526487643500797e-01
-1.345794474055508116e+00 -4.296955780187040608e-01 8.838695943343517492e-01
4.108215910464855236e-01 -5.537599289861039331e-02 8.943325150484797703e-01
-5.631011394602416509e-01 -1.330179897969086866e+00 -2.349545228936991137e-01
1.413052822885163096e+00 1.082099070705096366e+00 -7.440270783932783072e-01
-5.868067440642477095e-01 7.486668677756502799e-01 -8.335701689085559529e-01
-4.899595185462571889e-01 3.111676848400727335e-01 -3.942574604148004092e+00
6.577367891048867543e-01 -9.182434863236970113e-01 -8.347938283014930683e-01
-2.309754988324067559e-01 1.249876909511731027e+00 9.707723389644655754e-01
2.314545753510744985e-01 8.351701337162469319e-01 -4.848719514908111372e-01
-6.338260502116515038e-01 5.808034606724895577e-01 -1.763478634903584030e+00
-8.691641394038307489e-02 -6.830639590028390051e-01 -5.343918496248516448e-01
7.809467485301377909e-01 8.234686533751010007e-01 1.676769451876848560e+00
2.685854688316914318e-01 6.210929581573839675e-01 1.569684138828792541e+00
1.268002334173106815e+00 -1.265077044328767775e+00 -1.396505418020118627e+00
1.932973783696213976e+00 5.695246824078367132e-01 2.366806190303571533e+00
-1.132235811095662958e+00 -9.011673693969973753e-02 -2.810832745310833936e-01
1.861035754301313405e-01 2.793341929461745643e+00 1.396713331644204192e+00
3.072912670323801887e-02 -8.234051888286348930e-01 -1.203892187792509061e+00
4.681636778195611970e-01 -5.428924887742687666e-01 1.052958815092230327e-01
1.871299674602626695e-01 -6.637359038949388612e-01 -9.984417751527807638e-03
-1.382533998899248662e+00 -3.460281928965505127e-01 -5.473519248882634525e-01
1.820669937492812362e+00 -6.885858939504767573e-01 7.926855799014247417e-01
-8.674500930547217603e-01 1.470656579692251054e+00 1.531666039621213393e+00
1.249267431792017602e+00 7.456010830149129021e-02 2.556595064183976529e+00
3.431905985066782128e-01 -1.073817194978791578e+00 -2.040742911913437041e+00
-7.372585357422227759e-01 -4.585254702988828535e-01 -5.272031304729084544e-01
1.880627604440808565e+00 1.037187730966214527e+00 -1.701518138551488590e+00
7.276492818900793802e-01 -4.507257268854811816e-01 8.332902264442961782e-01
-1.769289636153146716e+00 -1.556550905951681552e+00 -7.571703390726556293e-01
2.148877501717714633e+00 -1.433090791245984263e+00 -1.828276231389742046e+00
-2.963959270776789223e-01 1.052000973190487354e+00 4.038937772401562931e-01
7.696780580120090587e-01 -8.102173713018230305e-01 1.870696525898551954e+00
-3.681957242080647896e-01 1.184158605039261847e+00 1.043064119351825747e+00
2.720439119589654009e+00 2.544760872480751335e+00 1.245054513733162782e+00
-1.664251460437975005e+00 5.563144240328032897e-02 -1.664377544222235827e-01
3.021014630108143084e-02 -1.556589006494540683e+00 -1.077659507100553693e+00
1.515415772563205588e-01 -2.600776066419660526e-01 -1.101055374566847878e+00
7.806112770933903988e-02 -7.555454855996579511e-01 -7.348490548585312476e-02
2.747714293030549815e-01 4.668895367534289242e-01 1.131249902548685071e+00
2.935193512326325083e-01 -4.930722002899345924e-02 2.279508523296008171e+00
6.975245954466053888e-01 8.127700344076929095e-01 1.443347344403707933e+00
-1.307361086780718828e+00 -5.551159023728535757e-01 -1.873856081609480695e-01
-2.642481090829126300e-01 -4.958230455031166772e-01 6.585797720372665864e-01
-6.864463492137231615e-01 -7.925292251015527700e-01 -1.402111492724027908e+00
1.698003803919263532e+00 3.964489758463732860e-01 1.848655278208540365e+00
-6.017458264841979432e-01 1.194281389734925813e-01 -4.422667421610443350e-02
1.408552967935415845e+00 5.316743625646266347e-01 3.193499816601034214e-01
1.915908877308960534e-01 1.716919233634039976e-01 -6.685174204050954305e-01
1.516677126767659978e+00 2.474101333567367611e+00 -6.412748066577349526e-01
-3.346078328727464246e-03 1.445840373066274998e+00 -1.853301812420908412e+00
-1.290563016739045388e+00 -2.297326217696076256e+00 -2.628449109651664006e+00
7.482705904476238956e-01 6.047874545862130802e-01 -1.092648734837229352e+00
-8.364233391914761562e-01 -4.252082120511023744e-01 -1.642035587782522565e+00
1.424065289193419570e+00 -1.002929119207540465e+00 -2.216450739068833276e+00
9.018311835333046034e-01 -2.073069363233446705e+00 7.389036869162854959e-01
4.366484946078270646e-01 1.941034145486096318e-01 -2.704582438639550057e-01
2.964843979477434499e-01 3.144188802136061334e+00 1.249823518612480200e+00
-2.428002989594456817e+00 1.502698064583436022e+00 -5.519038030885659030e-01
-4.520001353742615358e-01 5.709572981830237648e-01 9.147427023872467533e-02
-1.087744459642555839e+00 -1.026263047785796800e+00 4.657407019264299119e-01
-3.159089883136934063e-01 8.880321544641289755e-01 1.134216740401455592e+00
-7.140741057949595572e-01 -1.056105897062273868e+00 -3.370456237923453724e-01
-1.126039704095846083e+00 -1.132698223444476238e+00 2.991440530461612068e-01
2.614014083041598657e-01 9.449254934322462995e-01 2.840279707392343034e-01
-2.119068547351328213e-01 -1.565476978267241748e-01 -3.124472932566697558e-01
-1.709969242489452479e-01 -4.184138323751601107e-01 1.857805575214555027e-01
1.565671917063553131e+00 7.311944530531988562e-01 5.725029680654497577e-02
4.159919641054602435e-01 -1.331896619292079142e+00 -1.198133762973150107e+00
3.521706700162985371e-02 -1.107937066229661038e+00 3.222564666078980844e-01
-2.114517971145973174e+00 -4.575165516157271850e-01 -7.261290246404789039e-01
-1.625181578070571176e+00 -1.343030428592327796e+00 8.473197594566843627e-01
5.474938361688763688e-01 -1.258027866878104639e+00 3.761942061750189747e-01
7.448344253658256697e-01 -1.580938375993962142e-01 -2.895028095136364943e-01
3.327010924099029765e-01 -5.754271159722623707e-02 -4.556928895273910651e-01
-5.569585819928520865e-01 -8.275522397178529665e-01 -2.201659517262907428e+00
1.544432347017264950e-01 -9.377850822991946611e-01 1.769928660771393325e+00
-2.015431641859164458e-01 -2.831494529697401452e-01 -1.234902951933839033e+00
1.036850326507763320e+00 -9.571668718203929505e-01 -3.381344612242919156e-01
2.078637444706703974e+00 1.242522852257668120e+00 -8.600825020752054240e-01
-3.717980285501087945e-02 1.232587138774082214e-01 6.016755557910159480e-01
-9.637445332137419829e-01 -7.876634279975305297e-01 -1.138414115551573236e+00
-1.365680746123975053e-01 -8.089717987926123843e-01 1.025438258474893116e+00
6.110694174021484848e-01 -4.641218082631407005e-01 1.327094349820957975e+00
1.208777459284852140e+00 1.724100006463817225e+00 1.003356371919755574e+00
3.717877570249861208e-02 9.252694555978706603e-01 1.352065499492276501e-01
-7.148220906400306607e-01 -3.018392890422853525e-01 5.212596810742431419e-02
6.711524238316370905e-01 -1.848924060395588986e+00 3.800713350739419738e-01
5.522672343848562537e-01 2.821172235647276150e+00 4.964134844398624402e-01
-1.385548298099762210e+00 -1.105953157099879958e+00 -2.297816112207525796e-01
-1.805604419281844342e-01 -2.850697233908338069e-01 2.273273729782997465e-01
1.627642035739441662e+00 5.977122894196290614e-01 3.712150314401360673e-01
2.605231762541562190e-01 6.208176261789933870e-01 1.125282804042635698e+00
1.441214672686757847e+00 5.545071169987086934e-01 1.235318158441938152e-01
-3.770868230433835899e-01 3.941603730427511998e-01 -5.833617797523769077e-01
-5.724479811702538612e-01 -3.192601817409796983e-01 -1.781574833704427707e+00
9.834250671305080349e-01 1.489222829730909359e+00 -1.059700628014348389e-02
-4.368860663701620850e-01 -1.737122194550617671e+00 -1.610450153220333247e+00
1.740841495485016654e+00 -1.825042115639560869e+00 9.743089621529884559e-01
1.746677510097872643e+00 2.174614938666992181e-01 2.145418860636197245e+00
-7.259624817716439082e-01 1.006117392569235935e+00 2.053379229357694680e-01
7.932859094572206615e-01 1.957494820315789363e-01 -6.700002867770094017e-01
-1.305867517444712522e+00 -1.218928758304957949e+00 -6.514104359419976564e-01
1.369874441483914573e+00 1.434721082898175792e+00 1.499323029628256032e+00
2.924231635347306346e-01 -1.261152047006935284e+00 3.056691889786581351e-01
1.899613678088112989e+00 8.169593767923042371e-01 1.536769864884014458e+00
-1.797259643328500411e-01 1.096423944607846979e+00 -9.466360478359148178e-02
-1.919798105493739415e+00 -1.338643204409171727e-01 -1.696517823417021731e+00
-1.456606362401121846e+00 -2.280219520299358038e-01 -1.317221343090848151e+00
9.298079286291112133e-01 1.672004868526365984e+00 2.905381374431673880e+00
1.709018613153891586e+00 1.212704054039402957e-01 8.780242505015494192e-01
-1.622899716717797425e+00 -9.473494959989451347e-01 -6.302400404407597634e-01
6.529700006757001018e-01 9.850916317615427964e-01 9.738181567841325270e-02
9.891875710905084773e-02 7.652852496087867440e-01 -3.065508147318663834e+00
1.226228200463238771e+00 2.116237196236343543e+00 4.038565812835357427e-01
-8.715661215081171864e-01 -9.622050009162036455e-01 -4.787956155952358683e-01
-1.840406096965536697e+00 -8.121894896543593312e-01 -5.378897627098838674e-01
2.040711998081624401e+00 5.842895971283161849e-01 -3.486388717226779344e-01
1.944479711699647062e-01 -4.805440466498496210e-01 -1.816581765671330562e+00
6.892796841145427678e-01 -9.906959748188154391e-02 -7.217852466810706913e-01
6.790248546254802342e-01 1.683403255487666561e+00 -1.771194882441390339e-01
7.383299985822189271e-01 1.486762815642057589e-01 2.171428310540976181e+00
-1.500820984319622409e-01 -2.115562372627346921e+00 1.024038663562517382e+00
-1.523056409005468348e+00 7.045781848694872007e-01 -1.569738378425573844e+00
-1.846481455410025507e+00 -1.470951692079740747e+00 1.087952035742984824e+00
-3.278819166374558058e-01 -8.887719597548362493e-01 -1.615853957521485640e+00
4.674404640054684035e-01 2.057468397063388910e-01 2.031251943146422434e+00
-1.572355936268576837e-02 -6.113729822148232795e-01 -1.942080539289540164e+00
1.156496224278027229e+00 6.269709295584744435e-01 6.510457626753395344e-01
-1.729923253271231864e+00 4.953790182255298769e-01 9.122902746567180809e-01
-1.248994903483199526e+00 -4.479273962555541111e-03 1.659142683095329973e+00
1.588422077155198453e+00 5.589952289118639284e-01 6.141691926356385167e-03
4.906845252145847769e-01 -4.330101678697705347e-01 1.885909190951653436e+00
-2.137725224422641901e+00 2.034555898579353261e-01 -2.825341109727173006e+00
-2.103936633051044058e+00 3.722795687631230699e-03 1.642328389450560255e-01
-1.688012081742891746e-01 -1.683225693139775436e-01 -1.954274729177580161e+00
8.611880968908249834e-01 -1.225512004362038221e-01 -6.867994769054979187e-01
8.812189570215356316e-02 7.364915344198794678e-01 5.751226098726196501e-01
-5.697909349599857842e-01 8.650576351323377988e-01 -5.203435345750191399e-01
-5.363673344366242102e-01 1.154597390964477999e+00 3.495818165658758914e-01
-4.591942172481786599e-01 7.428051188395390358e-02 1.863256622307674082e-01
-1.914817130238722909e+00 -6.674894031930201921e-01 -1.552336445695246536e-01
4.609000656889803427e-01 5.417106504006871104e-01 1.800842823876063648e+00
-1.185262292759827085e+00 2.471868953678463932e+00 1.292352126986272332e+00
1.829558139521428428e+00 -2.092753032407855818e-01 1.228457623019673761e+00
-4.897445317415941024e-01 -1.807079640382512897e+00 -1.034281555054986868e+00
-7.869398457734865238e-01 -6.223237245562608377e-01 -1.682086702424596458e+00
3.626272964994747827e-01 -1.395009822469729377e-01 2.760864112417211746e-01
-1.231751258887892941e+00 -2.040833718938324992e+00 -1.091370611756852016e+00
2.132380949120469271e-01 -8.304054863137874110e-01 8.213361663786009625e-01
8.586106266773458895e-01 3.879469717612696877e-01 -1.587760396837738730e+00
2.451065245499307599e-01 2.405055775130998663e-01 -5.798757101498515087e-01
-3.298454615215714592e-01 -1.415214689400793313e-01 1.209775850120301977e+00
-3.927284982569534955e-01 -8.945568624530191304e-01 1.138224209149231170e-01
1.562516362883971555e+00 -1.706364338359250832e-01 1.407897788060965105e+00
-2.429288381320598766e+00 -1.216123022045701996e+00 -1.533222185585136899e+00
3.955853805156899217e-01 1.713000590349561314e+00 -6.628970328675637402e-01
-8.069572931278429229e-02 -1.008706623545721826e+00 -2.139953275046704295e-01
9.872303608700829791e-01 -2.062847067209764296e-01 1.752235461549461193e-01
1.301960059881286380e+00 5.693250663743835149e-01 7.004215545603288406e-01
4.693964958203595828e-01 7.174728941703949481e-01 2.060843905848068758e+00
-1.849088105910174917e-01 2.323790087784481706e+00 2.822095345770481156e-02
8.025731780362805878e-01 -9.922094612883378684e-01 -5.952292455827637996e-01
-1.303550851746178463e+00 -7.773501319297323464e-01 -5.856218819109264562e-01
7.190913023375287150e-01 -4.749966637377057710e-01 6.369434873779555861e-01
6.697758926796799628e-01 1.452694742241212200e+00 -8.711161098781554646e-01
-7.615722849794361871e-01 -2.483350886612527564e+00 1.112223468914303126e+00
2.051404682066790830e-01 -8.229991428806453513e-01 -2.805536567995285946e+00
-2.372638637941257844e-01 -2.117722080043404898e-01 -1.228418033360623718e-01
-8.608980995099684286e-01 -5.037470165375540487e-01 4.728089473448227054e-01
-1.980879586418026750e-01 8.011189788893764430e-01 -1.706962839246277897e+00
1.550290032543710561e+00 -5.447727187423812012e-01 7.725464956493477420e-01
-4.374533938708440317e-01 6.552104096061680538e-01 7.269333945011564602e-01
1.424927813045187563e-01 6.137019004926524968e-02 1.930380345562460187e-01
3.687679605254801096e-01 4.155090154372540479e-01 8.806316490290355681e-02
5.694556618780111101e-01 1.308225231718046278e+00 6.290914257917530339e-01
9.630095893750340030e-01 1.384009275809242157e+00 -1.358393475705762299e+00
-5.352738667471507172e-02 -3.339000703024277428e-01 2.414393764217503957e-01
-5.095952601288458172e-01 -8.687523593051721393e-02 8.213993090589644108e-02
3.097253296292845626e-02 1.316419845336368244e+00 3.461218341175714697e-01
8.209425366466482910e-01 -4.970433209413301912e-01 -7.820134224931878375e-01
4.547527825901984677e-01 -9.213076131909874178e-01 -1.903058049582637690e+00
-9.413755417606695097e-01 5.726474390610986065e-02 1.121375799863751688e+00
8.377751629070895323e-03 -4.561471065676445669e-01 1.200030851385221364e+00
5.918309622791892988e-01 8.804067882214636764e-01 -6.486859931587207750e-01
2.499235020342976954e-01 4.360047093172603194e-02 7.471682887029706954e-02
7.924142594667935580e-01 -1.721047109970353706e+00 2.894337191891019900e-01
-8.436522876901535462e-01 -1.536148525715260060e+00 8.577021015388495151e-01
-1.864714016110413208e+00 -1.520857326046282543e+00 8.015306996206790213e-01
-2.303055835817290342e-01 -3.799036947662579600e-01 3.139597252324027865e-01
1.937893374925839796e-01 2.246499720754847829e+00 8.690400839809114819e-02
-3.683834877451723777e-01 -2.600057896369675214e-01 -7.832144172263060256e-01
1.039153011234291268e+00 2.022832520356411479e+00 1.222124733508607175e+00
1.144286423806406550e+00 1.680957835296220670e-02 5.052952542427083804e-01
4.642235832950139529e-01 2.229357143500825811e-01 1.442411730484592702e+00
5.700307041004367692e-01 9.463591743313970461e-01 6.144455833268763767e-01
-2.145184600758552329e-01 -6.942276392967536847e-01 5.113862810821836469e-01
4.667339055162954553e-01 -1.304706661443294724e+00 7.748193178400489822e-01
-3.851987577040617561e-01 3.422728160640010620e-01 5.518872916582453492e-01
-1.669517513749219084e-01 -4.804248237888453232e-01 -7.829236164045474400e-01
2.108743104831608539e-01 -1.174287511805718776e+00 -1.516672529457872010e+00
1.052880634828051498e+00 -1.258894462094894973e+00 -1.245330766707142711e+00
2.411928768863499606e+00 1.017141964674967980e+00 3.319787094022806362e-01
-5.850321763365691208e-01 -1.133910701584698533e+00 -8.143990954494566559e-01
7.207001121976964741e-01 1.214602649515487354e+00 1.475086044234002358e+00
-6.175386145578983799e-01 3.482403895662642412e-01 -1.190802392601060467e+00
4.347580489550632032e-01 -1.509078339555884885e+00 1.730342693692242806e-01
-5.321916374622361889e-01 4.898514192269055600e-01 7.119388491989722123e-01
3.645973267770412085e-01 1.170149411260475780e+00 -6.155833344724142009e-01
7.697324788204729096e-02 5.735535608030917221e-01 -9.244984231960063914e-01
1.516299186328013526e+00 -9.687070888875120023e-01 -9.421476101818406779e-01
1.323817851917432065e-01 -1.791099235331597983e-01 2.198870833016791093e-01
-1.862994567068612106e+00 -1.142486130808527900e+00 6.411648332807440287e-02
2.470160073029679104e-01 -1.063730819305261921e+00 2.536694321044259404e-01
2.309350952343466101e+00 1.359008390619148354e+00 2.354419935061850544e-01
-3.613896268443027582e-01 -1.798373584652083190e+00 -5.166513164355837073e-01
1.132383192232693014e+00 -9.147983447042673522e-02 -1.008278704504638412e+00
8.919809796436568572e-01 -1.571749754554214951e+00 -1.236131889574022535e+00
2.056336388406156068e+00 -1.239483751295890723e+00 -1.464042694173246506e+00
1.160340472965729841e+00 -8.661412399452645960e-01 -4.539642889039885443e-02
1.350589774331093063e+00 -1.736343471323429366e+00 -8.409236376882498476e-01
1.798257449647049810e+00 9.004456030600327399e-02 2.414280785089280568e-01
-1.132550763020050977e-01 1.418284370045971521e+00 -1.166080915713682442e+00
1.037164448083270463e+00 -2.215602079353137022e+00 -1.287329415886301565e+00
-4.304677685331462778e-01 8.590018904673446531e-01 1.846534923518454052e+00
-3.001110441711238863e+00 -4.935755965436843806e-01 -7.319337952080251508e-01
-1.010530082214081027e+00 -4.163470951394800945e-01 2.169168110719288389e-01
5.938631529335008929e-02 1.013254983588319780e-01 1.688407609494916306e-01
-5.355624193785593068e-01 3.382283727350509639e-01 2.726023375533304094e-01
-8.792530553920629988e-01 8.890748791819813590e-01 7.728791497191283000e-01
6.000695460284164451e-01 -1.958437590168797815e-01 7.821393493449683154e-01
-6.616044857593226247e-01 1.668805790599948491e+00 1.482352721989399491e+00
-1.122203909500260277e+00 -1.235125092868109009e+00 -1.182369898055486424e+00
-1.938116783514504560e+00 2.310621133308015995e+00 -1.333405650765447481e+00
-7.666140260276446128e-01 -5.520138460319348184e-01 1.690153897353327550e-01
4.564643847379447061e-01 6.477203846140766608e-02 6.139195791125946489e-01
1.407985962038159622e-01 -9.671900610232060380e-01 8.766112125227859542e-02
1.132448970835077340e+00 9.482988622418320190e-01 -9.318331653076896703e-01
3.677962197354269769e-01 2.833463829436482229e-01 -6.786786829534208199e-01
-9.716031858226881202e-01 3.515829278091796573e-01 6.628801686657685988e-01
-8.878902973794974285e-01 -8.515715756682715742e-01 -1.429684564877478969e+00
-2.755148487513208733e-01 -1.113869657561444626e+00 -2.017664532692766688e+00
-4.307932403391673826e-01 -6.782543363252840907e-02 9.106555294711105031e-02
-2.869414712908243459e+00 8.122367692176277743e-01 7.326725948775110187e-01
-4.078969550094890262e-01 -1.713089075021805741e+00 -1.715808992108215802e+00
1.267501275790987147e+00 2.801405814862610866e-01 6.633967315819793154e-01
-2.102472259394097875e+00 -7.344137216075230512e-01 -5.616382178704319994e-01
-3.254790832397122635e+00 -2.188214319935567476e-01 -1.937450990128153583e+00
4.544451048641809932e-01 -7.436114339478123725e-01 -5.038192691412753943e-01
-1.299092515531919734e+00 6.742728728753955014e-02 -7.018928436797582382e-01
1.000444353318833191e+00 8.401845361822926073e-01 -1.467977555787532307e+00
3.076723906907968820e-01 -4.674357357719378103e-01 -8.887527849163814331e-01
-7.396256008797919002e-02 9.312673233803663297e-01 2.823447826793248350e-01
7.315479315046682363e-01 3.522940627582573647e-01 1.780879294836493543e+00
-7.263665308262964304e-01 -5.776407100937298589e-01 -2.266484750034573281e+00
1.892756395352891863e+00 -8.326366320773548324e-01 3.522075345335823560e+00
1.275042180836954753e+00 7.868601260545193821e-01 4.285813011606608991e-01
-6.950729742704393477e-01 8.381029261284290710e-01 -2.488580880141304519e-01
1.100761430472347202e+00 -2.770771861031916528e-01 -8.267604361149683001e-02
-8.626846966608994194e-01 3.857556593848632254e-02 6.992480523523918468e-01
-5.514641162669410290e-01 -9.215694947944936821e-01 -9.424935320730138955e-01
1.669141556226056977e-01 6.591494933240905629e-01 -1.457102977486551820e-01
-3.796742411425524377e-02 1.362887412229720763e+00 -1.769267686522162375e-01
1.307088482579458866e+00 9.037091070096059386e-01 9.132771110119302094e-01
-1.052525904274399515e+00 -1.506932883458058647e-01 -1.102552051226042051e+00
2.683741336192190241e-01 8.380761841658059819e-01 -1.042311460193139805e+00
-1.125265622700942769e+00 -1.597162105285774736e+00 -1.721437024640456448e-01
7.430456112785288614e-01 -1.089433852977832684e+00 3.400367306048439620e-01
7.375057050326071506e-01 1.471093946480952930e+00 -4.615071368286022269e-01
-7.481175002819822062e-01 -2.687665445204375558e+00 -1.239253642532673449e+00
-1.125622384231018680e-01 8.431312536824712156e-01 -4.004582296669547681e-01
-1.340159350914582603e-01 -3.153048337298700599e-01 6.217557342916130159e-02
-4.382682007758415543e-01 -1.358245218131545418e+00 -1.293098972973815819e+00
1.412877710265519449e+00 8.282695063956166948e-01 -1.910235132830825355e+00
-6.137598296815049981e-01 -6.974196337306801663e-01 -2.508753750544365224e-01
1.346050015405396927e+00 -6.015070013121461834e-01 -6.331742360608711984e-01
7.849704536242330111e-02 1.108843802333743689e+00 -2.787849042580687886e-01
-1.945560515939654955e-01 8.341304178784576528e-01 -7.566142888456917071e-03
-1.176587759756249962e+00 2.557591833717787200e-01 1.032876039616867692e+00
-6.001719451979550257e-01 -8.348381183524060667e-01 -7.052535655563629824e-03
1.177779097835139344e-01 1.269774255983047162e+00 -9.493671955500444515e-01
8.457030174145585555e-01 5.942490260503817678e-01 -5.287527703305963112e-01
4.477841001252394482e-01 4.521260400783456146e-01 -4.031685425092685904e-01
-1.871855942856636368e+00 7.528049172200927952e-01 1.000440299571717206e+00
1.736211637633508387e+00 -1.566013587818668729e+00 -6.024283432396821958e-01
1.743756749456272681e+00 5.679640381244382974e-01 1.003202361145054233e+00
-6.362267709410002192e-02 -1.101252542085247477e+00 -5.952831710613304406e-02
-8.790731465859533689e-01 -5.924137054276390479e-02 -2.235492273325125900e+00
-1.359923010709818136e-02 1.641383752256408424e-01 1.430869820584690366e-01
-1.449478528103947061e+00 -3.096860823716103273e-01 1.805018669183349411e+00
1.172828580741658522e+00 1.585643108169549897e+00 3.476331521209200526e-01
1.012116209365041541e-01 2.050759150778113660e-01 6.695216675227300129e-01
-1.596755496926626217e-01 -1.973219613591528976e+00 -8.877945050008848593e-01
7.738035892431081031e-01 -1.421476006404673198e+00 -1.884988340045694377e+00
1.215674486748491656e+00 1.115532243041231109e+00 2.922509965940314203e+00
-3.435216423937340613e-01 1.978004535520883067e+00 5.743009438209639717e-01
3.192622588328081878e+00 -6.640788053414874437e-01 -2.042065370422692094e+00
-6.399154761528584867e-01 3.992828765470580188e-01 9.475538164794583551e-01
1.740878919034331007e+00 1.262166892504614335e+00 2.011070510451218762e+00
4.694384831887828402e-01 -4.855717184657311059e-01 -2.403507358275778216e-01
