1.310810249457393661e+00 5.780258790072281272e-01 7.904959322799580690e-01
-1.302875836466994119e+00 -4.140771696267193658e-01 -9.975508493649837272e-02
-1.145450621480627262e+00 1.248668883269330010e+00 -2.987732375607454749e-01
7.191274743448827778e-04 1.184607783058172936e+00 3.733938860679453242e-01
1.444084039916023521e+00 -3.978734879181073936e-01 4.754772149931320024e-01
1.950570733409829893e+00 7.494587227045257372e-01 1.760393533392589638e-01
-6.644980289674271567e-01 -1.155163515048934109e+00 -8.773655556850197268e-01
1.015941566842385457e+00 1.522382322511893205e-01 1.683691252499245561e+00
-1.650391733701012109e+00 -2.867952129384621074e-01 -2.134967710307025257e+00
3.457620214273637860e-01 -5.334845257876832392e-01 9.595324534703968400e-01
7.362520592754743243e-01 1.070305380904816861e+00 1.470032277129668552e+00
-1.746652645361403744e+00 -4.519326242632819013e-01 -5.604041364701197736e-01
2.310566412286627624e-01 2.303098390967692755e-01 -3.991491380826024393e-01
1.128609880141610233e+00 -3.109863120880309584e-01 -2.642063004645067714e+00
3.157374423410458375e-02 8.706084151306383578e-01 2.831346178508017397e-01
-1.186204074180084778e+00 -2.546360993940106621e+00 -2.297934074220588929e+00
-1.544915671248432210e+00 -2.220817440279107657e+00 -6.449842491636875730e-02
-2.336216434080005122e-01 -1.648568039952714059e+00 2.812120884197011339e-01
4.965159648629748901e-01 4.277969593923127700e-01 -6.939139837653578446e-01
-6.091131076666053135e-01 -1.285264416421559641e+00 -7.758483726281626414e-01
-2.843582686449352970e-01 1.152256161418901081e+00 -6.177473689372874333e-01
-1.175274235365312503e+00 -2.007014006746824730e+00 -1.899005682722017863e+00
-1.948010412767457344e+00 -2.403032711240476349e+00 1.780137642891838734e+00
5.618735414479913981e-01 1.577275039782532140e+00 1.453922448215961394e+00
1.514742884272564094e-01 5.924377117175194662e-02 1.169235246165037267e+00
-6.201088517411431633e-01 1.157390328174085825e+00 -4.871914524154492554e-01
-1.290980785607450665e-01 -2.297129844600750204e+00 -1.532538534370595285e+00
-7.515230611268906014e-01 3.591093989434729350e-02 2.064729273124317199e+00
-1.109650014105117988e-01 2.552739727776628387e-01 -4.263811756224052951e-01
-5.005972870207769931e-01 3.269662788083110838e-01 3.746755115056442653e-01
-1.146398635821964218e+00 9.004121406335496847e-01 1.702752085653488123e+00
9.639278657261709515e-01 8.646600294610873316e-02 -9.749047183570738184e-01
2.471010774442615965e+00 1.043747039050983427e-01 1.514131571624187655e+00
5.580797408016738848e-01 -8.090703831139740565e-01 1.160422861655903581e+00
-3.154609945696708051e-01 4.175708781564218541e-01 -6.173825319170334058e-01
4.815397723069538838e-01 -9.320413087946630704e-01 -1.563810485028145569e+00
-6.705511683872338313e-01 1.732251770558024262e-02 -7.250544189900813841e-01
-5.436032653894135036e-01 -1.301292423410323362e+00 -1.765562308413191062e+00
-1.009388621995632285e+00 2.469565722368335159e+00 -9.119386841770082963e-02
7.663779574061468924e-01 -1.243120853979353679e+00 1.448876887958344017e+00
-1.386610912201313273e+00 -3.836066499037968924e-01 -2.467606072765089475e-01
-2.501003627548157304e+00 -1.395408793076328813e+00 -1.692442121867774540e+00
-1.294747403135716457e+00 -9.479883992662261338e-01 -4.853581759842359178e-01
5.190559603682385337e-01 -3.792151583438441165e-01 -2.750671942420677585e+00
8.382757060686980566e-01 5.710434621605429140e-01 -9.475347876235384881e-03
1.421237038578924139e+00 1.093942737261048626e+00 1.604407256985643793e+00
2.567551123470954710e-01 7.234555593455764821e-01 -5.917030970813770274e-01
-4.340831875534663653e-01 -6.599103059873870913e-01 -6.082342495056287657e-01
-7.225751305555587756e-01 5.676887729134618699e-01 -1.225942482717789161e+00
6.036369096956799574e-01 -5.384466108571829279e-01 -6.262108199072363712e-01
9.166113815752008342e-02 -2.326120521661128926e+00 4.648080953021476169e-01
-7.202309739897304608e-01 -4.050752163067926070e-01 -2.093463006170224183e-01
3.540060778140116104e-01 -5.616406947275403017e-01 -2.127601982884752552e-03
6.906167338326802962e-01 1.543852953385677074e+00 -3.130371119809239877e-01
3.980018562180519304e+00 1.101081745458316608e+00 -5.245446482334410465e-01
4.299478451394601608e-01 -5.329351394465859926e-01 3.854331634551907637e+00
9.275463264417431741e-01 1.507733460081718269e+00 -2.251386927367785340e+00
-1.530044579165176222e-01 -8.706769485257608299e-01 7.835172759160899947e-01
-3.197053977839573458e-01 -2.686344245383535334e+00 5.593452637944673622e-01
-2.779018889305183704e-01 -9.184212239618023688e-01 -1.648409557734668240e+00
-9.209352310003748876e-01 -2.008812979147573508e+00 -2.862450523967035032e-01
-9.481175460463773241e-01 -3.279297347171649113e-01 1.184642567382543366e-02
-2.071137244323431048e-01 -1.744381545395430333e+00 3.110009662859254398e-01
2.209489775871223749e+00 1.368041779502975785e+00 -1.935065716872597097e-02
-1.759719353216250282e+00 -1.523052525114114708e+00 -2.047447916077071994e+00
1.134862469151631803e+00 -5.477331350090568485e-01 6.143961580042308634e-01
-6.672896421851627347e-01 3.263711910663360527e-01 3.124511338671709382e-01
-1.924355530149682303e-01 -7.560352759167311421e-01 -1.021720370312090509e+00
-8.435082393572335135e-02 -6.336731409467327714e-01 7.255874644736315382e-03
1.040620373166826207e-01 -5.625654784864757563e-01 -1.905437592920468992e+00
3.571899264198644119e-01 -3.051524482203926691e-01 2.779169339598035471e-01
-4.516418781941685667e-01 6.452335667187587553e-01 -5.940894108301963961e-02
-1.594068491563462864e+00 -8.313002275447816114e-01 -2.473984048207531039e+00
-1.633832799270807934e+00 8.879504855260280660e-01 -5.363995583617934271e-01
6.807985469090338526e-03 7.548339546836200231e-01 5.670227192199713828e-01
-1.901227410161594245e+00 -8.212909906181913300e-01 3.702270286173283687e-01
-1.877394944433994906e-01 -9.851857193386048817e-02 8.966846835592146014e-02
5.677378030893315275e-02 7.054104494135143844e-01 1.924568643293985692e-01
-1.756265078819781555e+00 9.787790809946468329e-01 1.824753623637650479e-01
-7.140842562127753812e-01 -1.242885813961953190e+00 -7.974558141266667732e-01
-5.355172214880093984e-01 1.110046325159378400e-01 -2.092368188993733114e+00
1.599376239693995339e-01 2.412041569226305970e+00 1.474129214815139033e+00
1.211312194169898326e+00 5.956354534201788731e-01 7.306563309127442896e-01
-1.254975850454098873e+00 -9.711309215336931810e-01 -5.868456493261208218e-01
1.955487515772450502e+00 1.059321549931774076e+00 -3.970404789467544271e-01
2.842488517369325951e-01 2.057702662607110433e-01 3.644197410456206931e-02
-2.636994041355083862e+00 -1.115274371032100031e+00 3.211524848805049182e+00
-3.934096347502858970e-01 -1.782881682167824833e+00 -2.410717970642989094e+00
-1.462252352431443247e+00 -1.001511946019792987e-01 -1.018924610972708589e+00
-1.509826919342779905e-01 -1.115387302606811515e+00 -5.810044865047676588e-01
-8.196410635255506616e-01 -6.071059661141229302e-01 1.891608003933875626e+00
-2.824225967044926566e-01 4.240534579375599966e-01 -2.736598944683900081e-01
-8.590253033598753696e-01 -3.905213301602209475e-01 5.425927792525953031e-02
3.130760172359613236e+00 2.904200718489187150e-01 -7.412997774326186562e-01
-8.642938667797825936e-01 6.532152834911036932e-01 2.263432866600176396e+00
3.841139300225265840e-01 -1.981579442344364672e+00 -3.834386609199029738e-01
1.296374628234627568e+00 4.908057458517061655e-01 7.203617988745818490e-01
-1.424984584557169809e+00 -1.044380355973205887e+00 -5.546502065966881778e-01
-1.417312389852287691e+00 -1.140721794638909881e+00 -1.595328338087435682e+00
-7.747583299840672399e-01 -2.846287042118434973e-01 -6.914821390850351968e-01
4.118164624010649533e-01 1.164585179923643299e+00 7.343155827199909780e-01
4.432832635418305633e-01 -3.877809616438165907e-02 -4.304822849695196796e-01
1.207752693362205143e+00 9.869457878832343933e-01 3.214866682244521545e-01
9.819630156418948097e-01 -4.527211417284949801e-01 6.771762645916753476e-01
1.474805954373060501e+00 9.478906113930245514e-01 4.378113692184725236e-01
-1.157377877006527722e+00 5.294801064692802317e-01 1.041335835008361244e+00
-2.564470531541088949e+00 3.473249696898724759e-01 -5.662006083409942825e-03
4.641618584740813125e-01 -1.588413383911547738e-01 -5.206030921768549646e-01
-1.352457131407986957e+00 -8.772879305270953054e-02 -1.381700652734418888e-02
9.155850202643289748e-01 3.580992870554983720e-01 -3.540281395468103387e-01
-1.075641102993447396e+00 -2.241317765875398549e-01 -1.480914054800920088e+00
4.339358872297304215e-01 9.493017073701655040e-01 4.780578901469197395e-01
-2.257674317669495778e-01 2.264249809145166825e-01 -2.176489042092835113e-01
1.071329754602372564e+00 -4.648719955269042803e-02 1.273465974949355761e+00
6.271777178311572776e-01 1.610451741702094042e+00 6.278060329210205515e-01
-3.416164689692613443e-01 -2.000003819761981383e+00 4.553866895604474774e-02
-3.681229463351270992e-01 1.098610929194809849e-02 -5.659472679786570204e-02
-3.901506735969120232e-01 1.469336004001959184e+00 1.934177178138642983e-01
-1.289561102209245025e+00 -4.410349057668505601e-02 -7.105773599650673233e-01
1.907266913086408389e-02 -7.902719344651021327e-02 -4.802492909353365258e-01
1.021600919461327139e+00 9.816359783980745934e-01 -6.624780547439090839e-01
2.322787023902854742e+00 2.257568709015808084e-01 -1.660939785697098658e-01
2.332005739252635546e-01 1.274271034590263030e-02 9.906153973292810555e-01
1.425242408981796327e+00 -2.146331269347602211e-01 2.286028321899883586e+00
8.605614427854539894e-01 1.805780162393022525e-01 -1.156229885539700852e+00
6.750921021996652005e-01 -1.022301317094383988e-01 -8.865096022651736130e-02
1.232167758013819059e+00 -1.672788345496605045e+00 -6.196013158503806961e-01
1.384708433678745743e-01 6.659848947706377142e-01 -7.956690482676669340e-01
-1.154254092501281193e+00 1.102150073077401427e+00 2.542278286165023271e+00
1.378435452717336585e+00 -4.593366977031609899e-02 1.694736154639463699e+00
3.855989495966328784e-01 -8.554093948924459401e-01 1.451210670797084656e+00
-3.030227076621453408e-01 2.032517205764290957e-01 6.869930509222903492e-01
8.474342134604786470e-01 -8.961905358114594655e-01 -2.654987789818668564e-01
2.953588691489730245e-01 1.610140579344842893e+00 -1.956371943597062568e+00
1.126231380743831778e+00 -8.369093074120925735e-02 -4.144144951418404776e-02
-1.591037155316040508e+00 -1.613138434865831305e+00 6.227462824643963391e-01
3.276055808027915628e-01 -1.627185545675580158e+00 9.656182981117639175e-02
1.300920473565549962e-01 -1.593426658859327660e-01 -3.515829202994791292e-01
-1.349740102102275685e+00 -3.156323152788129693e-01 1.593673766316043627e+00
-3.397825527734700257e-01 8.985512096038943408e-01 -2.734793343488445938e+00
-1.395861736028442657e+00 -1.353672317868081176e+00 3.225438254062552579e-01
2.875842798436568648e-01 -7.457099412574186292e-01 -9.684461214087041192e-01
-3.904890381677073030e-02 -7.189708752316326112e-01 -6.001342448719271250e-02
-2.041939398803500616e-01 -6.254504417114247206e-01 -4.424785243306602056e-01
1.986802269886619454e-01 -7.847144592990480394e-01 6.639853089031173550e-01
-1.398446387503329280e+00 -5.865868554920964373e-01 2.911243777370569052e-01
-3.039659975333830477e-01 2.675613572421861042e-01 1.316548160043015114e-01
-1.883298265995655640e+00 -5.281426317939654780e-01 -1.342578318313249142e+00
-2.902536687524477355e-01 9.877815725389182955e-01 3.690814565923792312e-01
-9.045529953373421250e-01 2.069770400530324572e+00 7.879252393494631246e-01
1.778642109811700234e+00 8.843406214548172883e-01 4.232363234542084740e-01
3.245374538760851468e+00 -3.095459525145805024e-01 1.725318871397567122e+00
9.088839815199289962e-01 1.352911171675488466e+00 -4.823239509444099404e-02
-1.436809089630630698e-01 -1.181606167842584654e+00 1.255033350489342059e+00
1.803402817325083340e+00 -9.284062718173484718e-01 1.033765092014438669e-01
-7.692493672047988618e-01 -6.316893709130899648e-02 9.632413804878593444e-01
8.247911604558701981e-01 -3.037507220765857108e-01 -4.056426445851944451e-01
7.615560427350871464e-01 7.895249068088663336e-01 1.048794827312230726e+00
7.251014888224573962e-01 -1.588169589742732812e-01 -8.195786429578488796e-01
4.088350596644042545e-01 7.870873371639259819e-01 -5.909227376541520416e-01
3.648724806969761980e-01 8.460431629739212367e-01 -6.151399618256954138e-01
3.717665675787396595e-01 1.254381487944825846e+00 8.290677918169742089e-01
-2.780331222890334075e+00 -1.818395619785963202e+00 -1.629644864693813866e-01
1.535927174565526521e+00 -1.297358306564659891e+00 -9.172559829274072873e-01
-7.415870673597152463e-02 -2.639743737420464420e+00 -1.989756004465680128e+00
-5.395589750024414322e-01 1.371295303937309473e+00 -1.523780033097973385e+00
1.151013290360615837e+00 9.552368281297802799e-01 7.911789545208687269e-01
1.334186939894489221e+00 1.339282496269047940e+00 1.626923364407250605e-01
1.774667514126419432e+00 -4.303910388764364825e-01 1.110393101778438085e+00
1.033881962569511925e+00 -2.791840384984216605e-01 -1.622037259776708762e+00
3.231468504968258992e-01 -9.512670503432869573e-01 -1.240444536898649641e+00
-1.879216362580635291e+00 -3.370601189055408842e-01 -8.216358726773925758e-02
1.085266993491296184e-02 -1.418392445686084358e+00 4.914027756803897029e-01
-3.036359490561948427e-01 4.688717562231756730e-01 2.846632007847432533e+00
-2.637166170396312292e-01 1.721219036224972854e+00 1.154538038261985866e+00
1.395401843157929145e+00 -3.925880315737761972e-01 -8.506846313424232253e-01
-7.167310860213318424e-01 -3.901653560070011406e-01 -1.406895395004545746e+00
-4.810355978729887738e-01 7.504944816782326278e-01 9.450497792586833867e-01
7.905436270199277526e-01 5.827159879611041315e-01 -8.208929452892329559e-01
-2.016082020840347377e-01 3.553892405658423126e-01 1.000806842181425349e+00
-5.262736520060662393e-01 -1.168825110233290054e+00 6.709461850307785191e-01
-5.432047217597306688e-01 -1.856961253926677546e+00 1.682365500320624374e+00
2.143592913027553504e+00 -3.330365955481420226e-01 2.793792540206780917e+00
-3.065358600283482060e-01 -1.760922339782307056e-01 1.279787068855037901e+00
9.168856856498028840e-01 -8.039262314612782845e-01 -1.558810978461538044e+00
-6.889345501166355135e-02 -1.046683053621075832e+00 -1.229568241858943756e-01
1.255002517933127448e+00 -1.418659180776213891e+00 8.194790007573493629e-01
-1.206203134049250059e+00 -5.997734472428419839e-01 1.427008845551657190e-01
-4.179423795524006557e-01 6.727106366017773231e-01 5.077367621992829871e-01
-4.535567600455368553e-01 -1.131715348905876883e+00 4.889091523204506240e-01
1.335153248079766763e-01 1.017704057859933453e+00 -9.836999661383066806e-02
2.991472081935687699e-01 -1.552371160988478271e-01 -7.343161271308146221e-01
-1.766442673246142681e+00 -2.128877007074276406e+00 -1.998173977745654195e+00
-1.020561858741536154e+00 -2.569946547648113144e-01 1.201316796646669571e+00
1.056098975378957805e+00 -5.122044926380144858e-01 4.736597691907858954e-01
-4.753922257542886332e-01 -1.853459787200514297e+00 -1.289648452542787815e+00
3.998449058021371627e-01 5.806328614580418268e-01 6.325212503467924074e-01
5.648269297860331051e-01 1.841917785599992863e+00 5.052905008706854995e-01
1.066385970402599970e+00 1.892751708652430587e+00 4.050949906407865786e-01
-1.181972832624185621e+00 4.007261040456981949e-01 -5.478205323819935746e-01
2.328196404448966916e+00 1.125886628465819550e+00 -2.621315214813034755e-01
6.304396178139834994e-01 -1.286887726728500603e-01 6.744539419165611616e-01
1.060810834646710665e+00 -1.104357202744813637e+00 1.196885951277586457e+00
-1.801284748870329633e+00 1.092218536504119930e+00 -3.911381104063700320e-01
-5.558613129547966825e-01 -8.843556263705842913e-01 1.308955331423156343e+00
2.111048113952641359e+00 3.987550489609998916e-01 9.802112546152863537e-01
4.984969879220039757e-01 8.559389903945473499e-01 1.422625190174499732e+00
5.483043686077293533e-01 5.266741525684111025e-01 -1.555932811757777312e+00
-7.153358121428243788e-01 2.231956172017135476e-02 -9.854577976265403993e-01
-1.808871562847283787e+00 1.469178800635997817e+00 -5.376779985986379629e-02
-1.288715583644664653e+00 -1.373162341022385657e+00 -1.624440631946286073e+00
1.381768037991657483e+00 1.432555810990099321e+00 1.524836747513671487e+00
-2.730164657477066381e+00 -9.356410037345472830e-01 4.721021215339771260e-02
-7.077611372173173709e-01 6.971102079696227527e-01 -4.517624382988920106e-01
9.320156197551456856e-01 3.194320321065781121e-01 6.353939666348560333e-01
3.833254584350943572e-01 -7.817070690148062440e-01 -4.528246180039184887e-01
-8.957339815488358781e-01 7.193804082347774465e-01 1.206312113286930554e+00
-6.754245894263297689e-01 -9.305900191685685385e-01 1.916924305296396902e-02
7.800330767459682235e-01 -1.172851751646546203e+00 -6.941077964866142480e-01
-6.395446801092373734e-01 -6.847040004772549926e-01 -1.224140867987795200e+00
-7.183280490694943232e-03 1.045534931498296016e+00 7.513448155627846514e-01
-2.968959353167495152e-01 -1.482920323862080281e-02 1.487762886733355217e+00
-6.008483001051164729e-01 -6.404167987970508236e-01 -9.442056981058108978e-01
2.110003526607555635e+00 8.792231697017696135e-01 8.144165069711667426e-01
-3.150371374587317419e-01 -8.127904266106905640e-02 -2.752101853103767759e+00
-9.264735652166589119e-02 8.764406725246778329e-01 -1.139344013203084094e-01
-2.273377672970495755e-01 2.564919123176409022e-01 9.910444915164370316e-01
1.991831282667844705e-01 -8.383307329745681713e-02 1.353422409628194378e-01
-2.139959910459091397e+00 -5.044523581592214034e-01 -6.688435740452203238e-01
-7.839557438956928914e-02 5.152385216041772686e-01 -1.195301400028771166e+00
-5.117510473448028119e-01 4.804972252576420466e-01 1.120740525262670539e+00
3.919297176929125825e+00 8.592459032771512240e-01 8.356069256142861779e-02
1.314324828285262647e+00 3.261536643493918586e-01 -6.459279617387447825e-01
-2.464563916653272901e-02 -3.600405670628864518e-02 5.446243558239334259e-01
1.011034856366644474e+00 -1.680878682782829037e+00 -8.414443484609462898e-01
1.059629537651101794e+00 1.863231867979334488e+00 7.285618743653377027e-02
-4.997467160826118970e-01 7.085223316277422523e-01 1.721680382367954953e+00
1.122991317453907900e+00 1.134322540553542424e+00 3.909258757295683839e-01
1.891700977951668472e+00 8.296647384773172540e-01 3.088569400919842778e-01
2.970575278430084953e+00 -1.148579200385219767e+00 -7.574510523310835630e-01
-6.121874854876100391e-01 -8.894810680514955159e-01 -3.266415937894628363e-01
-2.063815228165056803e-01 6.482350677088812851e-01 -4.235327266197665974e-01
9.663254940250309843e-01 -7.449465749645201029e-02 7.081131369297116729e-01
-1.510509516048322842e-01 7.622106492409721490e-01 4.362503859963245967e-01
-1.288361417798755681e+00 -8.303466860695453144e-01 -1.465564986660997215e+00
4.344163447136029088e-02 -5.933256894352748612e-01 1.856514498783191858e+00
2.619878455789853344e+00 1.584969343452169221e+00 8.937437928911393659e-01
9.849084526857774247e-01 -1.220142897774244117e+00 -1.509062042758378408e-01
-3.223063112898958416e-01 -1.461330575276629240e-01 5.605040212458517468e-01
2.286387626271262352e-01 -1.333473559915959727e-01 -1.097285528704990520e+00
2.829362134787609673e-01 8.741597553730000580e-01 2.880407068098739254e-02
-1.140144571709872379e+00 2.761788486667578479e-01 1.274071168486180294e+00
-8.311128489794985530e-01 -1.533798587800101476e-01 1.000388092195921841e+00
-1.083426278424011624e+00 -1.256694519876896621e+00 8.582609697288832162e-01
-7.426150158662221390e-01 -5.441483794101817928e-01 -6.004415167763260675e-01
1.743684501287236177e+00 1.017379597203937891e-02 -1.288234069387419689e+00
2.570593805442646484e+00 1.553850079751652125e+00 4.296033680348141370e-01
2.038445333336524889e-01 -1.299753407660826809e+00 -7.538597863873269800e-02
4.133584927380991592e-01 2.245676106964073493e-01 1.164495646238457915e+00
-2.493069882580861929e+00 -7.753385192795585468e-01 -1.498062151598280600e-01
-1.692637102766267887e-01 -6.854312226600305369e-01 2.370903544865301527e+00
-2.157403447595235280e-01 -6.421103840930434403e-01 2.684320543505549050e+00
5.904591606619227218e-01 7.050582275797334653e-02 -1.845237039198515339e+00
2.322118892664307710e-01 1.396524650379972421e+00 -1.301831969264671818e-01
-1.860110780907223704e-01 -7.462777412175016778e-01 -5.434199471344212107e-01
7.493163302230970713e-01 1.284225633480761797e+00 -3.740421785697056745e-02
-6.066671782957038239e-01 -5.346799103566309830e-01 -8.275194591224066532e-01
-6.687606838785609131e-01 2.489706750299992555e-01 3.647527819705138619e-01
-2.981621295941820904e-01 -1.878616528899573757e-01 1.607967576972118673e+00
5.907594147585293332e-02 -2.775270939539781434e+00 -2.013860891412106557e+00
3.344214502243879616e-01 -3.917995251220626196e-01 -6.495759269905847511e-01
1.574787818447418886e+00 6.728050284266575698e-01 -4.560440088932046221e-01
-1.699337791092671246e+00 2.415455727961167698e-01 -1.461313105834374904e+00
-7.056685020150904597e-02 -1.127566449978430141e+00 -1.158775704758073788e-01
3.806870163530451379e-02 -1.279850366729119227e+00 -1.148930245551560425e+00
-8.360525527438253945e-01 1.161190920174004937e+00 2.392771317404250309e-01
3.044423854055051670e-01 1.552058459204427310e-01 -1.740647314181561489e+00
1.270456960955408388e+00 -9.843832440061601741e-01 -6.381458056526789768e-03
9.523031672151798244e-01 1.183681425481329375e-01 5.391607591478009276e-01
-1.492454413177133343e+00 -1.892361529224435568e+00 -5.611213678599226151e-01
-9.632282814184047748e-01 1.029907273675302992e+00 7.961948790385312558e-01
2.284417887845425543e+00 1.276730786682109597e+00 2.856448229581201037e-01
1.073998374375256804e+00 9.260910944356555152e-01 5.845698534151652082e-01
-2.484126343714816443e+00 -5.519473326821340287e-01 -2.979561377285576684e-01
-1.947364311797718517e-01 -2.122678747200794191e+00 9.735055511391388361e-01
-7.633731923413074050e-01 -2.513543817871946029e+00 1.592081414753477864e-01
2.525622963038242741e+00 -1.430935383902285807e+00 9.975084460613288240e-01
8.121128365572594099e-01 -1.215917285489751531e-01 9.349957073812875663e-01
-1.714704225581897834e-03 -1.808903744483573162e+00 1.610681960017885217e+00
1.585157686887993300e+00 -1.657051528953921826e+00 -3.596738690339618127e-01
7.707368854520038060e-01 -5.877692337047208948e-01 7.432614303467404149e-01
-2.396827672548759836e+00 1.322728753212818242e+00 8.998520670235177210e-01
-1.114235073413059496e+00 8.396667431387421221e-01 -1.321026888642191643e-01
5.581814568849500224e-01 -6.190467921502165183e-01 1.265030828770255411e+00
1.022913540978316327e+00 9.271067813282104497e-01 8.430058108306354159e-01
1.513114199614017386e+00 8.225879545712073693e-01 -1.333711680820267365e+00
6.115114879740543019e-01 1.803935178882856816e+00 -1.048707318636524999e+00
-7.514307485179806401e-01 -1.847384304124096932e+00 -8.202652788528507211e-01
-1.396646284511693370e+00 5.382782483952202046e-01 1.365473536266222920e-01
1.411778346022338537e+00 1.004695111959093667e+00 9.208117932128832006e-01
-1.441578387311838849e+00 2.860645741884971782e-01 -2.368815380017073480e+00
7.544619170036607203e-01 8.516815963722339511e-01 8.902458529875301174e-02
-1.563437483702288189e+00 -1.579449634738578689e+00 -6.632655279347580146e-01
5.655443590130488918e-01 8.982781100797587737e-01 -7.584530489304803780e-01
-3.635109467624469959e-01 4.594735031836491013e-01 7.189697012325309000e-01
1.078184237446545346e+00 -6.584008604609929982e-01 5.383485998607155931e-01
-9.337339330094132084e-01 7.980720678840085291e-01 1.196555596380062036e+00
1.495114667670440767e-01 2.820039138222407704e-02 -1.204464268215985179e+00
2.191332897621044218e+00 1.928979942877102838e+00 -4.707417730029797021e-01
1.422514450903917371e+00 -3.045129187687042327e-01 6.920906160173612154e-01
2.667076586445285002e-01 -1.090339591816170906e+00 -1.779583395341053587e+00
-5.578259256815021327e-02 -1.019621084471921679e-01 9.544882117976376534e-01
1.267793777204881067e+00 2.193507878925736176e-01 1.233678860401468125e+00
-1.514698377410469421e+00 -1.152955437668548022e+00 -7.468812705846188393e-01
-1.417318924622227527e+00 -9.228171013718624582e-01 2.208477205718957226e+00
1.005426229632933932e+00 -1.196771367918903373e+00 -3.134192985234193873e+00
-1.596151275138784742e+00 3.559157496013612976e-01 -7.529289327587047609e-01
4.986609552120718214e-01 -4.329755775416000985e-01 9.208478785132351296e-01
-3.874732324323770238e-01 -3.557460272880719199e-02 -7.171610109037536152e-01
1.134669604758699046e+00 -2.684046868580871603e-01 -1.043459111181760601e+00
-2.906840835884051399e-01 2.290809289099418500e+00 -2.575287757932616106e-01
9.898319222338904932e-01 -1.938178987620269300e+00 1.984659557295135990e+00
8.617761803682610910e-01 -3.638659886435611224e-01 1.011829033284268542e+00
3.566334971415130450e-02 -6.656768752253159338e-01 -6.066896455803623134e-01
-1.900331151797093110e+00 1.426304660278580716e+00 4.863949930776758079e-01
-6.157827928794801231e-01 4.883948425708711794e-02 4.962310809429735237e-01
-7.620669293883892692e-01 9.267703380774166000e-01 -1.602641477374586065e+00
-6.049170200278815024e-01 -5.943809561276942599e-01 1.445828994068507622e+00
1.523691950305657627e+00 1.255505746522832533e+00 7.827302516887688633e-01
-2.646701313153816959e-01 8.826875964678768671e-01 -3.600871154467811808e-01
-7.473435300947985915e-01 -7.678485238855614625e-04 1.967596284802195061e+00
-3.521106042808302972e-02 -7.025121172764455801e-01 -9.693253514157973427e-02
-9.679464979638585653e-02 2.079095808033340376e+00 8.972328699999545520e-01
1.099421770006505872e+00 -8.053841620274770907e-02 1.741023889926300305e-01
-9.934022193329958839e-01 2.138873866033130788e-02 -9.784616699826799158e-01
7.651323105540425162e-01 -2.175768773802009282e-01 1.090348479417716732e+00
2.421041299759054688e+00 -1.874325618931338422e+00 -9.346749577024604516e-01
1.236021541693703707e-01 -7.784226749561191649e-01 1.656439802633657088e+00
-7.167737404620038166e-01 -5.508449577304139755e-01 -6.110727846844993261e-01
1.137483003283332739e-01 5.302078546826649585e-02 -1.469872690289242279e+00
5.627392439994199913e-02 1.000724004821868185e+00 -9.897870972124236388e-01
3.904773623185238129e-01 -5.406992385040607640e-01 -1.153210175627946033e+00
6.090956263862253861e-01 7.464522081336649739e-01 7.658889060407150229e-01
-2.398064313952016358e-01 -5.386762582253690201e-02 8.276077011869750200e-01
-1.945152908449467866e-01 -3.555140854225036229e-03 8.370766808547802640e-02
1.001705907981856214e+00 -7.106986369733427900e-01 1.074625809107454533e+00
-2.026221678656798808e+00 -3.781924848352537505e-01 -1.106979324643942775e+00
-8.332495802856891842e-01 -6.086407614753384099e-01 -1.133410412583264915e+00
1.126000383600753274e+00 1.739974549639221046e-01 1.416993980054483515e+00
8.438213276402730667e-01 4.476944809580929441e-02 5.841954682865565518e-01
1.209615578612885933e+00 1.640724448342163910e+00 2.101811852023617533e+00
-6.561220880908710251e-01 -9.648559109977267179e-02 -1.079841570459352251e+00
1.504888106184021357e-01 -1.217423317379358716e+00 -4.056704680607112756e-01
-8.560579630280416019e-01 -1.467683789946702344e+00 -2.845257300571470527e+00
1.896514953349788035e+00 5.951260624191381243e-01 2.467775157366051353e+00
1.502659557164436999e+00 4.679063743287082966e-01 6.438995711846631220e-01
-7.759629025816657810e-01 4.106467911773569179e-01 -1.955063542272596822e+00
-2.157458757381983450e+00 -7.066456740796572822e-01 -1.989198742293038835e+00
-2.067197027892621053e-01 -2.202256896935514963e-01 -1.971457321032250576e+00
1.065115255128938454e+00 1.859045634230465094e+00 -1.532326933229966048e+00
-4.655749481255736510e-01 -1.167720241678997350e+00 -7.232758079990352362e-01
-9.458054540874238914e-01 2.058644933441576619e+00 3.309674198671486156e-01
1.810605467048727713e+00 3.632732499256731362e+00 1.069160419514286531e+00
1.328487292712265511e+00 1.283930019984601545e+00 1.458692131346523979e-01
-8.032300073584958122e-02 1.263968621339388587e+00 -1.185627624515720679e+00
-7.618051471667449670e-01 2.017557255629196522e-01 6.833333620268511321e-01
1.070450012285873997e+00 2.065323870779111282e+00 7.586063719825338891e-01
-8.649955010442456071e-02 4.669283907818073676e-01 1.560388338139350850e+00
-6.314144821744093194e-01 -1.160833162804995600e-01 -2.663586039468783806e+00
5.272394006010006073e-01 2.578412093339491618e-01 -6.021086667912773915e-01
7.134843197121962799e-01 1.568007153649010332e-01 1.063251257124806504e-01
3.541907904102089555e-01 -4.338535980403332992e-01 -2.383845481174651226e-03
-3.098553677146759222e-01 -2.114184665811874586e-02 2.813201665962319353e-01
9.346756196292882457e-02 8.384601727767313495e-01 9.779767927155467167e-01
-5.331296267146757861e-01 -4.885841574291588385e-02 -6.566901522881061215e-01
7.945402123168754382e-02 1.649317060424912107e+00 6.011080592873727646e-01
1.732057879288254165e+00 1.230261478232702377e+00 5.729398280474861105e-01
1.971703899372138080e-01 4.299111671816285840e-01 5.095725222764011519e-01
-1.439509432234141961e+00 -1.558260321050630060e+00 -3.594902834393467472e-01
7.379838112516251547e-01 3.929411211403329718e-01 9.790744729461131612e-01
1.529397982368652764e+00 2.344325224431785593e+00 7.308112488021895059e-01
-5.213709662244123688e-01 -3.581507024003194317e-01 5.070101734186271969e-02
-3.937015288876261065e-02 -1.704476146645190204e-01 -1.957165500866706598e-01
5.719991345348206524e-01 9.180999516136238991e-01 -5.403249452787302065e-01
6.664372600191514895e-02 -6.209835592896311152e-01 2.999881355963169294e-01
-2.199277309045893913e-01 -9.907437179702427432e-01 -6.804894919712836110e-01
4.224804111647281757e-01 3.042455400467949822e+00 1.611352837586358389e-01
3.778317213316216838e-01 1.566235570086224715e+00 8.723484280095858967e-01
-2.062406405246869356e-01 2.829471329549652081e-01 -5.891519709285519824e-01
2.341610371857180684e-01 5.827192211849235859e-01 2.588687820899815417e+00
-5.499872118128250609e-01 -6.049095586041880468e-01 -2.514972507057683160e+00
2.719572414963136175e-01 1.662700794568194196e+00 1.235312286295134232e+00
1.570881030570403514e-02 -1.724586257677322321e+00 -1.377754107592183086e+00
-5.289210125242000959e-01 -3.275739161194209936e-01 -5.865571327188742190e-01
7.276705012042390397e-01 -1.767773335500719689e+00 -1.212580079972163105e+00
6.179911101920462224e-01 -4.192299936844263719e-01 8.721261329674525609e-01
-8.577144831403527014e-02 7.958934033615596704e-01 7.447157798532826334e-01
-6.197502579373133091e-01 1.825975088907522137e+00 2.462299733093179732e+00
-2.121811816536538942e+00 7.212405028129983409e-01 7.966412298889739008e-01
-3.624135679924133102e-01 1.300616532434926809e+00 -8.241849876936078179e-01
-1.182041303638438623e-01 -9.271800912108221215e-01 -1.059426785046488462e+00
4.107116568029898218e-01 -5.803436204006816590e-01 4.434950952188598805e-02
-6.218930192364191534e-03 1.593853894496902512e+00 4.209993134478134946e-02
1.146369538644256947e+00 -1.318316984166534978e+00 1.680820807443849763e+00
6.484477981459684237e-01 -1.155476188192507525e+00 -1.548865325858698627e+00
7.321066948015576559e-01 -3.203496741988115515e-01 1.108513260070090212e+00
-1.346055634036029125e-01 4.206489059963850474e-01 -3.350044265990874681e-01
4.794463701970279601e-01 1.982134527788812495e+00 6.272788687407796493e-01
1.211390891903841638e+00 7.768849829371569093e-01 -6.006453052209796972e-01
-1.461609925059864423e+00 -2.055399541624431059e+00 9.983887712986350138e-02
1.998218052821030266e-01 1.152838952988006094e+00 2.569722900346254502e+00
-5.981150635644738589e-02 -5.058440628622681290e-01 -1.225420964667601753e+00
3.569476046660357671e+00 -1.294535758172313811e-01 4.110675472969349542e-01
1.971834988260252830e+00 1.924862917621194880e+00 2.177554515353856690e-01
5.207632177345575819e-01 -1.199510240553085305e+00 9.753207543241588784e-01
-5.965227169200471025e-01 3.477978284708745926e-01 2.134464847117013342e+00
4.232105555203665159e-01 1.337940352054223236e+00 1.399667717038333148e+00
2.880963808812624372e-01 6.313389033683001195e-01 -1.124036747990176721e+00
1.248620458390497623e+00 5.711816395833002602e-01 8.835901356330566614e-01
-1.206977736177415439e+00 1.989941565801518486e-01 3.775011378934615136e-01
-1.841903288443405673e+00 -9.989862777210829492e-01 -2.985114434359195101e-01
8.306490658706983110e-01 4.879636091658873243e-01 2.613669565847691612e-01
-1.356635310085765322e+00 -4.418376518444216416e-01 -1.496782578604161973e+00
-3.734799248656028858e-02 -7.132356947980840189e-01 3.101713079470494350e+00
-3.840984115944050536e-01 -2.858796802906444778e+00 -1.194732097451836950e+00
1.116281314145411763e+00 1.233032146473686530e-01 3.264367066214335367e-02
-1.464479069815272982e+00 -2.175313301134093047e-01 -6.530254197603011512e-01
7.750907976508010222e-01 -4.820132623611631528e-01 1.654290223801919257e+00
-1.782945683224665512e+00 -4.001810923353865679e-02 6.840795077222086018e-01
-8.664603047535248681e-01 -1.605583027507514915e+00 -2.716126376625855876e-01
6.691239226575356192e-01 -1.517664140568572906e+00 -4.908838398907295342e-01
1.078100538891386684e+00 -3.067398453388027191e-01 1.471559543567829476e+00
6.627423770816992521e-01 2.839493529237414382e+00 2.939129240649799302e-01
-1.190827514938316511e+00 -3.339282662127573964e-03 -5.144736451389954057e-01
-1.147926070727908643e+00 3.595863841773109248e-01 -4.911754502681298096e-02
-1.675693145573736054e+00 1.547955789590370834e+00 2.215227504560159488e+00
-5.046725646094130102e-01 -1.652288383515113646e+00 3.601373328698630472e-01
-1.917915367127086101e+00 -1.375946092852659453e+00 -9.693184226636665235e-01
1.432453362480895276e+00 9.146169177952271356e-01 1.167530313212756798e-01
-1.044155922194294650e+00 -3.516625614541543099e-01 7.970414381160851880e-01
-1.558277913984005836e-01 8.006645730890045165e-01 -5.924430747960560684e-01
1.332518213926226380e+00 -4.634241253744125766e-01 1.142008324556071930e+00
2.070589662081661508e+00 8.358817507723753648e-02 5.796087752112656366e-01
7.759776029105041051e-01 2.198498201697819399e-01 1.286520967173497842e-01
9.879090553402076758e-01 1.484861488468161683e+00 -4.113536436964165821e-01
4.129214876643871879e-02 -3.499881714062769156e-01 -6.449488084566330492e-01
2.036572030548660650e-01 -6.730728855543079980e-01 -6.008179655837422306e-01
-1.165152238997262168e+00 3.100250880018311506e-01 -2.493270158467910669e-01
-4.024120810510914414e-01 -1.224327371040579759e+00 -3.464655286726388006e-01
-4.214204124478064806e-01 1.706995318264076023e+00 -3.911997610247538448e-01
4.737456939838809444e-01 5.888118803205124596e-01 4.729578066249850998e-02
8.103849995069587475e-01 -6.925372959563730335e-01 -1.633434023226648879e+00
2.022457700162687111e+00 -3.152293498051601528e-01 4.337720197635250852e-01
-8.859948876768686254e-01 4.929767710058504671e-01 -1.433185503057789356e+00
1.362829265440545612e+00 1.169151831732832658e+00 9.959627329119908890e-01
-4.218027341542238684e-01 9.750246095119186052e-01 1.359262976422590530e+00
-1.003727550871830188e-02 3.527857792813184901e-01 1.811312540610383603e-01
-1.764363732057065093e+00 -6.081442793094214982e-01 -2.753341845724517345e-01
-1.668398034994881263e-01 -1.007715431622606683e+00 -1.739298349918946274e-01
-1.453421236420171514e-01 2.272212820313810333e+00 3.142870165715763164e-01
1.117911231522948468e+00 1.002196580986226548e+00 -2.088354800769658404e-01
1.160700026438594934e+00 9.334769258314890017e-01 1.140714148244246662e+00
-2.256529063688453851e-01 -8.451632804877540206e-03 -5.004848841855645825e-01
4.862349867505099121e-01 2.603246013154897565e+00 1.999384680365292599e+00
-1.027090974547483659e+00 5.797261869283270030e-01 2.787793985280334619e-02
2.136047752264762067e+00 8.581198929183051494e-01 -1.161514387050884833e+00
6.651539723857491371e-01 -2.221402744065996693e+00 -4.708550601548761039e-01
1.529732989859514003e+00 -9.044142393670475677e-01 -1.198462501088844778e+00
-1.250221864534890148e+00 -2.513732662055478961e-02 1.587621556159017677e+00
-1.239661793688870750e+00 3.863174203832472342e-01 -4.342555675868885467e-01
-4.603755403945537505e-01 2.306453786790979565e-01 9.887844393300939672e-01
9.455013572470196692e-01 -6.893572658368107842e-01 -5.631824932441091835e-01
-1.481188704056513483e+00 1.115885236113516310e+00 -9.065806060153933643e-01
1.517537420121117808e-02 -2.030127389271831895e+00 -7.892467000777627639e-01
2.837934865707999466e-01 8.676509847426033817e-01 2.385333898822170617e-01
3.500310678146933974e-01 1.066929080823384668e+00 3.018486784639943243e-01
-2.749056220513267368e-01 -2.568806695205481105e-01 -1.200019751661796974e+00
-5.610344771321914559e-01 1.399683661015134639e+00 -6.582591601468799070e-01
-7.891383419054103232e-01 2.184969978715430305e-01 1.410340664549353917e+00
1.454651192991458286e+00 -1.071613141512270939e+00 1.047950039188223936e+00
7.350342404447246514e-02 1.782178640877239761e+00 5.497829084506730135e-01
-1.941912906329700039e+00 -4.278315334892244803e-01 -1.823283963677393427e-01
9.274150378736165656e-01 1.279139028239646869e+00 2.028619415451674790e+00
-3.296236477097671536e-01 1.619311467065336574e+00 3.378449245340320872e-01
1.226683277272865302e+00 3.046201540322284185e-01 8.991703262392685136e-01
1.761576527244623325e+00 -1.146984225260645474e+00 -1.614268437574711168e+00
-1.584650800394007963e-01 -2.681941617622685570e+00 -9.772571956673661298e-01
-9.148801538768533970e-01 4.453468975237313554e-01 -7.700347120941583023e-01
-1.234075711454613922e+00 8.780130842173422545e-01 1.224101219314563282e+00
1.485408571718096926e+00 -1.662937916075656108e+00 -1.199584432408606904e-01
-2.065570646655855214e+00 -7.284100173526490973e-01 -1.007891830405623468e+00
8.404994822208909921e-01 9.409995905745620615e-01 1.974397407328870813e+00
-1.174494203216015942e+00 -7.714799955059401526e-01 -5.454833078947043390e-01
3.370042374893831294e-01 -1.237627583008471088e+00 6.473522230000468003e-01
-8.605762777992631563e-01 -2.329399413801696017e+00 -1.129320490482365047e+00
-8.069507601070255998e-01 1.333542364630293076e+00 7.044844374326566516e-01
-3.444062817920495734e-01 -2.462964859026072872e+00 -2.045181013861860908e-01
5.622735156416649449e-01 1.063219804020946402e+00 1.048210163655790339e+00
3.276836841262140698e-01 -6.697045876392744290e-01 -6.361146320793087394e-02
5.483410829347298288e-01 -1.903039240527639731e-01 2.049377879036840433e+00
