9.897119510049762203e-01 8.128450002921883133e-01 -2.704733176903373337e-01
8.166928648510295430e-01 -7.327705329472096185e-01 2.473360518152219800e+00
-2.140039617971186914e+00 -1.232820027538182872e+00 -5.040376941400738220e-01
-3.905132329081920650e-01 -2.902574538558150063e+00 -1.807459159218230749e+00
-5.212698840978170489e-01 -1.431385889850977366e-01 -3.333634977833343505e-01
8.229171673871709114e-01 4.022697975702629325e-01 1.171435083829792001e+00
5.271314499832933098e-01 1.203011300181472842e+00 -8.429252023779572056e-01
1.634769726820320290e+00 -4.014149805962502482e-01 2.031624269626765678e+00
1.353780853758223657e+00 -5.726152334086989093e-01 1.083332041359086340e+00
9.453939714301036190e-01 4.036311531349645598e-01 6.976996353983264676e-01
2.067035139047467496e+00 1.778504994246946636e-01 -8.645778766414553562e-01
-8.217426108609018343e-01 -2.096219232752993378e+00 -1.078732557232019440e-01
-1.890345284451231400e-01 1.888678093235238054e+00 -3.598634645685739875e-01
-4.128999601939319364e-01 1.406855457256771746e+00 -9.214664696191416926e-01
-1.923330542229922946e-01 1.294323972956445967e+00 1.000092584744329383e+00
-2.318380902246280351e-01 5.175719548849231355e-01 -1.344789575236946977e+00
6.093486878903272563e-01 -3.717246042499358083e-01 8.051934461872203297e-01
5.637640130626784263e-01 -1.374888801822203854e-01 8.759047860042495914e-01
6.669608627179985927e-01 -7.448710414836954286e-01 1.008626382254226961e+00
5.742504880892038699e-01 2.491572043028843275e+00 1.699860520147271625e-01
-1.292876338030154448e+00 7.194315536027667823e-02 2.731351534323778196e+00
8.019410780454367949e-01 1.914401230058349057e-01 4.472052237152174259e-01
-1.372334735636019376e-01 -6.564168321382493065e-01 -2.404634781694365842e+00
3.331997223248086559e-01 -1.272266345006341393e+00 1.828313150899929518e-03
5.356570739812734905e-01 -4.478994271546186123e-01 6.942827605110799549e-01
-1.741676731588329696e+00 -6.708718724989994886e-01 -1.485404257813686679e-01
-3.972126117652814425e-01 -1.184500309025139586e+00 -8.111182086847263939e-01
-1.030116146871310256e+00 -1.355031024582751265e+00 3.656296788452597646e-01
-1.764866178752379833e+00 -1.066328125700147567e+00 -1.732981687016627026e-02
-1.011385003486571454e+00 -3.008315618057099350e+00 -1.353650666682867376e+00
-8.966199681956027456e-01 5.163495896552672271e-01 8.790946282756011421e-01
-1.085987107373942884e+00 1.323657418742243630e+00 1.108805482085263527e+00
6.635132003525869848e-01 6.304242087554341456e-01 9.480144046250693624e-01
8.779787906129001840e-01 5.584635109343405457e-02 5.473226346495362327e-01
-9.501610272245111233e-01 4.381483075568639030e-01 1.778000127709074674e+00
1.427127097131956512e+00 1.073946352959387784e+00 -1.417478271172101234e+00
1.914399470991457464e-01 1.587978490201180870e+00 -9.184108570063740373e-01
-4.172025734583937329e-01 -3.794721093257769073e-01 -1.797445096419667765e+00
4.439658406702651217e-02 -1.134924327979029535e+00 -1.391047228011362158e+00
8.679130867110937952e-01 2.230452830137934050e+00 1.846290165330934263e+00
-1.786861104023094171e+00 8.338390417837500124e-01 -9.264036376915540938e-01
-1.843963555570718338e+00 -3.758187217921750145e-01 -1.703175041335625028e+00
7.806160626943168257e-01 9.246392937587348815e-01 -1.009230252008874729e+00
-6.349092661656630110e-01 -1.635633971217302030e+00 5.466370465087584396e-01
-5.148701991908116726e-02 -1.640908961288484180e+00 1.015679189949428407e+00
-3.522799620256218400e-01 -3.219933149776585957e-01 -3.962006463789575772e-01
1.262962958690086568e+00 3.518832059159465731e-01 1.460349948537437381e+00
-1.652386684371266234e+00 -1.895196681342163236e+00 1.466570444356120051e-01
-1.207117219218253545e+00 4.031344744808562641e-02 -9.213721636528469094e-01
1.422082884193862640e+00 2.489131603293282535e-01 7.855039536926893273e-01
4.036588683326149951e-01 1.213309586135665974e+00 9.146773486555535015e-01
8.447399298600389850e-01 1.294512957570713496e+00 9.965217144008606809e-01
7.320356127085030362e-01 1.826802536636941365e+00 6.499900179622066787e-01
-4.840219907380261533e-01 -1.193275395464689637e-01 -8.661905583535789432e-01
3.951838321139284904e-01 -3.535475222512145521e-01 -1.206561878394148746e+00
-2.294309076550510862e-01 4.616207948485944179e-01 -1.101677726828610426e+00
9.584786492431704996e-01 5.102617607245044651e-01 -2.289621511789542430e-01
-6.290836213121981935e-01 2.708000660145749028e-01 2.106743589617302570e-01
-1.181165667339645342e+00 -2.763726855667874904e+00 -1.580387743795331978e+00
1.193934557926276119e-01 1.290284200626278466e+00 5.180267312913144906e-01
5.835158399309949839e-01 -6.212376663002275867e-01 -1.329102597778571981e-01
2.544355804613030347e+00 7.867350133070740714e-01 -7.676107789361077405e-01
1.888074118321748429e+00 5.754298835615561103e-01 6.331130656919956579e-01
-2.219054155380328908e+00 -1.567698033449455020e-01 -5.494181595018206021e-01
8.276778200566787813e-01 1.114496512673380568e+00 2.091287178609693154e+00
-1.331664060483964906e+00 -8.811541773917808129e-02 -1.463471894664004402e+00
6.840635867737371312e-02 6.278634406426308878e-01 -4.880492302493489865e-01
3.871035222238488060e-01 -4.644232725734405154e-01 -1.471664067309157442e+00
-2.337234496980592491e-01 -4.368414594952019225e-02 2.678080371034537444e-01
-6.675542682176627274e-03 -1.375616918816774392e-01 -4.961276612311149581e-02
5.967091243413482626e-01 -2.098896690477481286e+00 -4.389162892419562478e-01
7.800047899377757776e-01 -5.403163692227164194e-02 6.489877308654729005e-02
-4.914723136518664992e-01 -3.269609521904141558e-01 -6.966681457465139227e-01
4.828171308134007189e-01 7.079980241332637370e-01 -2.490761582968930021e-01
-1.642881120308070209e+00 1.988470772877164450e-01 -3.608040509984846711e-01
4.315639600411690924e-01 -7.627029856018232579e-01 -6.111923232351199609e-01
-9.578612648984756728e-01 -7.263616641500187932e-01 -1.622367205854613248e+00
8.424198984503894483e-02 1.777045735661966441e+00 1.342782144477110862e+00
-4.815399270460232195e-01 3.106894966345686182e+00 -4.993464734509054370e-01
-6.000364946702640978e-03 4.425507609506017515e-01 7.134059970541311024e-01
-8.683644101370477930e-01 2.219885458875514583e-01 -1.074452814495315822e-01
-3.929881184509073089e-01 -2.720893270616911330e+00 -1.210468552220179905e+00
-9.160572013761768551e-01 1.007248444385523412e+00 1.664992928909508674e+00
1.507988915682987541e+00 5.658376053511693371e-01 -7.622816290973337683e-01
1.404069566049482187e+00 1.900623045588351712e+00 1.846252037225454057e+00
5.588734410221917193e-01 1.021195077372802351e-01 -3.649270250165124185e-01
1.378603347067329121e+00 -1.791517286326051117e+00 1.088898207885651503e+00
-5.824259985603277290e-01 1.209516653329374414e+00 -1.366973323383506855e+00
2.133326188849776539e+00 -5.540500756071331523e-01 1.702519647556243187e+00
-1.332952766144163359e+00 1.930463573428700563e+00 -5.090600587004940891e-01
-1.714255742892256240e+00 -2.577766207154021938e-01 -6.049925257700631276e-01
5.878047712539405945e-01 -5.587852836230402520e-01 6.255936764850447140e-01
-6.034990977566303538e-01 1.992275439789996105e-01 1.092717759618742512e+00
-9.098998396692381530e-01 -5.673830670458102077e-01 -3.033042550403103332e-02
-1.105095195787709539e+00 -5.287627926049809357e-02 -1.661803656932785422e+00
1.358699084519581879e+00 -1.449046894296411203e+00 -4.616963633515687726e-01
-1.095112145031457818e+00 -2.122111644597303393e+00 3.349819287297483017e-01
5.587556592351048401e-01 2.224174365030611167e-01 -5.244189548359822206e-01
-1.960106754789526784e-01 1.077858864350793811e+00 2.228661380492348076e+00
8.479525979136481872e-03 -1.577464033078099126e+00 -5.132217804580365694e-01
3.452225326676400252e-02 1.784390608676768242e+00 -9.731138043436748930e-01
2.430710450917603183e+00 -2.516896763717024754e-03 -4.488729283778923884e-01
-5.439827973552655571e-01 -2.767251140754523497e+00 5.504688257652237127e-01
-4.917050634845809842e-01 1.077652133148684133e+00 1.933587350562951279e+00
-1.156844189679283819e+00 -1.716013435438022983e+00 -6.467870583176469346e-01
4.585847031692220632e-01 1.242931039512269908e+00 1.945489262549468190e+00
1.563254743574239436e-01 5.541957497627343354e-01 1.713926422325750210e+00
-8.120152805723674927e-01 8.521588361749636853e-01 -1.081847946507855429e+00
-1.920979033592354446e+00 4.041965468970986075e-01 -9.434633213680995167e-01
-1.007539553961239065e+00 2.686008243237669735e-01 -6.194694200431651865e-01
1.100872689226087164e+00 1.923378157782879017e+00 2.090645743166597015e+00
-7.610794745745541601e-02 -1.155330020816178527e+00 2.684735239206490043e+00
-3.956511109174839502e-01 -2.239095127927229756e-01 5.814382551478627370e-01
-1.371479099176337257e+00 6.234193870297775053e-01 -2.219434321299960655e-01
-1.558492960490918677e-01 -1.776582693711270533e-01 -1.594098133510122084e+00
-2.554994950701838796e-01 1.565924485540790334e+00 1.985694423570120715e-01
-8.519969593457930035e-01 -1.047013448512378764e+00 -3.859876714334165015e-02
5.893432161115012002e-01 1.117148081327066667e+00 1.337908892344041423e+00
-3.734985630788090205e-01 -9.616074901702125199e-01 -5.699934252763378950e-01
4.494980189889998812e-01 7.026228595648240649e-01 -6.851309802081839706e-02
-1.650962856231267484e+00 -1.473543842646796165e-02 1.245441541523733875e+00
1.771164691699125493e+00 9.091641640982667250e-02 1.178390425986475254e+00
-1.610973133570051896e+00 -1.075930745496791019e+00 -1.314628910759084501e+00
-1.986726009015691741e+00 -1.026984596776812086e-01 1.699422816498552091e+00
1.803184836745281849e+00 3.336144019302758612e-01 1.542079046734355474e+00
-7.509114763523185854e-01 -3.920586270889622194e-01 3.456537514727130445e-01
-7.087512373369359020e-01 1.549809522260536809e-01 -3.377918087544989900e-01
-4.472762611473956040e-01 -1.073586427762192042e+00 -2.248821108175097727e+00
8.317328250022264502e-01 -8.946300661962425238e-02 -6.683332246696063184e-01
1.188375387687125029e-01 5.168069888383142185e-02 2.244571762931624193e-02
1.569387203869495817e+00 3.410493158563795979e-01 2.276315016420678461e+00
1.476059048223940628e+00 -7.939056328878222324e-01 1.088974916983959984e+00
-1.111890715442265254e-02 -6.885888005642941678e-01 -1.388786811353632245e-01
8.905352592220490138e-01 -1.090378580660489316e-01 1.744900275910017839e+00
-1.789624574336611262e-01 -2.745051119148250729e-01 5.080948239861783344e-01
-1.149296051938479835e+00 -8.176253138856139913e-01 -1.726076196356775450e+00
-4.272131652559784110e-01 -1.558563783619551835e+00 -2.518867461321878665e-01
-2.289944074508457605e-01 8.677908384874514214e-01 2.917388135752957412e-01
-1.508376685881487766e+00 -1.421550284438851008e+00 8.268647831801911874e-01
-2.511026912140866818e-01 1.083202909489804133e+00 1.118949119518726221e+00
-1.282304338334293137e+00 -7.856890815078747536e-01 -4.328189785929862365e-01
-1.338731415474523345e+00 -1.300674448795661742e-01 -6.964543319662171994e-01
-4.899176862107995634e-01 -4.500093573120125257e-01 3.418659238282740764e-01
-1.210317616244509509e+00 -1.479729019655691702e-01 5.113092557343312805e-01
-6.024933620604615570e-01 -1.104264138166148879e+00 -6.452843124616289838e-01
9.604663583561054985e-01 -6.145141205028722409e-01 -1.298204557815364479e-01
9.817618148254695365e-01 7.958628736983541785e-02 3.639823089583295035e-01
1.033235898408309539e-01 7.115629586724951938e-01 -1.082860660937591479e+00
3.187655185546431902e-01 -2.031498292854235554e+00 1.366020517249969979e+00
2.460834725931136724e+00 -5.645796904658572091e-01 -1.105381394404296502e+00
4.049513455396906436e-01 -4.827531344717672646e-01 1.793264594888691055e-01
-6.841730862532663382e-01 -1.396539548658922714e+00 -5.930298552657453648e-01
-2.525887304279087475e-01 -2.073062019526400235e+00 -1.616389237703357074e+00
-1.481285441856004859e+00 -1.524383113345054719e+00 -1.088994377400687164e+00
2.508870858148257721e-01 1.063975843501681062e-01 -1.014936322420407322e+00
1.100557138593024620e+00 2.171786281908617333e+00 1.459507203360441485e+00
1.790112300931129052e+00 5.447167957753114020e-01 2.932657773100167953e-01
-2.410158987899187366e+00 8.196091964172957933e-02 6.066424570575028596e-01
-1.138080089329314148e+00 -2.740433952515680671e-01 5.640119398882761370e-01
1.517859713203703942e+00 1.415535350813417637e+00 -2.100680652104390811e-01
4.747357322318936923e-01 1.482633210697410053e+00 -2.536049642284798900e-02
-1.676241526673949434e-02 1.383370159191039672e-01 4.024633629018475878e-01
-2.656356037280733773e-01 -1.231029222639854481e+00 3.127929929133468345e-01
9.383493500527428921e-01 6.438460769100989856e-02 8.747329823833240869e-01
1.236779879674668514e+00 7.520919064020853417e-01 1.970046702963410556e-01
-1.911626443971318423e+00 5.206616846910430141e-01 -4.415483304604262971e-01
5.639466528452868888e-02 1.022325804215576062e+00 1.331473506052015754e+00
-1.380761032739572514e-01 1.080904754432501225e+00 -5.823223805602228964e-02
-2.250233395408502424e-01 -1.532644038541500109e+00 -6.171484941621617759e-01
6.183756085065139629e-01 1.332469477469933605e-01 -7.050585786669103516e-01
-1.026193545252672923e+00 -9.032905861884813481e-01 -1.453686922302990459e+00
-1.946492446426826506e+00 5.030150990616277795e-01 -3.312551023721014509e+00
-1.675948186106851034e+00 -8.659677176425040201e-02 -3.083387154434228172e+00
-1.218945950354582086e+00 -3.097259979625219817e+00 -2.165861703196058308e+00
-1.032674100344151524e+00 1.613972411894845083e-01 -1.750014727145230431e-01
1.829420309723508886e+00 -2.446518200013015898e-01 1.503293788686785648e+00
-9.205005603205256293e-01 -9.815200929191185697e-01 -6.265885926084491242e-01
2.720055219775182609e-01 1.614155380707166909e+00 -1.293866000795288462e-01
-1.771486429320533462e-01 -2.177806814139080505e-01 1.028528991336403742e+00
7.165369761691944284e-01 1.436879642199618834e+00 8.269968874186938157e-01
1.638814354628036707e+00 8.025510581614997418e-01 2.703776859405118138e+00
-1.239934394296982489e+00 1.604351277799241915e+00 1.870609956227201609e-01
1.242319254869336254e-01 9.265985867219989069e-01 1.834609639540884851e+00
4.943178882817780284e-01 -7.047100697136416958e-01 -9.304536425677807365e-01
-9.495572593466421463e-01 -4.152785665214619448e-01 -2.025049536089329472e-01
-1.236016405348243641e+00 -2.670052400995831521e-02 -8.243347948791275304e-01
-2.407689578789445894e-02 1.208595349256572637e+00 -9.026523376766957263e-01
4.542027171124918272e-02 -2.070930181682460791e+00 -2.554300295391294995e+00
2.751116464277703955e+00 1.984994436222966119e+00 6.401109812316241321e-01
3.023634766249453931e-01 8.276687548649593884e-01 2.576806356674573362e+00
-1.211035578753127062e+00 -7.770692469887467979e-01 -2.106308590500032274e+00
-1.615198131252070013e+00 3.020577837168234581e-01 1.545194713596757863e+00
-2.289232973516229230e-01 1.132659927578956172e-01 7.691508497328400917e-01
-2.588537700301605238e+00 -8.850669571386970969e-01 1.044535980368194839e+00
2.309552662263034239e+00 7.282876763053112157e-01 -8.527262342917674154e-01
-1.075356529924755389e+00 1.036453165656957776e+00 -2.285299046933973344e+00
-3.599444756454704963e-01 -3.422532072580353746e-01 -1.004689683090483232e+00
-1.175851748977023270e+00 -6.871576467166986557e-01 -1.866895831287504359e+00
-5.027936148113727466e-01 -1.956347396576812114e+00 -4.066872658622901482e-01
-9.474535141935884752e-01 -5.953202369854800891e-01 -9.222469021551750190e-01
-1.304948747123569674e+00 -9.148164673695472482e-01 -8.077397939256617532e-01
-3.890389507423696602e-01 -6.084504344478706139e-01 5.897521335894673200e-01
-6.704394430499953650e-01 -2.697376543269081051e-02 -1.094404172900099725e-01
5.147989910486606702e-01 -1.340916499941169349e-03 -1.130344812258479159e+00
5.017226608366215368e-01 8.234552227991431828e-01 -6.255183784042528394e-02
5.244956715863765551e-01 1.012309586118250726e-01 -7.320259109665383512e-01
-8.329299100895350971e-01 -3.995023102998563336e-01 -6.265221518385036825e-01
2.056343083313020514e+00 -3.503300191209781644e-01 1.503245835085480486e-01
-1.115579598977097575e+00 -3.399797055082728336e-01 -9.229816865805486881e-01
-7.751823971446254458e-01 3.072303822503901216e+00 1.748141592187842375e-01
-3.361198753393256355e-01 1.243313585923520037e-01 -1.669424357297762507e+00
1.989706964998343430e+00 1.935659672283355448e+00 -1.689856038338359845e-01
2.101567207204278365e+00 -2.738404464259325266e-01 -6.513740987010452343e-02
-1.647039421833009998e+00 4.368314013884520008e-01 -6.889481344095025328e-01
-1.110478344507383364e+00 4.279353503832108441e-01 -1.143267852538791374e+00
3.272068351845131007e-01 -6.018201168201645634e-01 -1.031455884692485281e+00
7.945069156884272399e-01 2.292844030413615508e-01 1.303291099374321416e+00
2.573146694432839166e+00 -1.652964351026394496e+00 -1.530777530457715585e+00
-2.736030273228505783e-01 -1.112632022550885669e+00 -5.254225258403708576e-01
1.356531083528035087e+00 3.474355868683424164e-01 -5.609467630037285879e-01
1.284496963845672024e+00 1.441364529752386048e+00 1.232765934581689926e-01
-1.028776304793624474e+00 -6.927498585471258963e-02 2.200503320718451228e+00
1.136997328828546650e+00 1.631069937303298856e+00 1.295813233704159462e+00
1.615921427172012592e+00 1.516860933831648550e-01 -6.666734225266726099e-01
8.957625920531957497e-01 -2.950062354245248653e-01 1.143338734663191358e+00
4.428499612616576542e-02 -2.143904433050489278e+00 -8.663966542559545791e-01
1.295711110152455880e+00 1.546891735293267844e+00 3.389287484094883229e+00
-1.262536670635434066e-01 1.279913814586425280e+00 -9.723638402116255852e-01
-9.415501376323203164e-01 2.914868846107567801e-01 9.543544792995231063e-01
2.039964028945266405e-01 -2.145778916477890652e-01 1.626499683884472969e+00
-1.598078583865388591e+00 2.523455366893348373e+00 2.976298587457968381e-01
-9.494207131764311747e-01 7.254232933453714782e-01 3.684348261096079824e-01
-9.499211845928217102e-01 -4.696253589227971093e-01 1.037943945830295700e+00
1.007472519127209365e-01 1.409365739842030063e-01 -1.949705049392455480e+00
1.161743044748997145e+00 -3.510722935044289228e-01 3.498678775166690347e-01
-1.233317930877642077e+00 -8.980630638382965936e-01 -1.315733024115960159e+00
-5.317565820469121185e-01 1.214825886655418019e+00 2.014071936921704165e-01
-1.460985345158073656e+00 -1.287594326642286791e-01 8.462252388319837504e-01
1.759140966312984000e+00 7.207306172545111522e-01 1.235681170804185047e+00
-5.707355859546661137e-01 -1.586230160241220988e-01 -1.474500287160976919e-01
3.567293858314410038e+00 -1.357272505842895827e+00 1.244182286842830276e+00
6.110838696207683274e-01 -6.554357117279790979e-01 5.870924492817137796e-01
1.051028697534346357e+00 5.933579658395593537e-01 1.415811614842124921e+00
-1.227696253929421388e+00 -1.278421163598394417e+00 2.037273810258516171e+00
-1.123222634288385091e+00 4.632743922085573729e-01 -3.810505888776782868e+00
-1.853877538411820902e+00 1.786649571298039030e-01 -2.206279020893388010e-01
1.599661582998093690e-01 1.801274517325357483e-02 1.158030751512325818e+00
4.287168982744006263e-01 -1.219502446337861201e+00 -4.606004300786177841e-01
7.605371061751646788e-01 1.217185634278168838e+00 1.000836164717642029e+00
1.870813302391984845e-01 -2.277026769662556127e+00 -4.394652729640945443e-01
-4.169286434813990194e-02 -1.749532424905132055e+00 -1.842901839340208792e+00
-1.132940168217866805e+00 -1.626391429140170430e+00 -3.975085590448180772e-01
-2.760233172985578909e-01 -1.517878604061129177e-01 7.213795193437022579e-01
-7.618091061809215692e-01 -9.024308187885360377e-02 -2.208280048719318600e+00
4.788075619281462192e-02 1.204583913411946927e+00 -1.220325766630415476e+00
-2.130372943293256327e+00 2.272791422995457111e-01 -9.202814820927283090e-01
6.057443576660836992e-02 6.610039922200905416e-01 -4.795986702908531796e-01
-1.789311824991884237e+00 -5.617375751438943299e-01 1.573685282983277034e-01
-7.905807223386696059e-02 -7.062875399517951625e-01 -1.548265699153995145e+00
6.548678976708288690e-01 1.689831424255183734e-02 -6.161327413189939817e-01
4.848165011043952255e-01 -1.864274221039722512e+00 -8.108337993996712623e-01
-5.453738568533339492e-01 9.490392354081218507e-01 6.613467246648396802e-01
-9.244436673373903623e-01 9.034599020452394047e-01 1.469056365591730584e+00
3.612749317838059859e-02 3.373211885939193522e-01 -1.054491227688821198e+00
-1.731481223484197862e+00 -9.740010583676850242e-02 -1.815595957561759288e+00
-1.693236624758815534e+00 5.067785961504789327e-01 3.559251521513029370e-01
-1.286624233910461657e-01 5.876202073013263583e-01 -7.922637458680306111e-01
-8.419279797761880513e-02 1.331689149038831177e+00 -7.111833583605398079e-01
-3.394211314943171853e-01 -5.501171320983871960e-01 -1.792880959028178012e+00
-1.236173808734367441e+00 -2.255723971997094068e+00 7.549025725445313029e-01
-8.351834785627698654e-01 -1.263425899882562931e+00 -1.999751762448081616e+00
1.421520489863354220e+00 1.296565562642470137e+00 6.451048988485075242e-02
2.519796153279337148e+00 1.938102102286238249e-01 8.500494323013904063e-01
-1.081412615221281071e+00 8.144713625183693795e-01 -1.095597206605835039e+00
-1.144893137202921185e+00 -1.033132257635039464e+00 -1.316678849430092724e+00
1.820558635934278913e+00 1.959837839392554182e+00 -6.269928698808024947e-01
1.195542192815460592e+00 -8.935157690551960297e-01 -6.336018880567114708e-01
-5.461455706925952835e-01 2.259261414374454713e+00 9.302357579932818421e-02
1.134368967702846343e+00 7.760322926689156020e-02 3.554312446073289999e-01
-3.900804118804032661e-01 -1.954567021872920085e+00 -1.278527191281602970e+00
7.823209841715781376e-01 4.679487587516829583e-01 1.800722909840202002e+00
8.411410185266645634e-01 1.517803656622146002e+00 1.245348947333384082e+00
-1.315981553607437071e+00 1.073446064861688143e+00 -4.254564309672289601e-01
-6.798875941872801754e-01 2.944477853796068079e-02 2.151234877433323867e+00
-5.960956265639778540e-01 -2.336750453827012297e+00 2.632619019623023693e+00
-7.093653624373864597e-01 -1.942493436278973085e-01 -8.568134265613420730e-01
7.205262956600322344e-01 -7.697758249888211335e-01 -8.957553739093764289e-01
6.873991423985862381e-01 3.052240245888288572e-01 -3.398875229709934498e-01
1.100381055045880907e-01 2.231920902035494869e+00 1.691126141092118118e+00
1.020204861886087055e+00 -1.146360455451814753e-01 3.530513006336510884e-01
-6.803458421936967593e-01 -1.388051891349618705e-01 6.483641737803418348e-01
2.981902915711784341e-01 -2.356473472729053054e+00 1.772680471979143357e+00
-1.255686679496044622e+00 5.743013357016397702e-01 1.620341586743240248e-01
1.347391653191177152e+00 1.195720351288483752e+00 -8.621201047138868923e-01
-1.368750344465618163e+00 1.103162887331273767e-01 1.425621397757615982e-01
5.554399705083142846e-01 7.767774627134225174e-01 1.961280759388286166e+00
-7.192291938045929367e-01 -7.841342811663953860e-02 -1.059547063753759844e+00
7.298451630661719758e-01 2.023556675276351413e+00 1.465974557003642431e+00
2.494401525179218426e-01 -9.135097318048799320e-01 6.565348195213214222e-01
7.557224843411203263e-03 1.787665932058111196e+00 2.693518835940105216e+00
-3.240799419024554817e-01 -8.180112929081543305e-01 -1.575524193592063638e+00
1.325538123170291183e+00 -9.587261453461575211e-01 9.714631686541408406e-01
-2.721423627603174467e+00 -1.797777893149413164e-01 -9.471188482775849682e-01
1.153130090841669952e+00 4.309233971812308495e-01 7.957336132970020959e-01
-2.684414965833047395e-01 8.816925207721760804e-01 1.179429999093384307e-01
-4.240933447591100913e-01 -7.867408866263407852e-01 -3.663136937468053356e-01
4.961048696893555210e-02 2.983470982803615446e-02 -1.447035565243518285e+00
-1.769392352474865815e+00 -1.361870118025127141e+00 -3.720203485888654016e-01
1.196216178446344758e+00 2.257471108024047268e-01 1.431429673088306931e-01
8.748002763987512420e-01 2.615035327919916774e+00 -8.879768471143907327e-01
-7.847672512313756954e-01 3.759343862621329357e-01 4.319703138642410067e-01
2.212588840547517477e-01 6.550091976389683657e-01 7.223503545548239924e-01
-1.600357628114488229e-01 1.315743524601083347e+00 -2.318726581191563607e-01
-4.158815687635328828e-01 3.422845748491865070e-02 -1.736689477275111582e+00
7.553570058570877599e-01 1.800325958382574254e-01 2.775186908294555721e-01
1.442296530695070800e+00 3.241852945725406943e-01 -8.171691530363036637e-01
-2.466893048738394434e-01 1.090949647556317181e+00 -5.701285844175723039e-01
-1.337048278265399848e+00 2.168033915543245538e+00 -1.126681688942772652e+00
-1.405203333686617650e+00 -1.723326598732169312e+00 -2.214152765302897841e+00
-1.101505232427370862e+00 6.231299247125136054e-01 -5.200504498488320859e-01
-3.903514446678442162e-01 -1.436363799818385578e+00 1.048867418094546533e+00
8.366762274818699829e-01 -5.111647304876484332e-01 -5.597766491311176873e-01
-2.097930153859318136e-01 2.281770246057912566e-02 -7.817038566672046551e-01
1.091585923095940158e-01 -2.744723832743353187e-01 -1.481198308637519112e+00
5.093327411192444254e-01 -2.108277579326772733e-01 -2.398573481458581291e-01
7.667013544369967182e-01 -1.542235553548775284e-01 -6.873476410461233366e-01
3.213667637396669940e-01 -4.438318884187220092e-02 -2.021086582831066458e-01
4.612251758521510592e-01 2.998438118962755694e-01 -1.448493192837412735e+00
-9.742893545623443341e-02 6.549907751951604684e-01 2.645373620718504126e-01
-2.597260629452212699e-01 5.715473201731804398e-01 -1.306353228361382346e+00
9.430142767453324470e-01 -1.980772700060753344e-01 -5.944424243970811705e-01
2.672594619090218337e-01 -6.737737058808247470e-01 1.261953783303703558e+00
3.302920777474869785e-01 9.128338774708271153e-01 -1.742237304231700534e+00
1.365388271314803115e+00 -3.464224388509210550e-01 -3.611208841659161450e-01
-5.593294731951066190e-01 5.723452283412044928e-01 -1.861001957112728533e+00
8.684216115333598385e-01 4.011865838853585498e-01 -7.355914293606993226e-01
1.258015872956704584e+00 -6.177494994729619826e-01 7.389909336501271353e-01
-1.014480984733731050e+00 1.004953695914819312e+00 8.121015512777083334e-01
-7.958967616545553625e-02 -3.992891861397436237e-01 5.277767966559744339e-01
2.370973248651170318e-01 -7.755442677484254421e-01 4.497005095163709165e-01
-7.680106503512816873e-01 4.319258197055397819e-02 -7.758971250377344475e-01
-8.707992421662642535e-01 -7.556910566505927740e-01 -4.651808491400903356e-01
1.583969963350895238e-02 1.242195655503456120e+00 -2.708291625065939456e-02
-3.422470041659300688e-01 -9.109803657667066012e-01 7.881099748132964766e-01
5.756479909446767795e-01 -1.025675140094077342e+00 8.431661987874439212e-01
-5.753709986202110160e-01 -7.059118639836343689e-01 1.347438221423683968e+00
-1.686177924309175014e+00 -1.788041921411223534e+00 4.846024561257322727e-02
-9.864040565095389956e-01 5.306162941164838109e-02 -4.237682951033913126e-01
-1.604845271363111614e+00 -8.558655952828586599e-01 7.126944533565400253e-01
-7.008607675827713823e-01 8.145424532966888398e-01 1.659872721804395712e-01
3.996754931736309913e-01 -2.346826598870247471e-01 4.457143290136581504e-01
1.417503945641180874e+00 -4.501084732319801107e-01 1.746742390790999577e-01
-1.178984263050815828e+00 1.302441316603059285e+00 -1.043052381904167047e+00
1.843962592999635053e-01 -9.776538681421198529e-02 9.046725538689506241e-01
-1.286783458382294132e+00 -5.872909024228070152e-01 -4.979024256598527653e-01
2.527181066808754650e-01 2.442492007619518013e+00 1.309247689203477449e+00
-5.625286802045792456e-01 -2.858625404361445632e-01 -1.672989729357083899e-01
1.277048767644338056e+00 -1.853201628669814083e+00 8.617999996240066629e-02
6.015190900485289927e-01 2.452058909331810699e-01 1.172790795680209719e+00
9.862379558775548061e-01 -4.744924850875759104e-01 -4.316678437933003654e-01
1.616449538698682797e+00 3.056447593698436993e+00 -2.757809673331189648e-01
-1.532178806075860544e+00 -6.875932105284340290e-01 -3.381374581701855897e-01
9.083427540538405731e-01 1.361352453484564684e+00 -2.882542628145743357e-01
1.175148885697391954e+00 5.606145041514541960e-01 -5.942556590607550593e-01
4.676030668833711657e-01 2.513983460970748762e+00 1.306452847476565760e+00
1.432238909105564506e+00 1.440762687998414115e+00 8.223323671655663469e-01
3.287401973363054619e+00 -1.050501717110305488e+00 6.572073305489305461e-01
1.024910048053464751e+00 -2.919174894506576523e-01 2.111641260339203741e-01
-1.022908293306033389e+00 -4.453293900136340300e-01 -7.986697681718999409e-01
1.284852158026091873e-01 -3.008974513372832948e-01 -1.228833948335435355e+00
2.151342290240419453e-01 9.576872733748484912e-01 -1.256695359164114567e+00
2.784349318777796789e-01 9.471455265217754160e-02 7.511806029530039286e-01
7.370593246352007410e-01 -4.174178703954705139e-01 3.474069035336078137e-01
-2.762199711784172340e-01 -3.271024276134781861e-02 -1.410681587237700985e+00
-6.157935031356305267e-01 7.967359536438776146e-01 -8.525624636169479853e-01
8.349844518545097571e-01 -5.291590844922375858e-01 -3.792072664629853596e-01
-2.986425739808628022e-01 1.096284816376347893e+00 -6.676897781210561211e-01
1.070915889693580425e+00 3.562176028543850848e-01 2.747818428525795609e-01
-9.153662809578333448e-01 -2.590470866379303017e-01 -1.269539084306343102e-01
-2.478355916402249726e+00 -2.548425368552128756e+00 -3.439800032436749477e-01
5.896928124979956554e-01 8.349756871566915706e-01 1.556287650926502231e+00
9.745987496096414349e-01 -1.391998151935586181e-01 1.622609246896780100e+00
-2.263963079966832548e-01 -1.122748965284183331e+00 -1.326825719870546649e+00
1.000278815410104993e+00 -1.161941605025039737e-01 -2.557305828300003192e+00
-1.776391389487439909e+00 -7.229917214904741929e-01 7.133898274484036239e-01
1.492373664858338334e+00 -1.972780347379186061e-01 1.765098112222321936e-01
-7.332553024455217283e-01 1.249954057592096990e-01 1.586347757280356596e+00
-3.523439202981885066e-01 -4.025416634897094337e-01 -8.942726689064814938e-01
8.432829212322409118e-01 1.000760518369123719e-01 7.484343141435944036e-01
-1.723725414849734960e-01 7.927297234511092583e-01 1.882196360461502849e+00
-9.526680857043883233e-01 -6.294292728771224699e-01 -1.311763092426344812e+00
1.218467920187285003e+00 2.258992641826203851e+00 1.602535557535865740e+00
1.342154126976546902e+00 -1.268219479657263449e+00 -1.822953417742538385e+00
4.301207324839865231e-01 -4.091263424476285215e-01 -4.071328127491700144e-01
-7.310891309372979929e-02 4.498178490951050268e-01 -1.422245129059720448e-01
6.181708433047737872e-01 4.318662151877876720e-01 1.299088191593872121e+00
8.542051224892373007e-01 9.975959793179243196e-01 -3.624088112092468394e-01
-1.387567288975211532e+00 -2.322383938174594764e+00 -2.675203668473019603e-02
-8.242483270400524642e-01 -3.898185952748768335e-01 8.177232318781717524e-01
2.635318060948125041e+00 6.481920866984878238e-01 1.236168972509210429e+00
-1.605507890604422006e+00 -7.790513529408709115e-01 3.042615498175310629e-01
-1.245394529055987132e+00 -1.174169866947288199e+00 -3.656946737609556575e-01
-3.906646842303402312e-01 -8.080776986481363888e-01 -5.725361823109494930e-01
1.338919087906519589e+00 7.512960682375997568e-01 5.178160067552569634e-01
-4.745869528485618938e-02 -2.637601254520887117e-01 7.390579952684273035e-02
-4.820042548275704219e-01 -1.494854131544114173e+00 -1.990391451992216121e+00
7.096198289438604423e-02 9.238325127715478757e-01 1.210695340091958450e-01
1.973565009332761910e+00 -5.583883338885857750e-01 1.242724167127193580e+00
4.346499793468608930e-01 7.709019965688572729e-01 1.154052186889488629e+00
-5.102687285009549489e-01 -1.613611596093173173e+00 -5.773124266666368465e-01
-4.615795650465083222e-01 -5.334851391084136640e-01 -3.536438375923697253e-01
-8.809662472978687653e-01 -7.960394127852670199e-01 -3.684722123025135909e-02
1.748696883984702577e+00 -1.156109204340356467e-01 4.890552800335818961e-01
-4.068581742305258375e-01 2.258790562737791774e+00 1.522944512578325638e+00
-9.662913843756544274e-01 -2.246895865043824214e-01 1.538947473687753309e+00
-5.326409279273135455e-01 -4.056138657634602018e-01 2.234150828967959024e-01
1.910665057335729777e-01 3.927932237918819736e-01 3.442350248584997718e-01
2.210949755649462833e+00 2.122538093704674722e+00 5.235705380608862702e-02
-3.944806701647968206e-01 1.065028924029191248e+00 1.748318049316771150e+00
1.234155352796973526e+00 -1.868749891685689057e+00 -8.735044024869611512e-01
2.086546114432525911e+00 2.484887223089262243e+00 -4.525047045294238179e-01
2.044195859273210125e+00 -1.785208323514744233e-01 4.412569546139089027e-01
-9.427428396718051662e-01 -1.211233503597924921e-01 7.416550580978453766e-01
4.491674720785635566e-01 -1.221074074498456730e+00 1.449501120217777439e+00
-1.312798285254127784e+00 -5.629071914447836278e-01 -9.011877973587059110e-01
1.692097686913090149e+00 1.714014761913150164e-01 1.477150746554652505e+00
8.107597440508964581e-01 -4.024501558647582411e-01 -2.112376821948743988e+00
-8.862565041039912606e-01 -1.907209416470220242e+00 -7.943240700034768231e-01
-1.980711599694498615e+00 4.222228002194875485e-01 -7.046094122458774756e-01
3.839611276441307064e-01 2.287725297664963353e+00 8.395524346388228976e-01
-6.980720864746237098e-01 8.498311757233996122e-01 -1.885985750682083850e+00
-2.029014887502558206e+00 -1.207106797019067201e+00 1.709309552729262993e+00
1.161356496402597083e+00 -1.682867655660725381e+00 -1.372881951441395354e-01
-7.705704828838445541e-01 -5.343161576431397775e-01 -1.007915835992144071e+00
-1.574804546724843379e-01 -4.798237319785023658e-01 -1.545193420546247531e-01
9.789562418162818247e-01 1.222656012926909286e+00 1.566856487300532841e+00
8.522399949311320055e-01 2.755864702243949749e-01 -2.063400207608723225e-02
2.553176938107789007e-01 2.544271927584766946e-01 2.579110374422779461e+00
-9.776129508602235951e-01 -1.456419462372732232e+00 9.875139986062759778e-01
8.988103362081856229e-02 9.205129765804733744e-01 -4.031306060873993125e-01
9.742149866387012080e-02 2.835832111318481452e-01 1.080821581147334509e+00
3.283946672386820476e-01 -2.251073697297500398e-01 -1.718747223731099671e+00
-9.244566365727906465e-01 -1.300389985030220963e+00 1.183855451857848129e-01
-1.392053066977760878e+00 2.417004709741091606e+00 -1.127387100753549198e+00
1.460943231306268464e+00 1.017822780921737946e+00 1.116368398284252050e+00
-1.174064359534629176e+00 1.714154174285026588e+00 2.570363736219656858e-01
6.810296085521146958e-01 1.027241258750404951e+00 5.858874903586219762e-01
-6.204822441088935214e-01 7.792198453631922206e-01 3.983258418402438883e-01
6.893888417976681282e-01 -3.299849194522115337e-01 2.213725944373537313e+00
6.296468216233274129e-01 1.818409033608509251e+00 4.478190766685443136e-01
2.306591607353959184e+00 1.273770400283591453e-01 1.041049426295559410e-02
1.060861163140494057e+00 3.048104205971254865e-01 1.040963031717669240e+00
8.520040818519885040e-01 1.292003258806388999e+00 9.909524946152503677e-02
-2.687212028543754183e+00 6.069493088592403662e-02 -3.839294848771923618e-02
-4.952391857495200833e-01 -1.815507556274330137e+00 -2.212984953046713166e+00
-1.904113502543893111e+00 1.960199080852257358e-01 1.321798181157586516e+00
-1.221666370209382624e+00 -9.179433726569447005e-01 3.630944543575002070e-01
-4.871934685776515006e-01 7.813048525297363600e-01 5.117084696579059511e-01
-1.565697322489523202e-02 7.029909166312446889e-01 7.790529924578646348e-01
-3.907488610920514249e-01 -1.364738879231662594e+00 -5.897821346459170000e-01
1.907118176645995256e+00 1.519982705622803243e+00 1.198216885335902759e+00
8.235019527233535808e-01 1.103950943438642307e+00 5.227222357984729895e-01
-6.932279705714944340e-02 -5.389055478442907887e-01 8.883749742298809871e-01
-3.561432912753060287e-01 -2.096733539593364171e+00 -1.048757241712949817e+00
1.578728334047822646e+00 7.772035049434733445e-01 1.283146017384578785e+00
-1.529180000699014386e+00 -3.278535142180161177e-01 -2.347990643142418010e-01
6.956628035905603191e-01 2.252024709721401230e+00 7.270266858153904277e-01
5.065979949882888356e-01 1.521226685619173624e-01 -2.028684246186874818e-01
1.025129963662604893e-01 -8.113245580700336745e-01 -5.123743004362155684e-01
-4.338930638495120951e-01 1.711652499791419535e-01 -3.822739054561857808e-01
-7.960992482578397311e-01 1.250323576916266610e+00 6.100563123875246685e-01
-2.073369219470729607e+00 5.865663036886401560e-01 1.042196691002560960e-01
-1.339238745830027444e+00 -5.245884905159694522e-01 -2.486514411982115202e+00
-6.217539534329522555e-01 -1.387323262932579571e+00 -4.259850624035971256e-01
-1.803302105404253952e+00 -1.514433471793890762e+00 -2.338981772913863555e+00
5.137636160077441172e-01 3.098857003840337909e-01 1.746855663366491340e+00
8.578099269822156980e-01 -4.580975076622658682e-01 -1.230742646829872555e+00
-2.398603767314274826e+00 -6.600637609636680336e-01 -9.941688326587077018e-01
-9.516474849727762919e-01 -1.519058402987842338e-01 -7.464754808113781559e-01
-1.537341398556613115e-02 3.103032346937443231e-01 -3.158513534380690824e-01
-3.368760012333792409e-01 1.412422387295297010e+00 4.250669378882495075e-01
1.415619376906266158e+00 1.117131119182173560e+00 1.438627785128567815e+00
-5.392828346346902890e-01 -2.047661078088667708e+00 6.641549242276851839e-01
-1.012657183301693076e+00 -2.288621670423006904e+00 -1.135918799217415120e+00
8.990301372578930472e-01 1.310984427850768963e+00 2.687431121828692149e+00
-3.355370632467919445e-01 1.155920330914834704e-01 1.509642840715350598e+00
8.804283667948304970e-01 -4.230136518712465099e-01 1.421954200623952946e+00
2.362777809905198367e+00 8.827247002418513455e-01 1.691696389263664946e+00
-1.716513290249586543e+00 3.043066112523613587e-01 1.338644189058651790e+00
8.426588783955002437e-01 8.944187741026914384e-01 5.984332104797907004e-01
4.976657277357134923e-01 8.133610740612704504e-01 -1.562378439826104914e+00
-2.048973402604570726e+00 -1.677737601132075040e+00 -2.205253111388704390e+00
2.143692110757326574e+00 -1.131384993924895443e-01 1.885670739522236738e+00
-6.046346644915072677e-01 -1.252421939828335384e+00 -1.164429777764903307e+00
-2.116886216182836122e+00 -2.129669272281517145e+00 1.444924581354419146e+00
-1.972024147956134010e-01 -2.039310651336194713e-01 -1.904559732925970028e-01
8.556247899506099763e-01 1.398870101207713823e+00 -8.010273257630651234e-01
7.293225272620134092e-01 1.781456399181876371e+00 4.944660946749884767e-02
2.776255695521752109e+00 4.870035494273532439e-01 6.776289338215999436e-01
-8.629246252271682849e-01 -1.653171936145903853e+00 2.297278700334647095e+00
