-9.445387381577121655e-01 6.158803870391413859e-01 8.943708950364945842e-01
-1.803153910748762412e+00 1.299497803185243550e+00 -1.445871647382185543e+00
2.270256181504151538e+00 7.578420979069020458e-01 -1.195082839951952192e+00
-5.210690527109131942e-01 -6.840622520288681674e-01 -8.291020481604374215e-01
4.033440363599916090e-02 -1.072065727873602103e+00 -7.816304917947582975e-01
5.457519382880536840e-01 1.274307318883129536e+00 5.060938072845341251e-01
-1.387908937915125041e+00 -8.652340267587599332e-01 -1.284925595185775204e+00
-8.709954590721062928e-01 -3.795841234343421688e-01 -2.501768746915128405e-01
1.619757016583220910e-01 -8.405289106867575022e-01 -2.787813774621311635e-02
-1.051242276883428195e+00 1.319024567300682849e-01 6.859456718162504352e-02
-1.181066605380836965e+00 -1.489356099281287094e+00 2.637369746941639059e-01
9.867138739161898098e-01 4.123342598396098069e-01 4.728789598871470101e-01
1.044489611346358426e+00 3.086661672767431863e+00 9.388483743260960246e-01
-3.691835062474395635e-01 -6.866946087278287258e-01 1.306146290285779443e+00
1.364076381636551538e+00 1.473741570749139695e-01 3.393402161106848225e-01
7.300225537383844276e-01 -2.225691183417682240e+00 2.884233019575951351e-01
1.472916879883069186e+00 3.623255771898450384e-01 3.721688226015574807e-01
4.129068060693810716e-01 -1.307694852724086143e+00 1.356552351373077947e+00
-1.315530966862566764e+00 1.363717994269953104e+00 6.747427001028384330e-01
1.309016436043928477e+00 -1.045692194165231736e+00 3.233376893642965655e+00
-1.144981975634414284e-01 -1.607119155740614147e+00 -1.078069294641549991e+00
-1.088808020946986366e-01 -1.750309574425155557e+00 -4.569438683093076659e-01
-1.016279594468926684e+00 1.279007496588055570e+00 -8.357215160023101497e-01
1.433297299975935024e+00 -6.825025467447060068e-01 -1.932523005768414848e+00
-1.031346841073240705e+00 -8.779300869908250871e-01 -4.428019380546298622e-01
1.572023966065318135e+00 2.799391238758939249e-01 8.013964365873749163e-01
1.187565933262910711e+00 -1.383615313849669182e+00 -7.692409822701868904e-01
-4.957943347772084675e-01 -9.781743785094410004e-01 1.902882323033000311e+00
-6.318612676648209803e-01 -5.273198478364292674e-01 -1.082567703693821937e+00
-1.567718158984019450e+00 -1.465171899098391517e+00 7.990173627470120721e-04
