-1.061239600046796738e+00 9.553852244630505197e-01 -2.176356651415055410e+00
7.281265270238438392e-01 2.098828680304870797e+00 5.869611509982159969e-01
1.214071672004692681e+00 -3.219541686357432209e-01 -1.444604502699672111e+00
-2.574181029959498268e+00 -3.728239191665986274e-01 -1.220862336058154529e+00
1.262988404249731911e-02 5.571587956929362484e-01 -1.957300832904651511e-02
1.616411677919649792e+00 8.818061980888889373e-01 -3.247289824452901374e-01
-4.460095999957328639e-01 -5.832133719996714927e-01 -4.607662139555016578e-01
-3.974853850253429188e-01 -1.839884480617788975e+00 1.944954549826505286e-02
-1.105457682971890065e+00 -9.712175366032473889e-01 -1.442943690384863142e+00
1.801229837648305132e+00 8.255211305292171620e-01 1.158033686413729169e-01
-1.814875578428881697e+00 -1.534225779976606807e+00 -1.622383927863288555e+00
5.356540282556031540e-01 2.218529413852088794e+00 2.268635634315880445e+00
-2.587167240967380710e-02 7.450760633179642767e-01 2.142649792643865680e+00
5.433506012679802932e-01 -2.486635405213875494e+00 8.500532762151380428e-01
-1.348767203969963635e+00 -1.412170028747985917e+00 -1.376318798724429193e+00
5.058423481948514100e-01 1.244803025155093223e+00 1.626756569309533607e+00
2.154878696675666561e+00 7.131189750549862261e-01 1.181576021594551218e+00
1.210647244277885282e+00 -4.306281336186518205e-01 -5.979459380970795213e-01
7.013763718284883319e-01 1.242193527889108084e+00 1.668942954386345989e-01
-7.911090032586098886e-01 2.075766054959068407e-01 7.789381502782880551e-01
-1.390614436074848914e+00 7.544881426692268134e-01 -1.636168008621431635e+00
8.967275224074735540e-01 9.104774148586091131e-01 -5.526896777133030181e-01
1.565655592295809306e-01 -2.511721643880360677e+00 -1.642021577590913273e+00
-1.612456082039756655e+00 1.463039901658775177e+00 2.094507038500038054e-01
4.515956001594049196e-01 -3.294860934229171812e-01 -8.474767350631933205e-01
-3.925701623641214555e-01 1.341920550249552146e+00 2.452899592231361225e+00
-1.788990167365889228e+00 -8.394377298312430957e-01 -7.841696974549827726e-01
3.234594294349881216e-01 9.153252696844407232e-01 1.747489273654254660e+00
1.309539292233677710e+00 -9.940435722753597769e-01 6.684291997685654074e-02
-2.732613739649799367e+00 6.080085074133225742e-01 -1.379896834818383322e+00
1.151949987410602283e+00 -7.988757815348894731e-01 6.927051910586147221e-01
7.249940033253531313e-01 1.431415375040652194e+00 1.371970139039426773e+00
-7.915379699411216885e-01 3.973363977169278582e-01 2.410915563997515498e-01
-1.463987441937349754e+00 8.034475523668986874e-01 1.691610332561882757e+00
-8.606212704628368737e-01 -1.387310147708176844e+00 -1.034394304910868811e+00
1.739707567761622498e-01 -2.021121928543631263e+00 -1.626005699927405068e+00
1.058498640905833899e+00 7.785874510345330846e-01 1.524213725160748600e+00
1.587253670051602450e+00 9.493484385153849736e-01 1.736516866542887394e+00
-5.393580105161827065e-02 2.424547484290247024e-01 2.075383597260829216e+00
4.520800381500039711e-01 -1.328770424829159191e+00 -9.547208514265190793e-01
1.686633104053192334e-01 1.007263854170844963e+00 -8.070853310737704511e-01
1.276118761275927271e-01 1.098748196622985063e-01 -1.275135034827350022e+00
3.829590606184519741e-01 4.099397557855635199e+00 5.460774323321433421e-01
6.634886953182169700e-01 1.490782718056817835e+00 6.391237486381701194e-01
-8.230422223003281967e-01 -7.291164739264838213e-01 -4.632031220437127228e-02
-2.357804044932600540e+00 1.289561504648072399e-01 -5.397655288769740434e-01
9.274597949037988176e-01 1.800285339038416366e+00 2.104534974459299490e-01
-1.268937638235141829e+00 -7.637096370669376189e-01 -1.622788160901253551e+00
-4.018690575553731659e-01 8.384927577449089453e-01 1.554844930703171313e+00
5.717827205366493581e-01 4.702153664441168224e-01 7.802031074387030252e-01
3.588231490430027648e+00 8.733332907041488902e-01 7.054410372701112042e-01
2.315647504918086241e+00 -3.223134196668753226e-01 -1.461674927929264012e-01
3.655418651114689110e-02 1.128246018198554967e+00 -2.613944242496155645e-01
-1.116165139822940411e+00 9.845316170929152566e-01 8.160196678203377463e-01
-4.975335288498423658e-01 3.858065276067867977e-01 6.288140585509656155e-01
-9.622651116505804847e-01 -1.640544703663125770e+00 -7.018503217359167712e-01
-6.762355377039510618e-01 -1.658555275816022689e+00 6.723528075413472971e-01
1.351807782232224975e+00 2.298823861291634962e+00 1.284414675094573965e+00
7.567425754019148076e-01 -1.348044906785311525e+00 1.050617070220423166e+00
-1.827201483337002719e+00 -1.023814163478681483e+00 2.636714317529542662e-03
-8.575858418543194084e-01 2.141586326271607277e-01 -4.327860213837145809e-01
-9.856396607794259968e-02 -1.247001395181383643e+00 -2.308805009108068518e+00
-1.831304245183015267e+00 9.675536832161635292e-02 -4.904131594816300566e-01
3.929407868334537923e-01 -7.229040944633291499e-01 4.324731302352042839e-01
-1.519703850026818071e+00 -3.924828212930580928e+00 -7.136813859384226744e-01
-2.854250517913035079e-01 -1.594786386433173497e+00 1.222728574001206159e-01
-1.077347731702765765e-02 -5.958444515918148721e-03 -1.514804860180122947e+00
5.401545605742452683e-01 3.870766165816962312e-01 -5.775689465679538781e-01
-8.478266161315584082e-01 1.621288414081254459e+00 2.842690037144454118e-01
1.851851907423513355e+00 1.101367195355647866e+00 -2.000041938749258286e+00
-1.159805711401610484e+00 -1.118372771105462959e+00 -1.134274752818591248e+00
-1.625639857563520252e+00 -7.366781770294535958e-01 6.753650536668325266e-01
-5.458965477562753854e-01 -1.680630690707844987e+00 -1.139514074674774946e+00
1.372359572869788380e+00 6.098890057727557323e-02 1.233377946306030815e+00
1.279471256826705705e+00 1.505402565272170312e-01 2.094403577160595553e+00
-2.138957211659015201e+00 -2.287872134933111035e-02 -7.705577539986920854e-01
-2.296582169199545831e+00 6.792193302936930799e-01 -9.995230888738038111e-01
1.285947957251300844e+00 1.700604265756662681e+00 9.676604827060333314e-01
8.356126576608452483e-01 6.116798088342514372e-01 -4.599700316060958416e-01
-3.105664289533746070e-01 -1.245517920201451245e+00 1.181738767940470503e+00
-1.126289249021580341e+00 -5.132005893612850977e-01 1.111873897227108721e+00
-2.300272374751678450e-01 5.683583522631909801e-01 1.295120398354529412e+00
3.257143920439610207e-01 5.304273543198222418e-01 6.936578799488253289e-01
1.157577595856350339e+00 -2.039153925844410242e-01 4.434918616496251742e-01
1.316831025272782840e+00 1.734619781238441183e-01 -1.953503111057797392e+00
5.466928069050736028e-01 2.539562197193188098e+00 -1.780456808493916521e-01
2.874114486683096992e+00 -9.247303096949719414e-01 7.601096052352387389e-01
9.856562925324361402e-01 3.837686334886994954e-01 -2.290369488147486532e+00
9.172569472342891883e-01 9.031645666501422198e-01 3.984910303380465035e-01
-9.235857465307601988e-01 5.520596795230048315e-02 1.503212535140161066e+00
-3.192997889225188124e-01 -2.601212849040056785e+00 -2.554222667662403357e+00
-3.292357095437768999e-01 7.429959062384716706e-02 -6.650863013090508868e-01
1.231324795527393157e-01 2.282007833791011020e-02 -2.646969510343356813e+00
1.471024640600936628e+00 7.661912925402609709e-01 5.927852883646026472e-01
1.844029780220870274e+00 -7.153235370672315074e-01 4.588100100078268961e-01
1.106131359172380035e+00 6.976164842771763741e-01 1.219323217385378966e+00
7.063863001798229568e-01 -5.062325515165159162e-01 -6.455960153918014477e-01
-2.964159305193936333e-02 6.933739683535444787e-02 -9.447268608221996988e-01
3.139112542587353394e-01 2.723142083874855457e-01 7.765462956795974314e-01
-1.037179953820813072e+00 -6.656171251777700526e-01 8.372426210046368666e-02
1.052543055921041359e-01 -3.974423885438493342e-01 -6.320694431444748851e-01
-7.300960083055798577e-01 6.985286500610488059e-02 -4.083893491745369531e-01
4.441161039257038867e-01 -1.330482031555916933e+00 1.329572755055041799e-02
-5.936095168479418316e-01 -1.330321254643356266e+00 -2.108024623512889661e+00
5.286973476210689027e-01 1.529382076674685509e+00 -2.742643644546904902e-01
-4.603489228504240582e-01 3.392918375749617299e-01 -8.120366563192443765e-01
2.796379220244292751e-01 -1.499947591753935772e+00 -2.918052492932457387e+00
-7.578691344852775957e-01 -5.059633481316091475e-01 -8.162246843469571633e-01
5.071966672819616662e-02 1.145579058502743663e+00 2.324154036625985409e+00
-1.953041194758102783e+00 -8.822238031073520448e-01 3.274056529324194109e-01
-2.596728812798448915e-02 4.601894797015938510e-01 -1.319826653987096421e+00
1.404109406916947078e+00 -3.752498161239764540e-01 3.907531623611478988e+00
1.684651853884401973e+00 6.891931946664514586e-01 9.879189446126792618e-01
-5.936049300194016221e-01 -1.434504107221101776e+00 -7.094544569186660432e-01
-8.924776930933651098e-01 3.206661421603919093e-01 -1.580932897877419308e+00
-1.072810528107033257e+00 1.734081024347422506e-02 -5.534192224590643860e-01
-2.036972319301161294e-01 -7.659574092557293046e-01 8.510352000671785877e-01
-7.631938166967902060e-01 -5.637704285240819901e-01 -3.143059976079592976e-01
-7.512028220856664662e-01 2.321322970508426842e+00 -5.950540605236233072e-01
-4.357042734721601196e-01 -5.075192863442172797e-01 -4.459090703267756250e-01
2.133546278933550200e-01 -1.718007716870173729e+00 -8.730647710538912420e-01
5.724337750188446261e-02 -1.166471564871634614e+00 2.075781305930107123e+00
5.656560978252919147e-01 -2.140065292972598288e-01 -5.898291941088908974e-01
9.267460956949236106e-02 9.562134030525673012e-01 1.648911154423570169e+00
-1.819028905544271213e+00 -1.221356327314679913e+00 -1.468190958111571076e+00
1.831359446920162171e+00 4.677647263894996188e-01 -8.785026411498213506e-01
6.741096562719770535e-01 7.356935307306409211e-01 1.197115570814986540e+00
-1.496684058381540838e+00 -8.084332435855334786e-01 2.176850744063818510e-02
8.759227200807856439e-02 6.755266730470765868e-01 1.544676494020238433e-01
-4.923175620629485216e-01 4.402779927434193885e-01 8.276220700286542886e-01
1.066406180628737266e-02 2.774249500379100120e-01 -1.290116454349694575e-01
-1.355357333670849984e+00 -4.580031747428858768e-02 5.731506780731308037e-01
-6.071601340221580712e-01 -8.858485513773637354e-01 -1.550617029789524537e+00
-1.331305749560560692e+00 -6.066014668336636717e-01 -5.559304057332791205e-01
3.071886598117665734e-01 -1.669009371935579189e-01 -6.607336307092817052e-01
5.139301376139862043e-01 -1.616576421020047949e+00 -9.141511207363640645e-01
2.788051728979402677e-01 -8.729565240974335172e-01 -1.261688594692512266e+00
-8.607921595811860449e-01 1.223086295394209433e+00 5.047287962073984113e-01
1.906996891881074241e-02 -2.099519627800506827e-01 -8.575596823025966042e-01
8.481380600624390809e-01 -1.915920657478505928e+00 -7.855359207907739449e-01
9.826304726914856236e-01 -1.084831105127782358e+00 -1.710068664466070310e+00
-9.359270544584945561e-01 2.797704721798013328e-01 -8.385260039795422449e-02
2.132479317966818666e+00 1.229095199928953219e+00 -6.923815699409245905e-01
1.658884638763727937e-01 3.702288002709982484e-01 2.347258486396535115e+00
-3.988571689014586141e-01 -7.521230279567314714e-01 -7.060577742441851434e-01
-8.230369388432003941e-01 5.053174166777061327e-01 -3.874534552109593077e-02
2.187716340522534164e-01 4.740172889946971946e-01 -1.174472232678630101e+00
4.336628685043770748e-01 -4.743212378593546497e-01 -7.976357154632766067e-01
5.514086738801871057e-01 1.098570542332751310e-01 1.108420230274567153e+00
-2.922248650081971100e-01 1.076519251845936331e+00 -8.762228991490248475e-01
-9.532114848962769393e-02 1.657934914714876529e+00 -1.117607732562852396e+00
-1.493236848892093072e+00 1.764590716746593513e+00 6.095844410315063300e-01
1.484970485187759870e-01 -1.148261121983001676e+00 -1.324528106753831924e+00
4.094006963489656425e-01 4.787344932261074493e-01 1.154066959061706310e+00
8.560029257227774746e-02 -8.364949819684580623e-02 -3.114089590253398487e+00
1.777967345381488817e+00 8.004836352771662611e-01 -3.679440485750971046e-01
-3.191676325677943460e-01 -4.881985789108638230e-01 6.439614038699574827e-01
-7.558136460629261144e-01 8.056727812129389488e-01 -3.607388412163690106e-01
8.075744637569399753e-01 7.825376223256939046e-01 -8.594897492976329989e-01
-9.478143789575572686e-01 8.133760034166892527e-01 1.050178096289678287e+00
-1.657589796609799437e+00 -4.575534921905886065e-01 -1.224920400572816259e+00
-6.806319358218693161e-01 9.319549594655459623e-01 -6.764875643151180284e-01
-4.390965502998341874e-01 -1.002203359334003618e+00 -4.289266671909836015e-02
1.220742596232319066e+00 -5.026885199456569975e-01 1.650857163542350570e+00
5.249709192490623622e-01 -4.068305678072421383e-01 -8.551323608042400437e-01
1.804310869462877331e-01 1.935650545195017003e+00 -1.297162563813441194e+00
9.427128825102879528e-01 9.527371883000910202e-01 1.616287512847241370e+00
-4.735210303838044421e-01 1.188007366533803566e+00 4.143195657754117356e-01
1.275053858816491026e+00 -8.975440783296009251e-01 9.206342352120149286e-01
-3.298988816280612468e-01 -7.212222731167585721e-01 -1.948372400095758072e+00
1.108745999776945323e+00 -9.407495359531609092e-01 1.034451264741428567e+00
1.759013009107713632e+00 7.553349923688368328e-01 1.927004050846192751e+00
1.214422524573263384e+00 -9.714380676230016665e-01 8.671708581489164791e-01
1.789618678855237288e+00 -9.220553910577145018e-02 -1.745816081663672525e-01
2.106672291123791396e+00 -6.060896391175709663e-01 4.251635881797989347e-01
4.216899220769853018e-01 3.203647283534771795e-02 1.260659802019263198e+00
1.239652624915521972e+00 2.043018991161303366e-01 7.288674984256443556e-01
-1.702475803297502699e+00 -1.302206529802167889e+00 -7.489078957097827782e-02
-1.819841860178674109e+00 -1.782265720301961842e+00 -4.253977287701338206e-01
8.048502952309253278e-01 5.419945374042804964e-01 -6.663093185073747371e-01
5.548641747685768566e-01 -9.949882227805539880e-02 8.497916746776477126e-01
1.928328045316529682e+00 4.110493420965734002e-01 4.436394593102690465e-01
-5.839262990681394205e-01 -1.505894684714771392e-01 3.432666095827563435e-01
-4.229403666194593292e-01 -2.702658530505060996e-01 -3.977084835770123838e-01
2.196475678235080053e+00 9.830367861148288089e-01 -1.676927337588418609e-02
-2.369280479413531815e+00 -1.704596515251366018e+00 -7.487403091233046926e-02
-9.448582031314134433e-02 3.901359406420916720e-01 7.986542532790127380e-01
7.941620854010503772e-01 7.070668446360794945e-01 1.661139149908546830e+00
6.063068718256704459e-01 -5.319283657587206005e-01 1.450126804156696370e+00
1.512145279049195712e-01 2.864783338204088259e-01 -1.956647274916913926e-01
7.830498067917341931e-01 3.759965363439798924e-02 8.623297497116100274e-03
-1.137022524490073128e+00 -6.250751719475271528e-01 2.141955441854364484e+00
-1.280457358201255946e+00 -1.256600260591645757e+00 1.741523504946144163e-01
-8.055721131900145382e-02 2.966712119240563217e-01 -1.624993729239346374e+00
1.728281532008234533e-01 -1.328979748889349999e+00 5.704198700651486043e-01
7.529368741252384645e-01 6.128496516829957663e-01 6.932995853759268412e-01
1.879824639756812132e+00 -3.793536272080192395e-01 -7.349159146507678875e-01
-1.883805941202869372e+00 -1.529829760221905977e+00 2.186682969045918856e-01
-1.399646239713066898e+00 -1.959317754199891293e-01 -7.008534652009211774e-01
-8.448306030668462085e-02 1.156110115471119748e+00 9.795270502807135182e-02
-1.667488875861440345e-01 6.666912287534417780e-01 4.988767978288108362e-01
7.766042494908342864e-01 -1.742222360656298985e+00 2.538234264536437523e-01
-6.888123926013174358e-01 -7.190282279274264887e-01 1.485685555573379446e-03
2.372452006271427716e-01 -3.975750975114034080e-01 7.645350687187258965e-01
-6.252285849255900807e-01 7.220838781965125408e-01 6.824553299404948481e-01
-2.122112128985685908e-01 1.937474545845408569e+00 5.040973467326922419e-01
-9.386384811954510132e-01 -1.121595851646862485e+00 3.801142127035758156e-01
8.369888094181610061e-02 7.907638575194119168e-01 9.711774593677565681e-01
6.103228762070220803e-01 1.175394867619863781e+00 1.984406691325949490e+00
1.203148402567898900e+00 -1.128356215592672962e-01 1.676002178834461676e+00
-3.527330917570326019e-02 1.449872574390479452e+00 3.820006459026172863e-01
-1.584241759011546735e+00 -1.377873781999507941e+00 -9.594065291005495766e-01
-4.360066048136063688e-01 -3.531155902673839830e-01 -5.560383354611353468e-01
-1.241821219773537877e+00 -1.170453233979377838e+00 1.109813668016432775e-01
3.193127405025071308e-01 4.166052160276699778e-01 -8.904810053492479005e-02
7.495048907744816802e-02 2.365539569437633549e-01 -1.279021300905675229e+00
-6.793328296817340295e-01 -2.767708068456112280e-01 2.886534683127542911e-01
4.314068166401076043e-01 -3.563305974167745305e-01 1.921289476202614477e+00
1.448737171002249191e+00 1.062534817700312217e+00 2.862593318856965219e+00
1.761473665452210291e+00 1.050514821053971648e+00 1.043732734289883446e+00
2.521016794818286000e-01 -4.257792248013999581e-01 -2.649991406022208507e-01
-1.381868447571100944e+00 -9.310312519769088357e-01 -1.204073935058630695e+00
-3.362920111046033278e-01 -1.154928145338892875e+00 -1.682674435804857538e+00
2.161467202135023968e-01 3.595956969296307371e+00 -3.055888384925671719e+00
1.529257084697609903e+00 2.894301445539103623e-01 8.446120241647315785e-01
2.640807048198920981e-01 -4.337379840553199362e-01 1.338469462655672571e+00
3.475352175761664553e-01 6.342437691153881563e-01 -1.920598992461909349e+00
2.300103246961091585e-01 1.496052116369195772e+00 -1.139019543662104672e+00
1.605260460444291493e+00 -4.738056053707221382e-01 5.713597018813429962e-01
-1.314293427398856906e+00 -1.669153887573660233e+00 -9.250484804902769920e-01
1.891904972136984497e+00 -1.045423686204115077e+00 3.178490302121393274e+00
-1.724643407252745009e-01 8.025031482630353707e-01 1.215946124552546692e+00
6.808272508558532721e-03 -1.772620805852699988e+00 -6.608845151256013128e-01
3.648999645818630233e-01 1.260649191170473138e+00 3.053030993259149839e-01
-1.665246121654830214e+00 -4.864709826029656181e-02 1.295285693192521626e+00
-1.505394652065260352e+00 6.370672591112671590e-01 -1.363738901368728218e+00
1.696485525473828027e+00 -8.906267734318826790e-01 -1.767182512850796750e+00
7.272973640857879341e-01 4.213005970903847541e-01 -7.726946027242553861e-01
6.289833008888675581e-01 2.341579604245006330e+00 6.171473005605563333e-01
-1.369004352244570066e+00 5.234534735343491230e-01 4.226987179787071724e-01
3.283904153547566596e-01 1.251845601924539420e+00 -2.201841388051783976e-02
-1.122968679551276105e+00 2.152401767276599820e+00 3.764020645486313432e-01
-5.888047152295990960e-01 -9.618636571850613937e-01 1.824000235034177742e+00
-1.218933753944664966e+00 -7.081992322390679995e-01 -8.326134680550860701e-01
-2.485088242785216117e-02 1.310706346113161835e+00 -4.529441143777613865e-01
-4.987381476821803883e-01 -8.864012752801355699e-01 -1.775837092736491041e+00
-4.123161067232282706e-01 -1.417326002347133240e+00 -3.507112478690342927e-01
2.112280226104011227e+00 -5.899151846139446542e-01 -2.947204655584382271e-01
1.098995387894659670e+00 -1.171315371485239343e+00 -2.255326532923555671e+00
7.072065935213296406e-01 6.060685259248830281e-01 2.735639146060623306e-01
-1.199109753486407914e+00 1.137168590818252722e+00 5.796324761272152459e-01
-9.355494226065916852e-01 4.357630642121805842e-01 -1.910017759820176186e+00
6.843089981135224154e-01 1.175792186615302048e+00 3.306897623752581561e-01
-1.190249862206805842e+00 1.869653757298743724e+00 -3.160236394207510124e-01
-1.840858899999431086e+00 7.288057311590323550e-03 -1.547321853210528397e+00
5.351913515105022334e-01 1.415851920781237561e-01 6.110857726304091964e-01
-8.618969055431301429e-01 -4.798254506811120423e-01 -1.198801356363009996e+00
1.144571206692089227e+00 2.040167189554396021e-01 -1.023099218661258636e-01
-1.160250452303151381e+00 -3.996198418523181362e-01 4.556645416212892208e-01
-6.724177818871974743e-01 9.001272118644372267e-01 6.403216094085151244e-01
8.379948397029789442e-01 1.802128328207872388e+00 1.987888919039389135e+00
-5.096641164810264968e-01 1.506265623429915435e-01 -4.536497927918112238e-01
1.116477855060357349e+00 8.486757900944088551e-01 -1.171486432485330020e+00
1.747639814807432579e+00 -5.860030790974837256e-01 1.555972899879701221e-01
9.999729537126711421e-01 6.330413689842939728e-01 7.078053648748032778e-01
1.096935974440362171e+00 1.379791510247133424e+00 -5.131078331566498729e-01
-7.840134000994409824e-01 -5.800396743266558186e-01 2.897382320592890581e-01
2.245056539560419395e-03 5.819254744165416326e-01 -1.380036400597323798e+00
1.406091602463204415e+00 -2.430303138325112799e-01 -1.328025344610078706e-02
5.495714494974717201e-01 -1.363625356014333878e+00 -2.560471736232852180e+00
-4.914094127513116139e-01 1.145285946681289246e-01 -1.496622970858940027e+00
-1.600450633760538643e+00 2.883739791736534830e-01 -3.230853771048681766e-01
-2.270933852489820381e-02 -1.304605186436145203e+00 -3.369997189335508514e-01
-1.437930674413041121e+00 -1.616528231131723503e+00 -3.732705093190432644e-01
5.340112400910019819e-01 6.552732699654092441e-01 1.738409074030538903e+00
3.881630520061374323e-01 4.777925931387712044e-01 7.049173879169237100e-01
-1.070502981104994422e+00 1.138056700560042600e+00 -1.487604429376812698e+00
-3.322747619515565853e-01 1.161080215126320536e-01 1.015185227029090198e+00
-1.087819425607796209e+00 2.311841657157328589e-01 -7.975939649013791266e-02
-1.642000980163149659e+00 -1.643913023093832027e-01 1.511523659674227638e-01
-1.562288741795593072e+00 7.930677371131078512e-01 -5.508819254437228308e-01
1.599437197207804306e+00 -2.023793602031677685e-01 -1.348073288167859651e+00
-9.636357900131895526e-01 1.137367968062731105e+00 -2.849093012535304781e-01
-1.105443688173463612e-01 -2.258479051540086546e-01 -2.226357864197629155e+00
-9.133334420207384063e-02 -5.299406519803362414e-01 -7.108107915969233970e-01
5.958416564330808463e-01 -1.090029199339464183e+00 1.398243140922782457e+00
-8.436319271208339021e-01 -6.417311315139924144e-01 1.936959216015610163e-02
4.145240003488852576e-01 1.306031554337186318e+00 -1.184854423294724901e+00
1.751078684315562350e+00 -6.925674575213551787e-01 -5.033456518648935507e-01
-5.304304867907925214e-01 -3.779605069832427944e-01 1.497331869021279349e+00
-1.254118782685537115e-01 -3.021315302735556596e-01 2.209840070350754804e+00
1.091319075134638883e+00 -1.061964470578066422e+00 -1.630548249272773642e+00
3.089888020494591103e-03 -2.423796540737155336e-01 -9.020387510638163686e-01
2.241237070478258708e+00 3.693111439056256384e-01 2.020356855554554798e-01
-2.111078477529403363e-01 2.585942116090073073e-01 -6.890004861999832197e-01
-1.271133453912450806e+00 5.108777434574456322e-01 6.533197106556798417e-02
2.472707053244199926e+00 -1.291636632233840176e-01 8.051077407218723003e-01
1.766547600203463575e-01 4.206753740056377033e-01 1.468878253261673095e+00
5.148305179596561754e-01 -2.193521947271505068e-01 2.622973746239127824e+00
-1.399397608305232410e+00 7.167337839664429389e-01 -5.637212335568128063e-01
-9.081464816914837090e-01 1.215066018368399003e+00 1.081863828133469818e+00
-1.412981028304484354e+00 -1.340320655106310266e+00 -7.402510433856905880e-01
-9.379053272658346430e-01 -8.714439456217721869e-01 -1.151638383427866508e+00
-1.328152997397936241e+00 1.574667910980214414e+00 1.537238923097357546e+00
1.995988490636486645e+00 5.750789962411197997e-01 1.315734015772183740e+00
-2.080306103660307659e-01 5.784743192379117049e-01 6.410422790311165464e-01
6.761123787486134074e-01 -2.289834915658309100e+00 -7.726267313367021217e-01
-1.391876287528283740e+00 1.590552609225507119e+00 3.562405190973543245e-01
2.658744633391727508e+00 1.812339209598937462e+00 6.429679913929984281e-01
-3.570005557052665646e-01 -2.360773815164260991e-01 -1.312231503425755452e+00
7.546285543004878082e-01 1.354044302086488516e+00 9.632016406518728591e-02
9.255568583468753996e-02 -1.708292427955151460e+00 1.231804841460189426e+00
6.284909315361010274e-01 9.871013076172674428e-02 1.114173533728772592e+00
1.426582373524790892e+00 -6.396322350114145294e-01 5.035378271599855182e-02
-2.168056847451738101e-02 1.203880455713387310e+00 1.268463391371075444e+00
1.314850216228363733e+00 -1.015151866717434181e-02 -6.799616212596248932e-01
1.104305457527304579e+00 -2.132850553012731076e+00 1.250051673246972417e+00
-3.165291014377106249e-01 1.440838142681921674e-02 -1.099321327242032353e+00
-1.333488591647125521e+00 -6.432084719460368083e-02 -2.224973432077759661e+00
1.060107359981419251e+00 -1.639063104215338074e-01 2.150274507112046041e-01
4.122504532433343694e-01 -2.061895203127043219e-01 1.821497829035189975e+00
-8.990280996269384151e-01 -2.301175777060712191e-01 -9.859385114712457820e-01
5.244301561044528714e-01 1.838597507687838029e+00 9.514345884354815652e-01
-3.437380179030058436e-03 -1.048646768297902598e+00 -1.690242341590130870e+00
-9.052370802459879240e-01 -1.246646555858255123e+00 2.684088215109163844e-01
1.384092865876458189e+00 1.133742014166724932e+00 -1.935238646005643659e-01
3.624574277880383555e-01 -2.182366956845539496e-01 -5.382795556629134115e-01
-1.909946839482995262e+00 2.439758900095089222e-01 8.783137350070617799e-01
-2.886126736702459006e-01 3.598236799403794484e-01 -8.514722597895059142e-01
-8.999696352136177246e-01 2.661379995715971170e-01 -4.512595338660363442e-01
3.681101612676003776e-01 -2.547939431640316998e-01 1.354151223315803065e+00
-6.359098303876817848e-01 -5.566910886785336743e-02 1.702651521005933644e+00
4.086350753406352565e-01 5.488284279513373498e-01 -3.350016724607484120e-01
-2.097418385317642020e+00 -6.227156604955090824e-01 7.144429458873073902e-01
3.112170380586000151e-01 -1.567672583328170166e+00 2.259923875358051504e+00
2.092106581714701541e+00 4.569921645945738131e-01 -8.226988195163857931e-01
2.903158092730051099e+00 1.435309273487038073e+00 1.181128780405599210e+00
-7.258565524511824130e-01 1.810951455022066225e-01 -1.224030162228654905e+00
9.530419885682440695e-01 1.114187439834841475e+00 9.244056132764771894e-02
-2.522499451464370157e+00 4.885101055524428970e-01 -1.662024621865832108e+00
-1.218824593416720781e-01 7.980985874779222833e-01 -2.179490028490923548e-01
1.858174648391857531e+00 -9.360019957884544439e-01 1.881648679735161700e+00
-3.028810048148632417e-01 -1.182985147477100707e+00 1.234897685513946852e+00
4.498456683458895711e-02 1.050402642662406461e+00 1.006664213693724053e+00
2.399051395758760030e-01 -1.333337019045603977e+00 -1.521894024323635075e-01
3.385716644276802523e+00 1.188564743395431611e-02 1.710577376740946010e+00
-3.535590967490053194e-01 7.955117948404570871e-01 4.011868517685778235e-01
-4.580757298083215634e-01 2.264040285457569746e-01 6.444823630732620101e-01
1.585543176826004208e+00 3.836073811057382210e-01 -6.772998954598474786e-01
-1.560342721207067740e+00 -1.135783961621138483e-01 -2.544505150021394435e-01
-1.802072940975947279e+00 1.156105576136889024e+00 1.935506779113810305e-02
-7.274258219140190551e-01 1.612159721700948012e+00 9.046561771333645474e-01
3.024690639021435867e+00 -1.095806528436018334e+00 7.901848738595231847e-01
-5.919297302353161427e-01 -5.040397591616015971e-01 2.576989650956736932e-01
-1.128383947136157195e+00 6.588268735574931423e-02 8.585671951728195417e-01
-7.255820079501540398e-01 1.587161699556128625e+00 -3.816935536113138516e-01
-4.405173328418659495e-01 -1.364963891143894603e+00 1.015340711174723909e+00
4.718952527368588390e-01 -1.088066311855461765e-01 2.492984785268925751e-02
3.255306014968348260e-01 1.645316445241795211e+00 4.693669168568361805e-01
-3.753662210053018145e-01 1.311323659182101142e+00 3.298471768850418373e-01
-2.800641874170080481e+00 6.834624217144571467e-01 3.402789517210302872e-01
1.268616334436519999e+00 -7.888351519613050478e-01 6.902305390856442457e-01
7.631449843406556965e-01 1.939893479136331145e+00 6.944056860301723866e-01
2.056704801418979489e+00 1.597269377228065501e-01 1.108490430738829025e+00
-2.126897573038216471e+00 -3.449480006231827600e-01 -9.844913621187841857e-01
5.072359094362308696e-01 -1.234819557541771751e+00 5.947848086038498572e-01
4.334475320280826716e-01 2.716044386605341865e-01 4.760061255119155676e-01
1.132476793987863273e+00 2.659407560764590617e-01 -1.345761184024405033e+00
-1.694916138371733050e+00 2.803768308739384985e-02 -2.844745069656139380e-01
3.377498755631182514e-01 9.856948663922628917e-01 6.286234265618557693e-01
-1.160431971565630382e+00 -1.199308268688437096e+00 6.754195101740645413e-02
-1.368167887438403785e+00 1.705647924801136028e+00 -3.781048626193470596e-01
-5.389097255835162414e-02 -2.419396848672029643e-01 5.453547382270194088e-01
-2.454696770985057008e-01 -9.015922802203868436e-02 -7.925484051975610900e-01
-1.198508382669276617e+00 -1.469573150903575320e-01 1.509663882208051033e-01
2.117112188719253996e-01 1.502962370851641971e+00 -1.355033565794558914e-01
8.818585308428716907e-03 1.223014812242726235e+00 -6.825162908910993309e-01
1.621893726372871658e+00 -7.458463401710435647e-02 -1.024266110853814249e+00
-8.302306307990436895e-01 -2.920160631558095243e-01 -1.094123246337503463e+00
4.194084948616790820e-01 9.719938466604909344e-01 1.386567855277911043e+00
6.875742840043530535e-01 9.526783713996284098e-01 -1.039203368848341746e+00
-1.592961608347807534e+00 8.390968419446243054e-01 -1.417237986835183872e+00
-2.127583592531435475e+00 -7.708131450138623331e-01 1.610543347955492699e+00
-8.877750202631146115e-02 -5.231916276017368750e-01 -1.589005585259894104e+00
1.311793475475267590e+00 1.902366482340274723e-01 -7.087601895276438579e-01
-1.724467412741680805e+00 -8.554959863041111667e-02 -3.557225106156304273e-01
4.445078171179973614e-01 -7.237117477593207893e-01 -5.061386174796473902e-01
-5.468567028378963357e-01 6.012958493954042583e-01 9.566366281094578206e-01
9.193760811200322181e-01 1.452907404274579317e+00 2.350401523598852016e+00
-1.644279838364424373e+00 -1.643992244323441376e+00 1.331178003547611954e+00
-5.973830221814179220e-01 1.492291454201706280e-01 -6.491473410839770919e-02
-3.410211357539361110e-01 -1.441395702087841624e+00 2.158130520648837702e-03
2.180540390305507614e-02 -5.216449956952246003e-01 -6.702567937618381100e-01
-1.270978410141270665e+00 -5.671122036276016187e-01 -2.395494779231777116e-02
-1.432928539237118493e+00 -2.640195149270226915e-01 1.426324440736757682e+00
2.147650291804778511e-01 3.658970491188654472e-01 -7.514453367634341685e-01
-6.060746503986373934e-01 4.364954751841430003e-01 -1.901946372978631228e+00
1.778406440915792253e+00 4.429517425738100922e-01 -2.953217089638461301e-01
3.257494408832056765e-01 -1.917157196672171660e+00 -5.937043318578404394e-01
9.566711571210717580e-01 1.215264575346666209e+00 -1.926120579583281978e-01
-5.165407587411868784e-01 -4.146781613811294509e-01 -5.200208097548861819e-01
8.108519783475893750e-01 2.915284111794668731e-01 8.592684981116163190e-01
8.172044112877467903e-01 -1.205493385360861813e+00 2.186137268108474530e+00
-1.765104646209462169e-01 1.142845022568136359e-01 -4.994866462775996441e-01
-2.180049520255257889e+00 -1.591172723862516181e-02 -1.730994172350983629e+00
1.333284985394414535e-01 -9.270265626947704618e-01 9.787685726601387248e-01
2.510373769289069301e-01 1.429414438865114878e+00 8.711056451182702665e-02
-2.355351380733772260e-01 8.951909090890239895e-01 -1.100204801809106181e+00
9.660374844622570123e-01 1.028404708981695670e+00 -5.616312061323047722e-01
1.164587699373583973e+00 -2.813503451664369215e-01 -4.033562285810825543e-01
8.651543600832090064e-02 -6.770813204408572261e-01 3.172115635025708480e-01
-5.281676124361986968e-01 1.689987956844082539e+00 -8.172816031748675325e-02
-6.533020136625309338e-01 6.555497051095084959e-01 -1.826541501825661218e+00
-1.005182117431054900e+00 -9.219944889341514793e-01 5.049377224277340481e-02
1.568248219187630133e-01 1.626036591127661968e+00 -2.108721965914799323e-01
6.353085225717702844e-01 1.572474722079161946e+00 -5.707429038731570703e-01
1.312057977982600043e+00 3.589712618517094667e-01 -6.387554803326234154e-01
1.205858632451699775e+00 -8.477240112038626485e-01 -1.178493466105901000e-01
1.508954118477285222e+00 3.054544982478257786e-02 -8.156618015456449378e-01
-4.321924891817603420e-01 -1.033020717012966383e+00 -1.158712500392004685e+00
-1.278579052942810046e+00 -1.710967665415429106e+00 1.071721049136521442e-01
-2.310755268236671878e+00 -6.787169369742186431e-01 -9.403800792482099880e-01
-8.907561626691036238e-01 -1.625199058736357394e+00 -1.485119460373715561e-01
-1.071827853865634728e+00 2.133873214435596521e-01 -1.517686845381470695e+00
1.139757886376866480e+00 2.890485026818728986e+00 2.840687273060724660e-01
1.945627065342863782e+00 1.094605193351658734e+00 -1.491273168149019224e+00
2.252052321775315780e-01 2.059835449819105158e+00 6.661485861637186368e-01
-3.958101617529172778e-01 9.800319953065699252e-01 -1.850603973553591741e+00
3.017751987954778725e-01 1.023086512794489367e-01 2.062142760951716891e+00
-2.703173213426669497e-01 1.116583903920926879e+00 -1.160158031839586323e+00
-1.462482103835772929e+00 -3.626234059584898528e-01 -5.468220498216180836e-02
4.941650802786604069e-01 7.827321776328908243e-01 4.908290122745216921e-01
2.947486046916646396e-01 -8.214217413077797847e-01 -4.302545313020034734e-01
-1.844644690889034599e+00 -3.335118652348688650e-01 -9.264677290980793956e-01
-8.146195207323925214e-02 4.449965509971308686e-01 5.052491475605409565e-01
5.633367888340627960e-01 8.575387802638787527e-01 5.074626056346029923e-01
-2.433686408191607642e-01 -5.468302623566062559e-01 -2.637079902828718403e-01
8.795104619881137786e-01 7.338345686094556175e-01 -1.164761655089345815e+00
-2.175755626261135056e+00 8.480038710823027959e-01 -3.656857995735274258e-02
-1.545098182442586010e+00 2.896166603450311960e-02 -9.896616092144598920e-01
-3.911371888756148829e-01 -8.877805510247360754e-01 3.278681448550161415e-01
-2.525804649811852487e-01 2.977103740888973338e-01 1.344520003783021167e+00
-8.016825074302995624e-01 2.592592483086963995e-03 -1.017938963955777432e+00
-1.503975391888184410e+00 -7.309582791541550106e-01 -7.763362441918253420e-01
-2.484388174639013958e+00 -7.608577054334595413e-01 -6.365479950009608201e-01
-8.168132099045624095e-01 -1.465215307477350404e+00 -7.095526622743367762e-01
-1.069198988795758254e+00 -5.148449895947326826e-02 7.925024981634454235e-01
-7.157769699637306360e-01 -1.211283652967351188e+00 -4.472982803811996755e-01
-2.392198775789100007e-01 -1.015250059422398987e+00 1.215051177382866054e+00
3.344978174999700959e-01 1.548138705397197334e+00 -1.923653270232333456e+00
6.580220532917535614e-02 -1.364342471283065183e+00 -6.108760970609987684e-01
-1.804974597416163506e-01 -1.733230062410796579e-01 1.526487409059817391e-01
1.100389264911142195e+00 -2.887304182644214734e-01 2.426861661109190660e+00
2.252528702616167777e-01 -9.806835100885986645e-01 1.651497456712586187e-01
-2.139838158971802962e-01 -4.406153131853880467e-01 -1.848911511480223258e+00
5.274937009603024585e-01 -6.556308688159535603e-01 2.459166257604229466e-01
-1.453870642445009409e+00 -2.676606336345305204e-01 6.077447254528918208e-01
3.908872593850898358e-02 -5.088650651380695056e-01 -7.791702232449289056e-01
1.382544519486553103e+00 -1.608212596171940678e+00 2.164700733987101056e-01
4.174592844602808550e-01 7.356377210141142875e-01 -6.294323702691677624e-01
-1.198092150731694838e+00 5.482806508731485895e-02 -2.576983239555525440e+00
1.461947331301650665e+00 -1.638465923436909888e+00 -3.431210106431094586e-01
-7.952407984558227394e-01 7.500467341241907615e-01 1.774488181065046577e+00
-1.725375674264079118e-01 -1.030678689798942838e+00 1.578784864702223789e+00
1.247361090451445387e+00 -1.330558596117572101e+00 2.270808128897014444e-01
2.894116070569654475e-01 2.388873170208226426e+00 2.137509872244912623e-01
-1.242977263598991966e+00 -3.451040728322035678e-02 -2.000927297868470012e-01
-5.111062933712725576e-01 -1.050063215741907641e-01 -5.565520165594378676e-02
3.270666886184746547e-01 -1.362526494827223544e+00 1.521587317796343264e+00
-4.449396191841259451e-04 1.715576143673923637e+00 1.684788374860550553e+00
2.330648524603045946e+00 -1.973439606593705875e+00 -2.350527400037756287e+00
-1.078621417108213798e+00 -1.061997630440771445e+00 -5.792348650747284333e-01
1.199795424761010532e+00 -7.787215717196360742e-02 7.762152789476461923e-01
1.611826301566446906e+00 -1.616105844175896866e-02 1.643941921755055047e+00
3.182475580902405232e-01 -2.680516101807853158e+00 -1.236993716795147691e+00
6.657676318090484102e-01 -9.935505015678665064e-01 2.403362107015611926e-01
-6.028690661247183558e-01 -7.631583990229318104e-01 -7.176834257394031358e-01
1.884853397271643027e+00 2.358245001551911191e+00 3.315091726007910466e-01
3.430398675680490506e-02 3.577532252020412251e-01 7.279864941730327388e-01
1.802296573356698905e+00 -3.910880875066193862e-01 -5.033073402130663343e-01
5.934880144992558115e-01 -1.023139141266208751e+00 -1.758448319578038266e+00
-1.158625741074470250e+00 -1.245786601294729623e+00 1.309372306642433426e-01
1.920206043709423716e+00 6.470670654620567230e-01 -5.256693246024304322e-01
-9.873174106077270418e-01 -2.824215812448759855e-01 1.163002594371457477e+00
2.967973156189471773e-01 1.233854339245034626e-01 -4.852022334548626858e-01
-8.995297428756169333e-01 -4.100152689965970709e-01 1.563411780017426977e+00
-1.412691838314415360e+00 -9.584104083313313982e-01 5.619509427869013862e-01
-5.011039323523878153e-01 6.681490514162633509e-01 2.830977914021830522e-01
-8.676657233643969569e-03 2.236973215898562906e+00 -7.027631243655747539e-01
-8.210608205929355030e-01 -1.175084677429744318e+00 5.997140945813779211e-01
7.327594023728405404e-01 2.365206714495300844e+00 1.947153380704578884e+00
8.272591732437424294e-01 -4.651794391102844761e-01 1.065475250342079239e+00
-5.547790785604096442e-01 7.887148608200243993e-01 1.244481878705634870e+00
-9.216971870475847428e-01 -1.134776742123734472e+00 -8.198580967700154210e-01
-5.285451508845795399e-01 -5.199241005537447169e-02 4.517300530742279774e-02
4.416915741488479652e-01 9.495339982705006676e-01 9.470393649703920946e-01
1.623919069733922971e+00 5.994427389151418817e-01 -8.357400677647908172e-02
-7.557712186590888059e-01 -2.693772412359441426e-01 -6.076160969664690104e-01
-2.452581669740219183e+00 -1.598564384995622367e+00 -1.055156263736280131e+00
-7.469857104499033618e-01 -8.626508395919969541e-01 -9.986113650336039260e-01
