1.157306830894138105e+00 2.489181665922229891e-01 1.541632231559341704e-01
-8.040059363627729550e-01 -3.961439802201038862e-03 1.538848749487795597e-01
-1.788144778326367090e+00 1.445094951701274555e-01 2.378966596346444584e-01
-1.433543558185625955e+00 -1.673416918242266238e+00 -6.115840795837585997e-01
-8.740450154150898321e-01 3.769368064968005028e-01 -1.192291021743948631e-01
1.107142985300437754e-01 1.106314658253770844e-02 2.412357814722906335e-01
-1.378119066930813208e+00 -2.939206556037597950e-01 1.580471910260419222e-01
-1.204171031780436607e+00 3.130958407164796675e-01 -1.416193602629773896e+00
1.225937143483124547e+00 -2.227647884788497290e-02 1.282020196028396342e+00
-6.327570103200247376e-02 -7.110832835030309607e-01 -1.108113376302906627e-01
7.621749243154857245e-01 -1.915071489443866959e+00 1.287978164620950383e-01
-1.175910267078293936e-01 -6.293005149631164530e-01 -6.603359795032691659e-01
1.491457439083437864e-01 -8.351541479799104994e-01 -1.095699833982657356e+00
1.146014145595959377e+00 -9.003167882426819091e-01 -1.243412723969108846e+00
-2.615573066007117475e-01 4.273185226179740392e-01 2.180489112022278242e+00
1.465776470486816141e+00 2.037048614926574963e+00 2.620925465588688219e-01
1.184387628493629219e+00 -7.470369730365278294e-02 2.809825046607800747e+00
-4.003536985644499113e-01 -7.044343853174312997e-01 -1.179071347497643085e+00
-9.089674729256547181e-02 -8.991783899103511501e-01 1.335411148043171625e+00
2.037169286907658972e+00 -1.016817987330162598e+00 4.588992185014068581e-01
5.796455848819775936e-01 2.525681980041773134e+00 -7.486672282646600340e-02
1.552558408205644502e+00 8.283812240197192533e-01 1.369372391827266888e+00
-1.340099401912847599e-02 4.938167089757141692e-01 3.083781901310649332e-01
1.235997348399220153e+00 1.289921677807444045e+00 2.413324962466031121e+00
5.280365742999267864e-01 -2.091451007781118809e-01 1.970102054768654076e+00
-2.844800013203941935e-01 -1.396455533543311311e+00 2.094004507889195565e-01
-1.539980740067432574e+00 -9.955907271193962238e-01 1.164696544996593808e+00
4.161419197556142646e-01 6.639684210418552723e-01 3.551580089656635741e-01
2.876605749706695470e-01 4.436117455970964851e-01 1.549895786777032991e-01
4.585130392818659306e-01 -2.415054133063073150e-01 -1.422955410192300096e+00
-2.372724422556982127e-03 -5.623755187755731244e-01 -3.377631001251862886e-01
9.416739870274262181e-01 -3.740727978728396463e-01 1.186475848696064261e+00
2.018911385213458254e-01 1.605598248568086861e+00 -1.943144518218742345e-01
-4.485245638538839508e-01 -1.362148613668656694e-02 7.485715889851425331e-01
-7.121831778450463668e-01 -1.492560600020498729e+00 -1.015092549202586403e-01
-6.970616633864183953e-01 -9.503470846101129688e-01 -6.191948062297658595e-01
6.645771253574217496e-01 -8.013098068246771177e-01 -1.099198895725956637e+00
-3.929202921646039459e-01 6.637309569791531860e-01 -1.715053079122970114e+00
-4.041855901077190394e-01 2.056219060979490365e+00 3.303598756830283811e-01
-6.631941759915899182e-01 -5.886536918192911694e-01 1.885911479596759088e-01
1.006673184745176197e+00 -9.676382913740821934e-02 1.471441901631568072e+00
1.006186841610153149e+00 -1.517151547904412201e+00 3.515213722228405224e-01
-9.434394290349572554e-01 -1.839084337425205939e+00 -1.202208329070950654e-01
-6.834147050731386175e-01 -5.820849913203788306e-01 -1.735425634756413982e-01
1.619357892407103483e+00 5.864973552224863607e-01 1.322196149800359155e+00
9.702721089719184011e-01 -1.519579889579037557e+00 -9.743020384429004199e-01
-1.051318349394587459e+00 -6.750096940514538346e-03 2.679009382631036829e+00
5.144222677615026829e-01 9.843390608322610813e-01 -2.865523907078747490e-01
2.279571887167196387e+00 1.164753297005104216e+00 1.298472962694530164e+00
-4.494974420763039324e-01 -1.195933522406872340e-01 1.567273614548872596e+00
7.887821802574987995e-01 -1.062932123626125547e+00 4.278020449757001797e-01
-3.684134581288048826e-01 -1.198644812212047661e+00 -1.505543281095104713e-01
-5.574958261583305985e-01 -1.759972767573804830e+00 -3.377951510458347961e-01
-1.052550835954632613e-01 1.492255611749021771e+00 -2.917529581507629088e-01
-1.683153721039569728e+00 6.527892675880353490e-01 2.419694953479575084e+00
-4.290470500412650323e-01 -9.458315001624379992e-01 -1.070871586597346159e+00
8.518925939561505789e-02 -2.346267644376196060e+00 -1.076492848737137464e+00
1.029845232582598413e+00 -9.592559414036077037e-01 2.248778368925630211e+00
-3.573156356357308772e-01 -2.079556898110028307e+00 3.761872311753721165e-01
-1.860864630358938232e-01 -4.372610891029524716e-01 -5.254532552281969693e-01
-1.428729800401941752e+00 -7.291489719932265912e-01 1.454137121065031790e+00
-2.223701016316339540e+00 -3.639205409936251412e-01 6.805577408610592460e-01
-2.351337067894464283e+00 -7.243381502164198960e-01 -1.086994334653863969e+00
1.136652171638421471e+00 1.083267607746250860e+00 1.797675764865342085e+00
1.967683957081389767e-02 -4.807784950569009008e-01 -5.135316835370520305e-01
8.629015806395252675e-01 -2.113785306688045207e-01 8.259454338946332630e-01
1.567270142597247395e-01 -2.691792578510331380e-01 1.123291724281352710e+00
-9.998345691030868787e-02 -4.892860731545410902e-01 9.095838824128232858e-01
2.148189610666575433e+00 -2.382499389280685609e-01 1.031144917253291826e+00
-2.331133818909851829e-01 2.152065163499773393e-01 2.051136689466194429e+00
2.059992898269493278e+00 -9.392622769511380643e-01 -8.525606781474975859e-02
7.645262410115296614e-01 1.374506677593420267e+00 4.053509947742640618e-01
1.342979217955945659e+00 1.352137603775771524e-02 7.867223712908675282e-01
1.318077442409029576e+00 1.726825391278979938e-02 -3.558548509287342565e-01
1.055855332773801614e+00 1.296226661532701163e+00 2.024965304123231280e-01
-1.495425488460351282e-01 4.119396442977081296e-01 -8.498081118985097993e-01
2.133302835547211895e+00 -5.119104224981896323e-01 -5.626282182970532286e-01
-1.433523121339565165e+00 -1.416229279694190879e+00 7.954393644322497181e-01
1.320170241739892170e+00 2.969459327673129589e-02 1.041550319945942604e+00
1.450530324645671332e-02 -1.853777079923726090e+00 -2.698481717162423799e+00
-5.764839278547086998e-01 -1.796558732380133527e-01 -3.153638894198954601e-01
2.101600499810571954e+00 -1.278895164143578178e+00 2.429539537762486656e+00
8.684097544130979784e-01 1.755351552871201037e-01 1.246573026085577629e+00
1.839969537556264578e+00 1.460021765250437698e+00 -7.321034032322131235e-01
-1.722726740852982275e-01 -7.252157627336317525e-01 1.672092293361658322e-01
1.086573454357939950e+00 9.419497289498983683e-01 2.028582621920305584e+00
-6.843186913067568211e-01 -1.860359674664961105e+00 -1.027974283448405579e+00
-6.964233545380954515e-01 -2.858214833009255162e+00 -1.143610751878569864e+00
2.105546218957397464e+00 2.073586880332661586e+00 -4.789919238684127167e-01
2.936178775436500410e-01 1.066882670580512560e+00 1.362961264168295106e+00
-1.381128496890940527e+00 -6.474319816874847255e-01 2.008154679267500908e-01
-4.337197958750915738e-01 -1.978168866335959786e-01 -1.014585578174533431e+00
3.345848312334479546e-01 -7.951556874119218854e-01 2.200348686353925665e-01
-4.593852992079319186e-01 -2.982355438545282178e-01 -1.294369304780927932e+00
-3.313058439429572566e-01 -1.524541479749437878e+00 -7.015300458452383703e-02
-1.304475061862004903e+00 -5.846598931878455030e-01 -7.898419216954830624e-01
-6.737672693775992316e-01 7.658561548251578976e-01 -1.041640139387002062e+00
3.403922360639726197e-01 -1.096528962746962099e-02 -2.669051001999502848e-01
1.501565274473876999e+00 2.185296734763642945e+00 -1.397818822263817928e+00
3.348893119556314302e-01 -2.704809392261364742e-01 2.878730412187987531e-01
