-2.906032463192009807e-02 1.224138900254090778e+00 1.252311175702268464e+00
1.410318809366883919e+00 -1.246160123859884283e+00 -1.142345350972492346e-01
1.559629831873029060e+00 9.398131382374450560e-01 5.075049246269235370e-01
-1.377786137252395404e+00 -2.674018006476661657e-01 8.737996384503500247e-01
1.290304351481858847e+00 1.414473535403813598e+00 4.462268339253341320e-01
-1.825079369681994468e+00 -1.681971058530131735e+00 2.723052123232717614e-01
-1.315393235680855089e+00 -8.733057863828090905e-01 -1.973908363555126666e+00
9.903600871846214293e-01 8.209238859826475387e-01 -2.070177426814986177e+00
-2.364449419638917638e-01 -1.295115993563964230e+00 1.174811146759197067e-01
-2.039206358373565897e-01 -5.900964257289179615e-01 -4.244979289806483647e-01
1.256387547794216575e+00 -6.457513133194499044e-01 -1.521483832595063035e-01
-2.640080820665525962e+00 1.125585066287489999e+00 -2.138735743644601062e+00
1.729675280197211729e+00 -5.713436375736380413e-01 -4.152055645241546911e-01
-7.952855414720960692e-02 5.269671319122781750e-01 -8.069797714082633799e-01
1.395817646104903220e-01 -2.291685132958170890e+00 -4.850932217444559047e-02
-2.611070114394480335e+00 -5.110825539761535419e-01 -6.365587941967234542e-01
2.206084110633893536e-02 -5.079153763612551664e-01 5.853760769000326825e-01
-5.152134701248824999e-01 -7.006993602409515853e-01 -1.294979967191271619e+00
1.309807407724563166e+00 -5.927208984816009218e-01 1.061368490770875361e-02
-6.374869412050143680e-01 1.042146250149158959e+00 7.216344379906164397e-01
-1.554525985896080931e+00 5.318375851281142985e-01 -8.232586717173480118e-01
1.552734731334189933e-01 -6.098481620687220550e-01 -6.368062762630800622e-01
9.598453695275650510e-01 5.207708696654786973e-01 1.835126422646847333e+00
-2.243817800828842302e+00 -5.219894049209479192e-01 3.846781957383947903e-01
1.690656304116121555e+00 1.357475822134424082e+00 1.081031780016605826e+00
7.031572782301540592e-01 1.247235335655905830e+00 4.101124177721368058e-01
3.680882548763264595e-02 2.262036430361435424e-01 -3.841049972820261837e-01
9.805212606258253416e-01 -5.781121225781060691e-01 -5.742077608693426649e-01
-8.959569376815048614e-01 9.152305742203670214e-01 -5.825247578234762358e-01
-1.886275836945230377e-01 1.324020127503412692e+00 3.473780234684381574e-01
