-7.779565339064231644e-02 1.731562743674341931e+00 5.657644942383648345e-01
6.672344437580602916e-01 9.762070979938093362e-01 -1.012411185715432760e-01
1.249208214997568067e+00 -1.641669437869067938e+00 1.610922748811503658e+00
-1.499265601598421593e+00 1.807029776586875913e-01 -1.520570826918884899e+00
-1.582559446951889104e+00 -1.176381115459506077e+00 1.190245359164659122e+00
-4.439357576681215445e-01 -4.806502506438334876e-01 2.678792456438960912e-02
-4.458035157511002766e-01 -9.410384149686468191e-02 -2.416286880339790777e+00
1.894739749882657254e+00 -1.130463582639854137e+00 4.381315296947450033e-01
2.292488854117903152e+00 6.434196376519865090e-01 -2.376379714800623821e-01
1.466543226118244281e-01 -1.069247456728479317e+00 6.382642359067713933e-01
9.391937748051955026e-01 -1.296233801095384219e+00 -2.365305830137608645e+00
-6.639930895667790489e-01 -2.885842143983500807e-01 2.446875081621263659e-01
-1.811557101253340019e+00 -2.129460221654030150e+00 3.637720961414262488e-01
-1.063123600788186573e+00 -1.421890512659119477e+00 -1.894965357116455529e+00
-4.186006028421740410e-02 -3.921833671105488528e-01 -7.508704972196316163e-01
-1.434115386397426306e+00 -1.358664143822421844e+00 1.864622488124536570e+00
1.268139103632438314e+00 -3.843568661472119841e-01 7.806485097582596122e-01
-1.537724981134253710e+00 -1.843225180302643373e-01 -1.413982083814810942e+00
2.248714140995461408e-01 -2.064531785745751247e-01 -1.247297079360070171e+00
1.297392485237592652e+00 1.320223215138860873e+00 2.827189359807295244e+00
5.713445156642482647e-01 6.508027583047498732e-02 -1.921865940935397754e-01
3.935841080924372681e-01 -5.919367356895810506e-01 1.498703293398041980e+00
1.040148615399546728e+00 1.087065665413862625e+00 -1.034407566292719682e+00
1.376182111697303312e-01 2.847099250558693395e-02 -6.408777891150763129e-01
-1.542232783617668135e+00 -9.875595563920003261e-01 -2.429025857357963503e+00
-1.460751746718086164e+00 2.706775132206684642e-02 1.479017776219460067e-01
-1.108291906106228630e+00 -4.070391641644964809e-01 1.034990580764653334e+00
7.754757198684940622e-01 2.213491425897522902e+00 2.247806046010739855e+00
3.877377519720687782e-01 1.402929750194574554e+00 2.262777090214576070e+00
4.392257801466098455e-01 1.019769668692525943e+00 -4.913566084411733481e-01
2.174881952114564587e+00 1.470839027903760421e+00 2.126891101702932829e+00
5.737347860405710431e-01 -9.770550286448811406e-01 -9.413770580124605214e-01
8.670318880355094571e-01 8.272310294123187413e-01 8.733570769782206256e-03
-9.664298110356390747e-01 -6.133625903193834494e-01 -1.976078315210249237e+00
-4.005983057583656359e-02 -1.173687885911288031e+00 8.522977625965342252e-01
-2.165992668001831545e-01 1.367762637705785433e+00 1.729464322033667845e+00
-1.513259429419029134e+00 -1.138274453198762526e+00 -7.571939822265422171e-02
-3.214095148258589996e-01 -2.905616231753182510e-01 -1.290456736102476576e+00
-2.333161425856177473e+00 -6.579110805786776428e-01 -1.437554101990551114e+00
-1.118568358408970953e+00 5.535159145772869937e-01 -1.241672577817247491e+00
8.838416754169877709e-01 3.587340495181632338e-01 -3.002820091675205694e-01
9.399646178288357801e-01 -4.240753619049715262e-01 1.191030679560798999e+00
-1.128762550713852342e+00 -1.209818057487771714e+00 1.962259360330529390e+00
-1.247459229518835810e-01 7.053646044249846092e-01 -3.151566100848071095e+00
-1.174313797922148295e+00 -1.313417086487354557e-01 1.784869805541593468e+00
-4.764549056506232061e-01 -1.983696676479960175e-01 7.410242992695902364e-01
2.789686421995399179e+00 4.732533160849225484e-01 1.751574095715788593e+00
1.292309133529701448e+00 -3.514478216600037674e-01 2.517232145742434923e+00
-5.665422529498935766e-01 6.442106985249426154e-01 4.709994761700186938e-02
-1.775142914089588242e+00 -1.439840383055633888e-01 1.533000022780013794e+00
-2.117142936734964120e+00 -1.638893443213878198e+00 3.918297634140046615e-01
1.313413702214846879e+00 1.670820769922433113e-01 -1.149191404490179647e-01
-1.382507490785523485e+00 1.088992898581358393e+00 7.243662118688060092e-01
-1.597686306972876835e+00 -9.301626809660152873e-01 -1.876362728518540468e+00
1.258740730652881723e+00 3.892238442024620881e-01 1.401484760511782390e+00
3.086225869588831161e-01 1.136459101030127261e+00 1.693039943841675665e+00
6.680962204509746094e-01 1.120127290669806541e+00 -1.477407967940470135e+00
1.975996296577148925e+00 4.937622399263178474e-01 1.787914830710293224e-01
8.782347047875898038e-01 -1.144568622857564222e+00 -1.156148888032670463e+00
-5.048074005480129856e-01 8.522858501583678859e-01 7.581812791182207523e-02
-1.082834655017457237e-01 8.781394526583345961e-01 1.329987303603894055e+00
2.615638364461356780e-01 9.170475771642742080e-01 1.309936395108747265e-01
2.678070651246031719e-01 -1.771606490460524430e+00 -8.758429198511885616e-03
1.216791948925436628e+00 -2.064004318017442774e+00 -4.907008948996358089e-01
-9.902226872304102923e-01 -7.872785503967487664e-01 -4.745759213750944672e-01
1.635752088758086309e+00 7.465662132881054625e-01 9.699037290834694458e-02
-3.543739688220829964e-01 -4.053975949695126646e-02 1.297415724842705842e+00
2.382955300876620219e-01 1.470112396768594287e+00 1.811852645741336865e+00
-1.626296097164998455e+00 -2.498457824222777290e-01 -8.524282633414391741e-01
1.001488752283063111e+00 4.144362740903026476e-01 -9.827952896340352851e-01
4.863112829795672720e-01 -1.118273488541820404e+00 1.153619688314859726e+00
6.874886571598415319e-01 7.114754428586224089e-01 1.178594844782968609e-01
-3.077000588522830204e-01 -2.623405548850510360e-02 -5.068843110659847495e-01
3.732225115565712681e-02 -1.054625367977448214e+00 1.164267870517038173e+00
-2.740950230459331394e-01 -9.577311008146272009e-01 8.284611345810617422e-01
8.183357071490227064e-02 1.195594878630927393e+00 4.573725893367117656e-01
-8.753517779604034210e-01 7.424479800825567466e-01 1.623145906363051560e-01
-1.235988666591249840e+00 5.952307933984899435e-01 -6.028245609624760526e-02
5.852770798659439055e-01 7.373411437873187424e-01 -7.292962677213674638e-01
-1.454570492796349868e-01 -3.918034977145435915e-01 2.732428207786190555e-01
9.542346296981144560e-01 5.936289676410116956e-02 3.449732118783533696e+00
-1.847046963851766144e-01 2.873412924192493278e-01 -9.907402807844817305e-01
5.408025618216840691e-01 1.913726736537484152e+00 3.783922084170754374e-01
-7.859188357668682734e-01 -4.480999108410838039e-01 -8.867089642980117148e-01
1.286966562337331643e+00 2.090851791401926896e+00 1.614026462868553224e+00
9.901977896327156525e-01 -8.771691987920280376e-01 -5.669677037674836217e-01
2.372725222882521301e-02 2.183282550505179387e+00 1.819969347159541062e+00
2.249679291397176373e-01 -2.009662279015529407e+00 7.292947959702533733e-01
8.368774866809018942e-01 -4.309139038158409374e-01 2.904478636840710504e+00
-5.347241764806300868e-01 1.582182350540497939e+00 1.335661530996202329e+00
-1.021771658384281967e+00 8.823190972376437902e-01 9.820510956169530292e-01
6.835713979972924959e-01 1.010013101723465256e+00 -7.460017604825182058e-01
1.025698805975170380e+00 2.723003189533708679e-01 1.997336767541019631e+00
-3.511543787761056135e-01 7.793330605761428220e-02 -3.211526399661323028e-01
1.926148381705789392e+00 -9.150482815356120181e-01 1.128423989086739354e+00
-3.062397912680592249e-01 9.779978707302945384e-01 1.458043545584241651e-01
-6.077960958332684349e-01 6.417579402905695396e-01 1.207084359145933039e+00
-6.114073896544705011e-01 2.496549137376771199e+00 3.299054463964317119e-01
-6.280501621045314620e-02 -1.471846142324887197e+00 1.402595544552196483e+00
-2.247574453077497036e+00 9.987679529215887086e-01 -1.964041056779350924e-01
1.806031659614722118e+00 1.300547966082433060e+00 7.358126564471034747e-02
-9.349258664013386788e-01 -1.795314402176792390e+00 -1.982931125469906020e+00
-1.722587841451599155e+00 1.700351015285832545e+00 -7.355997561813104602e-02
6.647096830784658961e-01 1.168278462791750627e+00 1.411774991823321335e-01
7.057837589872192341e-01 1.327033150612353385e+00 6.077461582235114124e-01
1.386560187662070343e-01 5.688403701474717966e-01 -9.923638850775113873e-01
1.359498226199144399e+00 4.170397098630429511e-01 -2.292760680577323740e-01
-1.765714323299529598e+00 -5.918962432512884231e-01 -1.342206149504638901e-01
-5.531514137270686637e-01 4.797788665524738150e-01 -1.773301070354245113e+00
-5.172387960384143835e-01 1.804869904334140740e+00 5.370857647203973739e-01
-4.063632406076814751e-01 3.256551334103444661e-01 -3.231849452682409307e-01
1.600275102812908745e+00 -7.240266762662346256e-01 1.679912114950698143e+00
-2.368977936174822219e+00 -9.526242091874890239e-01 -1.186836917367547040e+00
2.398369630203210257e+00 9.436873721700853590e-01 6.460581596084166156e-01
-1.700155889282265909e+00 -5.208300481633997281e-01 -1.989424150431203131e+00
-1.693096975327355258e+00 1.016560703573633928e+00 -1.809048537095705012e+00
1.039183521914286423e-01 1.769418385293262674e-01 -1.447453106610152584e-02
-4.451265196460995610e-01 1.136398697203944153e-01 -1.197635011202434985e+00
2.262522534088921011e-01 -1.190095087772490068e+00 -2.068334354102436379e+00
1.457320690658097107e-01 2.570734806867491784e-02 2.003925088754997530e-01
-1.246013019373155783e+00 2.140598915272200475e-01 -4.547105075448928946e-01
-1.051000941387669307e+00 -2.497875296802014589e+00 -3.042686322357341377e-01
1.847421455365270138e+00 1.242476949881847759e+00 8.852062216275680129e-02
-1.150906386100269407e-01 9.211606737006059475e-01 -8.532016537110718168e-01
3.527602541443923823e-01 1.544844862352878323e+00 1.891414177658560458e+00
5.358379178620105154e-01 -2.632391420004049909e-01 2.103091126684456524e-01
-1.347534532802204588e+00 -2.103169426052296398e+00 4.805497330419198354e-01
-2.043042791655019785e-02 6.884765930134422174e-01 -8.049504654036732099e-01
1.061994017030243098e+00 -1.310939855699990275e+00 -7.374077577773926473e-01
-6.668547218911913266e-01 1.505206913535177549e+00 1.115218367958624723e-01
4.830443042358453787e-01 -3.369737287165143202e-01 -1.067974464098236931e+00
9.353496509628318467e-01 -1.317784033656266285e+00 -1.329878911026097121e+00
-9.929663391291887464e-01 -3.921460506232733456e-01 -1.573316611537084464e+00
4.085153100137896010e-01 1.319349827713485190e+00 1.428938348631005439e+00
3.864840971421347748e-01 -9.918945853422853620e-01 2.569277932783877727e-01
-2.374605806294577626e+00 -1.348441835328518135e+00 -2.366119973510632857e+00
-5.292940853945087287e-01 4.290837816625246992e-01 1.295818871046900078e+00
1.231792872077359213e+00 1.394072554549147025e+00 1.002877952419396479e+00
1.867099040140399735e-01 -1.143984310448138864e+00 -2.234811285092468847e+00
-1.748601981083418799e+00 -6.566128969696831685e-01 -1.557477165833878185e+00
-1.662392928167280903e+00 6.804824409909451255e-01 -2.340381751571074531e-01
-1.348921037122795763e+00 -2.773519547031861876e+00 -8.947713698860675358e-01
-1.171686512673355551e-01 -3.652611565726494036e-01 -2.960073953108513400e+00
-1.911645604797972409e-01 -1.451869916734340515e+00 1.031778053635031167e+00
1.626570754516309947e-02 9.123673377414376340e-01 -9.225649692037447558e-01
-9.798021128157230475e-01 -9.360658016607115162e-01 1.574109088155617453e-02
-2.861317266235160472e-01 -2.762974187499874779e-01 1.269474013780880761e-01
-1.933822994372561777e+00 -4.159313370003914212e-01 3.414031882123813588e+00
-1.004504567385502423e+00 1.880849805656834572e-01 -2.012546236548593548e+00
-1.021773294221633988e-01 -1.133116588495288291e+00 -1.922072515212122301e+00
1.121687781957299457e+00 -1.774941998233205531e+00 1.797324862254693345e+00
-5.948952291322371355e-01 -2.192368505746588037e-01 6.972157678231594158e-02
-8.381379885022472997e-01 2.578899128118587458e-01 3.155282288741298458e-01
6.865546588337227973e-01 -1.383871821712331363e+00 3.557038251361670511e-01
5.535529159203513849e-01 1.001162807856609271e-01 -3.409769941249687353e-01
-2.081803718354212851e+00 -2.143943979304920866e+00 -1.774918580431134041e+00
-6.682025103126227883e-01 -1.573065083314753032e-01 2.118817222343578166e+00
1.590987324901915301e+00 1.675877547033224113e+00 3.134590816944196057e-01
-1.510744482260840460e+00 5.263483908710792081e-01 9.131543394138070813e-01
-7.759998129965819391e-01 -1.333431233153224982e+00 -1.697802101505303529e-01
4.438991613919078816e-01 -2.412416513488489400e+00 -1.001611098179409076e+00
-5.737542035642336780e-01 -2.279871686326070401e-01 -1.779435537420917424e+00
1.034867589300818125e+00 -1.416570968877969516e+00 -1.294989020452364858e+00
-1.962834162386851267e+00 -1.562196569980573102e+00 -1.934790722331935164e+00
-9.164879233154544780e-01 -1.642433284427111118e-01 -3.259769637247164065e-01
-5.345378516696808191e-02 1.509129071861825322e+00 -6.945619174535702101e-01
-2.903176682940435960e-01 2.129732815568369464e+00 1.179001441424547103e+00
7.395997621916219344e-01 1.408991822965243168e-01 -7.286354826832656117e-01
1.245087318428184986e+00 -2.228149484919803580e-01 1.625637106502967777e+00
-2.276216672279468556e-01 4.422370589496161242e-01 -3.915557718145132871e-01
-9.202174696773641749e-01 -7.692069197078679199e-01 5.766168228816280772e-01
2.005090889781910413e+00 6.972648753762089591e-01 -1.469245319049677923e-01
4.727546390999041726e-01 -4.168735777821291899e-01 1.390226604674652311e+00
1.728226893580517842e+00 -1.483181253471599348e-01 -1.283850109233913628e+00
6.624105899205121606e-01 5.787371512321373146e-01 -1.573946661563697891e+00
-1.828855129975939020e+00 -1.726631385284990383e+00 -1.876055095077513446e+00
-2.631135531208234291e+00 -1.866521934180005449e-01 1.801728488326159283e+00
1.124873675235279258e+00 5.194417010027693182e-01 -1.489869394572365113e-01
6.122995069179731908e-01 1.022887387564485495e+00 1.584268674712743241e+00
7.137429312170688878e-01 2.157044230685351227e+00 -1.075005602182992570e+00
-1.133881142830939659e+00 1.158856579952220578e+00 -5.731890231739769082e-01
-8.729387534749365463e-01 -4.239524229137611178e-01 -3.150533243554104468e-01
-3.903986547764357051e-01 -9.075104309240937805e-01 4.311662182303741542e-01
1.231053933332697303e+00 -1.706054665612216414e+00 -1.929869094493055770e-01
-2.221212679006266733e+00 -7.138300725466807384e-01 -1.661437256524507911e+00
1.044187048186675293e+00 -2.061214520608081191e+00 5.686893931539240832e-01
-3.373236320435412106e-01 -1.225743570289906104e-01 6.651418236611272850e-01
2.510231807324044162e+00 2.344442654311639451e+00 2.433279696360413080e+00
-1.707291030478994776e+00 3.523242597392195474e-02 -4.210800682117749050e-02
9.587893371063711534e-01 6.873939658185019841e-01 1.171426747201458785e+00
-1.869687329205994786e+00 1.247277292396850701e+00 -1.165376456825552243e+00
3.006568856115456434e+00 1.400004585544891267e+00 5.272891360776541525e-01
-1.398542728308560523e+00 -3.904877584012393932e-01 -2.055273361238052043e+00
-2.028508400324857242e+00 -9.145446829646780573e-02 4.899876158437950213e-01
-2.777408203644392781e+00 -1.933656958681588378e+00 1.171222281894275685e+00
-1.584255374477703260e-01 5.770907641579443581e-01 2.228793404890389018e-02
-1.144162293973884026e+00 8.493030056660544336e-02 -1.342069859925231201e-01
1.027881893289233961e+00 1.385204097061367268e+00 1.255120696482565634e+00
9.562284629486728083e-01 -1.294700869263317511e+00 3.601302416540058671e-01
3.036596202318117665e+00 -2.098413378410135977e+00 2.218286415551889768e+00
1.165998711798741927e-01 -6.149266355516889160e-01 -3.347744374038400528e-01
-6.340318254576577939e-01 1.345101224771838577e-02 -1.912898265194293179e+00
1.622190018005362555e+00 6.018335435287753832e-01 2.729411322167187404e+00
-1.024197364248991438e+00 -1.533586085341473559e+00 -9.578047967222952375e-01
2.184899048021160084e+00 2.105198808241577790e+00 1.016491491697504967e+00
1.192342853999422969e+00 8.678705680716854998e-01 1.531665758656480136e+00
-5.996119304227004454e-01 -2.429906771068106042e-01 -1.474823887359549612e+00
-8.808721455060954941e-01 -2.852682342621396527e-01 -1.437107451799862101e+00
2.586929758183243777e+00 2.055673137737224376e+00 1.169733005003837922e+00
1.840591543137907182e+00 -7.703281478370085367e-01 1.349532147912469782e+00
-2.508181470505778110e-01 5.716509631732340502e-01 -1.928613885562960317e-01
-1.912771609282589713e-01 1.644516614552330447e+00 3.563275664505886065e-01
-1.137056767656464906e+00 -1.171397616251880214e+00 -9.190703777629642968e-01
-1.071666417583378994e+00 -6.217604001184136031e-01 7.254923705008273771e-01
-1.828118120441769801e+00 -1.905912477406322747e+00 -1.724764512495963187e-02
-8.047469938007236756e-01 -6.583604375512774887e-01 -5.337742794463401497e-01
2.370822305050520384e+00 9.801181295804948235e-01 -2.548847913235163798e-01
-1.097421067971828812e+00 -8.138815714002224366e-01 -1.296889050043099401e+00
2.157273601639756677e+00 8.788548660025639059e-01 4.035466321692391944e-01
9.863919173993938028e-01 4.867474784730801973e-01 1.261636396759855838e+00
-1.609157507158413658e+00 8.329351563910398770e-01 1.837113356820101018e+00
-1.080526540100238186e+00 -4.966954468595370931e-01 -1.308361513297983558e+00
6.675575128202212438e-01 1.173470509070901002e+00 2.115075649097644117e+00
5.104853539126341655e-01 -7.978865664692174064e-01 -1.635015298455885224e+00
-1.285543268639353975e+00 1.219675289237927451e+00 -2.769989546273526893e-01
-1.408474080580630172e+00 5.242047768341273617e-02 -1.718780734219751416e+00
9.718571289764569299e-01 7.627059572056421599e-01 -8.218087106738656278e-01
3.466685186436389010e-01 8.192724057884972488e-01 -6.888051192409924139e-01
-7.943730962916850658e-01 -6.187360069599252554e-01 1.320359266974958645e+00
-2.333046754301681402e-01 -1.106989927620328107e+00 3.736021241164884099e-01
1.438393894171492882e+00 -6.574394643540775185e-01 -7.344419244296105376e-01
1.569901632910942313e+00 2.371590955693643199e+00 -6.422400864142772114e-01
-2.079007816657491015e-01 -8.069863691591645516e-01 1.203661740738811048e+00
-7.355779554481358673e-01 3.507379824503633614e-01 -7.793419741611082863e-01
2.407595775049629960e+00 7.386366037193508038e-01 5.435674224652849995e-01
5.617221501685383256e-01 -7.144547626802311147e-01 -6.522553227135070575e-01
1.400407807606702137e+00 1.328268113224189140e+00 3.289691482428275249e-02
1.403691480212886145e+00 1.669484313051171842e+00 -3.810304382317963867e-02
7.027330304782448689e-01 -1.556368726946161019e+00 -4.757974848978163696e-02
-1.667454588022807549e-01 3.378228698073691305e+00 6.772482878571632892e-01
1.620890335336558463e+00 3.131667671451378032e-01 -2.559115572813192019e-01
-1.204424161823181905e+00 -9.097250751154877246e-01 4.667996309526903920e-01
1.233379364597004813e-01 -4.615792249315964213e-01 8.756418517399724433e-01
-1.179139593337488634e+00 -6.553612343161865361e-01 2.095675528815038380e+00
-2.178400107735611435e+00 -8.477491463825956863e-01 -1.446352350879097415e+00
1.564207133841144737e+00 -1.325998192318918134e+00 -2.054539058966070808e+00
-3.875519741699053888e-01 8.423658075090965092e-01 -3.430905918483477812e-01
2.712935274557679577e-01 1.039482841467998853e+00 3.015614790814138413e-01
2.016504079602026156e+00 2.195551602948108694e-01 -6.506273891557319278e-01
5.740707739531416554e-01 1.131942624768833561e-02 4.546717727678766252e-01
1.698681907248577039e+00 1.356460017865425138e+00 1.598951396779116685e+00
-4.354686644523415584e-01 -8.177414854527855770e-01 -1.049952990028717892e+00
-5.983856869580415072e-01 8.548790382464184212e-01 -3.320197102992913374e-01
2.589199127983101145e-01 -9.982760719420298301e-01 1.176189399092544274e+00
1.270811613701269938e+00 1.640386703919254119e+00 -2.885451574477648773e-01
-3.303077714897788564e-01 2.472779978305628124e-01 8.871857560378562102e-01
3.552576930561962554e-01 1.572906683943830153e+00 -1.259780932387799535e-02
1.036144390487208522e+00 -5.586689936422828406e-01 9.174083089514445399e-01
1.073665963795452427e+00 -2.775112300413696831e-01 1.581755284365976344e+00
7.259083694960546396e-01 2.750750535668593511e-01 3.111276224110890998e-01
2.238709085457660564e+00 -2.803869565259792251e-01 -6.837028852504922760e-02
1.966544310419177322e+00 7.179937038422954387e-01 1.246577155587999197e+00
1.729061353272078216e+00 -8.847343376551828342e-01 6.539125324502731429e-02
-1.522060997236285296e-02 -7.479827984367409810e-01 -7.642653931888472307e-01
-5.761070925301300383e-01 -9.119596480123783877e-01 9.720172117863521422e-01
5.112033337678673073e-01 6.021489528218544329e-01 3.758202476535775216e-01
-9.781869157377365287e-02 1.983369398341374934e+00 -3.022358288582116526e-01
8.706741526874282044e-01 6.215018265127381092e-01 3.850317350001937200e-01
7.611293055854529976e-01 2.402989233534748692e+00 9.691034491693880648e-01
4.927642563591739799e-01 6.631123023058940191e-01 -1.013270720287707372e+00
1.790599173241132824e+00 7.919286769633050449e-01 -2.369476432695306611e-01
-8.637244419072516166e-01 -1.011063356032935179e+00 3.218764794771811211e-02
-1.820441936023319496e+00 2.303369830468936286e+00 1.936973963128683085e+00
5.543563669811384376e-01 -1.990509672671766928e-01 5.394058921648900995e-01
1.890402424444011520e-01 -1.034581879499116175e+00 1.252665564576235457e+00
-1.303670606419224942e-01 -1.138645457419333873e-01 -1.000161310411540772e+00
1.157503169613621319e+00 -2.977695912430368130e-01 -1.135958036340479982e+00
-1.331531553717760108e+00 2.760557743736601899e-01 -1.344348665456541081e+00
-5.887293867405829495e-03 -3.652309419231185572e-01 -3.402898440568818406e-01
9.315041065816905830e-01 -1.246626290728007236e+00 -5.263791571516311940e-01
-5.922428969880760841e-02 -6.498403289360322743e-01 -5.594182025954640425e-01
-1.680468259336183046e-01 1.516268029544415308e-01 2.982875870188048228e+00
-2.162398946276219647e+00 -1.087406378736351265e+00 -1.088146345408529947e-01
-1.716667436470014740e+00 1.034638002042905791e-01 -1.756364455588913076e+00
-1.340379236999295065e+00 -2.814910883746916115e-01 -2.227251426713906746e+00
-7.930614380112184225e-01 2.184480066557738631e+00 2.499485318451784899e+00
-9.136686847534918332e-01 -1.837067575115280071e+00 -1.319629652133817554e+00
6.646061686416224745e-01 -9.396330199683067264e-01 -2.168385518926843059e-01
7.031001805216983147e-01 3.889421428839711092e-01 8.785158675660253991e-02
-2.064107347505772516e+00 -4.585074247277725057e-01 -6.102502709566094419e-01
-6.001118460314460723e-01 5.738037727049007941e-01 -2.618958275572150551e+00
1.699215921966976239e+00 1.022133995696122621e+00 2.179360792763082699e+00
5.588298249540905038e-01 5.140887830917463264e-01 1.619278916142583569e-01
-1.021138492153721655e+00 4.068904267960041787e-01 -1.854762867629339285e-02
2.630009724100041968e-01 -1.326885587244831521e+00 1.164886061344058366e+00
6.726644985658974951e-01 6.974079133821678989e-01 1.519809836267358216e+00
1.172906323926646621e+00 -1.882834916266666436e+00 6.895452993293971211e-03
1.713286369053772518e-01 2.384863067263109926e-01 -4.152225048026736975e-01
-2.187505670442745132e+00 -1.494951959473917347e+00 -6.056408176481845596e-01
-3.860189776510536408e-02 -1.578092092201905938e-01 6.641351167468830807e-01
-2.538606122482172101e-01 -2.144518164599329424e-02 -1.056698171874150272e-01
-1.535436761636102876e+00 -3.061671897062638870e-01 2.263793783590083208e+00
1.457716603167714453e+00 -1.994290957056533697e-01 1.721562070994910432e+00
3.179824416761186656e-01 -6.588953804650610202e-02 -1.425913837371594051e-01
-5.008039349620034830e-01 -9.280691096185299527e-01 1.382306386340407256e-01
7.307668088271819240e-01 1.431874204336726741e+00 -1.241661057930594225e+00
-3.122242808250595969e-01 8.107555024771456731e-01 -2.261531383074296908e+00
1.336771402505978479e+00 7.259402554903979787e-01 -1.888307268493352176e+00
-9.044712634534118889e-01 -8.810494795343976060e-02 -3.267002056138289534e-01
-1.795975255128758885e-01 -6.879216826666487705e-01 8.154303543098953000e-01
-7.546920147379831967e-02 6.204436740461412025e-01 1.004137074407990049e+00
-4.805369805135980554e-01 -3.221356186853414627e-01 3.994347638123652011e-02
-3.079241115224631842e-01 2.968297866038488442e-01 -7.850122909832477625e-01
-1.721962880711626065e-01 5.233372377193572511e-01 -8.496203173139427189e-01
3.244968918662093360e-01 -2.146749124379585538e-01 -1.586212341411334492e+00
-8.428439771980620332e-01 1.340784327507983154e+00 5.306946337688883686e-01
-1.026270031778294678e-01 -1.642469708417268581e+00 -9.414715537940545609e-01
8.434719287255854070e-02 5.654883248578668198e-01 -4.388247419847081665e-01
-1.474912211462208855e+00 -1.851035856920980605e+00 -5.375512086595918282e-02
-2.809958943076233950e+00 -6.337037849897397823e-01 6.557682991976245823e-01
-9.329688578914092645e-01 2.571264662165366754e-01 6.591252409762865527e-02
1.092856185809994773e+00 1.336208814046704996e+00 8.188454814936922954e-01
-1.335232593344532592e+00 9.004222391652660917e-01 -2.099591210527648744e-01
4.654324479677129922e-02 1.907798401537734945e+00 1.609237999831890087e-01
-1.571699116902604665e+00 -1.020604799313709066e+00 1.160178138933295022e+00
1.832253991260794246e+00 1.658536469664952273e+00 1.365772158791425106e+00
-3.665842891224413980e-01 -9.883179138911561967e-01 -4.247409003019564921e-01
-8.809649626959046298e-01 -1.117054629128086729e+00 -9.396518697636602191e-01
8.429972461127097638e-01 -4.868405176591585892e-01 2.139520588542765944e-01
6.846972591189581792e-01 -7.199960369264490900e-01 -1.202710044044874360e+00
2.549205815583522217e+00 9.877821704981666340e-01 1.821759492401718639e+00
-2.617092056029408087e-01 3.793065868799698759e-01 -1.788294087175062774e+00
-4.216359702810211774e-01 -1.220775823157368434e+00 2.109267188085170108e+00
-5.503114768102090881e-01 6.368907328602035900e-02 -1.346868574925114581e+00
7.661814475818792269e-01 7.079994805431137905e-01 6.720255891013766636e-01
-2.309045874869251946e+00 -1.749986126970372036e-01 -8.841077779904016332e-01
-4.763523326635604738e-01 -7.660981958526684732e-01 5.704590878084923045e-01
-3.238117903259579711e-01 -6.647521113733185771e-01 5.667215691182183601e-01
-2.876432756268862967e-01 4.615971437147053380e-01 -5.272700663621374684e-01
1.295514215075632691e+00 1.412792940081481596e+00 7.088184871735236925e-01
-5.476344242092840986e-01 -1.069794258845944368e+00 8.969146924495927653e-01
5.607590285396604202e-01 4.416542782876355933e-01 -2.353426796539037635e+00
-2.155189586066588170e-01 -1.918129166252433571e+00 7.633664530942357862e-01
-3.595855248234123280e-01 -2.032260690664828395e+00 6.249374074646698585e-01
-7.526956138906149008e-01 -1.249683305480338014e+00 -1.455115041766524842e+00
-8.550697635043214007e-01 -2.341908099391469822e-01 -1.277551613695170563e+00
1.223813371486176305e+00 5.822319886113831444e-01 4.066965934986778719e-01
4.518710296486151412e-01 -2.275639549387903138e+00 2.508340938067809001e-01
1.475690502478695931e+00 7.997895271092012592e-01 3.176391234425033905e-01
-3.040905175805734828e-01 9.691796064482598450e-01 -3.155871488462336227e-02
1.088413599587832348e+00 8.365033314664183095e-01 1.738528751320721488e+00
2.656365674873423455e+00 -4.142738683239437503e-01 7.009516325466396136e-01
3.024272964395010366e+00 1.670830418299508180e-01 -1.709160361230897873e+00
-1.753405321215272039e+00 3.475641678591407935e-01 -9.708906883642738350e-01
2.617664227435931856e-01 -8.287694486723495846e-02 -2.755300304035300130e+00
1.504089182451476270e-01 -9.711049332587831096e-01 5.473221618343222517e-01
3.021123786962460755e-01 9.950072956019739845e-02 5.796007721158666914e-01
-3.538570480520489836e-01 1.878992064872831991e-01 -2.506793675197324767e+00
-6.906231965755288416e-02 -8.060076439096593992e-01 1.054869681091936906e+00
3.062381856337020869e-01 -1.432305969698835502e-01 1.064061566652811486e+00
1.573712663008776769e+00 4.243573526434463172e-01 -7.566747196526073527e-01
1.309132342498741330e+00 -3.001746709246438938e-01 1.125155171285395994e+00
-2.496836583128367426e+00 -1.247347570027955932e+00 -5.714701569690510130e-01
1.547492947721804013e+00 2.448454493937016752e-01 1.752991314798299505e-01
6.023798643405164910e-01 -6.042110334862649257e-01 -1.531940745268046133e-01
7.845537536651329136e-01 5.270503807180755285e-01 1.148889642184959259e+00
6.990518504984182258e-01 1.076476981317564530e-02 3.510312550562187939e-01
2.680758811145333986e-01 -6.435912112221900960e-01 -9.006666611202072126e-01
-1.366269399057068457e-02 -1.087555253417282319e+00 1.827000836224197844e+00
-6.207299677490597523e-01 -7.834708750460077642e-01 -2.119495634498038683e+00
-1.833768592818982190e+00 1.903092837074172206e+00 7.183262603993190165e-02
1.067904148631658057e+00 1.725196043901038756e+00 3.554221004491747049e+00
-1.958103148285052386e+00 -2.680481244855223988e-01 -7.299190525842175203e-01
5.690252992448259217e-01 1.527095119049585614e+00 -1.655425442327732588e-01
1.634858923183075907e+00 2.024164037380733916e+00 2.491376825798611860e-01
-2.145840195582011667e-01 3.315833691596545840e-01 -2.506839206100883732e+00
5.099787064194600816e-01 -2.919892036130060098e-01 -6.948846903022433130e-01
-3.490613294128693811e-01 -3.986244465756442201e-01 2.135381872298739658e+00
-1.243670634106533113e+00 2.350511790717388028e+00 5.019725751133947700e-01
1.272598858048632930e+00 -5.771848925675679975e-01 1.478615060001337578e-01
-6.337459412781798473e-02 -1.338895119817732349e+00 -7.558110097233114999e-01
-1.332421178448892629e+00 1.907022412558943891e+00 3.675389507570302472e-01
4.384063284484697176e-01 5.258458465906326040e-01 -6.829909257911409570e-02
-3.024470117761174359e-02 9.279875046464880484e-01 -2.220758385394533407e-02
-7.064190592801372626e-02 1.017690404358908562e-01 4.265389426621488678e-01
-1.061673723905727007e+00 -1.553422470574344905e+00 8.112173592540761202e-02
-2.690492472055671325e+00 1.278922292422178808e-01 -2.100331815629027377e-01
-2.565006648729165062e-01 -2.547045267975497351e-01 -1.097571878904813669e+00
-1.341338964170966541e+00 -1.492432561797336632e+00 -1.719700080268321996e+00
3.604554563259999567e-01 1.206072537121302357e+00 3.691621854876955267e-01
-9.861609039394444443e-01 5.559064008741121388e-02 -1.094507892487795786e+00
-1.022967560076197158e+00 1.550940746757338395e+00 -4.814895610842900853e-01
7.306799911694848992e-01 -8.177500997067335131e-01 1.476088091478339415e+00
-9.286140429894482740e-01 6.110605862588645021e-01 -2.566233800000496501e+00
-3.237198333481400292e-01 1.037509377795248877e+00 -2.503217639152373053e-01
1.440490289716506167e-01 -1.929551458479585202e+00 -7.982337150831957384e-01
-2.517134911381686546e+00 -9.673879101922744361e-01 -2.635872243232670886e-01
-3.977718664441243224e-01 -9.556330919988035300e-01 1.096452351925848445e-01
-9.236157539446210318e-01 2.455024291024841543e-01 9.271554213390968968e-01
-4.282537996212417153e-01 -2.128207339312953916e+00 9.084243174780428642e-01
-1.851649915241732058e-02 -9.562791144092733786e-01 -1.862863026990833282e+00
1.307530836729504209e+00 -1.898333960054174208e+00 -6.777649162747841904e-01
-1.514949931745993572e+00 -2.329700891334595347e+00 -1.775057137596099732e+00
1.052035795432079590e+00 -7.484270855123256183e-01 -1.511527196194188960e+00
-8.230464016748026967e-01 -3.128502129220818162e-01 -3.285235419062503270e-01
-3.798730277859350135e-01 -6.836686864182492940e-01 -9.138184537178490885e-01
-1.316219159503897007e+00 -8.634451652578850611e-01 -2.368890672067410108e+00
-1.572224604822465288e-01 2.262380830117767694e+00 1.956371724282294666e+00
2.136468066024193035e+00 2.178786212757691132e+00 -1.162575072182689961e-01
-1.815676772341655587e-01 5.270678194003161066e-01 -4.496609624595018229e-01
8.942479056992036490e-02 -1.853246270525016337e-02 -1.623332699473259089e+00
-1.580642165028240953e-01 6.092100029307299103e-01 8.272499526568329875e-01
1.014349667502045360e+00 -1.254016445628346466e+00 1.514241601024449713e+00
1.255535355766661532e+00 -6.863617503320269542e-01 1.300105867157915096e+00
9.301615012359445434e-01 -2.986031460791769288e-01 1.410137933796471454e-01
2.397814901071415039e-01 1.352009125891155406e-01 -3.910881057406445649e-01
-2.369598801518276510e+00 -9.545789859290088053e-01 -1.337102176001398135e+00
-2.205313691795821818e+00 1.482413145700461454e+00 -5.884727167611087939e-01
-1.049540341266369525e+00 -1.675319500462769895e+00 2.598867089342120629e-01
1.092091896507199511e+00 1.386260027990679378e+00 1.389666218607576553e+00
1.167346838035386636e+00 1.152514534522308010e+00 5.740447764519932550e-01
9.688832598148883202e-02 2.381312553382099573e+00 2.959252197093051873e-01
2.010972727391441950e+00 2.189368984955463837e+00 -5.153010022440664972e-01
1.523178929649386948e+00 2.269348501694335440e-01 1.822796059859592144e-01
-9.517336167095373778e-01 -8.355606234161079282e-01 7.140327654096561005e-01
9.661453916397262365e-01 1.911982646667803598e-02 -1.133797069763640142e+00
-9.839275182399205288e-01 -1.958319635110937762e+00 2.584164591549814594e-01
2.912608054923537804e-02 7.676403969016940554e-01 5.965351637703848464e-01
9.126703646604787945e-01 -4.548444523169653531e-01 8.003170765497199524e-01
-6.960730191893443886e-01 -2.636777244204110415e-01 -2.197036499399925624e+00
4.684227058927042942e-01 1.317291527009005758e+00 3.245158918465466114e-01
-7.808789694798177194e-01 -6.603778596287147584e-01 -3.479840129094974310e-02
-1.552552230560477753e-01 -1.781961532575506157e-01 -2.253153021780389120e-01
-1.483759865053863258e+00 7.239652066564872257e-01 -1.757600895918249195e+00
-1.545444817871661325e+00 -5.080416407027195103e-01 -2.777578772344162061e+00
2.056314204865815398e+00 -3.682825124204786027e-01 1.347178767054127313e+00
-1.421398558444685323e-01 -1.919355798213089326e-01 -9.436545081020240033e-01
-2.969016069053033724e-01 -1.338470011886520705e+00 -7.489037500011264115e-02
2.376929938555956578e+00 7.569591390456540392e-01 3.281016411378300246e-01
9.955528123579076016e-01 1.790627858943411921e+00 2.154285237159667132e-01
2.171176347730382483e-01 9.066484405799690727e-01 7.882126501031672117e-01
2.032887000931064003e-01 -2.923369873951453535e-02 4.892314264630463483e-01
-6.107836567151456730e-01 -1.497807109577262263e+00 3.065290409904345426e-01
-1.722914734808526083e-01 -4.869733662286709897e-01 5.557141059715262621e-01
-2.215839700223254827e+00 -1.292564998268614262e+00 3.243537428384580812e-01
1.115125044029523727e+00 1.303460138433913951e+00 1.000032131240142563e+00
6.048241027220844224e-01 -2.417555129957597582e-01 -1.346813695539871292e-01
-2.950258178955356136e-01 -1.120200632126495899e+00 1.112424618453031755e+00
1.934922130136884633e-02 1.017311833027222834e+00 -2.453160387697613576e+00
-5.369354102757395442e-01 -8.767983715058764727e-01 -1.937125596174108066e+00
-1.761254815531589357e-01 -4.239381133610595209e-01 6.510265900975684694e-01
1.181847705732137488e+00 -1.244055709351522765e+00 -6.396502374390911072e-02
1.115203249061174073e+00 9.117908255693671915e-01 2.058623984060415246e+00
1.905972684839670750e-01 7.997452129242772489e-01 -1.645043140040431506e+00
-1.111235442683722097e+00 -1.087122198743677659e+00 4.615241138943841914e-01
-1.188540499424983743e-02 1.465903710283262829e+00 2.627040744162306707e-01
-3.157483511582279689e-01 1.082554550026065265e-01 -2.259518588250893911e-01
-1.273944688832577832e+00 -1.637822374672698866e-01 1.783234799271353754e-01
-1.008394450333423009e-01 1.455105525733784155e+00 -3.346136303792658362e-01
-5.852505067605977551e-01 2.278478411905215051e+00 1.053856085934963049e+00
-1.226976453614486928e+00 8.838653827813705011e-01 -8.966872085635813061e-01
-7.053427932589257932e-01 -2.996458543172759725e-01 -1.889416809868272207e+00
-4.808446514659119320e-01 -1.150822790608312940e-01 6.834426967402946751e-01
1.540730532268590469e-01 -1.901231768303169867e+00 -1.335275137180331750e+00
3.433790255126549784e-01 2.585494663291656448e-01 -4.211264156894594657e-01
5.220804217947359049e-01 3.518001354165593564e-01 8.857753491440840676e-01
3.363688642896660030e-01 1.963894555201051162e+00 8.310415731348814727e-01
-3.279387750885476294e-02 -3.008361694502571515e-01 2.850304229754385243e+00
-3.330617402330225407e-01 -1.030727873728623845e+00 -8.306257522113602576e-01
1.442725278389482391e+00 -3.943581084131460024e-01 -2.446234548366109429e+00
-1.799722646979093676e+00 -5.760111893387459547e-01 -9.245079217042606601e-01
-7.539182973994902337e-01 -3.840522186492845158e-01 -1.250966335109246486e-01
-1.220664822329555310e+00 -7.120521113738151886e-01 -6.594041294426009614e-01
1.538988855772066566e-01 -4.090415541303848990e-02 -1.819837092463860717e-01
-5.163060433702334473e-01 -5.995830640922934496e-01 -1.642723796820539706e+00
1.259840107193794800e+00 5.512660090398879831e-02 -8.727426836527985010e-01
1.484581611337444595e+00 -3.211097157959114101e-01 6.189910337656612249e-01
-5.069690787829690404e-01 1.949859258995854994e+00 1.283795510605770573e+00
3.025973161432110592e-01 -1.196727510563117658e+00 -1.256357521559469115e+00
-1.916541132507738832e+00 -1.518137528881688958e+00 -2.416095721724776380e-01
1.350402923192933535e+00 1.658694820799018421e+00 1.569378610269496654e+00
7.251490062372508705e-01 1.645820266211956318e+00 6.987530612335657310e-01
1.717902205730486243e+00 -1.613917303789797142e+00 -3.179788955070328438e-01
-1.208621988841334094e+00 -1.285962136031097547e+00 7.828534376399431949e-01
1.570572454717593880e+00 2.004368921468154263e-01 -1.133540974697793580e+00
4.226067852860727059e-01 1.793944239641485083e-01 1.008733701268251792e+00
7.860210575058325100e-01 -2.276908259269966317e-01 2.729461831817558970e-01
4.890651191571427914e-01 -1.277938639867986392e+00 -6.649494855575213137e-01
-6.459407700479143921e-01 -2.407959461843340421e+00 -1.079889232920634878e+00
-4.203152798260881839e-01 -7.016535284911609160e-01 -8.195881579093573510e-01
1.359502909880788479e+00 9.510648558273563369e-01 2.470254590508817460e-01
-1.649398187536887717e+00 8.798251189678225614e-01 1.239822322463780324e+00
1.749156554196606428e-01 -1.945059866054169584e-01 4.176987978613203589e-01
-3.568428151020827110e-01 -2.722838710737517376e-01 2.494331116524246994e+00
-9.334382292023053473e-01 2.074044884972136571e-01 9.966682977796366139e-01
5.122218994939290448e-01 2.695484389269117154e-01 6.626955311653470737e-03
-4.851792453514091608e-01 -3.926452659746412222e-01 9.220256512673361549e-01
1.255174839560492250e-01 -9.640036952799113656e-01 1.709706673811653310e+00
9.015977152038479048e-01 8.388823808259742165e-01 1.393463691633810564e-01
5.490263164874100710e-01 3.021288106897149217e-01 -6.326924294059388387e-02
