-1.039625929500616053e-01 -8.893075606150091517e-01 1.201786835584324198e+00
4.532536454299709860e-01 2.485765203471865248e-01 8.271757950047351482e-01
-9.498246047937789482e-01 1.117339973242344797e+00 3.109690263273811039e-01
-5.259702436905000500e-01 -1.047716290268591255e+00 9.507545593271067297e-01
6.199952188784403351e-01 -5.186183276300193601e-02 -1.492390112786779577e+00
8.698902127986940513e-01 1.438374632276421705e+00 4.507444935009701226e-01
7.324271202215957288e-01 -1.351607686217475290e+00 2.130845502671009362e-01
-1.158352580400575871e+00 -2.137334376691416571e-01 -1.491508937882595864e+00
4.632483070563324645e-01 -5.792458990761296667e-01 -9.221813295163521218e-01
9.851000386367154693e-01 4.381684370048946064e-01 5.635131073635695209e-01
-1.578282442256682128e-01 -1.087081604010313729e-01 1.191125321216471633e+00
-5.521103030946400425e-02 -1.469840417529877374e+00 9.165559559949454371e-01
9.667094148095471962e-01 1.860641512887189597e+00 9.548478702733136370e-01
5.985176003171086556e-01 1.563823918165635485e-01 -3.973757453058590627e-01
-2.483757876263765763e+00 1.104998431110296053e+00 -1.956714635030886162e+00
7.686493341946394331e-01 -2.057756966862772430e+00 -1.551768808729889537e+00
-1.392615202547311082e+00 4.280085165505541633e-01 -1.200318764516668191e+00
-1.368510640938187306e+00 2.280831069075572870e+00 4.990579418898656860e-01
-9.675709871085580449e-01 -8.140971634284663860e-01 1.039448481122585477e+00
6.645408184085133119e-01 3.260081961648521043e-01 2.374361118449155872e-01
-2.049235262110725486e+00 -4.889732739787544524e-03 1.099299502026568565e+00
-1.427242554063190338e+00 -6.410883624589103214e-01 9.698651660731405499e-02
-1.699171635694098903e+00 1.055816109897972144e+00 6.249811031980923026e-02
-3.587975171392964180e-01 1.690512854168117585e+00 7.730528125885858248e-01
-3.898628868347655541e-01 7.620475919711002799e-01 2.574490044534685773e-01
9.466429188137721606e-01 -1.778327788157571199e+00 -2.176447561758034777e+00
-2.207416894547887143e+00 -1.885387026027560031e+00 -6.077547229709633347e-01
4.061687528275916392e+00 1.006409236473379654e+00 5.686964185356619961e-01
3.958992758986726868e-01 -6.265967286334865882e-01 1.040535384569085231e+00
2.805269141855335491e-01 -1.414931600301664094e+00 -1.212638137989614506e+00
-3.036765614896265175e-01 8.044762630951253213e-01 2.430642189999843161e+00
-3.150830484262487907e-01 -7.732119153679211099e-01 -6.721130293315780158e-03
-2.502781976872846315e+00 -6.471415279765383444e-01 -4.087417238568624156e-01
-6.112941302315204606e-01 -2.417111987262998696e+00 -9.165096201449879354e-01
-1.505830531228424585e+00 -1.555998672200296529e+00 -6.902412001177384848e-01
-1.964944022680679137e+00 -4.193544994771774004e-01 -7.268793044793774305e-01
-4.847034628903914011e-01 -7.918701729775138309e-01 1.612374327504001448e-01
1.123104149897740545e+00 -3.142277015532953244e-01 6.401917889903996350e-01
2.912352957577575285e-01 4.264366731683109091e-01 1.117436605604978039e+00
-8.904913879569267277e-01 1.263609998786050514e+00 1.250459576363039060e+00
-1.569595644403723567e+00 1.697871043200292807e+00 8.544088342211564324e-01
7.263028318409159301e-02 4.023559994689496211e-02 -6.499906284277197077e-01
1.341306479474013713e-01 -5.560507137973895730e-01 -1.294122875765958192e+00
-3.017863529214698248e-01 4.194117908500593628e-01 5.971205417154553663e-01
1.530145585844486344e+00 7.950551580360161186e-01 6.697435722987414852e-01
1.713903727622546169e+00 7.816803082354454313e-01 4.662668585169066349e-01
1.884186355343053565e+00 2.083231029889939911e+00 1.703089993088843901e+00
8.135036073281542990e-02 8.790259953503254398e-01 -1.542196833531314315e+00
-1.345597404463656943e+00 -1.117186296633868370e+00 -9.009494700351994290e-02
-7.343412786164325023e-01 1.720271692594629309e-01 1.605213853850754324e-01
7.648314810607657055e-01 -1.998112974223460458e-01 -1.339890944306079135e+00
-1.720636849604090024e+00 1.927250718682782749e+00 1.649362778870194779e+00
3.163161759252861582e-01 -3.553692330656559317e-01 -2.534598641647763717e+00
-5.528574344985691669e-01 -1.177727878922460114e+00 -4.808134548183580770e-01
4.737497671688013501e-01 -1.942094578297114960e-01 -6.175284192733400124e-01
1.638982618325832141e-01 1.446513878498524530e+00 7.952278608999470144e-01
9.479007308144080657e-01 -1.066562022985398928e-01 3.336486900326439686e-01
-5.750353476008729370e-01 3.074775461274116273e-01 1.141430851780438793e+00
7.907876099304522732e-01 1.296221579739443852e+00 4.960395309723110158e-01
8.929521559409856479e-01 1.935089156422016510e+00 -8.304409237066645577e-01
7.872771278527668226e-01 7.136259029404912191e-02 9.208625109512664775e-01
8.145948937190691241e-01 1.086908821102900990e+00 -2.452758931488595584e-01
-1.233574006323977512e+00 -1.233697983574010948e+00 2.686109850323259440e-01
-9.733028220725760127e-01 -3.053532124697451167e-01 -3.040685665092613399e-01
-4.752830865925334880e-01 -7.840081231584778987e-01 1.080661683841604992e-01
1.036940977547393450e+00 -1.083864543565658423e+00 1.869222130094787993e+00
2.251995851168500984e+00 -2.336533292616822521e-01 -2.390374832973166663e-01
2.313319142394456573e+00 8.186291716728163470e-01 1.651017401459219824e+00
-9.232509350889350763e-02 -1.415365243244224303e-01 2.335614698888872631e-01
7.327392371560086382e-01 -3.458410777832499061e-02 -3.594221924869916984e-01
6.699651540641465841e-01 1.361562996232527301e+00 4.702037978315971034e-01
-1.492049105268512754e+00 -7.018792566563010205e-01 -8.193367247835849909e-01
5.390748680431791673e-01 2.258411508790263422e-01 6.350870929599405912e-03
1.169427758747247026e+00 1.192532979109397040e+00 1.375585922808045813e-01
2.575349097154786993e+00 1.248073093653295107e+00 1.633586325323395316e+00
-9.818105684803737354e-01 3.554201599204414030e-01 -1.524840680179788244e+00
8.735224525104772209e-01 -3.829777512903820846e-01 2.762484064656443916e+00
1.905775605475579670e+00 2.824523796692276711e+00 7.051401060511783836e-01
1.443133713027283216e+00 1.058257158823822763e+00 1.235567968015379048e+00
1.640162128865970681e-01 -6.361542236067490030e-01 -1.564587659831562227e-02
-6.279462675022702278e-01 -2.610263207663404694e-01 7.700200115568944792e-01
-1.659164668896358830e+00 -5.518680891354605933e-01 1.195297179786081632e+00
-1.410765162256075067e+00 -9.581890367705727662e-01 -5.408353040911556553e-01
1.822802402632314411e+00 -1.499694364229041899e+00 -3.993933457561218425e-01
2.012668065598003375e-01 -2.405935386194153924e+00 1.571247981751651146e-01
-8.730497036660969101e-01 6.132257277507557891e-02 -8.238760670846795309e-02
9.561172257421979293e-01 -8.392531563256113714e-01 -7.047757176685792713e-02
1.617343253166741324e+00 5.856627082137373375e-01 -9.098995514992369582e-02
2.517760196833668029e+00 -9.326729009458711861e-01 2.785652454378806375e-01
1.024319533568343932e+00 -9.211713823433409498e-02 2.484793312201968973e+00
-1.308368748143470039e+00 -1.571839690660141509e+00 -1.083071254435939101e+00
1.724289055399000237e+00 -3.497056517751064852e-01 8.843491826980198756e-01
-1.275068309040514158e+00 -5.513503744149437225e-01 -9.342800700044575635e-01
-1.450658367284667905e-01 -1.072024599701489667e+00 -7.890937958943768926e-01
-6.053971395505256536e-01 6.912519536489987182e-01 -2.029114434300657521e+00
1.319487331750174075e+00 8.914824472134086353e-01 8.112295795543364996e-01
1.935073242592946219e+00 1.526903578157274843e+00 3.842800227676952396e-01
3.959417679971236614e-01 2.532169795237419585e+00 2.633348444721130277e-01
6.501493344833959576e-01 1.015162684154411910e+00 5.141771575774071179e-01
1.698336994848554937e+00 8.145762669407172751e-01 -1.288006439506996781e+00
