1.138579147869966057e+00 4.939348640428345982e-01 8.604389708996987851e-01
-6.356242732295603881e-01 1.406251812917786115e+00 -2.362962260964207140e+00
-1.291498565410607924e+00 8.785993106715663803e-01 -8.449006985097151645e-02
1.670818679692649855e+00 -5.065926776866850334e-01 -6.193400983641028645e-02
1.674927100803359270e+00 7.091773726620145268e-01 1.586526412355143134e-01
6.301964587935229289e-01 -2.180954527626636441e+00 -1.008805046385403914e+00
-6.273166739364223199e-01 -8.702741774236892880e-01 3.045322085456050321e-01
2.598454230901910966e-01 8.596036128310702296e-02 -2.361334871201556940e-01
1.032238774206542198e+00 7.617491296120821875e-01 1.521836275142743888e-01
-1.492996852277097108e+00 -6.504752825905146807e-02 -3.399274517360216241e-01
-1.912131025017027586e+00 -8.711358974474792127e-01 -3.959075273613188450e-02
-8.773334873525190369e-01 -2.112110832024871154e+00 -1.533112678046676614e+00
2.578320530848610126e-03 -3.956414731530766282e-02 -1.579535556856970002e+00
2.392280045893543372e-01 2.256413297105159255e-01 1.739133792029942116e+00
-7.740743278163573216e-01 9.022787974702274338e-01 5.382453396067459206e-01
-1.180611104016893620e+00 -7.408667347256390201e-01 -1.851430900695846704e+00
3.702022267231562802e-01 1.552904276814834339e-01 -1.285028792607079362e+00
1.455963975916996889e+00 1.045763298158898902e+00 5.347880616835268830e-01
-1.878913182909757840e+00 -3.569980606974626713e+00 -9.161787346723723191e-01
-1.722553755102250950e+00 -6.358513144194468669e-01 -1.605515062329097020e-01
3.001390929067104807e-01 7.717531365496417273e-01 -4.661302580075153967e-01
6.512281677510309841e-01 -8.216250582937203450e-01 -2.502583524083140665e-01
9.596168413309527079e-01 1.435696003655585695e+00 1.067449350598057567e-01
6.011601255965492996e-01 -7.419086339967578825e-01 5.259604323244329027e-01
-2.049333326245916354e+00 -6.063156134781082507e-01 1.689813431268330390e+00
-1.077967446564885856e+00 -8.119970673188430244e-01 -2.265631786968864692e+00
9.646248936599099988e-01 -6.697918215512430606e-01 -2.426617446702882264e-01
2.779103198157941157e-01 -1.121094408498628514e+00 5.428546216527087021e-01
-1.170299585731945591e+00 1.337109895406824456e-01 3.115900446260048695e-01
5.198635025363120832e-01 -2.894517545118800994e-01 1.513771707980628545e+00
8.199784907794041011e-01 -1.739137120133437353e+00 -1.234482072399858188e+00
3.015745144499771269e-01 -1.116718274171569103e+00 -2.214880718950642091e+00
2.314136429514344062e-01 -5.865966396208676104e-01 -2.636761070421165254e-01
-7.878029507001532705e-02 -7.821127383304879999e-01 1.662252873873319547e+00
6.438344876409539674e-01 2.195238943053883229e-01 9.474842709355751902e-01
7.609991873418289199e-01 -1.294994484966831561e+00 6.920455750722971366e-01
9.726171060547201819e-01 5.404785939447565024e-01 1.947804314875859477e+00
-8.524841153650106751e-01 -6.789179188936893539e-01 7.019651658040524378e-01
-5.542775963563333352e-01 1.717141216018883920e+00 8.343019242464393415e-01
-1.035918574546180526e+00 -2.166226717607156460e-01 2.297767084108135904e+00
-1.037444570057603377e+00 -4.070657292187786491e-01 1.361849559804802379e+00
1.729956418411366270e+00 1.541438617052636184e+00 1.841290837429260918e+00
-1.503355630584632285e+00 -2.296161654056941837e-01 2.276538060565270083e+00
7.448494943418505487e-01 -5.516471857304268145e-01 -9.551117865814915397e-01
5.996108509658961694e-01 -9.315192069392062013e-01 7.748709910044173643e-01
3.037511587380950395e+00 -4.839791160221251776e-02 8.352740675705621065e-01
-2.597957972230477974e-01 8.788666089706660411e-01 -5.664561997504571345e-01
-2.618026552431054199e-01 -8.801696338117428464e-01 -2.036070598365365747e+00
-1.860389952546392278e+00 3.261729036522331704e-01 -9.477141341538621866e-01
1.857960748898152437e+00 1.362327852649489524e+00 9.812981046473469027e-01
4.450739427109552393e-01 4.459111837868897643e-01 -1.218046273595416285e+00
6.201524684409934762e-01 8.916366648728042410e-01 8.057649462446330180e-01
-8.333916596334711713e-01 2.771027946049644530e+00 -9.110745876091919104e-01
-1.661599505040451508e+00 -1.980115159333152297e+00 -2.002174180109188573e+00
5.843169866787353284e-01 1.367486893903288037e+00 -7.122217074018388772e-03
5.634502158844538755e-01 -9.422785807505884570e-01 -1.265477450884913146e-01
-1.269384802398594969e+00 -6.690791910234270556e-01 -1.395525431876107891e+00
-9.239460091582829548e-02 -1.246072299577679621e-01 -1.921100101260033166e-01
-2.268654445305555267e+00 -2.783918125444808656e-01 -9.310585695429673958e-01
8.830155923078769620e-02 4.729395621753956780e-02 5.324086318469216650e-01
-2.750044121154222587e-01 1.970226716063462558e+00 1.059736057634747208e+00
1.045347177770240554e+00 1.643998859681396141e+00 -1.498006056593730317e+00
1.935937778568686873e+00 1.323434564955799697e+00 7.313562517635620042e-01
4.018930249324122461e-01 -1.202831351815854211e+00 2.484230645299156937e-02
-4.936607692013262882e-01 -6.053785200660244392e-02 -2.256090229884858633e+00
-3.595286739054079916e-01 2.867406384664576535e+00 1.093878721720924485e+00
-1.708102840791838162e+00 -1.797485399861559863e+00 7.365579461994471444e-01
-8.222218325810994877e-01 1.202269263557115830e-01 -7.375502543762961771e-01
8.587437058007574286e-01 2.256076238183236660e-01 -4.038615858863855990e-01
-2.093573492917966128e+00 -6.635611833505224988e-01 -7.653113330783420931e-01
-8.276250324557604676e-01 -1.097794054037715572e+00 -1.340376582625575796e+00
5.094011256352100059e-01 9.416306223120158858e-01 6.544135065232195014e-01
-1.557559978865141970e+00 9.454804919328432256e-01 -7.381088140399689745e-01
-1.717512003420697653e+00 5.736449567844601471e-01 1.929376184779412640e+00
-6.602721426282918138e-01 5.810455176501911900e-01 2.425673962753681856e+00
1.273801355243230127e+00 -1.408690671433159958e+00 -6.273128043917408636e-02
-1.176511798820270904e+00 -2.669870794408557568e-01 1.595734559427846033e-01
-1.197650465799586561e+00 -8.697530045035120061e-01 -1.404251067845330714e-01
1.321052828288947545e+00 4.996284129244060734e-02 1.106003280972851943e+00
1.045785392236589395e+00 1.631408218611854366e+00 -4.377272398042936219e-01
-6.708187662513545035e-01 3.498203411923657136e-01 3.128214190305148357e+00
-1.633213892780691623e+00 -5.734865631787596785e-01 -1.113155187273848323e+00
1.815999570133505214e+00 8.030946423926701438e-01 2.947979090682708581e-01
-2.683686727484062562e-01 -1.666314110869481002e+00 -1.643132204600124879e+00
-6.902274352130977064e-03 -1.303249797114581332e+00 -1.419747396053601118e-01
5.865588049379588664e-01 -1.605601857735924565e+00 -1.718363635693674674e+00
2.112899494601294670e-01 -7.813731980657587783e-01 -5.773473125673429518e-01
-1.729662472010094820e+00 -1.807505177491478543e-01 7.296860150674516765e-01
-5.794942229847156456e-01 -2.138238103099493470e-01 8.486978606610331433e-01
8.751234862401986447e-01 1.807804960171018216e+00 1.448738926994670662e+00
-1.269834909631500697e+00 -1.020430211791111708e+00 -1.297792939334439399e+00
-1.281453548161330946e+00 -1.074368724737757574e+00 -8.220435959123963965e-01
-1.527856945980680559e+00 9.084442607999938524e-01 -2.085251496624627165e+00
9.875696172831700537e-01 7.114230074651282099e-01 1.871529006681231344e+00
1.474620270313402148e+00 3.483984928388390023e-01 5.003543449323244463e-01
1.127931938842886339e+00 -1.577295697008518571e+00 1.464419039834926384e+00
-9.997183730479302088e-01 2.865172468132953787e-01 5.198885648570872320e-02
-2.167020511872554955e+00 -5.207761182554593304e-01 -1.808140129722436429e+00
-2.350869830899008583e+00 -6.199562729844289022e-01 -5.935749167010445637e-02
-7.785534990901507024e-01 5.415474939584623559e-01 1.272490651810409545e-02
-1.119753756389508248e-01 -9.865525376504941102e-01 1.485101169422191836e+00
-2.872319455159029644e+00 -1.063880433822824489e+00 -8.201318654333795699e-01
4.089564116032253782e-01 7.477793433020237801e-01 1.788897751790641255e-02
-1.391503475528977685e+00 1.638629163128619837e+00 -2.956770978221314738e-01
5.460987232570426730e-01 -2.355302652494171589e+00 -1.149497691524821397e+00
-2.209082605328311466e+00 3.528594408688733308e-01 3.812750020936932493e-01
-2.054966788421832113e+00 1.050385072170713752e+00 -3.093392621826289712e-01
-2.252474725037802106e+00 3.400796273377563184e-01 -1.165013774912469602e+00
6.401210061470962165e-01 7.611329361682407368e-01 2.063742587707773524e+00
-6.640986254936886990e-01 -1.408532192095191649e+00 -2.815911150312166988e-02
-1.940390301391854866e+00 -1.326644446991565029e+00 -2.473610984691235082e+00
1.514248159411854644e+00 1.936307405533657100e-01 2.685527744267379280e+00
-9.174489713513374056e-01 -2.766281083936390495e+00 1.718420731582181116e+00
1.869022614200916532e+00 -1.829760313858488807e+00 2.039367440279946209e+00
3.000444085878180012e-01 -1.251216456040896929e+00 -6.591273468843182881e-01
-1.695773990692064359e-01 -7.030224159755932289e-02 -1.060364854244691291e+00
-4.418099675607394805e-01 1.532861788262958491e+00 -6.208017571087075526e-01
-1.118315726786313080e-01 -9.258233088635461350e-01 3.869590116382891631e-01
2.815269989696265185e-01 6.537634718850027227e-01 -3.424812753708685875e-01
-1.169224476863666706e-01 -3.877021083884985009e-02 2.084425191754369910e-01
6.228068407044546895e-01 -3.587705506732734584e-01 6.585035720108198820e-01
1.512314936061700976e+00 -4.911600627826778753e-01 1.785829637174675577e+00
5.758332577056957113e-01 -7.568575560150394566e-01 -3.307124579924453078e-01
-1.106909895421042567e+00 -1.805971647513807010e+00 -1.513569315769874413e+00
-9.135533065976939593e-01 5.976310610927813016e-01 -6.782139483169699057e-01
-4.456298246284940978e-01 -2.099236876896354076e+00 -6.000054046577265598e-01
1.089370879425587635e+00 1.404674292225660981e+00 -1.113223901021032081e-01
1.063759283955540980e+00 9.665221407164670264e-01 7.714555785908747687e-01
-7.980125995862776822e-01 -1.603466473690239980e+00 -4.324285399950936748e-01
3.500899793390777059e-02 -7.128343474292881954e-01 1.068928785115976776e-01
1.359445446006033897e+00 -1.291841563756246591e+00 -1.857517967124151514e-01
-7.230933492762543491e-01 -7.001848893730345802e-01 -1.289069570402450848e+00
2.913149504214647134e-01 -1.500909268617463432e+00 -1.508634235068069707e+00
-5.074908765896996021e-02 -8.431230931454651856e-01 3.435910942231570342e-01
-6.505332983521876500e-01 9.064115784692043931e-01 1.882692278073496484e+00
6.837471353708984845e-02 -1.804805428390581223e+00 6.658788693593565844e-01
9.435383555493386254e-01 -1.636202872442552581e-01 -9.468210087552912935e-01
-6.779004299415822832e-01 1.842702902855969382e-01 2.077751418741926148e+00
-7.163118654324011070e-01 5.746980503299139453e-01 8.482135577755336442e-01
6.309054978552854909e-01 1.970358739684147764e+00 4.539820262980787113e-01
-3.588382658632627287e-02 -2.118951954266206528e+00 1.858991097009363713e+00
9.998296829122826912e-01 8.438459033359796413e-01 -2.409104080885638988e-01
-8.306580744247296089e-01 3.140530361197058085e-01 9.893524193345448747e-01
1.408263233294355654e+00 1.613861587643725892e+00 1.322021957592043773e+00
-5.741122155047984066e-01 -4.371736689855162394e-01 -8.421896107392365938e-01
3.586063756049325257e-01 1.262543514131863054e+00 2.009474328703024337e+00
8.838164715742047317e-01 6.424938727096877189e-01 2.606580984353474406e+00
3.591642535780100731e-01 -2.006066627946573089e+00 -1.716527849757280677e+00
-2.373409554796417797e+00 -1.693155303933279399e+00 -1.980588857084213839e+00
-1.153459648078137612e+00 6.079584145986471899e-02 -2.649569891225121987e-01
-1.262984105909752408e+00 -1.243871546682013385e+00 3.017473359520250753e-02
-4.784756941129900687e-01 1.681879680835155266e+00 -4.233870108810307009e-01
-1.193934936435920413e+00 8.624887817426651893e-02 -5.430899964008419900e-01
1.454653312059299264e+00 2.867436228576002999e-01 1.098954514965834406e+00
-2.681262054265299621e+00 1.304304210507106321e+00 2.885745374197361546e-01
-2.447382922995361421e-01 -2.966602495617158386e+00 -7.498190721550462845e-01
2.126548637366954542e-01 8.865211939100372529e-01 -2.522744160852439244e-01
-9.407068596073369093e-01 -9.252354840108569789e-01 -1.197663788706214705e+00
1.835634636010779142e+00 1.583721236067082483e+00 5.801462048077845601e-01
-7.248087235220477265e-01 -1.544125908980675810e-03 1.525798845995183450e+00
-1.113035999040455692e+00 -1.047340613142930366e+00 -6.158493850786548318e-01
1.236719341000426242e+00 1.966647549998172817e-01 -5.154977902610585749e-01
-5.372777516875215653e-01 -6.004405638254544098e-01 -7.014566595413460615e-01
4.849738617069901392e-01 -5.661482256372221133e-01 -3.125648714632006664e-01
-7.193290192695585006e-01 -1.261356256338281634e+00 -1.085665573421130681e-01
-1.743225001042394418e+00 -8.144842825783430440e-01 -6.473579832424288805e-01
-1.389538009958105613e-01 1.229018743907564493e-01 -7.840211266057135475e-01
-4.381434433875815437e-01 4.142933150187564362e-01 8.132928564643648883e-02
9.242306605571015687e-02 -2.057208424131270696e+00 -9.757588340153864337e-01
-1.349073653989094623e+00 8.388469800085374128e-02 -1.473242839013692906e+00
4.468453491437637259e-01 -1.157206486819745583e+00 -3.453399721447786286e-02
-9.576102090920650678e-01 9.072402514474029456e-01 1.386873580300486797e+00
2.072315363358617990e+00 1.534982435659551170e+00 1.737955923872945618e+00
9.014950829799706078e-01 -1.542584498820995798e+00 7.521629713607362877e-01
6.443077748314202102e-01 2.851771282667587837e-01 6.150661516441056076e-01
-1.673797548215971487e+00 -7.627277554884532851e-01 1.556878661643420481e-01
-1.592433661578668058e+00 1.648473344593252010e-01 -8.431531272781360720e-01
-1.470369133128492933e-01 -9.707217371379546211e-01 2.995472240346703785e-01
9.659378647939365070e-01 1.590165819585674489e+00 -5.063730175366756292e-01
-4.358683010637068311e-01 1.242762150339284721e+00 -1.709176871727252078e-01
2.542607038610388281e-01 1.119277615032733930e+00 -3.695683007684544830e-01
3.361141473803725965e-01 8.662707378258323043e-01 7.396075166904259035e-01
-2.331685404325143929e-01 -1.190302410639565434e+00 -1.027162517337321557e+00
-4.473849914554197671e-01 1.199898071727739213e+00 -4.494141626429918324e-01
-1.308713914187821237e+00 -6.943175799399039505e-01 -1.550721817174818495e+00
6.806304576714680143e-01 2.400907116037880318e-01 9.965720577653088830e-01
7.345817970209336245e-01 2.136310527845044049e+00 -6.534566148393166074e-01
2.223234971090337186e+00 1.092846844922248373e+00 8.681648490007261021e-01
-1.842215182191839773e-01 7.560134655766237444e-01 -2.845753067356207033e-01
-6.576779705448773106e-01 8.624301591162752967e-01 6.545760416914663260e-01
6.694405972368637769e-01 1.299530283584593882e+00 7.986502302838631717e-01
-8.893235815018092350e-01 2.812469037172609099e-01 3.130361061110150667e-01
8.805946895209122438e-01 -9.806537008605376027e-01 1.046810749960763509e+00
-1.893217241863312639e+00 -7.003243110905638114e-01 7.371433117281087632e-01
-1.058943000906604315e+00 1.206378601432236186e+00 1.221315128723706289e+00
-5.412291969647020640e-02 2.362962728795198419e+00 -1.341010690381723158e-01
-5.200999469073130932e-01 -4.904234489387687690e-01 1.588421225952932891e+00
1.798229020504225062e-01 -9.198493921502646220e-01 -4.726664061254772231e-01
1.313008702536049843e-01 -5.755628738664844146e-01 9.181964767703845176e-01
1.805587228294469604e+00 4.878971265222364906e-01 -9.084357595901664251e-01
-1.008138305326797157e+00 -1.360820922857787219e+00 -7.770698668151425625e-01
-5.163657193080271046e-01 1.471331599285325975e+00 2.601673054322809264e+00
1.589438932718512110e-03 1.314327384216801065e+00 5.575391369758431193e-01
-1.137492626862120382e+00 6.089818090999670197e-01 -9.662163903172074075e-01
-6.118383771686739525e-01 -6.523237000697408305e-01 2.161809987552016032e+00
-1.236583688275274762e+00 -9.198567273668033506e-01 -1.264902599125192095e+00
-3.655229865975358483e-01 3.033609674619075491e-03 -2.544393553762084870e-01
3.412741920477064816e-01 2.823600253960939499e-01 1.592625818972510654e-01
3.330887328606078057e-01 7.232222809932979946e-01 5.887031825545931962e-01
-9.365054271129724661e-01 -2.272066627236203562e+00 -5.469893507709319147e-01
3.211489070057935158e-01 -2.043909168217884487e-01 -7.054898543340182293e-01
1.719455709352820438e+00 3.496761269811883288e-01 -8.571249585646563141e-01
-1.152900981716520334e+00 6.373876078858136118e-01 1.851141035455954986e+00
-3.428558589167844950e-01 1.767271403126484675e+00 -4.414407366950738876e-01
-2.362900510884778704e+00 -2.041652407094116217e+00 -1.465788161769377318e+00
-6.790190659503750892e-01 -2.543175601143162767e-01 -9.338389871381965746e-01
-6.515531200621706986e-01 -2.871315070966127259e-01 5.022619804843072577e-01
-4.808677912068393123e-01 -6.307837810083073427e-01 1.256594722164419364e+00
2.895237056813382281e-01 -1.689404918051761184e+00 -9.599854247365285920e-01
1.094446254206556057e+00 1.262850872774810007e+00 1.093987261235518149e+00
-5.948734482992853456e-01 5.521901607063290918e-01 -1.473271771764360416e+00
-7.858222466913733495e-01 -5.177783794302485143e-01 -1.396512514654766335e-01
-5.506190205879218924e-02 -5.049661200083888080e-01 -3.860950578800980137e-01
-6.475740737431250338e-01 3.242184465245323555e-01 2.278089911526129385e-01
-6.641079134686178609e-02 4.388060780251920034e-01 1.261954281096520081e+00
2.384231891900711275e+00 1.893807621236022198e+00 -1.541423052196321253e-01
-6.432019501982058074e-01 -2.186761936888289792e+00 -9.333301593593603673e-01
6.731463819483735067e-02 1.453460433418462650e+00 -1.830896029337478748e+00
4.699450415510897372e-01 9.582002803785316658e-01 1.387510539583488578e+00
4.643915869265611285e-01 4.949764683626831641e-01 5.711834282183907430e-01
-3.181813529113437511e-01 -2.007319280897981173e+00 -2.149471524000001188e-01
1.291876771423455361e+00 7.212069113144401467e-01 6.567143534490564871e-01
-1.471039992692301235e-01 4.981974907223586935e-01 -7.333858586216883690e-01
-2.825469018035584590e-01 3.195944411050176681e-01 1.677003617216449971e+00
3.232824177255111397e-01 -1.644582463782514603e+00 -2.412672065177963621e+00
8.308182023160075591e-01 1.190396419735639588e+00 -1.154055184035613690e+00
8.902300302410151023e-01 -4.215309718307178044e-01 -1.013161157648719612e+00
-2.207961646830066682e-01 -1.831914110726931444e+00 -8.473196256445675312e-01
3.375328963059298637e+00 -1.745852591893314099e+00 -3.601199993587616000e-01
-5.569776798866207246e-01 3.792740602118733761e-01 9.341087164260533093e-01
-8.775090253025674691e-02 -5.736658769444451522e-01 -9.737570324088213880e-01
2.363922183821582479e+00 -1.060180495915897803e+00 1.788354284099020530e+00
1.325914345594205512e+00 -6.939493371533633770e-01 1.022790442796143395e+00
-2.004831777052191732e+00 1.034705897359349036e+00 4.355308668825459417e-01
-1.531851729805978612e-01 1.013321425109407814e+00 -2.508575513032851312e-02
7.245685716607783711e-01 -2.262918822755135118e+00 5.739925432054930887e-01
1.002568342515974376e+00 -2.513463738088459465e-01 -7.070109670605242425e-01
-2.201905593953866758e-01 -2.291500235723218371e-01 2.900497421468826609e+00
9.186031855391835199e-02 4.357266561129527482e-01 3.582521720898536044e-01
2.152367199961834343e-01 7.476956687521325584e-01 -1.284458713696941645e+00
1.707957820785443559e+00 3.065047813875381166e-01 1.762196764704793139e-03
-4.346169979493980096e-01 -1.370790812520231494e+00 3.980866264445286351e-01
-1.812178201956264889e-01 -5.101519667457453666e-01 -6.585063782472362348e-01
2.975559701558420089e-01 8.990985570974538987e-01 -8.389362112341103295e-01
-1.278311721805650336e+00 8.993684112331286062e-01 -1.716865085822050441e+00
-4.156810263701331554e-01 3.729890546752574476e-01 1.595756897761573256e+00
2.102617748846961621e-01 -7.409691802002216221e-02 8.800125622262616742e-01
8.787115635042336281e-01 -3.627897213469658544e-01 1.133726191626437396e+00
-4.993427414998237723e-01 -8.152498676915277409e-01 -1.082419256550364306e-01
3.278681092982014267e-01 1.085556902752130570e+00 -2.193718033325618988e-01
-4.885015199319029944e-01 1.027107783137469532e+00 -3.749588887465503118e-01
1.087466326723005583e+00 -1.391992608299615242e+00 1.215502833272789962e+00
1.989737419711443911e+00 -6.099679476804562572e-01 9.125791111356322816e-01
-8.183495973701249149e-02 1.392475769895388904e+00 1.665489095862189295e-01
1.202005818627923439e+00 1.878234861622248619e+00 6.426774818272167344e-01
-3.248232075638108896e-01 -9.490385144548789675e-01 1.295309884122441968e-01
4.989268425635544069e-01 -4.333531069076693720e-01 -8.681321537673913902e-01
-7.692598796903820091e-01 1.618203327281079407e+00 -2.387594597074712555e-01
1.061351038127715807e-01 7.644342233980239154e-01 4.866529300614541587e-01
1.465937830837589440e+00 -3.411402615308177788e-01 5.113023496551366565e-02
1.383139294952652754e-01 1.281620053135327453e+00 4.534939687281870357e-01
5.572248753269481991e-01 7.287576104101094465e-01 1.204608334940371894e-01
1.805922615436363898e-01 -1.137315921538616603e+00 -3.592871448898606879e-01
-2.596466583853034304e-01 -2.124761515399417711e+00 -1.561392162539678941e+00
1.577074334223185215e+00 2.879785118896043272e-01 -6.290587021096674114e-01
1.226997554629034592e+00 -1.059132658066471500e+00 -3.201606705489665750e-01
1.176333990086848136e+00 1.197279037753363529e+00 -1.130822708982385461e+00
-6.711210567760417245e-02 1.544603007142079543e+00 9.241956451107837811e-01
1.708741041876299382e-01 -3.198846235185487941e-01 -1.276417921339603190e+00
-1.549149744384451521e+00 -4.765874651131277173e-01 -2.995426453549944190e-01
4.998524738116200683e-01 6.032769806715880812e-01 -1.153439427918778737e+00
-1.020615178707460768e-01 1.532620145729062244e-01 9.078730877292209289e-01
-1.028336117004308381e+00 -9.574990660770330564e-01 9.282962928254510082e-01
7.622782716103182477e-02 -1.350672590100174819e-01 7.840446902992239675e-01
1.421045544128100691e+00 3.485806148646911073e-01 -9.515771801526506923e-02
-1.422971496108218936e+00 -1.071264843323495697e+00 1.946079695679077126e-01
4.878486616700850043e-02 4.777391017517590432e-02 1.281099482236457421e+00
9.962883018631714105e-01 1.080786732386322724e+00 -1.088421359011960465e+00
1.801331753521102419e+00 -2.946854865519895617e-01 -1.756360914400820317e+00
-3.335222265454973467e-02 1.007003690109840921e+00 -4.158938343013192096e-01
-5.755748424493603022e-01 -1.139654996062858139e+00 2.573413869774890950e-01
4.514988999513722678e-01 2.366789893736211958e-01 7.800552807773681874e-01
-9.502162012072457031e-01 -2.240253246823835642e-01 -4.175455333316895890e-01
1.605074147175181265e+00 6.605745877957908130e-01 6.937265472455789173e-01
6.495290672161265766e-01 -9.606628879607259641e-02 1.784248555633528355e+00
6.481519251387479752e-02 2.300629740269721779e-01 -9.780643494360310441e-01
8.889236757126706134e-01 -4.270957955309628851e-03 1.986375792714104138e+00
1.138234209118715867e+00 9.121011724339753712e-01 -6.947165607276645227e-02
-9.410512205894365767e-01 3.203651195739354307e-02 -3.437757739856092121e-01
4.593368233157654745e-01 1.218053511070725570e+00 9.346881113693789045e-01
-7.934704172460526062e-01 2.714866378428317795e-01 -1.126666132542971654e+00
-2.991747570276456880e+00 -3.411920299899469655e-01 -6.376180594681994940e-01
-1.364420292064914886e+00 1.427106364262534122e+00 7.849083966561740677e-01
3.585960352872147872e-01 -6.411404060658032478e-02 1.287314679884042246e+00
1.624100052089201829e-01 2.770429133961189727e-01 6.528952057340086101e-01
6.450415379231557722e-01 2.140143569192230810e+00 1.656078818343895698e+00
-5.479550846921941165e-01 -5.228788754842847997e-01 -3.090742727097515186e-01
-4.198410445090091647e-01 5.859899426708530257e-01 3.010513345764390891e+00
-5.624244228536636747e-01 -2.709376591830110481e-01 1.551613199204512350e-01
-3.031544670407404496e-02 2.360416814250011486e-01 -7.116206927733909060e-01
4.910035674780711679e-01 1.568968533274975652e+00 -2.773379752521935027e-01
-1.891383123977715686e+00 -1.372481266874851613e+00 -5.305845424332912286e-01
1.976778469426717644e+00 1.880560313481943746e-01 -1.536664169613412234e+00
2.582030027180020504e+00 1.387487353463233042e+00 2.043419189476284981e+00
7.765960535797640230e-01 2.352973333168736914e-01 1.592875291823597217e-01
1.172350143616085916e+00 -1.125396117038490740e-01 8.021848454144964169e-01
1.967806952005193732e+00 1.468269771115417788e+00 9.260833139651339918e-01
-7.443741432886664677e-01 -9.702011933283460898e-01 -1.064137920129934134e+00
-1.328644798472157884e+00 5.730619009217052806e-02 -3.769858205947447694e+00
9.828208008764209858e-01 -1.378542054986287013e-01 1.295548228187818562e+00
-1.177888977706629703e+00 -8.331113285831748261e-02 -9.740936393126611303e-01
-1.215016982570970683e+00 6.968785840498369355e-01 7.485876141567374686e-01
1.079476361600207435e+00 -1.359044759637780153e+00 -9.031145564702458550e-02
9.215233334840033930e-03 8.963550519226637370e-01 1.716388929535542229e-01
1.038519591984839563e+00 1.346975755623129434e+00 3.889978958082648264e-01
1.221955471987267394e+00 2.194803147032303059e+00 6.979487183819914620e-01
1.817876336425019446e+00 -6.862316106943708860e-01 7.269241294298760536e-01
1.603298185086367900e+00 4.515015913762581157e-01 9.470814136382244008e-02
1.655238742872812141e+00 1.053853304028200766e+00 -3.582723358947357273e-01
-1.523215048750786504e+00 -1.441761964264351104e+00 -2.265358106966632312e-01
-4.519138079322632118e-01 9.278327125880967419e-01 9.247993513110613906e-01
-1.247316434233621152e+00 -4.847292180001805395e-01 -3.146957375130322587e-01
-1.642555299556350157e+00 2.828756707806627357e+00 -7.626618531046358562e-02
-1.908564946542689600e-01 8.000490476460875300e-01 1.425110636638554196e+00
1.521967615626014014e+00 2.183171181661322180e+00 8.342910377321582915e-02
-1.638190386837395929e-01 1.569143936196320421e+00 2.413332524670950274e+00
-3.591237446086598117e-02 -2.177668002966507643e+00 1.078067047688718860e+00
-5.158404097441993130e-01 1.081571095450192033e+00 7.734361359292079019e-01
9.250321475615895794e-01 -1.897913683251614136e-01 2.042781734722186382e+00
-1.500990068405990918e+00 -4.200092185709292103e-02 -2.374254596997811273e-01
-9.395463185816543827e-02 6.950019288096629388e-01 2.003968046638595624e-01
5.828764199160072490e-01 -1.586916932079146525e+00 6.410019814054930265e-01
-7.997238023131214568e-02 1.782664230607303502e+00 5.247478016961412139e-01
1.346643007952039728e-01 -6.439445836892583319e-01 1.691659307435387616e+00
-8.755842587677237221e-02 8.535587967576097057e-01 1.230691996942793853e+00
-5.859974087478998506e-01 4.115026064342748313e-01 -2.501625631439146624e-01
-8.573355481207927120e-01 -2.376646692630600910e+00 -6.754417083105650477e-01
-1.400159847449479411e+00 -2.074688584856958506e+00 6.710016829846299213e-02
-1.526012011465922580e+00 -2.144092508060759794e-01 -8.272813246638663909e-01
-6.572225056208762517e-01 -9.124336475895771237e-01 -3.049167027977259803e-01
1.223827402786984431e-01 9.270208843513645380e-01 5.357465755002234209e-01
8.426149406937709641e-01 -6.948209672733955955e-01 6.532234779360067689e-01
2.363311728862870220e-01 -8.204942703087877431e-01 4.379903968247764734e-01
-6.911843147042110447e-01 -1.290034173669900808e+00 -1.028615895449311868e+00
-7.865917235639506844e-01 -2.184394257932277816e-01 -4.761067399871957151e-01
5.792897386062669796e-01 1.222073832061928211e+00 4.266900492445108162e-01
-5.978008594272072873e-01 -2.437692080888382851e-01 3.313741156879872474e-01
4.155366446917535539e-01 5.024386038881172301e-01 -2.409569492639377919e-01
1.267305028475400608e+00 1.168438012567520445e+00 1.873432460851661707e-01
5.182040896475743619e-01 -6.320126241602146422e-01 2.885907873952113789e+00
-3.956183405096280747e-02 -7.786563137264077561e-01 -6.640720598467120261e-01
5.042843861760295532e-01 -2.299095115456768923e+00 -7.070413865996815206e-01
1.624645296056182353e+00 -1.352280804526470925e+00 2.244889362901735907e+00
1.155052002178964088e+00 -4.960828237619936965e-01 7.185768403604653187e-02
-1.453776261597487185e+00 1.366804153058261528e+00 -1.873355578702314284e-01
-5.222835927981781534e-01 1.277596996495690362e+00 2.017029018675420282e+00
-1.286516641597482469e+00 5.687455486588841591e-01 -1.294559448155917059e+00
2.178157347055474924e-01 6.899970988660198978e-01 1.814416830740132935e+00
-2.364801269918761495e+00 2.207976893858276668e-01 -9.483645675905563177e-01
1.918937451428790020e+00 -2.490771257231993996e-02 9.497978293544699913e-01
-1.893959551916111206e+00 -2.753238231769531641e+00 -7.875470208311847742e-01
-5.869681010324934167e-02 1.044955545549132170e-01 1.577698441367264559e-01
1.047876779225408672e+00 8.234409307526359134e-01 1.306239510060343001e+00
2.258216593102509995e-01 -5.492674242458063238e-01 3.649036686304185650e-02
-5.501592708767810702e-02 -1.597612913190353146e+00 -8.327853865622221186e-01
1.956502973038934945e+00 7.549464199504849482e-01 1.918890678420295481e+00
6.689778653971181210e-01 -6.943827048560557991e-04 -1.005737306458889702e+00
6.982433141741952731e-01 -2.866504925345599863e-01 -2.104521815696601017e+00
-6.334730326437949532e-01 3.206883026948449400e-01 -8.040683461557589506e-01
-3.697163762789180685e-01 1.996146298533914454e+00 1.162500265027178958e+00
6.570244557112994155e-01 1.878759353135250887e-03 1.344191959257932112e+00
2.660918934852464002e+00 1.106259060680720108e+00 -1.192068388057065942e+00
6.127025769216243312e-02 2.197443319431535258e+00 3.863952472955184403e-01
7.562137190659199426e-01 6.877494783756548102e-01 9.824521972132022052e-01
-1.000378381576187303e+00 1.098850911990128854e+00 9.428486510467534165e-01
2.868150097589873937e+00 7.976369867224382126e-01 -1.175398111973578352e+00
6.917617170987375719e-01 1.534532433242580707e+00 5.595249775545213522e-01
2.371110177236058769e-01 2.385215792848649485e-01 5.391335925635871718e-01
3.710971425822232606e-01 -1.569580189937786141e+00 -5.485636377465715752e-01
-3.851059236404807962e-01 5.774233879665908731e-01 1.251288261252709644e+00
1.053100068318317373e+00 -1.388522738156391600e+00 -1.854103312114449009e-01
3.997436947945626207e-02 -5.834651912976838162e-01 7.221657954798924584e-01
-1.725661888056196247e+00 -6.566959378352984489e-01 1.287028443052924409e-01
6.671492463586585764e-01 1.891213944333627106e+00 2.308236444356161599e+00
1.551627659662201175e+00 1.864011038004106613e+00 7.869066563602606923e-01
-1.226801048168260633e-01 1.390974835033194079e-01 6.576800890014899981e-02
8.675150185982669626e-01 2.573313503339235142e-01 -8.295246716112434360e-01
2.300322772445804631e+00 3.454301935073432195e-01 1.022039384688661734e+00
2.597649861415294303e-01 1.698552631050100903e+00 1.136355582228476546e+00
4.576300476165016118e-01 -7.310896391389876126e-02 1.445398662588416760e+00
-8.463996108789770823e-01 1.516336086742125833e+00 1.547787511770843283e+00
-7.049081351775261517e-01 6.501008285726002089e-01 1.023399138133761488e-01
-4.674945561284148399e-01 1.006858208469301186e+00 -1.019845769701233085e+00
-1.308775366225109371e+00 -5.530533164599875651e-01 -1.645631698658915454e+00
-5.108821441648385697e-01 3.196011255690374142e-01 8.379626524140852961e-01
4.422997319711621800e-01 5.967800878782176799e-01 2.113529238234605145e+00
-2.880394795460337054e-01 1.680238260056075461e+00 -5.633785603115326612e-01
-6.773014430095112282e-01 1.196425590890537460e-02 -5.311513653388211242e-01
-9.468760611071751487e-01 -9.414711967853361951e-02 2.843905829038088084e-01
-1.630706668974104989e+00 -4.563431700745518294e-01 -1.324782586450596877e+00
2.409847350594700899e+00 -6.069564373422873249e-01 8.492519226142514199e-01
-1.308170675224654689e-01 1.866502100142737985e+00 -3.640437934038606160e-01
7.484198161876193245e-01 -3.621697480632429800e-01 6.261429110231075956e-01
1.883507981084634464e+00 5.675578810873793678e-02 1.223407311888900839e+00
-2.584512354673661472e-01 -2.277511639125140430e-02 3.235238978128571752e-01
1.672594797061419225e+00 7.978409966021020594e-01 1.780169644464258960e+00
-1.089307365914363501e+00 -8.164893479038224378e-01 -3.084353122329183128e-01
1.039250488953888496e+00 1.030258130363082003e+00 -1.938743856706497404e-01
1.815981583045213288e+00 -2.744157220396070684e-02 -1.595041173308777704e-01
-1.675023513567746258e+00 1.301682780039968179e+00 -2.601119187635262398e-01
-3.049518324806060332e-01 -6.149973656585872028e-01 -2.089320102927810785e-02
-2.602780791615627587e-01 -1.154549324231890495e-01 -8.387148680255289701e-01
-2.188740246242830700e+00 -1.711536779995737056e-01 7.569408586700334673e-01
5.696602476605072685e-01 -1.152727036303879515e+00 -1.282070986373298194e+00
-1.311763581121763611e+00 1.428136306249689902e-01 6.767944449963361198e-01
3.565063235862672153e-01 1.715655394867716454e+00 -7.571028011410307901e-02
1.392888357307964231e-02 -8.142031966625582484e-01 -7.458557699512525785e-01
-3.461262408266213564e-01 -3.189840359896368160e-01 -9.419053066889931936e-02
4.744908638775141574e-01 4.429006357012408301e-01 -6.065413815923866858e-01
9.596800410676471493e-01 -1.115255804385442806e+00 -4.648709031803728298e-01
6.433986817132781866e-01 -7.398980205579612779e-01 1.217917004362127686e+00
4.352910997060702725e-01 -2.037447146331782255e-01 3.671432388995268803e-01
4.193054785767791337e-02 1.645781673385266597e+00 6.060936405441685881e-02
-3.153679909709070639e+00 3.767241381320708404e-01 -8.726590016233929381e-01
-6.658178405984662707e-01 -6.660423045003153186e-01 5.163227658550681998e-01
4.656285131296278301e-02 1.217048412275920644e+00 1.058677018261146574e-01
7.154839139575311924e-01 5.096759879041212749e-01 -3.345221682754370152e-01
-1.342862693161564147e+00 1.018351269664481862e+00 2.558155692397865444e-01
1.117930258904877849e+00 1.570748517956044088e+00 1.879737734353679190e+00
4.384253011036665093e-01 7.845730828323502770e-01 3.522468250141657098e-01
-1.017842736998508357e+00 -8.258837886504672987e-01 2.817881612851037554e-01
4.507131084720310543e-01 -1.871050147158969779e+00 1.118740411817577218e+00
-4.984335988613306512e-01 1.138197920237032479e+00 3.156180222440404526e-01
-2.122529702619073255e+00 -2.389671591079506885e-01 -1.037176453058949566e+00
-1.617717343554199161e-01 -7.905328343690731785e-01 -1.906966200455779692e-01
1.597121529525468375e+00 1.665071975953423156e+00 -2.742377923839257825e+00
7.336741013107561660e-02 -8.772261432336387887e-01 -6.777319451297675323e-02
-1.664580423654115515e+00 8.182440701467008637e-02 -8.287050465113005027e-02
2.229839658740372932e-01 6.096905189765079447e-01 1.169572803786187221e+00
-1.743581138824237042e+00 -1.788921133107009842e-01 -4.707700383213574424e-01
-1.252503934327009461e+00 1.483294399798714691e+00 7.925748945817475688e-01
1.788853877276633586e+00 -7.611846837653601927e-01 8.395959340623596612e-01
-2.189808457240258299e+00 -8.620968816977072624e-01 -1.735659311694948137e+00
2.191820043641582672e+00 1.764040938011075310e+00 -8.911917894910525995e-01
8.807880240360683732e-01 -1.329377461766703572e+00 -2.720021836629961332e+00
-1.100198766519830063e+00 1.230750623728509296e-01 -1.182526402239469254e+00
1.258599153759121236e-02 -4.728559521509460017e-01 -1.826029379472332570e-01
-1.907408056565101928e+00 -1.338699370978654102e+00 -1.414813834850908281e+00
-6.307837994658099801e-01 -6.361570532665347111e-01 4.264486693511044813e-01
-1.111992843440334777e+00 1.626171294332537931e+00 -7.913215033365659234e-01
7.780142189993703994e-01 8.002708757600534017e-01 1.597820182703052705e+00
-1.108417269874682365e+00 2.677536126644910475e-01 8.267485186884706572e-01
-2.046135674401226012e+00 -3.543563380892036374e-01 -3.120819003654613510e+00
2.553792596911486079e-01 -2.969937967392135558e-01 -5.987620919902800765e-01
-1.881336481993644227e+00 1.715126901279560023e+00 -2.088455465116773047e-01
4.468063522387957232e-01 1.351065760866360321e+00 -1.804384327816623834e-01
9.272349794669844103e-01 1.756523162208220246e+00 -8.366253105175656124e-01
-3.320013449633753000e-01 1.122808555734581937e+00 8.794132137604055988e-01
-4.726677781183902249e-01 2.932344133632115435e-01 -4.325092022543036707e-01
1.387819133520426185e+00 1.315890311542426971e+00 1.772965550724390882e+00
-6.283013061871529636e-01 9.929570285696284193e-01 -1.840077971855192285e+00
4.749166935664089761e-01 -1.249638991111656328e+00 -8.925412174000082466e-01
-1.196503639943035324e+00 -4.806140178783110395e-01 -1.660867736822221774e+00
2.231763266153128367e-01 -7.019762111446983255e-01 -5.931451845151930469e-02
-1.362536992229351984e+00 6.861710600083827938e-01 -7.039718912830004172e-01
-2.935587795735018490e-01 1.778303078712962115e+00 1.252721874144654413e-01
7.089537098959541872e-01 1.188669634873055214e-01 5.627561740124163991e-01
-2.021722206738754135e+00 -4.804200685332979393e-01 4.958462579024224270e-01
1.034866499030195675e+00 3.946049387259608743e+00 1.174590131910837609e+00
9.141830019492580561e-02 3.934296113832451702e-01 -5.444651101505770807e-03
-1.056782366481030522e+00 1.891066942146059082e+00 -1.388587142836928301e+00
-2.541016820400242571e-01 5.784922601487548777e-01 -1.222488521685345386e-01
1.080166959798680160e-01 1.207431178894720070e+00 -9.226728470329765841e-01
1.013483762270455113e+00 1.202144757966523869e+00 -5.301091881532093986e-01
-9.448777307567002293e-02 4.678811868021044429e-01 -1.028773302173321191e+00
2.299481949515945756e-01 -2.076148000086930789e+00 -2.529203511333470100e+00
-1.213558324473514194e+00 -1.018835502428673712e+00 6.356354368512526776e-01
8.219052103889461502e-01 1.382534063235218103e+00 -2.212446116625647052e-01
-2.733081250975402665e-01 3.841673235055276248e-01 1.248533346158885227e+00
5.655626992838331812e-01 2.074862354783685969e+00 -8.105447226956841167e-02
-1.109427933374261599e+00 9.267594515583543746e-01 9.332116742524623199e-01
-6.234893235855420990e-02 1.458781563196365205e-02 4.929925414674005135e-01
-8.122413171474163196e-02 -2.166067254547229259e-01 -8.399347646265808986e-01
-1.107954173021201916e+00 -6.721505775233865831e-02 -1.021744708949488656e+00
-2.572177501850974046e-01 7.312905677483821920e-02 1.349048289566208370e+00
-1.175574945038487806e-01 -9.214720559677596068e-01 -1.794205404509600088e+00
-1.006963445364001508e+00 -1.288189915502019556e+00 -1.680705412975088908e+00
9.231425987174080028e-03 -1.216438554467559552e+00 -1.562776851876964246e+00
-1.811402269880523219e-01 -8.206830900516440819e-01 4.625189516325438621e-01
2.680922263973755992e+00 1.307088608222361614e+00 -1.102774209418378559e+00
