8.364670129880045213e-01 -1.281162854601478163e+00 -2.098150192790053215e+00
1.923985905344578029e+00 8.902643631626379062e-01 -5.603642619611957087e-01
-1.006289631713675359e+00 -1.693630653721118318e+00 1.376146563715159976e+00
1.011180237350789879e+00 1.221583571525004963e+00 -1.099062168050161326e+00
2.862646499929810684e-02 -1.252893319273806760e+00 6.497712739510512758e-01
-4.871794645684549563e-01 -2.039859193099597512e+00 3.831831691137954632e-02
3.463224805454093724e-01 1.984233033285697223e+00 5.655865043318901719e-01
-1.373873875990933247e+00 -1.323923873944360174e+00 1.078155941730083223e+00
-2.109064007763926107e-01 -2.534245200492273753e+00 -5.704029065829501199e-01
-2.215922188452544850e-01 -1.568570663902158380e+00 -8.761097612458379480e-01
-1.471227338371767779e-01 7.175854669047134760e-01 -6.091095747709895925e-02
7.017131496787620826e-03 -1.997802220926593320e-01 -2.827747918669892835e-01
-7.354203695034513544e-01 4.732915671899842192e-01 -1.145792510077678239e+00
-9.927200188594558217e-01 -2.728033384200967415e-02 -5.581581607993713057e-01
6.943534212489728130e-01 -1.970664345066726497e+00 -1.012638303681740570e+00
9.418512919024679686e-01 5.908578558809279846e-01 5.114912689885003916e-01
-4.522610799680809590e-01 3.969236257031826254e-01 1.028883920675731090e-01
9.986878750751129186e-01 2.736622399866469602e-01 -1.152937432279574459e+00
-1.320117139981900056e-01 -6.566012995413075259e-01 9.741345562401984015e-01
2.884822270804809907e-01 -6.467019748327322848e-01 3.031190870941149473e-01
1.532131954384991168e+00 -9.481536004194522915e-01 -1.406445197833162464e+00
1.824874646605122885e+00 -4.905386751991088756e-01 -6.876735889144613978e-01
1.504425900004141337e+00 -2.044414633766666878e+00 -2.185030978680117641e+00
-2.624345796155502786e-02 -3.347521814252307770e-01 -1.419177977026043980e+00
4.453437600028946064e-01 -8.816333937484615024e-01 -1.906229584805670729e+00
1.132764595515651340e+00 1.149462922909921581e+00 6.926944209711661804e-01
-7.131498406619733998e-01 1.347473290600180285e+00 1.121189583712563387e+00
5.694801544064910237e-01 1.387843417251992229e+00 -6.550030755257791881e-01
8.868436438213569417e-01 8.815209485159813951e-01 4.050902685100676859e-01
-3.398664277420826441e-01 -6.163322659113820157e-01 -1.352382550446565634e+00
1.322799735871022175e+00 5.859599148412600877e-01 8.236153645137391788e-01
-1.055087344007084926e+00 -2.575376221428231638e-01 -4.818462923551647958e-01
4.429619713602694908e-01 4.617918503518174678e-01 -9.326029108502933429e-01
6.794137059126454936e-01 -1.488933028743620657e+00 4.765614131271380671e-01
1.696107838500954701e+00 1.016048242135945134e+00 1.447991678551824979e+00
4.528632977156530348e-01 -2.285323914335886997e+00 3.883801167055572767e-01
1.858068024071380941e+00 1.692747515520161228e+00 -3.187169455068487034e-01
1.037702296298873561e-01 -1.547089713663077015e+00 -4.580069430012718157e-01
6.052481649844725364e-01 1.788237425702449590e+00 1.124753360299888705e+00
-9.110064441497456311e-01 6.946583547562814598e-01 -2.206237659904367598e-01
-1.662762069812123489e+00 -5.137969942190120376e-01 -2.065244613192682155e-01
1.376259508822380129e+00 -3.048047420531602159e-01 -1.393745732750872879e-01
7.118035677470935241e-02 -1.720602885617565025e+00 -2.304574215707487772e-01
-3.065197765477399861e-01 -9.134103579297858655e-01 -1.115784722700640774e+00
4.845054740067833432e-01 1.857400982543728762e-01 1.730343381845679485e+00
8.435032833695679244e-01 -1.671713563888991727e+00 -5.000663194457766192e-02
-4.386527441728003129e-01 1.370000838139739940e+00 -3.062653809083517586e-01
-5.460333028399090294e-01 6.027538852899965161e-01 -2.239131277609471837e-01
-3.681307371969436137e-01 -2.106201745882608556e+00 -1.259905707045636536e+00
1.078272021185781249e+00 4.598122249924313509e-02 1.051372976857699815e+00
-2.339615112434447752e+00 -9.268308408913021879e-01 -2.028947653790147410e-02
-8.001724703740078493e-01 -8.988538152019200922e-01 1.480618825246747594e+00
2.982748768348161827e-01 1.987806380612832324e+00 2.148134327026360868e-01
-2.401409886152323203e+00 -6.477720454420288210e-01 -3.005500878538908793e+00
-1.205814239405155419e+00 -1.169024110422587359e+00 8.829721697403607461e-01
1.818886744488736662e+00 -1.936179325812788843e+00 6.801801999255177034e-01
-1.150738185669852864e+00 2.056393763194922286e+00 1.179701931541874416e+00
-8.624590153456329622e-01 -7.380205213774790884e-01 -2.827005799829896415e-01
-1.307190171502976006e-01 -1.292181393358616592e+00 -2.289963519577826290e+00
-2.192876231329817571e+00 7.036777574211150466e-02 -3.917966744871613227e-01
-5.798261567585489829e-01 -1.298007554960107335e+00 -1.120435532974799031e+00
3.181385537167487954e+00 1.271267933467364220e+00 -5.435362335156792568e-01
-3.284335465436324375e-01 1.931347700490264052e-01 1.036516817165864301e+00
1.212244536630897596e-01 -2.243421013132058661e-01 1.294997426143382757e+00
1.187784696732862244e+00 7.793819570403781594e-01 1.637317641527837875e+00
6.585148388894190852e-01 1.534103128034480790e+00 -3.949629347712830807e-01
8.806216325620580543e-02 2.288904835533132953e+00 3.845324863856994790e-01
1.321884229668762734e+00 2.655744317651265174e+00 -6.496063504147053802e-02
8.655607189815692770e-01 3.543398982706632006e-01 3.036188816290407155e-01
1.027986184649757773e+00 -1.247068000431577950e+00 7.180524120344786709e-01
1.906559004330771190e-01 -6.110870380949028347e-01 6.141097489611946347e-01
4.736567474142205914e-01 -6.236036015932897580e-01 -9.923498512312438624e-01
4.919591530596081341e-01 3.706601219802626579e-01 1.818222954083774656e-01
1.914695074915858664e-01 3.372869792838004699e-01 1.306882510177365120e-01
-9.490932836017768048e-02 -2.106953599668552002e+00 -2.908864635096451767e+00
-2.049512027652133472e+00 5.492992517995154422e-01 1.508074659237879089e-02
1.029665572286783126e+00 1.100204636606343822e+00 9.706463383915486798e-02
-4.425800389280702962e-01 -2.628827041395389585e-01 1.083323576247379183e+00
-9.180823910810315125e-02 6.400198415451952005e-01 -7.337543011531816317e-02
5.605885147741451746e-01 -1.724756481413775022e-01 -1.354300286734814174e-01
-6.342615550648078582e-02 -7.526012890886297768e-01 -1.107540296776803102e+00
-1.286992945925895082e+00 1.009214665058416616e-01 2.566889486319416935e-01
4.722520984520062193e-02 8.011409378653917557e-01 7.212785371819541158e-02
-1.789082367806156260e+00 -5.802315858773658963e-01 5.868280861008206006e-01
1.191828590235151974e+00 7.416160045074757790e-01 6.402220477113114150e-01
8.961511797385388611e-01 1.417726770050562468e+00 1.316972247657961725e+00
-9.474387784117532796e-02 6.061011461787677579e-01 -2.726610387655778123e+00
4.648470551332568590e-01 3.745507528783018070e-01 -2.817163241124291950e-01
3.564342556182871213e-01 -1.130160402075081061e+00 -8.976618823499442623e-01
-4.265523703933303823e-01 1.120561258440539332e+00 8.649986574769757963e-01
-4.504140815171842060e-01 4.354300286636666462e-01 -1.344180488007850283e+00
-8.662402865630052240e-01 -6.736135368095383935e-01 5.806322062937476769e-01
-4.435261023138175052e-01 1.041732975574593878e+00 9.679204876522435885e-01
9.517503004472425143e-01 -5.134446424854717250e-01 2.778601902653208722e+00
1.481624500199576477e+00 -3.819082229642978277e-02 1.874805418129431578e+00
9.239097001298810508e-01 3.900194040821448049e-01 1.040249381197249967e+00
7.938595083662409735e-01 -1.986622254673321430e-01 -8.460895109261179492e-01
-1.580589635880352839e-02 7.325273519360995245e-01 -8.685413754203692438e-01
4.272499648491305813e-01 -1.960146348285738416e-01 3.697648409797699154e-02
-1.111272922531397533e+00 4.160312769976841629e-01 8.868531900670122425e-01
