1.322790423092159884e+00 -7.863934992008253522e-01 8.611229844371115494e-02
8.102110632087371478e-01 9.758831029361401121e-01 2.513938726676731017e-01
-7.211936083439904888e-01 1.768657403205719847e+00 1.735179654669085858e+00
1.382133188325183504e+00 1.011758800398804059e+00 2.822713154638298860e-01
-1.028696313945211882e+00 -1.028599886284273346e+00 6.524447635822914204e-01
-6.134565694446915129e-01 -2.004270172462824462e+00 -1.281879218326427594e+00
-2.589684676362593585e-01 -6.615295427329395128e-01 -4.030098768274414933e-01
1.574304755151692659e+00 -7.591339583396794488e-02 1.477729889739063829e+00
6.943735615130259831e-01 -1.763220089639696564e+00 3.389892949007543566e-01
-7.172901711053536467e-01 -7.789220810772913284e-01 -4.137589228302210320e-01
-5.166368445804138121e-01 -3.125486622995884423e-01 -1.000618961999601320e+00
5.835467865355583594e-01 -1.122043782471499496e+00 1.746346403982076634e+00
-3.288106972908616532e-02 -5.839445406273178207e-01 6.675012041884595959e-01
-3.219744632581478250e-02 3.764750649594871268e-01 -3.795174801854102609e-01
1.040903777117098805e+00 2.541607837529852532e+00 1.835509667542760903e+00
2.886589986188918822e-01 1.275813466788201511e+00 -9.446581041883430618e-01
1.375304445637705708e+00 2.858358402797391840e-01 -1.904479679692600458e+00
2.801839952213643348e-01 -2.544546600735743125e-01 5.633767540643613847e-02
-8.881112964308579549e-01 6.309093722271763571e-01 1.041161436009021779e+00
1.440528473393651865e-01 3.545848673835546583e-01 9.403791835776413865e-01
2.039010361732499499e-01 -2.198425531974168123e+00 -6.424669085266838664e-01
-4.452088481530213082e-01 -1.746838925019154942e+00 -1.555131450584773534e+00
-1.372313656920553182e+00 -5.250807515134165993e-01 -6.989876512639153772e-02
-1.026267100065855642e+00 8.559209538088219382e-02 -6.836959840260437016e-02
-3.035123994260373603e+00 -6.329495307799576365e-02 1.484661912455637056e-01
5.713999122083439630e-01 4.818724374612824435e-01 7.334540234255507718e-01
-1.048514243602221452e+00 -3.262781677671539260e+00 -5.947821345970349949e-02
1.228126915988934753e+00 -1.250944457594588721e+00 -1.288962406093480340e+00
1.167932208900897884e+00 9.761667483772329401e-01 -5.292396595949311333e-02
-2.308318207962596347e+00 -2.350261957099480270e+00 -2.766525480173221307e+00
2.737736240960354284e+00 -5.279450214428647037e-01 2.162405622885734124e-01
-5.106892137346602523e-01 -9.788476573379512047e-02 7.827820765611359644e-01
-7.508602179943679733e-01 -4.452775146665681749e-01 1.776313256958022890e+00
-1.117664296174976091e-01 -2.497163538869425770e-01 -4.650561364267725706e-01
-5.332096300547701784e-01 -1.050419145296181078e+00 5.632445785564510476e-02
4.888121792282156264e-01 -5.547026854487754344e-01 -1.323571722556797559e+00
-6.825805675746337009e-01 -1.393659344881538198e+00 1.561975474770755934e+00
2.614883208507794876e+00 6.261069696479099056e-02 -1.140924814821382638e+00
-1.148710739312609252e+00 3.804343729621108006e-01 1.632461602503632037e-01
1.117179603316800218e+00 1.236877346519407173e+00 -2.518141612946369623e+00
3.915862382209772674e-01 -2.009083164879535977e-01 4.289733165309696505e-01
-1.682956855094086546e+00 1.683560361190565846e+00 7.846946189595385146e-01
-1.137138141912128475e+00 1.133049681934439779e+00 9.095753142123215174e-01
-6.762173676968143976e-01 3.561769509446515158e-01 1.683780274681362599e+00
1.116511586042931992e-01 -1.716608280866924074e+00 -2.465589762087250225e+00
-1.988967020922515205e-01 -4.218511588775684107e-01 9.689939400129485847e-01
2.043842322695838654e+00 1.978040852091106805e+00 4.044888067827218103e-02
1.256459854679674026e-01 7.145653020234059571e-01 2.961051799198155532e-02
-7.289024868466986717e-02 1.134721843986993273e-01 -1.182421718853610582e+00
-1.336920340172406130e-01 1.877212915744248534e-01 -1.112657091956991140e+00
-2.752238600336023300e-01 -7.144452203415759817e-01 -3.751559298676091503e-01
1.362739136835869669e+00 7.688869301156062708e-01 1.662506236952685734e+00
-3.189417847677061824e-01 1.413305026748439941e+00 9.461758704220040173e-01
1.635690052461899135e+00 -2.071837636672775762e+00 1.529821136301592333e+00
1.302918385644043830e+00 7.072716985644199594e-01 8.586741082232711708e-01
-8.876895624700071874e-01 -2.311646573676426453e+00 5.938116202284999812e-01
-4.957346480687203627e-01 1.930970509311972227e-01 -6.170426442438035064e-01
-7.305991509930152006e-01 4.706061864698158903e-01 -3.515264669985281309e-01
-5.901055426475061427e-01 -9.307482939356246376e-01 1.104761338707863638e-01
2.142411167632103930e-01 4.323660709129119040e-01 3.665807399152187784e-02
1.156342927033382040e+00 4.221388771072619450e-01 5.591647324950363984e-01
-2.185806044721312791e+00 -8.657907965236784076e-01 -2.147388766080592926e-01
-4.478336550033290009e-01 8.824881704236218205e-01 -1.683748568745465191e+00
-1.798955978788653765e+00 1.701875421791032572e-02 -7.992827839458063188e-01
-2.757186019323563109e-01 5.453194147837563399e-01 1.554907463707344339e+00
-4.206581435248077927e-01 -1.210576991742754460e+00 -1.207825612298347728e+00
3.500574302825041340e-01 -3.920563144962038171e-01 9.229566198018657186e-01
9.914448697998079485e-01 -3.844365766997800971e-01 -2.093861867893009432e+00
8.983615494448091710e-01 6.068124191600818840e-01 9.508643688929152571e-02
4.592729807836016809e-01 -1.599193001581012297e+00 -2.637840336394685625e-01
2.799148772540852814e+00 5.435695224904811829e-01 1.667235510473802362e+00
1.320119674659860465e+00 1.316172244665731350e+00 9.918112217430876676e-01
-1.973375719035199483e+00 -2.224804533185473221e-01 1.816964582913925152e+00
6.868768131525943010e-01 2.426566369891948183e-01 1.003862338331796278e-01
1.155666006968866899e+00 -1.171967842029054685e+00 -1.225849336011952229e+00
7.811030729179309073e-01 -1.899655637230185379e-01 1.426557586458571336e+00
3.907271995468175607e-01 -2.868152142592198528e-01 1.672248347150105285e+00
6.179972919958232058e-01 1.794656056140114364e+00 1.148754070831947693e+00
-1.459301593200331260e+00 1.339205845673716810e+00 1.290821653237116395e-01
-4.784467696980742035e-01 9.265667821365286549e-02 -7.446553284558554697e-02
-3.615862434427180583e-01 1.677192714187907496e+00 -9.290032742409963795e-01
-1.698399147402608889e-01 -1.177785739591423297e+00 6.239597550237723222e-01
9.167085639640948358e-02 7.959278015320732091e-01 -8.182936730257561742e-01
1.239013394983338623e+00 8.631237370051767499e-01 1.116915593674557616e+00
-2.129758915522791618e+00 -4.946576178065414942e-01 -1.441828648504811738e+00
2.081997358428527178e+00 2.478608934582907097e-01 1.415657919795878517e-01
-2.197315387217383398e-01 4.040588392669584028e-01 1.465240248794015709e+00
1.287694225028896078e+00 5.056454974543039826e-02 1.965417621906599299e+00
2.139454512622279037e+00 4.217995108569854157e-01 6.778679014752405640e-01
-4.406207719588246530e-01 4.564837971868376254e-01 6.461923252256867034e-01
-8.111820252531238840e-01 3.310429741353008160e-01 2.844012033971978770e+00
-1.070252947884719585e+00 7.627774927458963461e-01 -1.668900381726077464e+00
-1.138235529637418919e+00 -2.158192154288433029e-01 1.261217702990421463e+00
-2.761862339284576251e+00 1.315479823167474693e-01 -1.828504120624994345e+00
-9.197408720179549579e-01 -8.323090011018623446e-01 -1.550282824092088063e+00
-6.355067640908104165e-01 -1.028614236643793811e+00 -2.763828350948118184e-01
-1.069266204801880171e+00 -8.151537051310551174e-01 -1.611050220754107198e-01
-4.472960940200743085e-01 -2.585479181722203368e-01 9.238760538085999396e-02
1.345153515425332902e+00 -2.892286614026253755e-01 2.437645371575775655e-01
3.277047719701651762e-01 1.663445473137702857e+00 -2.862022086277349331e-01
