1.188651012782566907e+00 -1.860310474758839483e+00 -1.079511041410184724e+00
8.065994770988793583e-01 7.977417126674544168e-01 2.206361452374239196e-01
1.273626239338012001e+00 1.114772366537147175e+00 1.665901273074940958e+00
1.363675512263383904e+00 1.133820013405614224e+00 7.696036986174795702e-01
-2.564597608148245778e-01 2.581922779902859677e+00 1.254801639227474563e+00
6.549424258418019562e-01 6.616714997242370000e-01 1.136097464018047676e+00
1.422751080939756996e-01 -1.062396199055625878e+00 2.543477283667417987e-01
1.238659353432723376e-01 1.020626851342869568e+00 -5.794815912152930792e-01
-5.405550735507447246e-01 8.382801085885331904e-01 -1.061818405789817454e+00
1.860947813613593294e+00 1.788712266346858204e+00 3.531612300292335860e+00
1.073990807463036212e+00 -3.894655213490541001e-01 9.857517216370523805e-01
1.176899745019212684e+00 2.249714150655988565e+00 3.025259321546867941e+00
-2.087386697775823752e-01 1.569657900184925792e+00 -1.666393466741722396e-01
-1.142275880559136869e+00 -6.356988479041483231e-01 1.499857593492611940e+00
-2.860602870680117427e+00 -4.280104388322865105e-01 2.045176988536538953e-01
-2.543622279899147021e-01 -1.147668590330637395e+00 -2.863746620609736726e-01
3.819714192775280903e-01 -1.347300333735461875e+00 1.284588779125637847e+00
-1.325703073879215266e-01 8.473923338849543851e-01 2.976484117079397640e-02
-7.005422591254251152e-01 -1.111847309589685806e-01 9.768753286051958806e-01
-2.526839514745375048e+00 8.210519261112936285e-03 -1.104092023027839709e+00
9.740873666243762274e-01 -6.492728302679811048e-01 1.354740144953677783e+00
1.251858761644359386e-01 -4.877561591903489813e-02 -1.128634240448878279e+00
-1.080585365499944217e-01 -8.520375083681739348e-01 5.382751892633027557e-01
-1.581191809102788337e+00 2.474119690114204850e+00 -1.699473013367338581e-01
-3.710924169756984470e-01 -4.923325274081467029e-01 -1.876667779403408121e-01
-1.384711910924719902e+00 -7.844634308562142833e-01 -3.123654463588475538e-01
7.935163158430476038e-01 6.537203166293543699e-01 8.091441648237795992e-01
-1.178423825349739218e-01 -6.481968651573444262e-01 -7.772905063581911911e-01
-1.972057609183253790e+00 -1.379517044628124633e+00 -1.803536014560610967e+00
-2.570214259851534289e-01 -1.645862375033904090e-01 2.362243043739774007e-01
-4.698733831188897092e-01 2.075847511482344032e+00 1.722506235901587024e+00
9.766598133461863451e-01 -7.907915190957146567e-01 1.247745834586374558e+00
-4.066759618950567257e-01 -2.924568595720558051e-01 -2.371904005753886935e+00
4.773479930310572383e-01 -1.101964016676127756e+00 -1.658820959888226643e+00
-1.367629133494236315e+00 -6.872346001779188196e-01 -8.230254186754422108e-01
-7.346741158054317378e-01 -1.600318529604733975e-01 -1.773119075087904228e+00
-9.573361415397808605e-01 -1.180656243867275634e+00 -3.501803685354701878e-01
1.085114060429234861e+00 9.999481866172283961e-01 1.203669143643589123e+00
4.605744022369067103e-01 -6.057058225796501105e-01 8.917034411974456010e-01
-1.124956789892090026e+00 3.253815937082720211e-01 -1.050359617250245181e+00
-1.229396973669433235e-01 1.883910393155848073e+00 -1.024317967387881723e+00
1.086956214364378059e+00 2.643199848192052226e+00 -6.936983267959033750e-01
-1.216445698976670986e+00 3.083680112796800543e-01 -9.426869432087476852e-01
9.922105880992895255e-01 -1.239656334014302086e+00 3.002392601260781557e-01
1.319549198000441681e+00 1.165013615569482575e+00 1.145240443457152146e+00
1.904534379982065095e+00 -5.371511016795775806e-01 -1.386116923315625638e-01
-5.519334103874773412e-01 3.839665902253191487e-01 4.298292570066899465e-01
-9.661765207526527011e-01 4.276836519507647427e-01 1.189122064107617227e-01
9.263215492523191319e-02 2.618423685412587076e+00 -9.819294545997736545e-02
1.248810780855548197e+00 1.344816623753664508e+00 9.423406713802355839e-01
-4.802461212354519615e-01 2.605632574998640205e+00 5.539687312355296989e-01
-3.532123836605061129e-02 -1.279750597639044418e+00 7.088249543225741967e-01
2.783930884138052786e-01 1.468633322743041481e-01 -9.783046151465362161e-01
-6.327245740725171430e-01 1.184794424679588953e+00 9.129829307492793866e-01
-1.205536826745394752e-01 3.246527111000118149e-01 9.308724324370978298e-01
-1.261876035563932685e+00 8.067661275243185326e-01 -7.370595890552464891e-01
1.817686086521996369e+00 1.445247088078424058e-01 1.813869626724466722e+00
3.001459201924070452e-01 -9.190400857376934685e-01 -1.348774151354506401e+00
1.351605647910043562e+00 2.869622330300983570e+00 4.989932314421338111e-01
5.443364324745958438e-01 -1.331051957602092717e+00 -9.472448226199975396e-01
1.134796162374663187e+00 3.965758284997231153e-01 4.948963658097177420e-01
2.734948295525874151e-01 5.149711656732269827e-02 -7.800119338246489509e-01
9.469480561598897506e-02 9.580597205722158893e-01 1.807147223140813663e+00
1.426425150382474860e-01 1.244379901679871336e+00 -8.973207340394018239e-02
-8.239985781982821500e-01 -2.024830175442327018e-02 -7.832083319221161410e-02
4.967627106022612926e-01 8.342740488029773971e-01 -1.196120365764637317e+00
1.264417259959150108e+00 -2.069196041586837120e-01 2.151162288237635778e+00
-1.701853490671475511e+00 -1.126880659629757586e-01 -4.180676978833425261e-01
-7.586233739850294366e-01 -2.548246801504944870e+00 -3.250467029383564133e-01
4.908140416626732838e-02 1.476164270562575265e+00 1.236416060060662625e+00
2.452523845191999730e+00 1.169647225894076437e+00 4.300043394843121591e-01
2.497847863247143474e-01 -5.678042206730850028e-01 -1.282949501043639362e+00
8.195559818661852791e-01 -1.707740542912774107e+00 2.299775699487593972e-02
1.604725802265554169e+00 -1.342749494349590567e+00 -7.208594696549586178e-01
-1.447991813765926228e+00 -1.174376474262414760e+00 -2.348194008950511780e+00
-1.408353217032807803e-01 -8.499622769105916742e-01 -8.050795195612454602e-01
-1.520569847076354231e+00 -1.464859460389659862e+00 5.790666091303753316e-02
7.392055962554733295e-02 -2.410798948708080314e+00 1.349272007994853917e-01
4.760642687043593058e-01 1.440701235204518760e+00 1.899590839059655645e+00
-5.580962773009152667e-01 -1.574049852449144637e+00 3.315040484724696146e-02
-3.284015008604442287e-01 -2.260943971092610028e+00 -8.650174585292337293e-01
2.056435932859161042e+00 -2.612791854736895569e-02 -3.408913988996299382e-01
1.066531647709031638e+00 1.032101143468231008e+00 1.434581632725467237e+00
-2.849962321550314481e-01 -2.185299299941334095e+00 -1.274022351901392014e+00
2.022991895853519795e-01 -6.309108262455698224e-02 4.076678776444945251e-01
2.517369128828908398e+00 4.910799283804889726e-01 5.598291697993325045e-01
-7.682482604006143356e-01 -1.474286965070907396e+00 3.595577664717722888e-01
1.069089649216860449e+00 -4.439389185251050307e-01 1.915776043722571265e+00
1.066864009198149610e+00 -4.461036241622559073e-01 -1.262625851488344164e+00
-1.444042648654545680e+00 1.403177393785889571e+00 1.805557256376365993e+00
1.089372712597863613e+00 -8.203609101985878116e-01 -1.271532740736357248e+00
-6.636925929256850543e-01 -1.831290138751432206e+00 -2.035259233883353058e-01
3.061215757050168018e-01 -9.614450231119064938e-02 4.593553470976438069e-01
1.767530002370917952e+00 -1.348212755943332120e+00 -1.291398998367895956e+00
1.626373909151790365e+00 -9.037896142294432611e-01 -5.724287937647158930e-01
6.319782195260181812e-01 -5.521760926899501598e-01 6.129756685348469736e-01
1.763921700839683471e-01 2.257131041409810024e-01 -1.905914890869997880e+00
-1.210769975793168918e+00 5.905482954430196774e-02 8.626094639943944209e-01
-7.680539977355982373e-02 1.318646486180090172e+00 -9.102500605912464682e-01
-1.927391729972440571e+00 9.344262502463773767e-02 -9.429635654275703160e-01
2.547655072221447492e-01 -1.121803669463946829e+00 -9.645892557087711872e-01
-2.123446935424659898e+00 -1.109153809960080617e+00 -1.128396686589471454e+00
-2.102717332872376943e+00 1.759181762573714947e-01 5.908007372633112819e-01
-2.530814020808747067e-01 -4.393888423556509548e-01 -1.411601304010850377e+00
-1.870799159094256314e-01 -5.905668008971285410e-01 3.643816026647376805e-01
-4.519089373893365180e-01 -1.464367043142300595e+00 -2.309045516700166112e-01
1.074696377404845693e-01 -1.411688761171849826e+00 8.565214946035426546e-02
1.640965987351756583e+00 -4.788194291983483009e-01 3.825470377736023275e-01
-9.865964752048173025e-01 -2.495665578223213554e+00 -1.365856574685479163e+00
3.140851704284484680e-01 -3.428205397317634073e-01 2.733643199122355316e-01
7.000139517200496542e-01 1.003020269326929670e-01 -1.743503537823371197e+00
1.205125151115479909e+00 -1.255184650718480066e+00 1.971634790343274046e+00
-1.349172266953923005e-01 -1.274121646418695963e+00 -2.662225895290235567e-01
1.659757200239231567e+00 1.103500441090185635e+00 3.747220233773499443e-01
8.204998679860455724e-01 -1.739548261455123424e+00 -4.900604133046353450e-01
2.124277918139991783e-01 -6.684411757891777217e-01 5.480385260299828198e-01
-3.329463783541397603e-02 -5.567612508252296477e-01 -5.234342710975858903e-01
-9.034827329540038310e-01 1.361726088999925643e+00 1.362824389778812817e+00
1.717187859734998101e+00 2.808645511625414426e-01 1.435872172896394350e+00
2.010326373906814457e-01 5.760078588766261998e-01 5.696224997999683737e-01
1.075117702539964526e+00 1.543664423870230173e+00 -7.038453782209648235e-01
1.033844214438337739e+00 1.307063069919486065e+00 8.014436577775438941e-01
-4.673928627241462075e-01 -9.241109296782384908e-02 -7.625338468884794718e-01
-2.108893560682280288e+00 -1.015015697746513235e+00 -1.429236838220308670e+00
-1.101692236859245222e-01 -6.613694579248385885e-01 4.253821551933820722e-01
6.419523650980362151e-01 6.809297417867763436e-01 1.872490408060268008e+00
-2.631855849899570332e-01 -9.893358626526416177e-01 1.154851312554024068e+00
-1.570661455604501988e+00 -4.513626014216541860e-01 4.016366698977733574e-01
-6.875815349180149916e-01 -1.432656327976174815e+00 -7.275912652663238944e-01
1.307559746280048563e+00 -5.503359208156239912e-01 1.607717943700311292e+00
-1.550032247012959941e+00 -1.056301205789001996e-01 -1.414069088769342564e+00
1.148103063596270790e+00 8.211301688467259607e-01 -1.058887775747204829e+00
-2.412720529107468259e-01 9.454260882745941785e-01 -6.591624153393618180e-01
-1.987721170604046517e-01 -1.326161650298155026e+00 -5.309809109290611895e-01
6.231621078851312667e-02 -2.212250336670785522e+00 -1.046585022079644656e+00
1.128098576382471130e+00 -1.118595974288137507e+00 -6.138888675851861265e-01
2.155205465256889719e-01 -1.462753631956585920e+00 3.492318428228147198e-01
-5.424839947864806833e-02 -7.952300829413860850e-01 7.244315133632912573e-01
3.250618943980407849e-01 3.869105323194421686e-02 1.383817442794546437e+00
-1.996506381397213925e+00 6.397394285223494403e-01 -1.577133085508043431e+00
2.696173282577214891e+00 1.641237432017611297e+00 3.192335989728378731e-01
1.422621182163707143e+00 3.356075194634119407e-01 5.836553131921567994e-01
-6.618795988452699230e-01 -5.635997951955672436e-01 2.438884006019423456e+00
-3.259982160198527934e-01 -2.998418692206550329e-01 6.351352854342915411e-01
-5.485826978116175034e-01 -9.043492901039524856e-01 7.064087553999787161e-02
7.512051014428040574e-01 -9.585895710418523841e-01 -1.014772814685002800e+00
-9.058577688098834457e-01 -2.232393382904894197e-01 1.416072158416485927e+00
6.219096367253496016e-01 -6.728705543612221174e-01 4.926966014093650537e-01
-9.555983163826724525e-01 -7.267366367666101556e-01 8.427510122717389862e-01
4.174301561918778436e-01 1.704972604992261553e+00 2.309093682745182008e+00
-1.955621683276791423e-01 3.444901841046987823e-01 9.745366725542761177e-01
-6.720497009962147494e-01 1.137045398942400753e+00 2.849155496609419025e-01
-9.204252779677681851e-01 2.509767826814425895e+00 -1.324069976428824402e-01
-6.529558417051728458e-01 -1.799461024614225302e+00 -1.304627331145399527e+00
1.318342722521746113e+00 8.768467504673868040e-01 1.279191865796139194e+00
-1.213436852329133675e+00 -1.532922891142936894e+00 -1.380166640441297776e+00
2.541934605120443891e-01 9.545859203306215068e-01 -1.731557438231640766e+00
2.104017548910281366e-01 1.831218131217148271e+00 2.631622436226312090e+00
5.908854388203821362e-01 -4.952674142929190948e-01 -5.779056839124208089e-02
2.006726022480930460e+00 -1.609807288297996131e+00 -9.538656601520352218e-01
8.781765721937033753e-01 1.661262958181313865e+00 1.222763680935854858e+00
-3.967867966327540685e-01 -7.362714766061215776e-01 -7.246356485618959953e-01
-7.945301203057022477e-01 2.981319181419650466e-02 1.014942381986251307e+00
-1.187671970357280671e+00 8.479482409666583287e-02 -5.910572779468654669e-01
2.640825522539723691e-01 -7.823410529327349261e-01 -4.055224189734446538e-02
-2.278489152775188487e+00 5.623276003239308096e-03 1.343379174087797834e+00
1.000132827446649220e+00 -9.391835619052263384e-01 -1.731722854084482455e+00
-8.389845122505452668e-01 3.102103580783745151e+00 2.065190078768891269e+00
1.633447031125927706e+00 2.652685803348397986e-01 1.315205697871381751e+00
-1.326233056830604440e+00 -1.852875953628779992e+00 -5.421629180601921227e-01
-3.559928243950628013e-01 7.983773835211904757e-02 1.088671480468402564e+00
-1.054969725173221295e+00 2.823416786024960379e-01 -5.204955220929208259e-01
2.346813553000743013e+00 -2.355039595787702833e+00 -5.761423966034224797e-01
-1.708754201986774079e+00 -8.710602133225781030e-02 -5.881691250765989087e-01
-4.650959333276955543e-01 1.023511494111348785e-01 -1.926388188676945723e-01
1.137593982827723949e+00 5.369470145019896723e-01 1.566625903520663110e+00
-4.326875183995512186e-01 5.693690666687316604e-01 2.154632252191741593e+00
-4.037688474561118568e-01 -3.586131613711854293e-01 -5.727245407790907405e-01
5.536579579473852597e-01 1.034996685042529840e+00 3.718377269487109782e-01
-7.574044254350790206e-01 -1.990398884828389336e+00 -1.749884302532128233e+00
-1.554123910640829331e+00 8.732361694891899173e-01 -8.632041903628789870e-01
-1.355960816686571757e+00 5.595831961325009596e-01 6.380401064546785683e-01
1.872117734472750206e-01 6.434175052036803510e-01 -1.114748479056120622e+00
1.646432505474832553e+00 9.774528508317681386e-01 1.702694950771747928e+00
-2.352626238279164284e+00 -1.767127473683305361e-02 6.071561335756059385e-01
-8.766415316639271094e-01 -8.167844772989794055e-01 -2.947941433378471476e-01
-1.198214001490374159e-01 -1.716967491207630925e+00 -1.996949629907964985e+00
-1.610618222267875543e-01 1.035966523362112923e-01 -9.039729754933865102e-01
4.719571660685029091e-02 5.891914208334837477e-01 1.805466910541011494e+00
-1.209841705734704953e-01 5.091268739550960376e-01 1.135878582791974845e-01
-6.055593896323850922e-01 -1.568143583827848464e-01 -6.066477503458913567e-01
1.631078586008515519e+00 2.192829899775126989e+00 1.827510259261722281e+00
3.423455858878690083e-01 2.117498609632355588e-01 7.163714513267915862e-01
8.560385194880240078e-01 1.683706664411170895e+00 -8.773563472510033101e-01
8.192796430357183191e-01 8.579316878337162056e-02 2.054400828649064259e+00
1.661670062561899641e+00 -2.128215766110458373e-01 1.328627726409998822e+00
1.968201067056917442e+00 3.616735440947381752e-01 5.063813646227126597e-01
1.867746064027699049e+00 9.173036909643065284e-01 1.172373099673924557e+00
2.778078748554180244e-02 -4.137585792979926458e-01 2.861573321185906238e-01
-2.380790970198403578e+00 1.069363217994672821e+00 8.292587381024953963e-01
2.151563799798805299e+00 6.662844355085310033e-01 3.259992957210792186e-01
2.756957439984157432e+00 1.003758551384496878e+00 1.176358619687022822e+00
-2.532482997155220961e-01 -8.407292044255150198e-01 -1.561840326416877645e+00
-1.139151380903762334e-01 -1.260724097481777051e+00 9.336418957918446448e-02
-3.794089878937216831e-01 -9.478552810616133195e-01 -5.022655442125738556e-01
2.903444999075692756e-01 -1.167687242483123722e+00 -1.282341829503448993e+00
-4.711025663551811071e-01 -1.144381606701173393e+00 -1.349532408457468025e+00
1.049508229638117962e+00 1.158841335470745415e+00 -1.888566120029562034e+00
-9.873131895656137580e-01 2.854987799287392880e-01 -2.336131876475848190e-01
3.316557493624492370e-01 9.700120078365267462e-01 -4.854460726058857922e-01
5.639854483971052934e-01 -1.433516983501031516e+00 8.229742331272457134e-01
-2.182661106257545169e-01 -9.511670547421189337e-01 8.932443394555797944e-01
8.690646402257020675e-01 1.903906892665714889e-01 9.851079367506920814e-01
6.299105957480404250e-01 3.047678493658716015e+00 3.037538876551406197e+00
-4.132816775701769751e-01 -6.357045669351877315e-01 1.342588914928168453e+00
3.078292438805729780e-01 9.825171793400542253e-01 1.584580597259991119e+00
-4.740710027869242671e-01 -1.351159797262944995e+00 1.358342151014537702e-01
1.435536181592153238e+00 9.652730691339702629e-01 1.391917309299837369e+00
-1.687173036553587302e+00 1.596617038388956855e+00 7.255819976632900126e-01
6.241833022744557313e-01 4.731285964908743535e-01 9.825309334971692454e-01
8.167343030484308652e-01 2.619897619719813164e-01 2.759547774510311857e+00
2.071571463845444327e+00 1.059733642805269938e+00 -2.306823139070202533e+00
-7.348969308907368214e-01 -1.355189785522781909e+00 -1.320598666404538601e+00
-1.108873159274334164e+00 -2.021183716040012790e+00 1.385022493866066684e+00
-9.633658475697748358e-01 1.544762582312991128e+00 1.036341383703946573e+00
-1.311306465342455541e-01 8.568156381303191349e-01 1.080580946639090545e+00
-2.069687385661760359e+00 -2.260846698130020149e-02 3.205049423352553939e-01
-8.803958942106957508e-01 -9.236455579617472988e-01 -7.155940630094242971e-01
-6.755982396004777124e-01 3.014389618541051252e-01 -9.110311795658921907e-01
2.135812464317626835e-01 1.767546627122696945e-01 -2.135967085470664273e+00
-1.124519014375303438e+00 -9.687440657416717116e-01 7.213568215577088605e-01
4.868578149984092440e-01 6.148920983660588480e-01 6.666921738752801252e-02
1.961258932658291432e+00 -3.717352648292188144e-01 9.065259491048844875e-01
7.227881177197255091e-01 6.473793661133728783e-01 -1.141343628392208043e+00
1.359226503553235599e+00 -4.286840079965453798e-01 3.285969393128347904e-01
-1.448366166685800760e+00 -5.614883909503878279e-01 6.286667062656741134e-01
-2.906906711889003514e-01 5.927238374585703795e-01 9.508112143656670678e-01
-2.920689112111151120e-01 -1.533683215152566781e+00 -2.198876140688874603e+00
-7.167651329194857368e-01 -5.719750938457046630e-01 -1.938267489773278784e+00
-5.254285103350641029e-01 -1.774470911294766529e+00 6.102905976573487212e-01
9.090348482435588462e-01 1.125252924474242189e+00 8.038016370079998918e-01
-8.785111012464317248e-01 -1.863292335214949969e-01 2.331926203090507466e-01
1.126496721841991344e-01 3.767314333318064201e-01 1.014298251960541020e+00
-3.515890546198841005e-01 -7.919349377485429553e-02 -2.236170924386736925e+00
-3.114820074941362371e+00 -2.257420333305975912e+00 -1.273868726042105770e+00
-2.387112811567507542e+00 -3.626495593757629310e-01 1.102300873462261910e-01
-5.010196218199941542e-01 -1.696110044612669343e+00 -1.920816905545961739e-01
1.384549702194454834e+00 1.974346425515513537e-01 -1.087535597462173653e-01
-1.407990359443203277e+00 7.618086792951811459e-02 4.250388557114560539e-01
4.872568710210729570e-01 1.807678761470797646e+00 2.471189238463718407e+00
-2.066460848976688247e+00 -1.903433741951956470e+00 -1.470423918173246580e+00
9.000953834024648659e-01 1.082681791521638459e+00 -1.011087777527790221e+00
-1.629587067879135986e+00 1.359344975248942156e+00 2.260504590696513549e+00
4.105250763893852906e-02 1.853899697176401906e+00 1.664908805337121045e+00
1.063614908232736855e+00 5.754172737446736630e-01 7.110147822351470248e-01
-1.439087100146785536e+00 1.137308647979986098e+00 -4.400143314734874522e-01
7.884154804219767332e-02 9.665915159144808921e-01 1.417329022167976849e-01
-9.033608661787029259e-01 -5.247426257993395016e-01 1.078788253384114215e+00
-1.488450169118625155e+00 -8.816585839535842073e-01 -8.239129974500880582e-02
-6.912039502300757476e-01 -1.328418615063342578e-01 6.552064024086253768e-01
4.927495666386411677e-01 1.262242914934163185e+00 2.441213513578439187e+00
1.434655386100911256e+00 -1.924835093793641594e+00 9.781076234526853153e-02
-4.041488181065419072e-01 -1.051179087339740859e-01 1.183894231410605347e+00
1.395810322937784953e-03 -1.456931683030107116e+00 6.474564094133348213e-01
-1.818372856952814587e-01 -3.143735698581278548e+00 -1.252007625805636737e+00
8.292809977372406216e-01 1.405218192858962434e+00 -1.143818208126747171e+00
5.111732622465332554e-01 -1.536318534418750881e+00 -1.642865260299907759e-01
-1.690263963788826818e+00 1.949499970155412765e-01 -1.502481479407868248e+00
5.068843725450259408e-01 1.120033154670990738e+00 8.149692069427816321e-01
4.304609910000832818e-01 -4.106364270561253527e-01 -4.636451358523640542e-01
-3.043063287423683483e-01 3.722107798170407600e-01 1.972212949430681705e-01
-2.218587890626020354e+00 9.843597815797580086e-01 -1.362986402005732511e+00
-3.239252621754865058e-01 -3.953447623868657779e-01 -1.349531605231385045e+00
9.569464259863134092e-01 4.748251987442367872e-01 -4.954202483897032216e-01
-1.280284364661700147e-01 6.692764112273668076e-01 5.229943230565137213e-01
-1.422071961514944860e+00 -1.660031338559872616e+00 -2.746288089889620032e+00
1.035263272623361264e+00 -2.747743805643855231e-01 1.652737036664015724e+00
-9.383831288447650465e-01 -7.161735763880217043e-01 -2.000779676294360598e+00
8.210123567603870853e-01 3.183943145717138545e-02 -7.498868345293502324e-01
3.862229303958697457e-01 -1.149731341660072736e+00 -1.401190446664644540e+00
8.975944544267301373e-01 1.010221126488367593e-01 2.339888109240566560e-01
1.297261476990006601e+00 1.082662854095493010e-01 3.730793125746906247e-01
-2.342515970755234989e+00 6.159558120858297237e-01 -4.103452246257615066e-01
-8.163897225326297580e-01 -2.981680345753601191e-01 -1.460538582237675964e+00
-1.497982271596939974e+00 -5.803553559003753470e-01 -1.141679358463174809e+00
-1.198365583099359144e+00 7.258862658434370729e-01 2.806179734862815911e-01
6.734136363616809451e-01 1.430078264978978386e-01 1.608561003894857899e+00
9.387956459539830156e-01 2.982589824258383260e+00 4.860952741145632694e-01
-1.972631690337162125e+00 2.348048141261993571e-02 -3.751112888048424576e-01
1.235328708047477964e+00 9.685076833092363113e-01 2.990579870188822542e-01
9.311228196871800256e-01 1.599282235442240352e-01 1.524483875534514254e+00
-1.270182866725837911e+00 -1.423744323979846182e+00 1.246614090287442078e+00
5.990293190669395695e-01 9.952422098091946445e-01 1.860166868840131160e+00
7.431217588263299145e-01 -1.546309833856516769e-01 -1.867218655727688192e-01
-3.706846565656264358e-01 -1.402133901264853044e+00 9.856179090682857247e-01
2.585061835523740914e+00 -1.227573129111497519e+00 9.320197463826388473e-01
2.339547341224794685e+00 -1.896989079988482541e-01 1.754572283748329964e+00
-1.141994783984234818e+00 3.190809045362675844e-01 -1.301142519854262325e+00
5.373827399007479189e-01 3.550348947590667992e-01 4.174521889363433380e-01
-1.779843556935779558e-01 1.548973223594867665e+00 -1.479751530176734997e-01
-2.112496126111240713e-01 1.162443712736387358e+00 1.686242902937788446e-01
-9.742625922435125263e-01 -5.167500014822445920e-01 4.246370775402154019e-01
9.673656300442293743e-01 8.142493740424247006e-01 1.254890960335952377e+00
-7.300121019027616676e-01 -2.976246274227263844e-01 -1.882290389463781022e+00
-1.927073733448073090e-01 -1.487562854303936977e+00 2.804278957124612948e-01
4.758559532874778730e-02 1.463459855588491676e+00 7.212952677057619111e-01
-2.126141774515518112e-01 -8.617613785461000209e-01 4.029392521178689623e-01
2.166978665385263514e-01 -3.410955119161673821e-02 3.925931496537388155e-01
1.185970468097167885e+00 6.168430720140920531e-01 1.159718962227346939e+00
4.904661356215862522e-01 -1.425594190746171108e-01 -1.873425014301630220e+00
7.461333867485909765e-01 5.213184930587316801e-01 -1.953737121825022793e+00
-2.974412817059082670e+00 1.155373293167982096e+00 -2.051965753517257518e+00
7.096872985267147493e-01 1.145562206672594563e-01 -3.337627693475239132e-01
5.472031763776494806e-01 1.573527433665329101e+00 4.008935604707803968e-01
1.561086843373329369e-01 1.144114527858854480e+00 1.343660608375424115e+00
1.011429416963486538e+00 -2.398674081520157930e-02 -1.579938917787958363e+00
-6.541309072706852357e-02 -1.766104771388473438e+00 -1.061148304270634224e+00
5.782122478739443183e-02 -1.866382976305285268e+00 1.043446388366239042e+00
1.527211198691676541e+00 -6.984966800157090816e-01 1.912093484103884133e+00
-4.521032118538986788e-02 -3.153765427636839869e-02 8.637745594167602903e-01
8.125690083771865968e-01 -8.183754773429812168e-01 -3.708390578208667909e-01
-1.906784672656556490e+00 3.586917344424881415e-01 -1.403261569231203598e+00
6.629746159529777971e-01 1.464089653913484557e-01 3.553080467907369644e-01
1.144059918012734212e-01 -4.961195296217170703e-01 2.831364777140786826e-01
6.902566618991911040e-01 -2.819654692601425428e-01 9.487285927220114878e-01
7.447532756716527258e-01 -1.376707205967182990e+00 -2.080615040950039019e-01
1.877626279596531500e+00 1.971613056982246537e-02 2.575890007730439635e+00
1.420175742117339546e+00 -5.722256763220372466e-01 6.515249783949231821e-01
1.834827282868886078e-01 1.016762741075694976e+00 1.580364625034353487e+00
-8.629084259215678010e-01 -1.281713124552655847e-01 -2.060585646050466124e+00
-3.920106636619312135e-01 -2.483225046721813656e-01 7.482703604491058869e-02
-8.657606323130100368e-01 6.321021089428988660e-01 6.547049443813317549e-01
2.277621469404889076e-01 -1.595614909601004161e+00 -7.910243470217996897e-01
-1.149415743454327954e+00 -3.802721560410955437e-01 9.340080585443646388e-01
-8.190670096971139902e-01 4.051198646609347476e-01 -2.116877213865732799e+00
1.035043548086336251e-01 8.532747143440767568e-01 -3.436082877088501020e-01
-9.657615275572573044e-01 -5.134299124493222344e-01 5.462730421401857939e-01
1.590940103626385715e+00 1.647412846612353876e-01 1.144139698020160800e+00
1.305866226472698344e-01 -3.258187647276304943e-01 1.415549335250181784e+00
-1.454725974840307856e+00 -6.814229777691505063e-02 9.496748854622016900e-01
-9.428326144779486384e-02 6.953167070861200338e-01 1.356354784060826102e+00
4.586944685013607526e-01 -2.604142601808443480e+00 -1.329891354909760848e+00
-1.197288553339126649e+00 -7.289140896705958994e-03 -8.171252210753627843e-01
3.074242198124451653e-01 6.620534099402211048e-01 -1.107468114507248469e+00
-5.205796858973632535e-01 -1.323617591316764042e+00 -2.793146163132828041e-01
-2.789433401523102152e+00 -5.565514677522048759e-01 -5.434731032428237185e-01
1.471593226032161139e+00 1.077811940551558045e+00 -1.337022190835374102e+00
-4.764805541084610185e-02 -1.052294185677076666e+00 3.328049216588563342e-01
8.890494218172884100e-02 8.166654838699194396e-01 5.632552265070525088e-01
-5.395308639334623901e-01 -5.081143093695326129e-01 2.269243021879219224e-02
-2.278202018168764553e+00 -2.237065102008499728e-01 4.629155835825171650e-01
-1.335703434791409849e+00 1.249291767589302937e+00 -4.070624673039940356e-01
-1.188290502028616080e+00 -1.895444010337973828e-01 1.301981347916806309e+00
5.262935081734724241e-01 1.316546840407941676e+00 2.184478446926370054e+00
-9.829801964163394912e-01 1.480861700361716160e+00 -2.262785800750348741e-01
1.817551078247669594e+00 -1.102926062084308434e+00 6.492443573980102300e-01
-1.436762217171644096e+00 -5.460233443575838175e-01 1.200428554840412332e+00
2.581838207773756277e+00 1.941859849866304777e-01 5.840072619123036768e-01
-6.585035895057341770e-01 -1.092906103427696340e+00 -1.828677868847383481e+00
-1.290485303757299418e-01 -1.679436638253152703e+00 -3.387183706178970022e-01
1.183457042118501334e+00 -4.149813624290721314e-01 6.536953286136482077e-01
-6.087784202065622541e-01 -2.811265120368018344e+00 -1.258134553056518223e+00
-5.153057859118206352e-01 2.630334224884982142e+00 -7.013161027438132855e-01
3.148723573045753010e-02 2.230886082689537142e-02 -1.076631950075536137e-01
4.498334066824440924e-01 9.185913085327841454e-01 -2.500071230165500924e-01
1.487259355838782771e+00 -3.879702153547999188e-01 -2.046886581274454109e+00
2.973893834360382682e-01 6.580807649286679606e-01 -1.027736522425096499e+00
7.192549290334396828e-01 1.029156430470642203e+00 1.753127034456322342e+00
-2.733008882796681416e-01 9.157287648927081580e-01 1.197207858610518372e+00
8.789012106680310632e-02 -2.854307289192277164e-01 9.439504544563530608e-01
1.265628795317133903e+00 -1.660545601056987453e-01 6.126762083431498418e-01
-1.356851789458428215e+00 -3.104124425312815849e-01 -6.915486891563699112e-02
2.401073069833005391e+00 -1.063858301817326435e-01 8.568961414301828894e-02
4.586033299274954178e-01 1.516096475958944811e+00 2.979079339132884030e-03
-1.344381970247275904e+00 -9.823367163289463688e-01 -1.768903961080279030e+00
3.016613538695468666e+00 1.962655437888572996e+00 -2.336454921923389882e-01
-1.352699768136883307e+00 -6.878256601036594198e-01 -1.103970885556162962e+00
1.038083927013183194e+00 1.837943291638874932e+00 2.215500866188322981e-01
-2.226801026041671516e-01 -2.999671989070096245e+00 -1.888754927747480661e+00
-4.717038081559920548e-01 -7.689557940465105990e-01 -2.180336041920292178e+00
1.307507495027494748e+00 -1.219651340112392290e+00 -7.179016069057294613e-01
-1.612415092216512136e+00 -1.725211499205298260e+00 -9.806205877887413935e-02
-2.540888043391384965e+00 -6.538251929954945751e-01 -1.854193567870772719e-01
-3.258516735725271118e+00 2.387462711993298958e-01 -6.035196087970590151e-01
-1.406843181581716173e+00 -7.179444516324765546e-01 7.587865901299504223e-01
-1.785670444074624275e+00 -1.014077948107081850e+00 1.169526256187155999e+00
-4.817950848420789467e-01 -2.098244156649246683e+00 1.032289626673483784e+00
-1.147939203665558683e+00 -1.011859786130373084e+00 2.181842458256422201e-01
-1.963111784299332863e-01 -3.404834632804996652e-01 1.188167484826337272e+00
-9.573012407007579494e-01 1.091934629402819601e+00 9.385166602848271644e-01
-3.264325452576842812e-01 1.783343429941234515e+00 -2.755873292051365109e-01
-9.964365577412068742e-01 -1.623226919877736596e-01 5.052795933176756904e-02
5.536153053467194329e-01 -2.439848404439032947e+00 8.573673468924758456e-01
-1.126435454783497603e-02 -4.351171054586869258e-01 -1.633060084182738292e+00
-1.087825891330032713e+00 7.853006980449668273e-01 -2.684349653364491717e-01
4.525236539498228572e-01 -9.930457729214891005e-01 -1.349674831494224847e+00
7.969624411305826772e-01 1.744637670288934905e-01 -1.242599097118577189e+00
9.678437828707009416e-01 1.376121050596107898e+00 -1.896284235819402975e+00
1.605812310789778596e+00 6.430773303427660403e-01 -8.751465233046789027e-01
7.179924763488878536e-01 -2.965328530384525041e-01 1.062082821628651752e+00
-2.325572541349859357e+00 7.203474061349373070e-01 -9.140270900768538986e-01
-1.366053890084478972e+00 -8.699128908561741813e-01 -6.058380246729957452e-01
-1.082813983168149807e+00 4.311011404966283989e-01 4.940947080948197012e-01
1.609682955712541164e+00 1.246329948615112926e+00 1.561560942154523790e+00
1.919865675458555243e-01 2.067112054347095551e+00 -2.325186014886523878e-01
6.186048536993400404e-01 -9.363504326890348395e-02 -2.078281052059781864e+00
-7.783771236534688942e-01 2.019741844959657140e+00 1.498825189931409341e+00
-1.257071245014984129e+00 -1.725413778312021806e+00 -4.520788517539064411e-01
-7.715929279828608323e-01 -4.726370843077717376e-01 -4.968981892567897463e-02
-1.135974021057563732e+00 2.625520405606138752e-01 -1.120726537707100956e+00
-1.153695571099172756e+00 3.373132857730767320e-01 -1.258715333850058293e+00
8.022609574315964220e-01 -4.640193800216378950e-01 5.031308230986664132e-01
-9.651647276649077956e-01 6.935009107939467121e-01 3.453909373894280543e-01
1.129069882672103731e+00 6.042059799047996282e-01 1.059252141063079522e-01
3.891131381524574606e-01 1.367536276897077130e+00 1.299416443159085444e-01
-4.035283592910139383e-01 -1.624771400829555068e+00 -3.868636736872044235e-01
7.196256890556345098e-01 8.256500896827432268e-01 1.062186354696656121e+00
-7.392841073277638397e-01 8.724140713013883719e-01 -1.127275891382435447e+00
-8.570731637785198309e-01 -1.822172045791886408e+00 -7.234591121359309485e-01
-2.336812979549096614e-02 4.274305672877704021e-01 -1.830522035777963685e+00
8.177224915807480565e-01 -4.564033144694119581e-01 1.432939051794035912e+00
-1.374520850714032072e+00 -3.198855858509402350e-01 -3.324121858390307604e-01
1.730625954790159238e+00 -1.984785080437100779e+00 -2.161037312498764740e-01
-5.782173076150414204e-01 -1.258153799899067060e+00 -6.619792140874211084e-01
-4.714620489096580935e-01 -1.037297847838860143e+00 -1.550850717596718109e+00
1.301891530758489957e+00 4.985298216057951204e-01 -4.712439172129003762e-01
-9.215905097254104561e-01 7.594949741273582244e-02 -4.212835947827433536e-01
-9.120343446403054166e-01 -1.726207812123141117e-01 -1.189376103842197274e+00
3.080774843595650569e-01 3.497404192034192505e-01 -1.196892984544868366e+00
1.637466882295832149e-01 4.134743514587659874e-01 8.160390964909574052e-01
-1.164038898532156807e+00 -1.026947880980479955e-01 -1.266172132569742814e-01
9.981681997325422273e-01 1.643764986015997964e+00 -8.219682129009970861e-01
-2.235504387697488382e-01 -1.790099337021887838e+00 -1.275482959012238293e+00
-5.569160970931424925e-01 -1.524888165312971555e+00 -1.204324957229419901e+00
-2.553301435982496814e-01 1.207351683293468314e-01 -7.191861609210252748e-01
-8.463725089831590775e-01 -2.241374784380824270e+00 8.831261015219069588e-01
1.096147380708056618e+00 1.134640475919579394e+00 9.565768691991960448e-02
-4.913542265441258050e-01 -7.425735608176653457e-01 -9.405734903662690272e-01
4.316642983897400199e-01 1.530571644053785096e+00 5.566433537793539221e-01
-5.959771739324445372e-01 1.815556273487507699e+00 -1.255411738964751223e+00
1.514093899721557834e+00 3.594878905915513956e-01 1.903667636309363198e+00
1.641274799483984692e+00 1.166229472098321729e+00 -5.993145032133861960e-01
-4.898983719439904960e-01 1.120861948320317936e+00 -5.562758744290648982e-01
8.147845085352134475e-01 -1.942323483367454307e+00 -2.676572536847066086e+00
4.463295020929377577e-01 1.038375505334601545e+00 1.284496058745381530e+00
-9.798547995009609934e-01 1.826547434641849765e-01 1.445851183177237598e+00
8.898878992496268570e-01 7.263563395165757441e-01 1.388999532958697714e+00
6.722317615760574627e-01 1.186999727203852606e+00 1.293667901231411177e-01
1.229536215730912652e+00 -7.130354240661133103e-01 -2.097667518235714290e+00
-5.305006713006188424e-01 -1.117991070084672356e-01 -1.233518812869068171e+00
-2.504502583176316577e+00 -1.560457627077033838e+00 -1.341418518945375560e+00
6.851161483358469972e-01 1.854429995508157791e-01 -6.706315605034510741e-01
-1.327622942363047454e+00 2.870806334424023110e-01 2.361811063735638205e-01
-1.507977838828050920e+00 -8.270381296434730078e-01 5.543683156792300615e-01
3.556814012304401196e-01 -3.464297013984757312e-01 1.289389691451987008e-01
7.845082129504805657e-01 1.397403600437421289e-01 4.986496955198758130e-01
1.422291239433768562e+00 1.344071317430886037e-01 -4.660906214696566296e-01
1.479044252113561164e+00 3.065760321464798266e-01 -1.302982141707573538e+00
-1.426664545372547943e+00 -1.399338466807788839e+00 -7.467469958900315730e-01
5.090029139747316300e-01 -2.205642210472105180e-01 1.167290136533035705e-01
2.437748380773049561e+00 9.976456631816625897e-01 -1.177976484328472351e+00
1.365652849838330463e+00 3.809119161709356716e-01 -7.616521519005126084e-02
8.175978414274975847e-02 -1.008688446633204006e+00 5.841524666330102367e-01
-2.833760342677366095e-01 1.140968166153208951e+00 1.637589901158672756e+00
3.349128506655030257e-03 8.834809217030401562e-01 2.379121616191845590e+00
-6.536244300750766456e-01 -1.189225847813419001e+00 1.682453378373770292e+00
6.708873878847859684e-02 -1.364318119364703596e-01 1.805475034076913232e+00
-1.803441630435437482e+00 3.244347208704269070e-01 -1.181095608647823259e+00
-1.588649193487430722e+00 4.690211043510141842e-01 1.158822700951200879e+00
4.056814011619548910e-01 2.028766861209574390e+00 -3.546012586460303151e-01
1.211355501153139169e+00 1.947783247280920893e-01 -1.143128603787383790e+00
-1.455393762658549583e+00 -5.413640291194273813e-01 -4.509319781709348329e-01
9.562771021515676928e-01 3.826451081152827394e-01 1.188282961672178173e+00
8.455283639774422433e-01 1.764113821525671089e+00 -1.338408843995270381e+00
-1.339749681264661429e+00 7.026241768854635250e-02 1.143537191226752792e-01
-3.259292662691548603e-01 2.886303038673028620e+00 1.141102622604535766e+00
9.568928280920930840e-01 -5.302427343367137613e-01 1.530481363250360216e+00
-5.759818685884416922e-01 8.315136281884485392e-01 1.400038421750464668e+00
3.391166068800584021e-01 -6.784577237299516117e-02 -7.586175647275117395e-01
-1.158302609437669606e+00 2.371855172726115013e-01 -1.439723178614146004e+00
1.593463810535060698e-01 3.315900504889457423e-02 5.564347119222392557e-01
6.192382776400867650e-01 7.173453182256145366e-01 1.185408268718999514e+00
8.217892297418725178e-01 -5.068612885982146654e-01 -8.062374542358602403e-01
5.101016977956918108e-01 -9.139416787293284106e-01 1.031351279991913561e+00
-1.628188875546070058e+00 -1.102509715742773677e+00 -8.621948818227070932e-02
3.235048717284827458e+00 1.056220663392253956e+00 3.181447142126300198e-01
-7.595448897178425085e-01 -1.355497222689574954e+00 -2.068699263109663455e-02
4.282827672365034366e-01 -1.618023075709770442e+00 -2.922513250185972966e-01
-3.031976687843552565e+00 -7.652608607164275156e-01 -1.123229202803158966e+00
-1.422341580708865294e+00 -7.408707777723259058e-01 -1.259817049856611249e+00
-2.814011150145862006e-02 3.287050939170907959e-01 -1.688252533054357185e+00
-9.635087746438266709e-01 -2.443966817562730043e+00 2.242360320931323647e-01
3.574498782100187233e-01 -1.173288939329401925e+00 1.738936810134406707e+00
-5.655128134310793975e-01 1.803586441834159837e+00 -6.523344805498814125e-01
6.387850367359571013e-01 -1.408159745401611929e+00 -1.382094062547828406e-02
3.724241686974528731e-01 -1.987944171920986491e+00 1.572534232856500402e+00
3.336806161125248082e-01 2.072074309751102406e-01 -5.559909556326878555e-01
1.798711089986431144e-01 -1.316826732774664110e-01 -7.390806598805963468e-01
-1.519465419448468246e+00 -2.489395090303696545e-01 -1.861205838603309237e+00
5.575294788043021477e-01 -4.345553280332524748e-01 -9.950101378186206880e-01
-1.690896370124782777e+00 3.756090625509378444e-02 -1.216139235770772542e+00
1.996547144180552902e+00 -3.230409493033871149e-01 8.606757333990668890e-01
7.494636397753207113e-01 2.817441358855607536e+00 1.032748309807845821e+00
-1.195754374496859951e+00 3.008502758956709267e-01 5.848080295009816520e-01
-3.788898334624241082e-01 1.630225618806503407e-01 -3.432083504318521605e-01
-2.402330598416456686e-01 6.939889329661452777e-01 -4.978933975607963691e-01
-7.457149739025161761e-01 -4.913652829160495283e-01 -2.136727583043120493e+00
4.247167018600442323e-01 4.470794684728299218e-01 8.422851347840596414e-01
-4.569633697675772321e-01 6.735416868287991132e-03 1.844352862059243980e+00
-6.665546983712271611e-01 -4.724187068927788169e-01 -2.091275652897852666e-01
-1.523159801562576465e+00 -1.112104067600586221e+00 2.199037239109513653e-02
1.378619504685349995e-01 -2.140541788840768955e+00 -7.718949628244988759e-01
-2.809875817535214093e+00 6.009093604261495081e-01 -4.815766097330771434e-01
-2.724202290186230613e+00 4.203246595847399680e-01 -6.944600750956465562e-01
-1.931412848376667935e-02 -1.542106909800746717e+00 -1.966536923960707783e+00
8.868033478317418616e-01 -1.608545605442640580e-01 -8.085709025893113022e-01
1.429102505829804581e-01 7.791110744063844962e-01 -2.447134819909992931e-01
9.024984210013480279e-01 -2.125059396332934503e-01 -1.310080093770446208e+00
-4.522975198187867418e-02 -1.464777968690150090e+00 -1.459537383165345759e+00
-1.443107797253402991e+00 1.040062459518944715e+00 1.337355690249104168e+00
1.979096353658390983e+00 5.152215502096993971e-01 -3.671531378915114940e-01
-8.085268712624387177e-01 2.447830400654282812e-01 -9.606925826496615084e-02
9.332061620091921528e-01 1.726965293029262938e+00 1.005111533182534433e+00
1.905504921994981116e+00 1.537420372108320388e+00 2.416595956956876012e+00
-3.993477807357032061e-01 -1.128583773541128599e-01 4.750291301702402880e-02
2.474442259549139322e+00 7.754625418572500539e-01 2.256789195755679600e+00
-1.008436986779591482e+00 4.093318872474676073e-01 -6.165290630614217449e-01
1.333844265821345854e+00 -6.959340163964107262e-01 6.706302047743781802e-01
7.194573234589645150e-01 -1.269082294232533714e+00 2.192643479012302277e-01
-2.979014256657259718e-01 1.568262737318456557e+00 -8.042770410997861497e-01
-1.690915341067252387e+00 -1.047293852934058744e+00 -1.527547686416633965e+00
-5.336264109800320510e-01 -9.539130120097614185e-01 -9.347673056694650873e-01
-9.812377801235516728e-01 -1.603056711501123832e+00 -9.015136430916275145e-01
3.034588889225645625e-01 -1.064553426237790923e-03 5.653379349358639283e-01
9.574284214736625831e-01 9.634406825406731656e-01 1.122947519422417439e+00
1.384938137591597229e+00 -3.134243468337952754e-01 1.170973551032994164e+00
3.068485812173132876e-01 6.285128248579356924e-01 1.175516305937617023e+00
1.211924034745329504e+00 3.007520336014913864e-01 -5.120247524581169607e-01
-1.431508452815046240e-01 -6.310488744481461687e-01 -1.413652944211815310e+00
1.417277345939915723e-01 -3.977750794526587752e-01 1.457819267448337008e-01
-1.494136570305923062e+00 4.895383715859286111e-01 1.922680086574019009e+00
9.871843922304743835e-01 5.049145575376301487e-02 -4.903289843328095809e-02
2.445355039517358442e+00 -8.533008886960926631e-01 -3.750295199706000782e-01
3.809730635743617810e-01 -1.438097184648659210e+00 -9.417074420157152126e-01
-2.000588184209830533e-01 1.533184214401949630e+00 2.100344986290284766e+00
-2.942747759272399399e+00 -8.043553779091038303e-01 -4.113896310731174344e-02
1.331486824271239655e-01 -2.842477568467125515e+00 2.202652374655010181e+00
-2.066000120332550871e+00 -2.367247253044709510e+00 -1.292034392522807273e+00
-1.663862437105861014e+00 -7.130363215394374121e-01 6.356941452437581130e-01
-1.193335475611031038e+00 -1.157407696073039727e+00 -2.236171817236669135e+00
2.819414184401249912e-01 8.110283659235633102e-01 -6.860524192816568334e-01
9.057869912637178667e-02 4.139269037015062547e-01 -1.878611456244173583e-01
4.736818113124996454e-02 -1.177322752874465639e-03 -1.857279588397566350e+00
9.575680811059315012e-01 4.131047079460388183e-01 1.395599199900486642e+00
2.071964447341874127e-01 2.337963689230342368e+00 2.921900945272805084e-01
3.782208298932029367e-01 1.767958282316016705e+00 -1.015834711511272026e+00
1.476258003637524796e+00 -2.360141283577892879e-01 -2.730808236077174822e+00
-5.866818310477732723e-01 1.406430025859106259e+00 2.467266154328363825e+00
-1.448073808839417165e+00 1.382817548607849112e+00 -4.406971309478293630e-01
-1.402407435613227671e-01 -3.067076017949250666e-01 -6.565890550372543988e-02
2.610264856859217941e-01 -1.501642768271163497e+00 -2.866863560741657047e-01
-1.387890408016311472e+00 2.022228373253558420e-01 1.516391527142224138e+00
6.142341881363799772e-02 -1.350839500486693545e-01 -1.487653361545774322e-01
6.624960620160630365e-01 4.215810369333056751e-01 6.632379889576662801e-01
7.081926071632598241e-01 -9.228897402862974442e-01 -3.237516944195512725e+00
1.486906306590948468e+00 -2.849795859337208581e-01 5.853506510172666877e-01
-2.337491545080543909e-01 2.056281697806399134e-01 -1.242238677660888468e-01
2.250537206855778294e+00 9.081785566652068598e-01 -6.487772637542552623e-01
3.126250965583297070e-01 2.324257540515655140e-01 1.289882391143193363e+00
1.216525623179118831e+00 -4.990056907830553445e-02 -1.389936025979868761e+00
1.182875360859800606e+00 9.174362694165283383e-01 1.291604105502296873e+00
5.434404741750076262e-01 -9.114718126636405238e-01 2.247621544804630389e+00
8.143387434486113463e-01 -1.371493627686716454e+00 -3.055877720346596993e-01
-6.487435123288893823e-01 -1.050202437370991948e+00 -9.399938487846406510e-01
-1.970289203218009266e+00 -1.167303832379429807e+00 -1.950774373141805684e+00
2.844360495935442934e+00 7.055396981320551930e-01 1.809885716699981328e+00
-1.242932151219868331e+00 2.123627923911273196e-01 -8.889251140142251373e-01
-7.175398299769339960e-01 -1.346211543072480366e+00 2.361614720042246596e-01
-1.303102192840749574e+00 1.028368594184900120e+00 -3.102567422220836590e-01
1.146646771186806468e+00 7.572463142388141666e-01 -3.849582169894385508e-01
1.789519256924972934e+00 -6.489720495213640028e-01 -1.655972373319478663e-01
1.127248603683179695e-01 -2.036037011894020310e+00 3.597830342203015563e-01
3.881044599046954424e-01 2.402594165088611788e-02 7.273404500388939153e-01
1.494461324937681468e-01 -5.184012325017945955e-01 6.101624135323815423e-01
1.272355388203233240e+00 2.036036725565948835e+00 -1.234089185464692928e-02
5.513723097346986401e-01 2.055400866839814711e+00 -1.183726798896659327e-01
-6.440525965889516424e-01 4.302396225010891584e-01 6.978485411153254603e-01
-1.093524625292828789e-01 -1.573216115329248987e-01 1.365315038989287633e+00
-1.498124567984820743e+00 -6.466808704869957403e-01 -1.460048157553840653e+00
-1.221390489036984661e+00 2.603601936069629197e+00 1.716960869254211319e+00
1.213658019316780745e+00 2.714597330755556204e+00 -9.947979814159502165e-02
1.144818130359330777e+00 2.662854561903016837e+00 -1.033212333158991969e+00
1.001388958880761182e-01 -3.713680551511805428e-01 1.494993854852279869e+00
5.532050827914869462e-01 -1.358311118724472522e+00 -7.515642047309101237e-01
2.982743132777893713e+00 -1.393105609608555673e+00 2.899586995889634755e-01
-8.924751219273208136e-01 8.762194925137229973e-01 4.241987847786904409e-01
-2.522059219635208738e-02 -1.118986830818913258e+00 1.048879568077721647e+00
2.152313947070345179e+00 4.376391643926375030e-01 1.343418491931350989e+00
5.539970274480883194e-01 -8.153447143367309469e-01 -7.030427037616759911e-02
1.171565772043507980e-01 7.211509344094191309e-01 -4.018926083851848130e-02
-1.634904201972141591e-01 -7.007374159877479691e-01 -4.186674105017964553e-01
-5.935816768795487697e-01 3.250364528376947781e-01 2.440762109339505992e-02
1.056738451502468479e+00 1.449458181393281642e+00 6.170514182145807602e-01
1.875403358871206017e-01 -2.304468135794418004e-01 -9.203630804770062124e-01
1.019712630112784124e+00 -5.074480850851785796e-01 3.901634103545434940e-01
9.064642920263308312e-01 1.875702562980551047e+00 -1.599671565815716789e+00
-1.524898651436702668e+00 8.694338271047674649e-02 -4.585916775837888815e-01
-6.479049467788307037e-01 4.418722940516944808e-01 4.983440089125290573e-01
-9.521653057355681238e-01 -8.276806488018429997e-01 -1.687718485824604153e+00
-3.861070349933398704e-01 -6.322702183122645980e-01 6.973280599792017753e-01
1.268826416093991938e+00 -1.488748164887821357e+00 -9.192981878863932810e-01
-1.237617782068192174e+00 9.643796427502910884e-01 -2.030962892988638302e+00
-7.566492027101026085e-01 1.003243851269208342e+00 2.288034936099572647e+00
-1.175285754873749200e+00 -3.461687346664088505e-01 4.764713145503595704e-01
4.240012684822975220e-01 2.021091336505331792e-02 1.915524972174818208e+00
1.239085724811600508e-01 -2.460932897814906983e-01 7.627379055241461092e-01
-1.810444992291178501e+00 -1.095220196362398091e-01 1.754044793675442193e-01
8.078209763486854378e-01 1.174837642013103922e+00 1.332097420151700184e+00
-4.088289233067085027e-01 2.070022008877978159e+00 8.811583370249580494e-01
4.932414914917510051e-01 1.195347663449784159e+00 -1.150426511344731173e+00
-1.521888374718958659e+00 -1.567526115952846411e-01 2.838354526414202272e+00
1.420610035676633132e+00 1.299651143220085903e+00 -7.788936753727779827e-01
-5.682837159645943714e-01 -3.831573847993844373e-01 2.283411845069645452e+00
5.363290586181759245e-01 8.238197867810002073e-01 -1.091242565769523942e+00
-1.267018316000076306e+00 1.519605828160897065e-02 -2.462021413602678566e-01
1.131729691442912689e+00 2.000740788866981035e+00 -9.593000358988286180e-01
1.347068158986954867e-01 1.490103580238197889e+00 -3.719849844112345094e-01
2.096301728505928885e+00 9.464402289196791607e-01 1.378378721032053944e+00
-1.196860822544122183e+00 3.338882185488321053e-01 4.615911414320238437e-01
-1.579995954986786355e+00 -1.471857063058887416e+00 4.367382871420633084e-02
-8.617224736190434164e-01 -1.387895398641523892e+00 -7.232909061884242874e-01
2.144404406165968169e+00 -1.022757980934576594e-01 6.429012246492458171e-01
1.593922721605657955e+00 -2.596286376797741102e+00 1.874083344881849467e-01
2.426143479333648045e+00 9.247730476354099061e-01 2.629190736113219629e+00
-1.166008424144555633e-01 9.230097942336707995e-01 8.410185872532658369e-01
1.752075458601275670e+00 -7.758563146122499088e-01 5.119132137707955721e-01
-1.116654542276765749e+00 -2.213544883301686861e-01 -1.637597068654389032e+00
-2.839861739513379613e-01 1.750395755661621422e+00 1.061043220525104358e+00
-1.658540028208351558e+00 8.875417654148280988e-01 -4.065769851123361978e-01
-2.076066766584867551e+00 8.821679550321886998e-02 6.851555078628674966e-01
-3.116207620308601989e-01 5.587515228303092663e-01 -5.758518239535632688e-01
5.797800718237547946e-01 1.584641350380399549e+00 -1.315598292817032888e-01
-4.428724447228243322e-01 -4.863895757228651751e-01 3.741981678389058041e-01
-1.220715314215641722e+00 -1.258897773223413008e+00 -1.016417509405511677e-01
-5.166624877968459817e-01 4.430866713834273884e-01 4.233898579824435515e-02
-2.035632898146010561e+00 -1.695096699934174334e-01 1.389641675168591606e+00
1.883879067781236150e-01 1.628291499896896477e+00 1.530788788436092895e+00
2.224574346917451706e-01 -6.497858621501897414e-01 -1.102762523545696149e+00
4.034380561565726886e-01 -2.462240712072154558e+00 -1.246511903267496280e+00
-4.822880791105663700e-01 1.890581004058866643e+00 1.988314336893784118e+00
1.066769780117873712e+00 1.055348324778791147e+00 1.541681292311694706e+00
-1.515418650542181833e+00 -1.658161651688077498e+00 -1.996509555534737856e+00
-2.026514409665058913e-02 1.802206468093696667e-01 8.910425009112041828e-01
2.241345983181597390e-02 -1.167687281536556654e+00 -1.419980004282939690e-01
3.239493384694016598e-01 -3.350901740090055370e-01 2.096848114244895811e+00
1.462127762325345914e-01 -4.233273568556077393e-01 -5.189159108959167099e-01
8.373386079264082404e-01 3.845535518685000431e-02 1.209725177691666875e+00
5.181063934151017847e-01 -1.196289019011668842e+00 -1.738046792865456158e+00
-2.400492146685790917e-01 3.340202449297139387e-01 -6.048746026779665552e-01
1.768278067187794234e+00 1.627678003042755561e+00 -9.945599270580784967e-02
1.587492193535801732e+00 2.557696033855095807e-01 1.164599888961915131e+00
-1.502742514662865347e-01 2.188439427718013031e-01 -2.217956340819153827e-01
-1.911987342016732150e+00 4.085142834824427305e-01 -3.949558095740166586e-01
8.271741109010521953e-01 1.303452894718706290e+00 1.531518294426067905e+00
7.753651815355167010e-02 3.606533929301062313e-01 -1.268765860322730976e+00
5.644669557755586098e-01 1.684336602050356513e+00 7.796706325121800507e-01
-1.270468629690792106e+00 -9.021688327600203561e-01 -1.308558957747431695e+00
-1.977679589234908386e+00 -1.148514302316598346e-01 -1.338843081129269308e+00
-1.705766748013904932e+00 -6.794151641900904037e-01 -2.012725224730053331e+00
-1.502896464947798494e+00 -9.591733057524940431e-01 -1.692469294079270714e-01
-1.050350726370261056e-01 -6.497379079007552516e-01 5.557044578626080256e-01
-2.343808526348283849e-01 -2.697549585428206109e-01 -2.443514608686107259e+00
5.294755808118484230e-01 2.631804943853059076e+00 7.994966472054707562e-01
-1.987416709637784829e-01 9.767652845959684527e-01 2.004154780857421159e-01
-7.147006075082165122e-01 5.092602566232911077e-01 -6.954700497057708652e-03
2.597695486569890910e-01 -2.372606326207216121e+00 -1.416102562816050625e+00
7.181303906401714787e-01 -2.717987490387827609e+00 -1.159392398378480404e+00
2.167948152216413460e-01 -6.083550022496853060e-01 1.504724561399075400e+00
1.593590317330553452e+00 1.368426175939490896e+00 1.208063459369276060e+00
-7.331388684690300916e-01 -3.612662349197803824e-01 -2.106320413423982352e+00
-1.247047844835241226e-01 -6.257023623273924029e-01 2.504319752256261022e-01
1.631533865963962215e+00 3.610774624485049156e-01 9.257769667064308372e-01
1.606945671082137261e-01 -9.413917719212228086e-01 -1.382573669768793145e+00
3.673316081600508376e-02 -2.747456901641024629e+00 -1.165798670639493384e+00
-9.673878058625660081e-01 9.893401702333206593e-01 1.779463826718071351e+00
-2.009250825664838036e+00 7.182095717432814830e-01 6.231692679012580394e-01
1.277950627145372664e+00 -1.730121291566449671e+00 -5.188209305730393517e-01
1.118594702042978728e+00 1.617754966533420102e+00 1.164140935317731218e+00
-9.025430895039303625e-01 -5.626496965800498185e-01 -3.401387437760650112e-01
-5.078963268523224439e-01 -1.453137028836991362e+00 1.278246156229710495e+00
9.957353831663438015e-01 -4.592354152041677740e-02 1.052502433341562460e+00
-3.720619995447300710e-01 -4.278011057939790640e-01 1.878005076211519686e-01
-1.181703384263118384e+00 -4.122574449973858135e-01 -1.927933727675613218e+00
1.624362063525783828e+00 -3.624559520146366509e-01 6.191399422176708800e-01
-3.745916388477561476e-01 -1.483370763546743909e+00 -2.671017765731025673e+00
1.356437364597020245e+00 -3.386385410844957033e-01 -2.981231150542365871e+00
1.379661204054267731e+00 3.872311447097325776e-01 4.382376348156901691e-01
-1.373085024180197289e+00 2.605847242662688856e-01 -2.784818591234858864e-01
-2.476667438047230441e+00 -2.094415664585621784e+00 -1.298129444998987747e+00
5.159305595662175836e-01 6.056498227285805891e-02 1.166899623866752389e+00
-3.231513451765541944e-01 1.098118028299843729e-03 -1.434202307182086411e+00
-1.227415019329125556e+00 -7.945772144426908046e-01 1.377599676786921634e+00
1.390356297995160251e+00 -5.170519036589882322e-01 -9.009963276798120813e-01
-1.249159852403135540e+00 -6.976335369890678262e-01 -1.680996640677600573e-01
1.216924159895623747e-01 8.979316211578465268e-01 6.934584432584424141e-01
5.749702394738762656e-01 -1.249699016859009859e+00 1.879389924564589531e-02
-9.832603896633780316e-01 4.637587170767631939e-01 5.531060700769999672e-01
-1.418966557657409311e+00 -1.607778452476311903e+00 -1.292127415833240978e+00
1.719188484386275917e-01 -1.000064888935847884e+00 2.318695770430132530e-01
-3.602769264512791780e-01 7.829131775854447639e-01 6.520276354315341916e-01
-1.346343871182575924e+00 -1.123242119390584381e+00 -1.500889717724863237e+00
-3.205053549258178869e-01 7.344136236471510149e-02 -7.008687310481367394e-01
-1.269574819760725060e+00 -4.398004698738984253e-01 7.899167038155738840e-01
-1.789999520071833272e+00 -9.776640399963396622e-01 -1.251489575533602183e+00
-1.841119447585528146e+00 -8.532500855395067640e-01 3.639596500529027612e-01
-5.974837476123301405e-01 -8.958928210876435649e-01 -1.426808411028587908e+00
-1.083758956664111928e+00 7.911068033877721728e-02 -7.954688089969517151e-01
-2.375923174396028514e+00 -1.444807532703531905e+00 8.025821781217929995e-01
1.178977497511160877e+00 6.451292351735066211e-01 -3.112604735792187105e-01
9.893951477069575784e-01 -2.279653416991060055e+00 -5.169826079571687716e-01
6.102700231500211014e-01 -1.621471873063118352e-01 1.652110969040908151e+00
-2.524780008807074871e-01 -4.854082694657577135e-01 -1.071263146359271223e+00
7.041711111734338946e-02 -1.304424828301182782e+00 1.293848352693934167e+00
-1.248636628747846533e+00 -1.883283535670379205e+00 3.462531554056338390e-01
-5.914253723400397789e-01 -1.188608788868241173e-01 -8.525782101899470611e-01
-7.361698563266174666e-01 -9.622496466479847355e-01 -3.010979850622179654e-01
1.663934874509657158e+00 -9.214344105997587242e-01 1.303374282797252204e-01
8.776360305164656594e-01 2.163705761630438928e+00 1.026731475204641253e+00
-4.843643753356443038e-01 -5.256115025497635207e-01 -1.554411375993749678e+00
-3.850755737184859973e-01 1.255137798859667031e+00 2.125649304509246384e+00
-9.159488860056836934e-01 8.233386549544978728e-01 -2.180033405257417733e+00
-8.113214938282192756e-01 -1.065077234576822240e+00 -1.374236951794088224e+00
3.735517455347950322e-01 -6.510530350787320231e-01 -4.358383134254950608e-01
-4.464510241903963950e-01 -1.053749843290127552e+00 -4.902019743600145585e-01
-4.074368645667144628e-01 1.359662529659039887e+00 1.997464949743153140e+00
7.794250194049299196e-01 -3.468626438181084404e-01 1.140371800021833915e+00
1.221542757081183428e+00 1.215732611935688712e-01 1.318539165816071890e+00
1.672063620951680929e-01 -5.377978830840954849e-01 2.132635483621076466e-01
-1.435757508133695404e-01 1.502056987639226460e-01 -5.507370840015968216e-01
-1.517352891462252051e+00 -9.528247896192085786e-01 -1.021772497735980445e-01
-7.086657183245959057e-01 -2.968002823576972649e+00 -2.512244044941952525e-01
6.798516348743660620e-01 -5.868682769291460044e-01 5.028596498195653242e-02
-1.612315444990243929e+00 4.325548103899048424e-01 9.959094738116147649e-01
3.669134492797726521e-01 -6.918489275258932203e-01 1.122104655353757030e+00
-3.076384657785973253e-01 2.100633518640670605e+00 1.411269826701889496e+00
3.945841280898656489e-01 -1.950525407367050823e-01 4.384288741554714375e-01
-7.324457104900500282e-01 -2.582241383674721558e-02 -2.662415589948972094e-01
-2.238271165559339693e+00 -2.214759700186465174e+00 -1.075029588318606510e+00
-1.219879128775557708e+00 -3.022902032238727887e-02 3.706045024625139739e-01
1.379947689023169888e-01 8.165325791834245894e-01 -8.279713492188496282e-01
-1.695514859114809925e+00 -1.123314563679612466e+00 -1.148480732472400012e+00
3.120755003436814778e-01 -1.384547143982117312e+00 -2.451351866241415323e+00
7.281385144899306106e-01 -5.106631531001836199e-01 -6.848937032812379977e-01
2.122604269426274559e+00 9.204386449888378730e-01 1.127637443789419880e+00
3.283487876736013167e-02 -1.626371097090061113e+00 -9.248327558289290984e-01
-3.863145077247051029e-01 3.021486210854699150e-01 3.895026042252950349e-01
-1.169446028897414003e+00 4.053486770438780029e-02 -3.641747591945193596e-01
-2.239824987554801083e+00 5.049836725804945914e-02 1.573878614241125407e-01
6.395959709819787342e-01 -5.886990090581080137e-01 -9.636891413064312406e-01
-6.065472690914912590e-01 1.056875113660004750e+00 1.194516746666325124e+00
-1.932625322010521618e-01 1.126164247093862869e+00 1.336317657692298155e+00
8.792217501140550118e-01 8.935484613679905985e-01 5.137807997124256287e-01
7.814182010717729554e-02 -3.832817655929795508e-01 1.460910510601990620e+00
-2.089874422478526506e-01 4.923028441590923121e-01 -2.733858915656034450e-01
3.824997196070711869e-02 1.479734595381109186e-01 -1.992322997551533970e+00
7.387883289900595285e-01 2.335942835530079309e-01 -3.556200049361638582e-01
1.317775501901630841e+00 -3.758667885545270981e-01 5.624750628501842264e-01
-1.352182731067286259e-02 5.654904422586533030e-01 1.852923672221468365e+00
1.734063307352542660e+00 3.156357647836642855e+00 -3.580020290565459895e-01
4.484105179853536960e-01 -1.041474873951248048e-01 8.557315026612795084e-01
1.006489290187695396e+00 1.311723387775674876e+00 6.490899593878894924e-01
1.159801846431528283e+00 4.694817955061502124e-01 -1.134593445017760160e+00
1.491527152502751807e-01 1.520820083799572009e+00 1.928318613272746784e+00
-2.070294143057893610e-01 8.923478492853263999e-01 1.059134873184645942e+00
1.138541847682900787e+00 9.469791613458787838e-01 1.311042779442526562e+00
6.029484783498748612e-01 -5.850403263406426246e-01 -9.934499798764429013e-01
6.433617828552314899e-01 1.353646055064944953e+00 1.691996794158836748e+00
4.816636707445620669e-02 5.586054155142318178e-01 6.732626940904655743e-01
6.895580110713825928e-01 5.814693024372776797e-01 7.304380759007873536e-01
2.650144375126257668e-01 3.096290900376603705e-01 -6.019301942489277968e-01
9.435700359368095480e-01 2.521648394769407386e-01 4.916212985681250869e-01
1.634598819291468441e-01 -1.242433007270373091e+00 -9.773544959640982910e-01
-1.926497875299213458e-01 -4.853927970180872964e-01 1.232978160315468807e+00
9.423512712484050091e-01 1.701858978895162133e-01 -2.276583335728364688e+00
7.148138077020875780e-01 -1.697493507170901861e-01 7.954044849216279633e-02
-5.984891952279459693e-01 -1.042182689359265613e+00 1.191984062702521330e-01
-1.152238508388936933e-01 1.135012891215308350e+00 1.486121828809214396e+00
5.273600921987873225e-01 -7.463972152167350771e-01 -7.030066769988525532e-01
1.222312541119085161e+00 -2.130289433378188324e+00 -1.246112365697624069e+00
-4.613415739520062564e-01 1.644096369771917976e+00 1.083995132453266508e-01
2.176746746057238280e+00 -1.080106914522094064e+00 4.814961198558634359e-01
-1.170708074546384925e-01 1.328729127378972308e+00 -2.491660462797226749e+00
1.060322442314244107e+00 -6.809899554604692540e-01 9.685032292878326121e-02
1.979394254330449021e+00 1.182522179906926096e+00 1.232931269142619524e+00
1.275464345277405265e+00 2.587932864213966067e+00 -8.654055817719281674e-01
-1.394672974409790767e-01 4.540472305705611777e-01 1.478173804160265448e-04
2.354446476364235874e-01 -1.130154349992887219e+00 -1.094567265996428396e-01
1.849827355148896957e-01 3.857060197676732027e+00 2.126274105534781134e-01
-6.765604495202248714e-03 1.617908171952891383e+00 -6.990561161922101974e-01
-3.654772085961407457e-01 5.431208732143985030e-01 3.661148423004537134e-01
-1.204152965723175761e+00 3.770460653987482980e-01 -1.283928672410308280e-01
5.640302410440276581e-01 1.097269425254329134e+00 -4.975553243757623312e-01
1.507248464172155300e+00 1.122801249411498503e+00 2.549584244889697149e-01
1.323619945439575618e+00 1.738951372589303546e-01 5.087594509157877809e-01
-5.841315998804093024e-01 -2.189456572677622725e-01 1.842760563542577446e+00
2.299876145905463076e+00 1.459441165933946127e+00 -1.033551238114264192e-01
-3.238468478700641251e-01 -2.096573157060797499e+00 1.684753025432772500e+00
9.650865749689954143e-01 -1.361282172270177337e-01 1.594861900843416169e-01
1.560927376647022635e+00 2.523682952967496451e+00 1.372351431024478652e+00
1.488997385927228745e+00 -9.080514678536166784e-01 3.007147522841541187e-01
-3.139254200874166956e-01 -9.067441327735543677e-01 -8.076721819016317028e-01
2.440328584620914398e+00 8.985681511116765385e-01 -4.239358442973628627e-02
5.975758554970650449e-01 1.279186223402349221e+00 -3.161885825077477286e-01
-1.734580071992859462e+00 1.829068274305052810e+00 2.422092806367870388e-01
-4.656082106323510827e-01 4.764286872224294811e-01 -5.697336812091874370e-02
-5.604184593616386989e-01 -2.618630847445415633e+00 -2.329272094089961165e+00
4.718361746245376964e-01 6.331226510165686161e-01 5.969352793251354594e-01
2.754413893791758383e-01 -1.771240276370550371e-01 8.926556161641358011e-02
-3.142555667162378885e+00 -6.615201784398011542e-01 1.094148768267031446e-01
9.914651570231147737e-02 7.184445476038050504e-01 3.951579717447865070e-01
-1.725291285999353219e+00 -1.720820723052676859e+00 5.165788808434699231e-01
-5.898693324601183008e-01 2.884665972337305817e+00 5.100637852005671657e-01
3.808930597497290349e-01 1.663090270343331456e+00 1.535333099839547799e+00
1.528977207821329065e+00 1.531639799899670029e+00 9.305723845384028525e-01
-7.416370327174026666e-01 -6.941413833135310352e-01 4.387848475764264400e-01
1.477988822275115410e+00 -2.947606260306017134e-01 3.320695157047408586e-01
-1.982121916726660826e+00 -1.038816620955851366e+00 2.234256881835806618e-01
2.278509705700709764e-02 1.957224268713289916e+00 3.370014104831041690e-01
1.415931228194198477e+00 9.327975880666172781e-01 2.840589367783908914e-01
4.078209254559617136e-01 1.260184292441542286e+00 -1.292621064756473759e+00
5.078449446399191380e-01 -1.501929884944464000e-01 2.670167908984746874e-01
1.580146673059311002e+00 2.746176784882214950e-01 9.569338649350644932e-01
-5.772307705659864840e-01 -6.846910249849231800e-01 -1.896923939648976987e+00
4.580978523152589021e-01 1.435215283927613328e-01 6.674832097307041856e-01
-1.673602468645287722e+00 2.273846336531617496e-01 -1.986727527841805618e-01
-5.628816870868669220e-01 -1.002815481676797127e+00 -3.171194830145196430e-02
8.428115906023964099e-01 1.198350747897006130e+00 8.536357477245255510e-01
6.257007544941343147e-01 1.915977411744477776e-01 5.514891228071426843e-01
-6.215645428649245741e-01 -1.267122638464377227e+00 3.041578785951138952e-01
9.921581740075096079e-01 1.541455759371324064e+00 -5.099904905558254598e-01
7.036565660701147307e-01 -1.752935665123119824e-01 -1.396759784023837048e+00
-4.950683035081577810e-01 9.103336928050393961e-01 2.458079169748302206e+00
1.691501066532375308e+00 -2.157315493207706325e+00 -1.528578665575028639e+00
-1.883205212156990882e-01 1.244496059907068686e-01 -6.504349807811140582e-01
8.352885561511460555e-01 1.235115721831496760e+00 -6.652970340741812816e-01
2.124820586223012508e+00 -4.426844650608237064e-01 1.400028536041955540e+00
-1.493344717547366307e-01 -9.022760425149958241e-01 -6.296957820227323532e-01
-1.486735069085605154e+00 -7.635860625015709058e-01 -1.342476559405137326e+00
1.025808902635822473e-01 1.112476463570641227e+00 1.409429206808128221e+00
-1.939064162359148691e-01 1.788914043150739541e+00 1.457153667916097461e+00
-2.237914469989140676e-01 -1.463160468721572460e+00 1.974800239552310099e-01
5.103775574930413672e-01 -2.598444460815724444e+00 -1.752885710870852654e+00
-1.499048552718003524e+00 1.132815317784444664e+00 -1.835962633014454504e+00
-9.909982370399927909e-02 4.787892760131037817e-01 -2.472952141435670326e-01
4.054788546030301255e-01 1.938483000649998012e+00 -7.591498176833426648e-01
-1.414637025806338544e+00 -1.575142142524348587e+00 -1.662998726096460489e+00
-7.002557704005021311e-01 1.335593094351703147e+00 1.795529648988135829e+00
8.027146944267997686e-01 -8.566866100994920963e-01 1.294919417251129135e-01
-1.281014951231301602e+00 -1.305068970215416124e-01 -5.449708695309118944e-01
1.516354798209367472e+00 5.002882233825082237e-01 1.669037501725001649e+00
-2.505148102240035701e+00 -1.523029291382538286e+00 5.744723436181917720e-01
2.126651281214771316e+00 -6.318051297442746073e-01 2.291885313559661519e+00
2.526522860397804493e+00 -1.211191058789528485e+00 1.987121820519877069e-01
1.227767137336751579e-01 -9.337931544407296336e-01 8.508139672583234780e-01
-5.945283333938959913e-01 -1.012559518385900414e+00 -1.984000720132943485e+00
6.614298371869868909e-01 -2.268608805655831784e-01 7.071809211343096369e-01
8.237305731139619169e-01 -5.129589625940731423e-01 3.165902053164260099e+00
6.549878445697379092e-01 -2.936322327743644767e+00 -9.984101397505804609e-01
-1.729533291184077504e+00 1.037139717193865884e+00 -4.683342735712661131e-01
1.124453294501659206e+00 1.024997507685579512e+00 -5.266153151387428233e-01
-1.812092799525442333e+00 -8.662585950772150323e-01 -2.509233337226788874e-01
6.236674633253362909e-01 -4.590165120582135883e-01 2.535013747234745374e+00
-7.576638326288261949e-01 -1.568220484101095380e+00 -2.001070574985087447e+00
1.417836871777257368e+00 -2.739491413530764641e-01 -9.783075261011646706e-01
9.062620910351193437e-01 1.334165735523292540e+00 1.590602488628355182e+00
1.435175551708690600e+00 2.021097682365703641e+00 1.184621669749152950e+00
1.511937887963085592e+00 -7.394668281663017151e-01 5.587004097346898179e-01
2.011828414878097604e+00 1.146548334970410421e+00 -1.277956034576406275e-01
2.726596875337105264e+00 4.444353684310670682e-01 6.245514390365232149e-01
2.428627491358809065e-01 -4.674435775237127944e-01 -2.285445641956830087e+00
-4.337026558188394887e-01 4.425875946872639410e-01 -1.294902180865105557e+00
1.960172890182848016e-01 2.085919581079312413e-01 9.276457515953545618e-02
-1.130552675214588021e+00 9.371691258368235466e-01 -5.351896654222272343e-01
1.138262288913423959e+00 2.127023854982187601e+00 -5.187435622403349100e-01
-1.823770256198629536e+00 -6.298060376639720293e-01 -5.530337952356749742e-01
4.566175254787041560e-01 -5.308913638487868791e-01 1.852855907220700704e-01
-1.099655948851372855e+00 -2.345088040698801723e-01 1.986604859875006346e+00
-1.084084628709046205e+00 2.138269047203456008e-01 -4.534521212228704301e-01
-6.102587452374210741e-01 8.868832472712022685e-01 6.819668802549001541e-01
3.129027350697871634e-01 -1.970134654448012057e+00 -6.803019483002091805e-01
1.143481182442305233e+00 4.228757495868246119e-01 -3.087744693227201243e-02
-8.576798776395688773e-01 6.825421234725306263e-01 3.619068132654400527e-01
-2.016235900117684388e+00 -1.167797692625125450e+00 -9.155131701369956243e-02
7.169174483621655325e-01 1.140569379573324715e+00 5.298149958467395226e-01
1.144549798677871877e+00 5.612198294633261586e-01 7.696349891010396682e-01
-1.176161462835845883e+00 4.658399312824046401e-02 -8.552044831946370440e-01
1.393914925123230786e-01 9.937531905250196473e-02 1.175831982048799906e+00
1.375435274966142707e+00 9.721765516293128240e-01 1.002566182018947538e+00
-3.370015819156245707e-01 -5.931335440060903075e-02 -7.140710110897938723e-01
-1.222098484507400551e+00 1.294965568257705479e-01 4.490827887667802054e-01
4.239075531641121053e-01 7.845392860192634821e-02 1.292422545755846919e-01
-1.375048623293495531e-01 -8.273568815017235956e-01 9.772109816830844009e-01
9.354927583492027576e-01 1.903360871060509329e-01 1.471387237557637562e+00
-7.517880243242599514e-01 -5.626155191718147375e-01 -6.508151775771751080e-01
-2.260354489224852825e-02 3.778734470124208711e-01 3.804703239574025453e-02
1.118892541125382500e-02 -1.969173713522057279e+00 -1.912204776332399714e+00
-2.003013479866070368e-01 -1.959251735871001099e+00 1.199396751456878185e+00
-1.608063032011571858e+00 -9.124049080347914620e-01 -9.057260340926615028e-02
-4.521011013084453856e-01 -1.788824958905306239e+00 -1.279964096453201527e+00
7.195895482173081392e-01 1.354099151495528730e+00 2.056128770969537278e+00
1.753247388926962635e+00 2.089449272541269664e+00 1.328521314627684635e+00
6.755783698851098862e-01 -1.757837166515745508e-01 -9.719108582123325846e-01
1.002940499674325636e+00 1.523152253368255327e+00 3.404287335921260649e+00
7.753083916307429435e-02 5.241549354446728426e-01 9.992558352019847989e-01
4.205587678173088872e-01 1.867031681871344606e+00 -5.985328014535089558e-01
3.669906836761450686e-01 -1.268668818422101108e+00 -4.780651555501142513e-01
-8.837171542781017131e-01 1.039436965399287871e+00 2.701284986109562247e+00
1.143867666302834873e+00 -1.781921033814339306e-01 -1.269661848725774700e+00
1.114199804383117831e+00 9.969197950456989421e-01 2.043482223739331305e-01
2.695510023354845686e+00 6.630575161993188527e-01 -8.149511144017167474e-01
-6.006656172228250767e-01 1.569357276447609806e+00 -6.348819028826788724e-01
-3.643031720837003884e-01 1.868759548617330291e-01 -1.140177385422647571e+00
-4.584907311510885708e-01 -9.413964466749518145e-01 -1.646450694207996390e+00
2.439303166281069912e-01 -5.528287474702924253e-01 -5.978173620006963507e-01
-7.267353091813588684e-02 -1.698908060436408629e+00 -6.693181645351020670e-01
2.134675708391126081e-01 6.599790117098242037e-01 7.661793826201673818e-01
7.824709312320206056e-01 -9.219446255138210589e-01 -6.974916935113939509e-01
5.870851716750142835e-01 -1.047812705674028289e+00 -5.917740316281764335e-01
-4.167045924919817179e-01 -1.047562166085781676e+00 -8.417598576810519928e-02
-1.334342845310494852e+00 1.056614017629163405e+00 -9.406961805111977437e-01
-7.899416103338219308e-03 3.699984531498883289e-01 -4.843969116859498936e-01
-4.717437118185094924e-01 -6.276805883647693651e-01 -1.751792294145306128e+00
-4.231279728710335419e-02 -1.374132548072888316e-01 7.993480362497130676e-01
1.351318190847665024e+00 -2.630145029634506360e-01 -3.986231248022931162e-01
-1.358491491182898692e+00 1.978370541443863706e+00 -9.079889722057035151e-01
4.959302464488927198e-01 6.022691691829106242e-01 -9.835130930327173893e-01
-4.775706133507637841e-01 7.421309677668650462e-01 1.133689954272121270e+00
1.267032915058752707e+00 -1.286940969573074023e+00 1.053013929727673492e+00
-1.724598862091367479e+00 -7.577997114669910994e-01 -1.666109480826581501e+00
3.470158177188497062e-01 1.465966022331672836e-01 3.754785742178854413e-01
-5.052361043026438736e-01 -7.962518057776354352e-01 -1.780339514952396840e+00
-1.703046281974016862e+00 -4.183025885589984894e-01 -7.847963853038513182e-01
-5.908869512912873212e-01 9.468216443114241265e-03 -9.908327682386925961e-01
2.725794702463002483e-01 -1.105597923678517169e+00 -6.095365283131531919e-02
2.882640908567948745e+00 7.899945102386373152e-01 5.550677746764892673e-01
-5.253903307780245502e-01 5.468035095190626471e-01 -4.534047774236618089e-01
-7.059635309820557758e-01 -5.676827607975165613e-02 -9.677678302250394271e-01
9.697424727207164530e-01 -3.640852919874816296e-01 -1.022145018269917216e+00
-9.463007501190856541e-01 -1.006657794244665727e+00 -4.266669003383036229e-01
7.412191015826925522e-01 -7.642715417200526273e-01 -5.971643450373940176e-01
7.190818134741536749e-01 1.237629772131719541e+00 9.176244969068361179e-01
8.843645780325459782e-02 -1.256193381588188940e+00 -4.221399013130318068e-01
-6.011785995908804914e-01 -1.195756302725096809e+00 6.634893679896560759e-01
6.108252524039858855e-02 -3.586577986202993396e-01 3.942323766325092627e-01
-2.846446865914399105e+00 -2.192692256762273306e+00 -6.141717183903717681e-01
3.986233553991540557e-01 -1.491618568772353992e+00 6.004414614436042186e-01
2.370890387038610547e-01 -3.862385575629079248e-01 1.918491655146461694e+00
8.267499824693242960e-01 2.730911440213167563e+00 -2.402315322314871882e-01
-1.168033150492840733e+00 -4.502893314956854520e-01 -5.516187841646162937e-01
1.329827717407821019e+00 9.909727349674846142e-01 2.563701904514398500e+00
-2.938936242534487153e+00 -6.528885014245718876e-01 -9.775976562595025676e-01
1.538748408060076178e+00 -3.687467921649585367e-01 -3.514424089977422616e-01
-3.106017143403039249e-01 -4.637131597429378083e-01 1.397207230130542044e+00
-9.257435919775205413e-01 2.051602326440467028e-01 7.546668984308959605e-01
9.814257924034648362e-01 -4.471165278479849459e-02 1.561575399221548865e+00
3.939749315541624664e-01 2.541555268678160617e-01 6.939856373290156366e-01
1.595608737148775269e+00 8.189343453982005361e-01 1.546273339649176237e-01
2.444076746050868998e+00 8.979155656618642567e-01 -5.046365606528271375e-01
8.332781677733731573e-01 1.067735041015594133e+00 -8.582402067735206419e-01
1.689873478097555504e-01 8.719204371393489694e-01 -2.186281536044694107e+00
-1.189342452717482290e+00 9.227376450527822183e-01 2.171054926029750476e+00
1.883650810046898938e+00 -6.824791550814408581e-01 1.032454446992689512e+00
-1.443746997942506605e+00 -1.659145747546393768e+00 -9.205423140273989446e-01
-1.839272551507959430e-01 -7.013983457558976564e-01 -1.871219282474475776e+00
2.584064516263047118e-01 1.149261363421473892e+00 4.839723047532666356e-01
-1.780955384184925272e+00 -1.581775770799683234e-01 -5.115690119350102538e-01
-1.082692195050282580e+00 -3.673588003059983231e-01 9.689398175553044501e-01
-8.483485410914004543e-01 9.855049033169835937e-01 -3.761527073616332539e-01
1.343860092084062652e+00 5.088140521037631814e-02 6.241572849321697092e-01
-1.864289545732430442e-01 1.324601636627689594e+00 1.332704694325699268e+00
9.450447984056342676e-01 9.312552417726416287e-01 1.326771285663823186e+00
2.789550267111000625e-01 5.200511251518067368e-01 -1.218245166138021141e+00
1.167700359944122468e+00 -1.536980875693336746e-01 -9.201972099372319747e-01
-2.015784582282303394e-01 -1.717923094805796858e+00 -1.132621418876619823e-01
7.109273940953575455e-01 1.090406759982247342e+00 1.163771284152476104e+00
6.684483237193717953e-01 6.352504585965512707e-01 -7.027313560912320511e-01
-2.872313373520862800e-01 5.050217370719168875e-01 1.049847307578974376e-01
2.072201700321484541e+00 -1.505434523969314764e+00 9.798573123569143117e-01
6.668878857992608378e-01 2.048496557717603972e-01 -4.474959520410013436e-01
8.087903542911223376e-01 -1.599797652692145578e+00 -1.204175374655776842e+00
1.053494059654729309e+00 -1.841907411660949734e+00 1.533778108147930475e+00
-3.145621996408249910e-01 -2.765563696549139250e-01 -1.305160839626459568e+00
-4.319130971566016441e-01 1.485801500724530211e+00 9.029294745346980733e-01
1.548134206314590866e-01 -5.230947765316116271e-01 1.229279941866132209e+00
1.268061725084553171e+00 -3.064657011879883264e-01 -1.414086061738650812e-03
9.164308334370236953e-01 1.395775492289315300e+00 -3.504963936463235674e-01
1.226650597159447020e+00 -7.594149845244568819e-01 -1.160741621486093500e+00
-1.017044618330799954e+00 9.149094162392606977e-01 2.350395602855333443e+00
-1.232223590635633137e+00 1.082511498161920160e+00 7.325677218604049745e-01
6.161984048947684034e-01 -5.243713715816153975e-01 5.312545553953345046e-01
