-6.331273566713335743e-01 -1.097376727787954032e+00 9.503255947075492927e-01
-1.056800749037524745e-01 5.297256126345240013e-03 -3.897775314510469880e-01
-4.535821185945132505e-02 3.835147914265935043e-02 3.638641110757747654e-01
1.639455780713161115e+00 1.291038844764884175e+00 -1.677489819425389328e+00
-1.907118613780537819e+00 5.303828851414016388e-01 -1.253994479251644645e+00
1.440320745804242186e+00 2.241911582259954905e+00 1.200739052434418586e+00
2.724194758898423885e-02 -7.448479628779726136e-01 -1.770064103150271739e-01
4.225429705556574822e-01 -1.108675217474633712e+00 -1.328033630331641568e+00
-1.737315493946623990e-01 -1.792866800543037709e+00 4.727595241094155742e-01
-1.350569369091465521e+00 2.391148628909515184e-01 -2.208664909214579808e+00
-7.078665721425387858e-01 4.316607721946928988e-01 -1.965735744188487510e+00
-1.060954904028744927e+00 -7.468288894500196839e-01 -1.432416358282144309e+00
-1.529807259176404699e+00 -1.463614989467560079e+00 9.482126407885227426e-02
1.710110686403218061e+00 2.060370124553962956e+00 -4.115803255043171127e-02
5.078285125749251172e-01 -3.466988920055316115e-01 2.640563166097550374e-01
-1.049414035675380052e+00 1.947355762100309584e-01 1.550222551059919462e+00
-2.105352927458128853e+00 -2.527719660632534726e+00 1.800634269562707557e-01
1.150487898676359810e+00 6.858295373607710133e-01 -4.872344922382275678e-01
7.544455530360527629e-01 -2.253815729087935704e+00 -8.200424466155492587e-01
1.630491619033311856e+00 -2.591086113398910484e-01 7.701673274362199617e-01
3.033599841647924844e-01 -9.011620531363639941e-02 9.434089186720306941e-01
-1.745077238712626766e+00 -1.446380764636031380e+00 3.066687695799994451e-01
1.029732142451594834e-02 -4.547076835809134021e-01 -3.930513527503679549e-01
5.813822781369215598e-03 2.003517345553104123e-01 -8.629965034833364523e-01
9.326447510004576280e-01 -2.219848181659057618e-01 9.504612466057299480e-02
-1.044436548269260245e-01 -1.579583282237336128e+00 -4.934092303074035790e-01
9.891194911871299400e-01 2.268951324099912625e+00 -2.538801945375812608e-03
-2.249605153559422810e+00 -9.847885986622335608e-01 4.904298849863895082e-01
-4.929900667039998075e-01 4.403840257052845653e-01 6.659747231192495454e-01
-4.031659214641059030e-01 -1.355266264683687050e+00 6.888538521931681924e-01
-2.647177063317285750e+00 -1.613605989893441173e+00 -1.726909908572622054e+00
7.502090977872655220e-02 -2.703622911315209931e-01 6.726357583349902303e-01
-2.103986956793360896e+00 -1.990992047538784782e+00 -2.402207658310527294e-01
1.268581956775490793e+00 6.125633914810955094e-01 1.138182427848516642e+00
-4.521989964990298372e-01 3.979462988047768324e-01 1.630168280152298088e+00
1.076393888000767740e+00 2.599023897513664805e-01 1.011690003565855367e+00
-1.041636656664639782e+00 5.516365515283174759e-01 1.705407648889326611e-01
-6.774608595674784794e-01 -7.814595300545501555e-01 -7.067563194299502083e-01
9.810070385018443417e-02 -1.073721559849363238e+00 1.634723811897172308e+00
-2.437644857878523696e-02 -4.008892535081722830e-01 -1.341948011731674217e+00
-6.734120479881138266e-01 3.139278281131611670e-01 -9.683961778299339240e-01
6.965338219605138326e-01 2.218697416235110076e+00 -1.257382249118544459e+00
-5.822136356620191133e-01 4.587906787082643989e-01 -3.992090232566597452e-01
3.639090460555304274e-01 1.158102979784029651e+00 9.998971574733128698e-01
1.635041314061794759e+00 -4.329869092144787990e-01 -5.011071557106174801e-01
-7.446218529759807137e-01 5.523396155875497371e-01 3.855313741827174345e-01
2.887554708823866223e-01 2.380433081528694483e-01 1.734684901455902928e-01
-1.389973103433038926e+00 -3.232909607335443525e-01 -3.949083219605530326e-01
5.750984409942579978e-01 1.819184770976994825e+00 -3.097810127815934234e-01
-2.663249534917436767e-01 7.169362957784297663e-01 2.449723652865085199e+00
1.547085998773587434e+00 2.077774714700736380e-01 6.461448157912310641e-01
1.740504969010034042e+00 -3.137671628004401470e-01 2.095280465068490194e+00
1.267369807615134292e+00 -2.133383125803225422e-01 1.329811680345312386e+00
2.716036493139998287e-01 1.831717325710627287e-01 9.429113814899453550e-02
1.301270292599567391e+00 1.775694675718495930e+00 6.948115783504207332e-01
1.396499558542808606e+00 7.307878124326308011e-01 -1.095257384233415454e+00
-4.487281481292949570e-01 1.091810657359292724e+00 -1.484358440997977979e+00
3.695304217433650895e-01 3.365231107933508437e-01 -5.725558972166413518e-01
-1.118125652340820286e+00 -1.303027637674398553e+00 1.341210121872205008e+00
-2.404833138790359870e-01 -1.108124663958502953e+00 -1.242317035431198535e+00
2.409924401453598541e+00 2.352977449462866133e+00 -5.051459912438109878e-01
-1.734247426565097117e+00 2.730187921601851642e+00 2.191963904170853850e-01
2.147705132477520262e+00 2.076194601312519872e+00 1.853434327672368154e+00
8.509790769067215876e-03 -1.708333896185693535e+00 -5.211415628770917907e-01
-1.779198522627646106e+00 6.317861574940830671e-02 8.698335520601900850e-01
6.117511742503297656e-01 -5.883965484165378790e-01 3.605787546862631032e-01
1.394010639773586302e-01 1.344899833489780594e+00 1.159252094599666716e+00
6.550202135305980278e-01 1.015625638118062168e+00 1.458024536799928494e+00
-1.873499165600285066e+00 -6.617549116913918894e-01 -1.641484116874822208e+00
1.780711826871051340e+00 -1.390119235537952136e+00 1.329718149604061095e+00
-1.906435631634718186e+00 -3.437054703321529292e-02 1.614849043706308329e+00
-7.000524820310847218e-01 -4.339638556258962332e-02 1.094078717976045168e+00
-2.622943759940022934e-01 8.253266291784717712e-01 1.397999307925109846e+00
-1.381162926173439498e+00 -2.218790434260934585e+00 -2.698306427087667769e-01
1.232054729276656602e+00 -1.501104358502684644e+00 1.627420910879273208e+00
1.647150077123133993e+00 -4.583739449332413507e-02 -5.927274258100434512e-01
1.631096704947034293e-01 1.808740154324607996e+00 -9.363527563921349994e-01
-1.097513220751866747e-02 -1.257621132173645684e+00 2.600519287180674266e-01
-9.268124194886371292e-01 1.994927040249736550e-01 -1.188946686786386264e-01
-9.335405611106282198e-01 -1.274767729973962815e+00 -9.420680675035379981e-01
-3.307642698945117976e-01 1.193522271755892872e+00 -1.970232989595978035e+00
2.281770762584384715e-01 1.180348758150091104e+00 -3.623587393709390980e-01
1.335499221639274259e+00 -6.333577452646135253e-01 -6.046362715390851683e-02
1.094917064528019846e-01 8.724635329342345091e-01 5.267804488116319961e-01
9.320378140390147559e-01 -5.133901539906469136e-01 -4.061839269700062705e-02
-1.803792943045878783e+00 -4.238664843886961742e-01 -1.444824378340264781e+00
-3.191084690714429684e-01 -4.488577983664553961e-01 -1.452262892516893888e+00
1.493376929137258280e+00 2.534506445231627936e-01 1.657642342203313301e+00
-9.660289746853405468e-01 -1.051284907240327637e+00 -2.353325749938142697e-01
2.221503456990737924e+00 8.743487252268467014e-01 1.268730511404549066e+00
6.832098044644907553e-02 7.874053272685606064e-01 1.761508678374035908e+00
2.265565118228410890e-01 -1.015710118070589196e+00 -3.383405137407482055e+00
3.628412049256346528e-02 -1.875006755280543613e+00 6.994754728494554374e-01
3.029492666230351183e-01 -9.695229805800356093e-01 -1.199741763761449920e-01
8.679553972775866377e-01 9.076764832028829666e-01 -2.138510795334669368e-01
-4.091780508891421642e-01 2.390193829612594079e-01 -1.296023533194177402e+00
7.709518260102976583e-02 1.203543812752994491e+00 2.745774891418808039e+00
-2.020204186047677153e-01 -2.397814544850858098e-01 3.087497879276863255e+00
3.012922583675422539e-01 -1.181586600675375021e-01 7.026035953477642870e-01
-3.953510100032087138e-02 1.151908381037791695e-02 -8.935899524595805055e-01
