-1.153345162454447181e-01 -1.752461727135758096e+00 -5.031304261111239073e-01
-2.302514817952870385e-01 -5.484237991489732122e-01 5.112888861536839524e-01
4.042434266522637598e-01 -2.941125728718770871e-01 6.309023610089148359e-01
1.183846638747852342e+00 -1.243559610678542260e+00 4.816186016778067902e-02
1.661842233829726068e+00 -1.282676316183916976e+00 -2.923629660077309289e-03
-7.704566247674848878e-01 2.844034184599698589e-01 -1.773611411354338196e+00
-9.971804290122590064e-01 -6.215093931715117703e-01 -1.039506773260552741e+00
3.347303025864517556e-01 -9.890675241148854102e-01 -3.074839563242370843e-02
-5.054992799712683116e-01 -6.762203251880998245e-01 3.829653534792872294e-01
-5.467287166996062098e-01 -2.994337189422330292e-02 -1.720636168917986097e-01
-1.158052141528749246e-01 1.077598108441954583e+00 7.885428720242220191e-01
5.505497835590800193e-02 -1.049147402747697466e+00 -1.152556895832136608e+00
-2.499286495281869969e-01 -2.047106598872960315e-01 1.129537551302232101e+00
-3.166172096322624752e-01 -3.650435950006071240e-01 -1.160538438631907754e+00
-8.359806297193128621e-01 1.063127160470009880e+00 1.181707561549809160e+00
-1.113490981199018126e+00 7.923980015439446856e-01 -2.092613102842751260e+00
-4.123226529433882126e-02 -8.576534513481075539e-01 -1.586492518479922786e-01
3.532477793983246350e-01 -2.069548915593656169e+00 -8.829482718538976815e-01
-3.781476655217215210e-01 6.970395050887948640e-01 6.044742265312990082e-01
1.211393687569002120e+00 1.831868031696552324e+00 1.041851279992644486e+00
-7.325322782060523785e-01 -8.855240845641817460e-01 -8.483376315994946015e-01
9.804054816673519746e-01 1.159558629833621568e+00 8.197046655231439161e-01
-5.914231637252915785e-01 -5.139893508064445893e-01 1.390687269822681316e-01
-1.063097321100138437e+00 -5.584489937720823471e-01 -9.068430001264793372e-01
1.221288435044549647e+00 -1.898528944079695524e+00 9.709933214923420763e-01
1.447573422204265992e+00 7.887820906148741429e-01 5.599488216788081063e-01
6.057130021209695681e-01 -9.718339476476269834e-01 -1.698271392190398688e+00
1.349908441333804276e+00 1.855033976366472270e+00 5.471119430212034729e-01
-1.572235278771280775e+00 7.866401598681281859e-01 -4.830748621796687736e-02
-1.088854627471698366e+00 -1.377404956855403650e+00 6.479354609456569047e-01
-5.262141802872063456e-01 -1.742071246098168547e-01 -1.744484452391994678e+00
-1.142181818042453667e-01 1.653365060727618241e+00 -1.912563347284537141e-01
-1.044015935003148599e+00 8.019091125676263143e-01 5.539296526672027321e-01
-6.697313207269373070e-01 8.541532113661574055e-01 -1.784200995409101487e-01
4.128570254519011717e-01 -1.063877653583911620e+00 -5.183587036661474468e-02
1.697737303510766793e-01 -9.284538613787414185e-01 5.688716085207365936e-01
7.630914840997834458e-01 1.682967469950197748e+00 1.165712130262796631e+00
-9.231433262583659261e-01 1.326711303769599337e-01 1.461084314941761164e+00
-1.059722373767382875e+00 -8.123373322191486112e-01 -1.857242626358038828e-01
1.105237316294042316e+00 -9.006511570415121071e-01 1.718227772176303070e+00
-3.132343685492608554e+00 -7.754962903723436884e-01 -2.643212452626417353e+00
1.924118430392677270e+00 -7.688724368321930847e-01 2.261837373632745174e-01
1.267037005378428116e+00 1.546308321057918933e+00 8.101198365459478801e-01
-1.430023278920561913e-01 -2.649484485074439233e-01 4.194834230592588975e-01
4.023261552224602910e-01 8.362691574452889576e-01 -3.332191234085953857e-01
-1.092458118159799429e+00 -1.847750124468605426e+00 -7.964701369908749884e-02
2.917227258220719488e+00 3.079178949392804565e+00 4.329640102861559425e-01
-1.881045185600533909e-01 -4.084904989505749873e-01 8.865044843100663430e-01
4.261274331544157024e-01 7.777830868605060122e-01 3.728399581313978084e-01
-1.007841134942476291e+00 -4.014601657885675801e-01 1.082457143857034954e+00
1.586733918151640887e+00 -5.125858021843892054e-01 6.865195535242780700e-01
-1.430370425082071906e+00 -4.612842779504491286e-01 8.536540070771310162e-01
-2.184847748400249756e+00 1.047411057416501201e+00 6.593933270006480107e-01
1.090524571891252403e+00 5.678257994609164916e-01 -6.641512254732515608e-01
-3.071440564665411932e-01 -1.596894155406832549e+00 4.215932094739118785e-01
2.856675938538637549e+00 -6.857260928092301366e-01 9.495424253353845767e-01
-7.335575468971484714e-01 -1.983146341547412872e+00 -7.631706529120052540e-01
3.572157822140602512e-01 8.240309694831282616e-01 8.558706672056626275e-01
-3.825833856947689071e-01 -2.798392074161045739e-01 -3.337490950681121227e-02
-1.016469534031100297e+00 2.309277648597550581e+00 4.902462560561258176e-01
2.749359982403623892e+00 1.303069772511879498e-01 4.163441403556193410e-01
4.425163925696656841e-01 -1.782008779721926173e+00 -1.198897580425707154e+00
3.275017012014326823e-01 1.334038690891624634e+00 1.170612608906128838e+00
-6.870727908765779102e-01 -2.136234595566264716e+00 -7.021198215761281780e-01
-7.605137086100193233e-01 9.380324602424816582e-01 1.705897371794313777e+00
-1.070457053837301498e+00 8.339651918755275339e-01 -1.527569213473326748e+00
-4.938721596362352084e-01 4.656346935122426811e-01 -3.852006066992752498e-01
-1.274884023002671674e+00 1.065876380573698823e+00 1.142682498138652969e-01
-1.197654226723336990e+00 -1.065050859748807532e+00 4.274820946527113641e-02
8.600397836796189743e-01 9.503274331519941942e-01 -8.418770858130660839e-01
1.968815489444667888e+00 1.086082247601856565e+00 -3.567324941424433460e-01
9.729951168052419774e-03 -9.900132151768004096e-02 -1.046302369147414923e+00
-3.665664107777782954e-01 1.104636527350422170e-02 -8.211125270617586347e-02
-8.638341170752459330e-01 -4.741272801915920598e-01 -7.384859792142168811e-01
-7.347440870118548961e-01 -3.999092091672332150e-01 -1.075207110092761820e+00
-1.127102195087845260e+00 -5.985259222676082569e-01 -1.373623375602864627e+00
-5.922974351955769823e-01 -4.067080057725483977e-01 1.648811856973408929e-03
-9.745519640924538152e-01 8.758969643220686496e-01 -1.293335175545558435e+00
2.583158335847681730e+00 1.379782618501381730e+00 1.886267870911950140e-01
-5.748988720687879805e-01 -1.030222168048996467e+00 1.627416642782703926e+00
-2.871619362769870509e-01 1.366968294257799865e+00 -1.794552229267801113e+00
-2.844000581300717978e-01 -8.808353811213610607e-01 -1.988583873824092851e+00
1.827397267115845825e+00 1.055356168536043970e+00 -1.647132355360055866e-01
6.450876286101958623e-02 -5.490422890936907940e-01 -2.706963883818582772e-01
-2.617900114924235577e+00 8.680779530532241051e-01 -2.051463286707090106e+00
-8.643630181907602239e-01 -1.829603827503757940e-01 -1.395871344644941114e+00
-8.741459814976053622e-01 4.738113985083950430e-01 -9.493649986201284641e-01
1.180172427571426486e+00 7.271323915763799883e-01 1.723488371082879445e+00
-5.111269888431779762e-01 4.366387802911061433e-01 3.949038865088763117e-01
1.783948914046577627e+00 2.073370292457393127e+00 -1.407451582704617898e+00
2.158482341598762400e+00 3.097348829093785838e+00 -1.852169026297835863e+00
-4.701280881673753909e-01 -8.042285455405988603e-01 9.648629347714940963e-01
-1.068940093512029677e+00 8.057976114099116849e-01 -1.078362687295504330e+00
1.139480872289071467e+00 1.363653332627895676e+00 -3.805564710210215251e-01
1.212285794476019474e+00 -1.099477855739430687e+00 -1.249589542526999830e+00
-7.681560011386112663e-02 7.499319455385942135e-01 2.811517213964753736e-02
3.061077697633443062e-01 3.370402181922231843e+00 -1.237438921251461821e+00
9.491089633412588267e-01 6.879566751061072516e-01 5.065746127137419341e-01
-2.642567145788776717e-02 2.019698348048124981e+00 7.741689036041057292e-01
1.640215223224868790e+00 7.955192098959220637e-01 5.339293771907449582e-01
