-1.151957293146032235e+00 1.188453338570032214e+00 9.015054176865999747e-01
-7.378435589239088488e-01 -7.400141623776373967e-02 -2.789685045777048344e-01
4.589265140406155741e-01 -1.141307337837304647e+00 -1.551135279658106270e-01
3.461831723836978902e-01 1.497066369653669016e+00 1.392339151523226626e+00
-1.612539042337694850e+00 8.809173354422059621e-01 -7.758543806193185510e-01
-7.348133951675652753e-01 -7.933163059300736286e-01 -9.915835242729974519e-01
1.585147330017808720e-01 -8.014520674466153460e-01 -6.979116120109221111e-01
2.568546976298348827e+00 -1.017613486395566147e+00 -7.961824684273182129e-01
-1.178975172609615374e+00 -1.132541216418609942e-01 1.075008310903360353e+00
-2.346425974345285326e-01 -5.002871294840038896e-01 5.852645441314483499e-01
-1.067552359217299740e-01 3.342642779226162597e-01 1.540536294606345669e+00
-1.326466024353500917e+00 -7.186245948860581212e-01 -2.371549371180794896e+00
-2.586107691757979499e+00 1.081015426872703911e+00 -1.527988641538810644e+00
-2.641539936427050872e-01 9.039053405338970393e-01 -3.287281964637038811e-01
-6.671236601258864196e-01 -3.382167442439316662e-01 -8.027465717631770969e-02
1.121990861983191978e+00 -7.934974480857386325e-01 4.751793698185158288e-02
-1.399105750601026044e+00 5.379702655778513254e-01 -1.260692330160515962e+00
9.739005817042791779e-01 4.695063377236418090e-01 2.114857503838867281e+00
8.188949933704794404e-01 1.736593594040968802e-01 7.417288560807674402e-01
-1.651737795384359053e+00 7.241821452946493043e-01 -1.497192379518494931e+00
-1.043431053553318666e+00 5.074927878852202312e-01 -6.402401953643782617e-02
5.853032353176812475e-02 1.514462321200981787e+00 -1.026093243941108124e+00
8.767987778573356206e-01 -1.159921163920188958e+00 -9.298264495230363913e-01
9.236946181307842396e-01 -1.040725145855450062e+00 8.220477743849429197e-01
-1.254707877557910134e+00 2.171201259112869320e-01 1.866335083757620250e+00
2.316442456410289785e-01 4.910499457776165699e-01 1.030873341757622574e+00
8.660072243650591695e-01 -1.620581072067411865e+00 -4.367086247717230085e-01
-6.182748540645909285e-01 -6.940836786946372738e-01 -1.169285616594016197e+00
-4.271276843588663885e-01 1.156678260698223326e+00 5.042604746650755088e-01
-1.554756885057664739e+00 -1.205912904014745157e+00 1.952725174800861163e-01
1.132107062483748150e-01 -3.750554305612585626e-02 -1.714631474062501826e-01
-1.047063937734516337e+00 1.479342874690542597e+00 1.664179203733421986e+00
-1.854514545174695161e+00 -1.568209551772228316e+00 -1.021211431757403698e+00
3.369257203217431718e-01 4.728619321164935219e-01 -9.250600371520112386e-01
2.090408777063465173e+00 2.573036717869447987e-02 1.221972115194526198e-01
1.791951565051921880e-01 2.526715613297493501e+00 -1.642905717164967472e-01
-1.022806371597478226e+00 1.281022843587059201e+00 -1.117656150042738439e+00
1.141054669516707420e+00 -9.610269273103420051e-01 4.059351295911978186e-01
1.360445702283269220e+00 3.208671553062069082e-01 2.391673655287843148e-01
2.830058696469006652e-01 -3.112548181766259248e-01 3.002532963770043750e-01
3.487037025770990395e-01 -1.717627590701347740e-01 3.210213442584851640e-01
1.214615171143115457e+00 5.232605072407418012e-01 2.139150476755667718e+00
2.051809240535716672e+00 1.658104858674420701e+00 1.767967428624543480e+00
-8.440313066369680151e-01 -1.891754433179246631e+00 1.212156060591879969e+00
1.622173341218653420e-01 -8.798365236738325823e-01 -8.009268175227375330e-01
7.016592783499850938e-01 1.400281989271560334e+00 -6.963014210895412948e-01
9.218314604308650573e-01 1.413996662956917394e+00 1.035337984731338201e+00
-8.893701000189662143e-01 3.174454144064955408e-01 -3.130711012886244760e+00
3.622099927555295640e-01 -1.426486572472510650e-01 -3.901274721437320014e-01
1.278695218074385576e+00 -9.975975472281333190e-01 -3.103385443984770786e-01
7.538021002161769957e-01 5.721021201349552054e-02 -8.249162233388978027e-01
2.191454884863863750e-02 -5.455572122588755457e-01 -1.266843308208052798e+00
-1.922802670397650848e-01 -1.858562091754868639e+00 1.009169455258167147e+00
3.783358042729774717e-01 -7.704074738091812868e-01 1.889304381599186566e+00
4.894391498149607833e-01 3.320458521856567424e-01 -1.562625127782518719e-01
-1.780495021422386359e-01 -1.011913494656611068e+00 -6.467469368768432592e-01
1.336179309887429500e+00 -7.953297782205406286e-01 1.124929259357722922e+00
-3.265934512908513776e-01 -1.979741224877373140e+00 8.556017339632167040e-01
-1.342780822477722125e-01 -3.007012067344023709e-01 1.793714609716209551e+00
2.124272835276423521e+00 -2.351401033287857656e-01 5.867275460078774652e-01
-4.152306457741571366e-01 7.867552752253570425e-02 3.405140425553938588e+00
3.683526678240234276e-03 -6.962423874814993585e-02 2.574675165305369440e+00
4.793388810678167467e-01 1.937354946733922945e-01 1.118310723474128299e+00
-1.199133459966599924e+00 -1.067757616198634185e+00 1.748707700648908681e+00
1.301114448712155980e+00 8.274376113429817714e-01 1.021927048002214233e+00
-2.878025587631511950e-01 -1.261624593642288961e+00 4.866899270837490299e-01
-1.837531384104720944e+00 -8.558013453248747293e-01 -6.695448146795933697e-01
5.777622744664521193e-01 -1.691854393209473728e-01 -1.339208797098884185e-02
-1.772219424772061291e+00 -3.489283064808412771e-01 2.033955804450096494e+00
1.596214799520280225e-01 -3.846887266781894854e-01 -4.675210215373961087e-01
-1.579469061561348475e+00 6.714955069282048106e-01 1.668377321787888334e-01
-3.092769652872841002e-01 -6.531605697102089714e-01 -8.536825287149850672e-01
1.814009035932502290e+00 -1.811541678395558908e+00 1.921614187085457504e-02
-5.223600083094850355e-01 -2.855760849424041403e+00 -1.224434083088816516e+00
1.794296321887587364e-01 -1.138049677835314633e+00 -2.136666519250359109e+00
-6.201962243102867589e-01 -1.441533917551888644e+00 -7.248875128559107983e-01
3.975525381146410853e-01 -5.514134412521698447e-02 -1.812004384035891258e+00
-1.521391834498086348e+00 -9.561238083843519586e-01 -1.684650591492535820e-01
-2.800951724316556035e-01 8.537518084375964600e-01 -7.151076529888924505e-01
-9.215711637983747817e-01 -5.244591104020543959e-01 -3.833498809943216012e-01
1.050893425991046737e+00 -2.255545932319886759e-01 -1.756425712993651800e+00
1.231319409193628145e+00 -1.370984829900859570e+00 1.009018528016149663e+00
1.886911079095882737e+00 1.852111309847343179e+00 -4.010075927430670761e-01
1.725398651133438488e+00 -5.589236106044321861e-01 4.450761321218893452e-01
-2.096381245308582275e-01 4.293366848799551327e-03 -6.733495233742974317e-01
2.577767532299478637e-01 -8.922293860368007978e-02 -3.071821426758213569e+00
-2.589385621001915716e+00 -1.990526731241090697e-01 6.709149702793770764e-02
-2.644584955714441854e-01 2.055568424110290504e+00 -1.245514601742992777e+00
5.839226111450712686e-01 9.291410071117592873e-01 1.315266655282149255e+00
1.104879773000188470e+00 1.494011340077461725e+00 1.705863820216896976e+00
1.812973290530027981e+00 2.008831416707176132e+00 1.421860875744823893e+00
1.346372651193676884e-01 -1.197444383673386792e+00 -1.008346794471485008e+00
8.899712815156350931e-01 6.896551619577904191e-01 2.497343091363082856e-01
9.748526197659573844e-01 1.176850113464638081e+00 3.177454627291884659e-01
1.015347499629800199e+00 -4.400112133994408259e-01 5.931299670222782705e-01
1.281269725645773239e+00 5.189340258213768209e-01 3.481692202980865014e-01
6.567198819667319221e-01 1.398457084426147468e+00 -9.094310646567655976e-01
3.751241366188408088e-01 1.058939295076427811e+00 9.820174436138793261e-01
-1.758087285394856591e+00 -3.744870789659985100e+00 -7.369222694973536214e-01
-1.387240581651400628e+00 -4.059718028993548611e-01 -2.200049430364588332e+00
-5.336226310515976845e-01 -5.874101730938203758e-01 5.294822869484474559e-01
-1.565022932556411894e-01 5.284997005674547665e-01 1.110940217373919126e+00
-1.039751030836033041e-01 -1.804374911825282091e+00 -5.325700023657140569e-01
1.069792541423277843e+00 1.278263688877591120e+00 1.277686676247470343e+00
-5.024773766938122055e-01 7.788700833059747364e-01 2.005822874791654553e-01
2.589085914588667436e-01 -1.855840280257693431e-01 1.010545659802494889e+00
1.313019003595807366e+00 6.421186272900500924e-01 6.003293194981889069e-01
-5.286695744929923446e-01 -2.850315278444322864e+00 -4.441384302989576094e-01
6.457438325479960550e-01 6.174804724089650865e-01 5.318378912374464029e-01
-2.401324155149773265e-01 -5.563378451660336843e-01 -1.473578182169092976e+00
7.648905025583232486e-01 5.654688129833671528e-01 -2.396075057649578621e+00
-6.101042463298611551e-02 2.800514582144062015e+00 -1.191284320632250981e-01
-5.948139024568983579e-01 -1.745009323821597569e+00 1.235872428805027123e+00
-7.783778295435741512e-01 -3.713601821863090069e-01 1.423893336029810275e+00
-4.838624455948201675e-01 -1.104548233019911896e+00 -4.108182849348954724e-01
-6.985103790431426152e-01 1.969666480788365259e+00 -4.222612485837613505e-01
1.412222272210134300e+00 -6.444471105322440163e-01 2.040979640260451866e+00
4.521975993834392860e-02 -2.117596925909515981e+00 -4.139265715414779945e-01
-2.356961934292503003e-01 1.113790279197778066e+00 2.197127014357533437e+00
-3.204003953660836679e-01 6.217843172566173138e-02 -9.272040398535077443e-01
-7.476479603367274240e-01 -1.577620780476318041e+00 3.807401859651098341e-01
2.725456109970824103e-01 -1.797970149943250773e+00 -7.161937934479980505e-01
6.297420754993238168e-02 7.408516236344457884e-01 2.537449476040854801e+00
-3.292810298912334233e-01 -1.194973092632067857e-02 -1.701847405557292525e+00
1.275592634201543785e+00 9.643596552472968320e-01 -7.077744627304427549e-02
8.987780960148001874e-01 -8.598174527205808548e-01 1.888626007473199753e+00
1.497514148240370879e-01 1.521106917198731256e+00 1.844645009840387151e-01
-4.655078221897021029e-01 -9.238125292301334612e-01 -1.725965074126926124e+00
1.273144500490636544e+00 1.865270037292816596e-01 -1.925737781436803298e+00
1.321269443415507228e+00 7.458413556240102160e-01 -2.033401733646126530e+00
4.319329387725656666e-01 1.102133560512784882e+00 1.157750746416295939e+00
4.561503124269828402e-01 2.644485964816769563e+00 8.271278568760854766e-01
7.309713533889513615e-01 3.016128179645102270e-01 1.759830224986310920e+00
-2.583420644487637752e+00 -1.949138987353173369e-01 -1.454532059537433364e+00
5.402367875924392049e-01 -3.049178835638037821e-01 -7.363113081627847833e-01
-3.552510634833760950e-01 5.433624061830630847e-01 -1.620195487126711242e+00
9.837003898093961141e-01 2.653063944026118559e+00 -4.397185410261045257e-01
-7.672144553884563400e-01 3.806656193191573778e-01 1.999926570196210562e+00
6.011851456303252128e-02 3.825869074916690149e-01 3.426988347955648440e-01
4.351108512344542545e-01 -9.653667973595868590e-01 -2.012923885182487993e+00
-1.883360514850218603e-02 1.801707673155150458e+00 6.224083332442086336e-01
9.954979799641907601e-01 -1.665716334719746339e+00 -8.508719545928431494e-01
8.639610967067301583e-01 7.031692445361064081e-01 -1.333370126416318469e+00
1.156086505538122200e+00 5.991709406038416841e-01 -1.478704951891201436e+00
5.197429656814983590e-01 1.533983347387212204e+00 1.821651676346995874e-01
1.813317293729151403e-01 9.351441216289534397e-01 -2.220901581470731578e+00
1.822201747266127825e+00 9.010941826475107330e-01 1.389465412856479620e+00
-8.494488797400658875e-01 7.230921047551113201e-01 -9.718504238583280941e-01
1.637188216554592568e-01 -1.413605886185374194e+00 -2.152567749173268097e-01
-1.930928892345357362e+00 1.825876368512044934e-01 4.511332761840280980e-02
2.055337409057521048e-01 3.250458972364826948e-01 -8.529316115583287505e-01
2.495774033088475008e+00 -5.410556264090247147e-01 1.326478417734373361e+00
1.400954273919018167e+00 3.580145327272710176e-02 2.119703305871376120e+00
-7.004802806567540507e-01 -2.550659521985698674e+00 8.065604083496054066e-01
-1.784566312357159790e+00 2.584737620002933722e-01 -8.993635786994143011e-01
-3.471312884386229536e-01 1.355218010176721943e-01 1.358274049214639456e-01
4.808554649918215795e-01 1.399269620744197695e+00 1.428933762656138806e-01
2.639143780131703032e-02 -1.061402095002915935e+00 -7.571708702601067653e-01
-1.755399377004907557e-01 -4.989604865923426558e-01 1.803805677106694594e-01
2.648332050921027303e-01 -3.397599075259039036e-02 -1.856706851719660101e+00
5.549735598024677641e-01 -1.875048429412498496e+00 2.569795878752623608e+00
-4.193321716854955250e-01 4.859904977139057891e-01 6.091288814916901995e-01
8.780906158949726148e-01 2.037253485813334541e-01 1.440620938351832026e+00
1.634833687535379276e+00 1.661929753811613453e-01 7.338071078573833450e-01
1.060237731011189677e+00 -8.824269136862830099e-01 1.551120876085365086e-01
9.533908854362145302e-01 4.149956849735117470e-01 -2.333410672843420297e+00
3.638203558535255677e-01 2.238918756674470600e+00 -5.643024024485496781e-01
-1.574697926650807878e+00 -6.214673100135760242e-01 -1.017924934754372401e+00
8.610215003632759601e-01 -2.137591521775762393e-01 7.154856217838331256e-01
3.249156948666213074e-01 9.420393592013320827e-01 3.836450399279784929e-01
2.136711551426024869e+00 -6.733475505193707855e-01 -1.904322477229196120e-01
-1.673392846058034955e-01 -7.236075633681574582e-01 -5.585493932789812321e-01
-3.021576382664417637e-01 3.748306713464452100e-01 8.674251703346087528e-01
-8.404264491317037233e-01 -1.329327294421925654e+00 -1.801837836505801427e+00
8.277104640212020747e-01 2.137989781517993571e+00 -9.820479377029731616e-01
5.527773817682744006e-01 -5.562932953800967528e-01 -3.758517360301042443e-01
2.478554342260433918e-01 5.884956036722817085e-01 -3.795945657674512086e-01
-1.941207467546727239e+00 -4.077501056847728789e-01 -1.377069064931402576e+00
2.100422540021197326e-01 -1.989990320805817836e-02 -6.394212334408300169e-01
1.639205715539307162e+00 1.162827402260828702e+00 -2.352215271950764963e-01
-1.391524588786400951e+00 7.589184025454387417e-02 5.258003016087471337e-01
-9.097411981421872351e-01 -1.984954109004712475e+00 -3.595833748687197184e-01
-8.238499814195718862e-01 3.245859257991531299e-01 1.508691862216380741e+00
1.850156021157617792e+00 1.215616771345204850e+00 1.008567528031726113e+00
3.076253824876420961e-01 1.520107341555894775e+00 9.941162199244681918e-01
-2.179834996939513658e-01 -1.286622979129368627e+00 8.781793255041674406e-01
-1.245512109167746351e+00 5.584190842965780499e-01 -8.902886780014311885e-01
-1.015988761709556876e+00 -4.610733741642734640e-01 -3.578040986973592963e-01
-3.086494229375747800e+00 5.497504913808826110e-02 1.925994295592904360e-01
2.263244930880814465e-02 2.122633412182260759e+00 2.497565061263444797e+00
-1.657558584292202042e+00 2.382164268690745157e-01 8.816204899440136522e-01
8.177312065788849837e-01 -1.915981704655539408e-01 1.681051775793338310e+00
4.441514518760537600e-01 1.527628614853553612e+00 -5.519802045021269254e-01
5.664062749564391375e-02 1.616167083122153070e-01 1.257846521625270331e+00
1.023985066006618094e+00 1.477426522347000892e+00 1.052630240359320624e+00
-1.319310455315172437e+00 4.997920909979879367e-01 -4.737858776430310948e-01
-6.137977298573019658e-01 5.443273793046190523e-01 1.107715893637100102e+00
-2.646004516598662093e+00 -1.177248149752831319e+00 -7.091007988200865864e-01
8.437830990692452016e-01 1.035101807888866077e+00 1.620014351707642852e+00
7.840709146153168607e-02 7.293312818382220453e-01 3.904828918441924923e-01
4.095751824766001858e-01 2.491639244805301523e-01 -1.915448102892161941e+00
6.334167689182305105e-01 1.232211196138109033e+00 -3.354679718387256759e-01
1.941362349655942898e+00 -1.560587008262069864e-01 2.058368613426837523e-01
3.194633574257551567e-01 -1.521460201750965413e-01 -2.300216906295022401e+00
1.160854645134905994e+00 7.208874865016089428e-01 -3.920540307677876646e-01
7.188265187045587146e-01 2.179019166952303799e+00 -7.095046835765344007e-01
-2.373524136343272417e+00 -5.608234249546119043e-01 5.663044508413495048e-01
1.530065509194832529e+00 3.536515883611363043e-02 1.823623520316339564e+00
-6.851950535504520712e-01 5.833418972544816006e-01 8.548248765516891501e-01
-2.610802240146794961e+00 2.643208833945397629e+00 1.362586943795933037e+00
-9.698143015970017711e-02 -4.130579454774319648e-01 -2.571246626812830005e+00
-8.950966977169081407e-01 9.663607448290238988e-01 -1.779600912813521285e+00
-8.934850940180472101e-01 -4.062983256085952455e-01 -1.596991552098035116e+00
-2.321143787863985786e+00 -1.196946089456189632e+00 -4.529135525206930413e-01
-2.630732924168015519e-01 -6.103016343124101351e-01 -4.156729932702862285e-01
2.785690559835343749e-01 -8.080463917718145872e-01 -9.094360398966265802e-01
-2.431900001045218307e+00 -1.010290336845498960e+00 -1.905479732366106016e-01
-1.569752060448476705e+00 -1.640468746082898166e-01 7.328146034612887938e-01
1.018976222545839860e+00 -1.216780228942082820e+00 -8.962705456395335668e-01
8.278023012837876227e-02 3.087698438894513342e-01 -1.125856126206560726e+00
-1.410789103784302889e-01 -5.330693622250326502e-01 -3.528419062870437051e-01
-2.821000361065068018e-01 -4.303989723810458523e-01 1.763188555024182147e-01
-1.521216882965586992e-01 1.495579202422793186e-01 -3.417042611169219812e-01
-9.167687294510071805e-01 -8.637222034047942198e-02 -8.529542685408902924e-02
-6.823256332913969491e-01 6.562711112160092286e-01 -1.685152051719898125e+00
-4.660026472047408275e-01 4.943911565703852928e-01 8.503591691884829773e-01
7.720344929773463871e-01 1.032477252095878262e+00 5.675520885457386866e-01
1.022551914093230430e+00 2.798429325549625091e+00 3.030672886762271201e-01
1.023742615848362458e+00 8.240957335336046574e-01 1.088662049603048021e-01
1.290888904338177268e+00 7.861237299399971290e-01 1.904296751687549749e-01
-1.637205085624741763e+00 1.558708046871525088e+00 2.198887428426707924e-01
3.137253016122003579e-01 1.675220248353969543e+00 3.746976914802038761e-01
2.615189342873449174e+00 -5.419752012230065752e-01 -2.447764691717383423e-01
-3.485838557901562718e-01 3.405519976644749702e-01 -9.777683450423664269e-01
-2.418603159314737239e-01 3.871142762285173511e-01 2.446857683923623572e+00
-1.510769511011586630e+00 1.005532513936310046e+00 1.376023502738479287e+00
-2.289993516647020222e+00 -9.967507838509137574e-01 -4.966345295313972508e-01
1.482396645325632090e+00 1.442513139921367760e+00 7.810119401879650480e-01
1.468280345041555135e+00 -5.725885644492407778e-01 -1.111854670926530009e+00
-4.917988699350419601e-01 1.283789029178208807e+00 -1.135858127641806714e+00
-8.738014881693265679e-01 1.326908016593212336e-01 1.190230035174214107e+00
-5.952675128997599874e-01 -6.937858020676630488e-01 3.668221942727012408e-02
2.782071824740036670e-01 4.410240360265278436e-01 -6.622285635895615030e-01
-9.389397136431463231e-01 -2.813196101155155393e-01 1.673435320857991626e-01
7.778634521819782766e-01 1.607030114113584318e+00 1.067994247007959308e+00
3.154894382973701950e-01 1.229349860199602684e+00 -1.451015331205727232e+00
1.439847791281677614e-01 -3.080211453141418199e-01 3.228432197498828371e-01
-1.416637968757161303e+00 4.365103875707410097e-01 4.409203526725692379e-01
9.455596807620587629e-01 3.732579753172740045e-01 3.956200800591552769e-01
-9.424400729195936410e-01 1.391453502198982672e-01 -4.418708754806434102e-01
4.482697749046846702e-01 6.262178389645350896e-01 8.931167962939396965e-01
7.305689810992010980e-01 1.036987380283080018e+00 -1.078751668818040077e+00
7.155663390449285011e-01 -1.701725254885693150e-01 8.794966126505636694e-01
-6.731625241323728748e-01 7.491283485052717683e-01 -5.629124081991699891e-01
-8.523849024868059843e-01 8.650545536653226897e-01 5.230556491716146228e-01
-1.251867628325397774e+00 3.960179304128742528e-01 6.815318270025135794e-01
4.019051369265648765e-01 -8.330373849219330218e-02 1.963844866119341948e-01
-8.477330978171202513e-01 1.427902452863454297e+00 8.076189668190332238e-01
-9.385013592234539015e-01 9.503463388341792939e-02 3.392497772215433138e-01
5.191231605402522042e-01 -1.355014587531079950e+00 1.371870695190567702e+00
9.755428296911814456e-01 -1.725149532275325637e+00 -1.495345812104107441e+00
-3.476396601377470530e-01 5.909223655848936385e-01 1.192528816870052077e+00
-9.611491670124800990e-01 -4.183656395345949353e-01 7.855753767490925021e-01
-2.468996421100854155e-01 5.379006555836072234e-01 -1.997067852760963103e+00
3.886569387869481251e-01 1.728792783625786811e+00 2.352734369226116007e-01
-1.036072588604347811e+00 -1.542341045531434585e+00 -1.026838689216865719e+00
-5.537839466458535087e-01 -1.465596603558561029e+00 -1.734817253093111855e+00
5.371993904321390456e-01 7.618242176551820455e-02 3.234032581333059486e-01
-4.785291109571623291e-01 -3.521778828083177437e-01 -4.265217091478089029e-01
-7.908036299373206734e-01 1.350515558972733565e+00 2.501045195499107532e-01
-1.273887992345413611e+00 -5.289082632291914887e-01 9.895103201388677494e-02
-1.075282709229514744e-01 3.004453487852279947e-01 2.457833474959756792e+00
1.738132636397485165e+00 -1.101833636408634742e+00 -2.161478171169375351e-01
-1.957103352075306946e+00 -2.200846333027051571e+00 -6.203076197293783123e-01
-1.740893392424990860e-01 -5.748169329267073246e-01 -5.416815223061988149e-02
-3.300658854270988041e-01 3.285959536169890671e-01 -2.322506140571801492e+00
1.875158482108970626e-01 9.719363507555836001e-01 9.874936893480037448e-01
5.402886440046911209e-01 -1.074435571512103005e+00 3.088098890734897184e-01
-4.393215279717981314e-01 3.353676451488628585e-01 1.626093188981077908e+00
1.676576040466523088e-01 -7.155011297310377438e-01 4.880794327886144313e-01
6.426787501509744205e-01 6.578005752702793529e-01 -6.984817677125012558e-01
7.644474850036595548e-01 6.183860774245135694e-01 1.159586909869068538e+00
2.610177721713484722e-01 -2.872150033901184507e+00 8.433759065034591718e-01
-3.756201860668070269e-01 -6.752877482168129220e-01 -3.239354904854594985e-01
4.864838058008517097e-01 -1.646435947413358303e+00 3.796331195252538038e-01
9.653084328039456263e-01 -8.826903250218079977e-01 -1.660845844943527938e+00
1.393548158993373809e+00 -1.962852590756883897e-01 1.306727609634230625e+00
3.446984924299397179e-01 5.191828865377831059e-01 4.889012593182386901e-01
9.844934349041689625e-02 -4.857565007604122131e-01 -1.829781309019182567e+00
4.130079603677391242e-01 -2.343502997108244945e-01 -9.013895787815446869e-01
1.393983376102389538e-01 1.240053949736381611e+00 1.167845989154872477e+00
-1.738432207918458650e+00 1.995597500493740295e+00 7.736213235876685523e-01
-2.476433571961050850e-01 1.228547477341394023e-01 4.040471488375259046e-01
-2.390993099541440792e-01 -8.364203446792507490e-01 2.868074097522219645e-01
9.183877322951662370e-01 1.491547092418973985e+00 9.669551983830293462e-02
-3.432740877120508127e+00 -6.841479363683418136e-01 9.996432938678683211e-01
-9.789765049159336874e-01 -1.167590736652873717e+00 -3.785399285644646672e-01
1.876171148662457711e-01 1.010230407387906482e+00 5.252779443589536967e-01
2.651018898377398347e+00 1.112816669761183430e+00 -7.225350047727490121e-01
-3.817204648199947203e-01 -1.411559880498760799e+00 -2.609449922779842890e-01
2.412685967100539841e+00 1.224102870635481510e+00 -7.019007476446821325e-01
6.925064727961957045e-01 7.912245150340126987e-01 -4.121174772512292694e-02
4.233003808926606437e-01 6.599860506356396428e-01 -5.522220571845717352e-01
8.290866917386352508e-01 5.384835619649283034e-01 6.181626422926964626e-01
-1.641189130737489066e+00 -5.323848039406747779e-01 1.579694446831067633e+00
2.433559634390753512e+00 -4.242215831033444573e-01 1.390201664318134522e+00
-2.062933671268448732e-01 -9.537406474633770559e-01 -5.678887350161613279e-01
-6.897609921842856595e-02 -3.085032862598415804e-01 -5.687239133252062206e-01
1.830730691027944168e+00 1.787518104339488545e+00 -7.890075556276652247e-01
8.969823062905468714e-01 -1.504646888369733371e-01 7.778605505627413930e-01
-7.684810178918404233e-01 -2.041424454573822267e+00 -3.843254608777931791e-01
1.140855425269452272e+00 5.837009615032738852e-01 1.247839014193286022e+00
6.270765446792740949e-01 -1.773182606799019734e-01 1.272695575602054818e+00
-1.720274949009385601e+00 2.039822339284719233e-02 2.272257382204846188e+00
1.218586265552770165e-01 4.151033405130966081e-02 -2.461728474174400993e+00
-1.064575386775500121e+00 -3.511221845017276078e-01 -1.021432199390097662e+00
4.034930219810693997e-01 -8.783514093024631375e-01 1.016845801990867271e+00
1.254895021054899473e+00 1.739691563341043246e+00 2.221510832920215783e+00
-3.092844398784442284e-01 -1.300059083289367701e+00 8.564545711701565534e-01
-1.028461512905858299e+00 9.113607760524644608e-02 -7.300834453992905981e-01
1.790679662094000646e+00 -1.013971439735387614e+00 1.363639502373688583e-01
9.202012425774712678e-01 -7.689362438068780836e-01 4.527286786234007154e-01
8.533461795629184721e-01 3.260133539985723972e-01 8.890416195996841964e-02
-1.399308025988886151e+00 -5.130978391405593975e-01 -7.361046599245086863e-01
4.274147655120392186e-01 6.450072513917169958e-01 1.121694824978142657e+00
-2.111498839966784669e+00 3.254218899857440617e-01 -1.042578843003161282e+00
-1.396870987718672907e+00 -2.768592518671456060e-01 -6.682802445282183257e-01
1.980704645857372381e-01 1.240825963141436228e+00 -3.327457855718206625e-01
-3.120114633527179548e-01 -2.879803972605554652e-02 -2.009114383917205426e+00
-1.152399200957221037e+00 -1.515227363736583843e+00 -2.111755066062407149e+00
-1.815583667066787976e-01 1.523899297395494012e-01 7.714754080086390076e-01
-1.153977824790397344e+00 7.813518751045471777e-01 5.930196282652786532e-01
5.600766786202140413e-01 4.651488328856656640e-01 1.461928001303326008e+00
8.370991891854140388e-01 -1.761558494247499107e+00 -1.198995543466888414e+00
-6.293945551408874906e-02 2.586037560504703126e-01 -6.742486164984424768e-01
-4.622130436104351925e-01 -7.066147283767212350e-01 -1.565810576441464708e+00
3.762946265169928584e-01 1.446465083774298055e+00 -2.070361655090113828e-03
1.530122330583965518e+00 -3.632873250469211834e-01 -1.365858623351362988e+00
-8.809965486487636444e-01 -5.966781951785824489e-01 -1.895450944438836549e+00
-2.647767488435081029e-01 -1.445013951594559809e-01 -9.642416800793434106e-01
-1.668217693498328824e+00 -1.311517772979900576e+00 -1.655754163657084721e+00
-1.010197815318296000e+00 -5.953127589172692025e-01 -1.600577299714377011e+00
-1.647385851126973999e-01 -8.542870193177811711e-01 -1.236879326724629191e+00
9.927672243314159539e-01 4.724595484956497504e-01 1.027579808223960445e+00
-1.790630349996370718e+00 4.818956369486097069e-01 9.630078396460992618e-01
1.388306989987274642e-01 8.300830613395995261e-01 4.649920546920767173e-01
1.463348678411676485e+00 1.760068025845837880e+00 6.026821417065336695e-01
-1.156967121442499247e-01 1.865582718683629126e+00 4.600260039053638561e-02
1.120525629813100776e+00 1.068907420898025817e+00 1.092631634982359046e+00
-6.682301217112009972e-01 -1.228763530343128796e+00 1.357749673244602606e-01
1.238618224498059917e+00 5.136252652840178623e-02 1.048163158622501534e+00
7.754939792525977760e-02 -1.571756582948477199e+00 8.135014238487899840e-01
-1.281696004689684365e+00 -8.427513685718379666e-01 1.071984468202615837e+00
-2.473168766420460463e-01 -8.838197684293584988e-01 -3.547963821485808911e-01
1.196866990874768000e+00 -9.490298812722197663e-02 8.354184777759829927e-01
9.560478160298198080e-01 4.060853893254754432e-01 -3.604882354937486433e-01
1.691372335529601312e+00 2.095594645236468878e+00 -8.401003509097386690e-01
-8.199592501083108331e-01 2.105090885998470718e+00 6.869013411915726453e-01
-1.591805874436672985e+00 5.150492587816521972e-01 -3.600591813886006021e-01
-1.067422708627333794e+00 -1.140927008365386852e+00 -1.162256745881077968e+00
-1.073002539172142278e+00 3.108826206183061824e-01 2.140330212202126159e-01
-8.063819009663446558e-01 -9.497870129948025042e-01 -1.142759005953596363e-01
7.122018605956755843e-01 8.748288000367204775e-02 -2.721731236592550562e+00
5.533848892477263304e-01 -3.124732614216144677e-01 -4.175581742440834798e-01
3.356937396378075755e-01 -3.602509230018847708e-01 -5.874082520134130680e-01
3.472825482977415779e-01 2.173069076484649642e+00 1.279464069475412691e+00
5.668751278272310401e-02 -3.870396285614146059e-01 1.449286822349800996e+00
3.118379991076010160e-01 -7.587345442005528628e-01 7.277590863088612139e-01
-7.143527419555090185e-01 -8.422361230475325922e-01 -4.093004058927913746e-01
1.255685875193099932e-01 9.270359813682700345e-01 -1.117175319258767674e+00
-1.129772307928212705e+00 -1.834766701097521491e+00 1.269544164145685050e+00
-1.399957453834854260e+00 9.288224127544175701e-01 1.634110609488190757e-01
-1.326873510838997738e+00 3.410910308359069720e-01 -1.527816353988699083e-01
4.619294237679971715e-02 -1.540823436222430898e+00 -7.276068555030598128e-01
4.830020735232763984e-01 -8.168763205508129399e-01 1.513286495937350429e-01
-1.370294396803048986e+00 2.288238678326089959e-01 -2.063032537449605019e-02
-8.734464807714030776e-01 1.610247345054676593e+00 -2.873099609847709512e+00
-4.947037799013831449e-01 -7.697950359481653404e-02 6.021453009894517372e-02
6.246026859954747490e-01 -7.370397705468956229e-01 -1.090038482171347578e+00
-8.558708264008073607e-01 3.189809709939099847e-01 -3.263256513080182719e-01
2.539159892623094272e+00 -1.633149577206066683e-01 6.384493594705651365e-01
-1.060798595259805355e+00 -4.304094541207108549e-01 9.710531208776614909e-01
-4.103811546998937798e-01 2.446203293720314309e-01 -1.022749722714789256e+00
1.021449113352494997e+00 -5.364343637748880678e-02 -9.012469112242535996e-01
1.741691995683839700e+00 -5.823769506220585201e-01 6.745815258358405231e-01
-6.000829786829202650e-01 -1.548736728638257620e+00 8.184548673633567084e-01
1.046617056317532546e-01 -2.864886022110506136e+00 -1.435588106654945295e-01
-7.382353655802520453e-01 -1.722826826740136985e+00 3.741861933095997905e-01
3.296872057543419610e-01 1.118175287007657115e+00 8.851567371980502141e-01
-2.651031045036615907e-01 1.561704270460239741e+00 -1.737930243138139152e+00
-1.733423507296949495e-01 6.843142670768964653e-03 1.885820284646108069e+00
-1.594825094844850577e-01 -2.667223996117485285e+00 -2.725118728825975944e-01
-5.172046965934929963e-01 -2.581829870930754112e+00 6.789738112644245760e-01
3.267362811401899880e-01 -1.540282728036667104e-01 2.199608560486780551e+00
5.805653169974076544e-01 3.683494961164934800e-03 6.940597271197690432e-02
-1.428149725440417406e+00 -1.495056462247264184e+00 -1.029236111305504298e-01
-4.295196094199406067e-01 -1.593994629610514524e+00 6.941222575547516538e-01
-1.309634814149445159e+00 -6.593485573405037936e-01 -5.844968410155918503e-01
-2.154210467084101133e+00 -9.534048637720682340e-02 -2.143440288407470362e+00
-5.663237194200276825e-02 -9.206367534654518181e-01 1.046812462577772385e+00
2.287243446932032964e-01 1.886463777165468536e-01 1.552907844350613020e+00
1.132676263226562785e+00 1.417111280923658789e+00 6.655099578493560708e-01
4.454230647955630396e-01 -8.950673939471360807e-01 -3.720478832776876743e-01
-1.334139356388913233e+00 1.297352390023496227e-01 8.460881899466758949e-01
1.577627453265509683e+00 -2.680729113805800923e-01 3.667332778331879872e-01
4.012057905979172778e-01 6.191354100224183421e-01 7.799927315196488742e-01
-6.459033492723584846e-01 1.848850826994942187e+00 -7.117479159869342098e-01
-7.645286855502761991e-01 8.078221872880662069e-01 4.276558770587552960e-01
-4.206391954148578360e-01 9.862570218112435283e-01 1.915060618223723310e+00
-4.696165399969925991e-02 -5.236528602998290483e-01 -2.109303232185424370e+00
-1.587417795811546073e+00 -1.853484999159288549e+00 -5.563081731206986902e-01
1.452498788066830748e+00 1.537187068428087944e+00 1.595176983036431961e+00
-8.027125303132816025e-01 1.726728089816659484e+00 1.325275427119284810e+00
-1.851012986003301997e-01 1.680480077809829886e+00 8.185603070401243908e-01
9.392553567174688478e-02 1.547073198724918663e-01 -3.889690140351126368e-02
-1.664284783055951733e+00 2.428851305657355741e-01 -1.218426852543621264e+00
6.258009439603313684e-01 1.445229837086812186e+00 1.782670339629566780e-01
3.289562165809867267e+00 1.424276050704230245e+00 -1.887528226015997124e+00
-4.279621502155936397e-01 2.713336948746331023e-01 -3.667350035532253472e+00
-1.300337587752989243e+00 1.081983115635676063e+00 1.203436752527435871e+00
-1.462822364130468067e+00 -9.037790185442997615e-01 -1.103296074803450821e+00
7.861358297707135012e-01 -1.974824913929233983e+00 -7.006823962799582084e-01
-7.474396645809902040e-01 2.470652350010380527e-01 -2.054717685743734368e-02
3.511095315817126528e-01 -7.129523942192239616e-01 9.170573059520463755e-01
6.750839495863403261e-01 -2.123386639044213098e+00 5.262861056360770284e-01
9.216273808208443885e-01 1.370053804014441434e+00 -2.390568909967285549e-01
-8.166978954472832175e-01 -2.048146982834887275e+00 1.135611247224883158e+00
1.477033926758345661e+00 4.323047224803959754e-01 1.596314290028638894e+00
2.601453947288848045e+00 1.237421999276941964e+00 -1.689711675230198829e-02
8.256239592422200957e-01 3.284325435728449039e-01 4.012224346497196281e-01
-1.849549704945017692e-01 -8.255184418741310370e-01 2.057771153423393340e-02
-1.036867748218502916e+00 3.390717879218759778e-01 7.893789778998920870e-01
-4.468285521928503368e-01 7.367291292673727732e-01 3.938362973245594922e-01
1.716716873692909484e+00 5.005923620597340085e-01 2.982518318031504023e-01
1.328994376822495660e+00 -9.482885404752297021e-01 8.488798614927359765e-01
-1.026193048491640392e+00 -5.271323622644428220e-01 1.299199524278212614e+00
3.456275589477688648e-01 1.485601000869237964e+00 8.293961445873235805e-01
-7.879817697057609482e-01 -5.711360787042116804e-01 -1.550104338848092844e+00
2.327179633204679576e-01 1.432360739813215433e-02 7.864961976850590730e-01
5.875335862416486421e-01 9.080628982086325074e-01 -1.494831118060200303e+00
2.806045813666420141e-01 -1.177045125374411416e+00 1.649627308005526816e+00
-7.594509761741290443e-01 7.505538154383391003e-01 7.718467994536788446e-01
1.417943798584500037e+00 6.740510500001478666e-01 -8.724011560678504029e-01
1.326966208314486639e+00 -2.000325833164502409e-01 3.026626808726026741e-01
7.187653518430325850e-02 -5.356818700282088841e-01 3.034191556225684483e+00
1.062374579364101068e+00 1.961544247207196667e+00 1.649743446867695473e+00
-6.662318108720024501e-01 -2.572078978179729081e+00 -5.964302292124525895e-01
5.809393778264755337e-01 -5.685316093138841342e-01 -5.035117432103003443e-01
1.800392278370865240e+00 6.357502695627026412e-01 2.259177296066090523e+00
4.924412449903154410e-01 -1.140146727024927698e-01 4.640125695245427839e-01
-9.549536885685906418e-01 -6.038803514625221691e-01 -1.126548614313640506e+00
-2.440884693291101470e+00 1.219579436399742534e+00 -2.197838949421215271e-01
4.264866969845915179e-01 -1.770758390367781709e+00 -9.872549270192931825e-01
-5.037213530274995410e-01 5.088678585497059537e-01 -6.054079501462026336e-01
-1.371348832604009305e+00 -1.269298097609174114e+00 6.981185558823801429e-01
2.599879518769974585e+00 1.549560041872344973e+00 1.915871251002684739e+00
6.007976585326090246e-01 1.149072572617507504e+00 7.525226296684723870e-01
7.910338786209429873e-01 -6.100440434551825941e-01 6.557927606413975763e-01
1.525529997477581334e+00 -4.892035746371559135e-02 3.127696439273971452e-01
-1.337684947109235800e+00 -3.513275634694986715e-01 -1.479837336042079343e+00
-2.298067954349187314e+00 -2.961286092035527728e-01 -2.221421347888564490e+00
-1.767348762421799613e+00 -1.080106158388032700e+00 -8.333783794739922923e-01
6.027187536955969094e-03 -1.380853408171913266e+00 4.997741531782106117e-01
-3.122053801956571339e-01 -2.107865257103641587e-01 -3.407103846418090276e-01
2.597852026007403392e-01 -9.974483963234799244e-01 2.282445547036111577e-01
-1.221784837882387009e+00 1.599481980055831309e-01 -5.319086082561355067e-01
3.322097731542739130e-02 -3.005439128635697177e+00 -1.569817947911889222e+00
-1.149099887172479573e+00 -1.743017291968859683e-01 -5.863186321547058100e-01
-2.007651049562497736e-01 7.960088449296447433e-01 -1.719380730953409819e-01
1.424832842263826560e+00 2.783909490704701284e+00 1.017513123704908651e+00
-8.976175728869615345e-01 1.128554856656577510e+00 -1.058380737656243298e+00
-2.671971154779129165e-03 -5.358881752094346584e-02 2.348865870554347479e-01
2.016969871275173354e+00 1.702681453593633654e+00 7.319873214104463122e-01
-3.140302281286529995e-01 -6.081609855073150106e-02 5.222286531548558930e-01
-2.302240607560774421e+00 1.099054851875651773e+00 -5.442133440967528157e-01
-2.933901883948097922e+00 -1.055822874484282803e+00 -6.541402095903318115e-01
4.003238207605554488e-01 2.009172890585425031e-01 -9.311699392353978144e-02
-1.220660254623444185e+00 -1.082348855327804227e+00 -8.098002391240537445e-01
1.276460040943148133e+00 1.206221307722285419e+00 3.626601466355386938e-01
-1.747516164071388767e-01 -2.608598959548946716e-01 1.549269117944023777e-01
4.965020920127210524e-01 5.660599416403154782e-01 5.808329457167887844e-01
-1.553092537023427200e+00 5.569831514680494422e-01 -1.677953596510048273e+00
-1.596564483562314396e-01 -7.721998157240785865e-01 5.088886909166812078e-02
-1.083447221824215712e+00 1.191114990735023582e+00 -8.455680706124228951e-01
1.232788584383251784e+00 2.018442778696047935e+00 2.063166992253695931e+00
1.536302969000021834e-01 -5.497859933719116965e-01 -1.937383802191012805e-01
-7.483788413812536566e-02 -1.410935038063947378e+00 -1.003995122262818507e-01
7.529442735412472665e-01 3.337672273772925857e-01 6.869221599230121988e-01
-1.605375221236102767e-01 -9.471689786594923444e-01 1.412509582012423603e+00
4.802997183794820435e-01 -1.014204181764496004e+00 2.249229929063266464e+00
3.773157483148392166e-01 1.631656999678150921e+00 2.626028720607974654e-01
2.535782675406972331e+00 8.272479935724841305e-01 5.777895286307358491e-01
2.470110055971281415e+00 1.302850235964414516e+00 3.169868121168111230e-01
-1.610824267419381228e-01 -1.968689195215676424e+00 -6.830102866564135011e-01
-1.180156325523869398e+00 -9.247600664344735044e-01 -1.355266457762453802e+00
-8.847929595731874874e-01 -1.199096695275962077e+00 -1.378840230332543992e+00
4.360626980022419552e-02 -6.455508179156310700e-02 7.488159106402969556e-01
1.810412971127966175e+00 -1.200545269808077853e+00 6.123581679438827585e-01
1.526131678540065595e+00 8.058719741687170313e-01 3.519682722332294067e-01
-9.730995681441070300e-01 1.452578069199482291e+00 -2.066947500598113940e+00
2.261655896765665474e+00 9.109668393839408518e-01 -3.635727003786393130e-02
-1.065479567036553998e+00 -2.265096745216817808e+00 -3.552438868253443571e-02
-9.446394031542038050e-01 -2.936858417599411131e-01 7.377558604811862430e-02
3.719919243659769448e-02 6.477306269046432252e-01 5.607244198164801352e-02
2.707669642211068428e+00 -5.127653069427406951e-01 7.532730403068235159e-01
1.453598714927199609e+00 -1.259217659556022939e+00 1.646676916684501002e+00
1.036934163491404437e+00 -1.664327997668832992e+00 1.658960097892581143e-02
-1.637553256806675073e+00 7.385400951669949254e-01 9.242322200690682443e-01
1.494203741415883080e+00 8.964283191879121038e-01 5.551016954000368431e-01
3.940642260203713887e-02 2.898863184314765529e-01 1.099837930957767274e+00
6.356865934968209952e-01 -2.189138570244882676e+00 2.463149921910883222e-01
1.529898863619290950e+00 -1.618926475721070846e-01 2.062129161273642097e+00
1.677836056566366585e+00 8.648653829800636572e-01 3.808527403842488224e-01
6.053459862067339659e-01 -5.388173705946479597e-01 -1.334220373884003275e+00
1.408812130313653377e+00 5.252811140409856527e-01 -1.266086431704682491e+00
3.045144308928143806e-01 1.024864022597691715e+00 -6.169395917749032066e-02
1.274532799575288644e+00 -1.920855420490760190e-01 3.371264539069223631e-01
-1.271603300448987728e+00 1.155006308199691967e-01 6.940119073022399387e-01
1.384567152162456516e+00 -5.108253261982322879e-01 -2.406746230480445448e-01
9.205955055719006186e-02 -9.109164068340930287e-02 -1.846327891653817943e+00
-1.045859097991915565e+00 -3.780150444653435304e+00 -8.581921057382548845e-01
8.487755247608099740e-01 4.371816243026988014e-01 1.843351428720717999e+00
6.189294340613347156e-01 -4.751306348596947005e-01 -4.056932251509249854e-01
-1.477760786359303413e+00 -1.918112241736070200e-01 -1.034440132966062187e+00
-1.098922918573053131e-02 -1.970081759536827404e+00 8.548527267189320877e-01
8.749271672072647110e-01 1.050997936556802959e+00 6.476511465109872079e-01
3.760782338051325002e-01 -2.163262754109291919e-01 2.454695754566261767e-01
8.796377443342121571e-01 -2.679670301023791446e+00 1.312104339589419411e+00
4.010542197809401910e-01 -4.596457450253077504e-02 1.059360569266278307e-01
-1.420736417457611811e+00 -1.693480849867883276e+00 1.460529631030763831e+00
-5.027509100618150484e-01 2.031649233702387924e+00 1.424372524952888686e+00
6.300647987467540290e-01 -3.239205872875833503e+00 -1.719211042278422141e+00
3.485571474023586580e-01 9.318871510817203774e-01 3.421317035271120854e-02
1.071340524915044834e-01 6.995884744533020783e-01 6.348221344719018333e-01
-1.388793226757460975e-01 8.770514990010723766e-01 1.714481596433232280e+00
-1.998256329243302543e-01 -1.901810953362348622e+00 2.081342400829711003e-02
1.029120770963473652e-01 3.497958836825356133e-01 3.212452516834928939e+00
2.307382995572343720e+00 -1.129878272410427931e+00 -1.202729534532270383e+00
1.735239594725951351e-01 -7.210363219168669513e-01 2.290472783396097167e+00
-4.127620012297787966e-01 8.499379234374837555e-01 1.410813595713257040e+00
-1.966838129590596118e+00 6.350507664504534411e-01 -8.695512879230522518e-01
7.078038725193896985e-01 4.894139762051705755e-01 -5.481480629159396489e-02
-1.937605470335218127e+00 4.282478104488532944e-01 1.748856773136666654e+00
4.539939325883622923e-01 5.866715863750596727e-01 1.423323893635798365e+00
-9.422319394726708097e-01 -1.425839242769192383e+00 -1.304237100177306985e+00
1.365575544214129522e+00 -1.986764434400137613e+00 -1.716616915872489102e+00
-8.034590279686930625e-01 7.692141894670911917e-01 -1.352736608944549168e-01
1.032148350075535292e+00 -1.182208483086607309e+00 -1.327590086458340313e+00
2.115840567657519822e-01 6.015149246562323526e-01 -3.031667963771754737e-01
1.204611997718942895e+00 2.680540505862724077e-01 1.436900254753739059e+00
-1.059609520537694305e+00 4.335604258002802025e-01 -5.744890895775600637e-02
4.015968036748105430e-01 -6.693350471233074916e-01 2.470710025597542270e-01
-9.304248569951374392e-01 -1.732684653494332983e+00 -2.238561242328279688e-02
-1.023712064258195387e+00 -1.054934019813336121e+00 4.013334594368719310e-01
-7.920371347513361915e-01 -1.580954611231108808e+00 -5.215592070314905015e-01
-1.286305343928801470e+00 -8.529957757597315116e-01 4.885137046258133386e-01
2.862541857020727276e-01 -1.830854625300456728e+00 1.687385400932984059e+00
9.216864419206863834e-01 1.714080387486157875e+00 -1.252531314493323888e+00
-3.672076886395236883e-02 7.727168515750442168e-01 3.333946120947900438e-01
1.220023437625445295e+00 5.757550811849162509e-01 1.181608876480313874e+00
3.985855003069299629e-02 2.093393061841001046e+00 6.960188292298514767e-01
1.194977322062768410e+00 9.487965328349883265e-01 -6.902097973845106038e-02
-3.033690809090034080e+00 -1.571876487033216696e+00 -7.839290351147145675e-01
1.192638458926831513e+00 -2.664584280675653671e-01 8.060880882278871340e-01
4.221616495039531847e-02 1.956516848611184134e+00 3.128199674801846464e-01
-8.065256754989055255e-01 -1.796248154124379104e-01 -7.906544110480602239e-01
1.073651399339466739e+00 -2.349706512010918402e-02 1.087254465239511969e+00
1.610235753831317673e+00 -2.773886832170702199e-02 2.231154738658898573e+00
1.390873147746956473e+00 1.390758050413350766e+00 7.177462844227560090e-01
-1.327441640676193080e+00 2.808348284773086734e-01 3.897195260375401205e-01
-1.986104500928039807e-01 -9.097092477694856960e-01 -6.374019910571692149e-01
9.538128906404881313e-01 2.178398845241399928e-01 1.233840299278660346e+00
-5.195021435637063867e-01 -1.534833736215343247e+00 3.196579588843035391e-01
-1.334686459079449605e+00 -8.605211169261591797e-01 7.570931152859263769e-01
4.971523024908526822e-01 1.196914633810894357e-01 1.689399718200944811e+00
-7.610322749028414213e-01 -1.001553528320310082e+00 9.904597230848966039e-02
-3.983608501037754768e-01 1.164607555826900676e+00 -9.517991289687470768e-01
-1.457115329186587371e-01 -2.304238102221829898e+00 5.648058428326876435e-01
3.249162075308736353e-01 -2.585144536328860543e-01 8.548860003665890162e-01
-5.924393348598795406e-01 -7.374960170065134601e-01 -9.228058560954482958e-01
-8.694555787788083023e-01 9.406037562127522733e-01 1.078999716042160273e+00
1.040112972582100781e+00 6.484676605527786020e-01 2.841256471959956453e-01
5.390354193830644292e-01 1.271074643733117959e+00 -4.943757116943104934e-01
1.949504224677961695e+00 1.627991758394120358e+00 -5.116923494486969037e-02
3.053114067422517675e-01 -3.582616132911528029e-01 -3.665511307347284475e-01
1.176613209125102033e+00 -2.070619828478672098e+00 1.682631598548895990e-01
2.105887960111363366e-02 -4.308307559926438657e-02 -1.244492958771300728e+00
5.239894560000689649e-01 1.098945252457759203e-01 5.944779306156690035e-01
-1.843099879237790617e-01 2.245414022563292811e+00 2.529688320739309049e+00
8.251034681240193569e-01 -4.021204546476109254e-02 8.811096987877484743e-01
-3.107782516707930931e-01 -4.970858930713540902e-01 9.312813176708506502e-02
3.099409322465194183e-01 4.591040792008853622e-01 -2.430257001927945693e-01
8.147850149692887900e-01 1.568746664783359002e+00 9.761319468625617723e-01
-2.007111464503969156e+00 2.170803349048999742e-01 -9.798514625432135361e-01
-1.071996777053254135e+00 -4.494222589478563123e-01 -1.721461507981192351e-02
4.645467641982312657e-01 -4.663606527632889187e-01 2.718241485221906117e-01
-7.751551805298353415e-01 7.058511445293498276e-01 -9.585776746535195070e-01
1.183476741430527390e+00 -1.501368800197777631e-02 -2.443321602213726074e-01
5.685671337535254111e-01 -1.098237411607845937e+00 1.497184729069663156e+00
5.198330006887154076e-01 1.915559731235846108e+00 -6.332339701988609626e-02
1.016416459838073383e+00 -4.850232195375175914e-01 3.355707492090215238e-02
-4.971449580807105750e-01 -1.734563142365030952e-03 4.182949968900424587e-01
-1.719490297097855613e+00 5.093679726119028084e-01 -8.782889675033760390e-01
-3.030398730812986496e-01 -1.404871945927657961e+00 -2.011644960116599989e+00
1.139774779693540019e+00 3.343559046698321158e-01 -6.449199441367470254e-01
9.267508908767152498e-01 3.601521777805160029e-01 4.311269783212035023e-02
-1.557216335894542336e+00 -9.781793513118576255e-01 4.091096614995314296e-01
-1.286304790084863203e+00 1.298572621041680586e+00 -1.810557229271018365e+00
-7.194308250778655989e-01 -8.453535053604974703e-01 -4.135972946963780150e-01
9.200001793293799413e-01 -1.735963385943796178e-01 -6.362469503401986248e-01
-8.682896143214977602e-01 3.250280324629933881e-01 -3.778791599122188760e-01
4.223415491371099173e-01 1.537163283515026624e+00 1.468674234585952920e+00
5.317901167597203216e-01 -7.792574351320482595e-01 1.216402866019253404e+00
-4.199613988861049529e-01 1.739468362809146074e+00 1.320935377775208863e+00
9.967799807603250350e-01 -5.752238339594444305e-01 4.677426047275501375e-01
-1.835950910285777837e+00 -2.076910470931840003e+00 3.025079576925543412e-02
4.950054269412610397e-01 9.517694440312698401e-01 -8.766699317725779039e-02
6.619502947920952174e-01 3.659591328685307676e-01 -1.860856171686615657e+00
8.750163249036013724e-02 -7.935601334667139461e-01 -2.063644333002046527e-01
-1.834966809573349567e+00 -2.399133322825187431e+00 -5.773947676010521279e-01
-4.953534569635477114e-01 1.423121060572236640e-01 4.781809154714570242e-01
2.022502977760780585e-01 6.599127169670704340e-01 -1.778188517960810344e+00
3.184631244132162253e-01 -4.190565214358673019e-01 -4.828147900972014628e-01
1.213772593932909816e+00 1.876337263244792775e+00 1.662360805858254409e+00
2.722056518497917299e-01 -9.892946526929563555e-02 -1.691999290855475513e+00
-5.260178700614470682e-01 1.257825741859793345e+00 3.488461066079177053e-01
1.051886942277444614e+00 -5.934008985211154386e-01 7.573097228108596202e-01
-1.969833307826612367e+00 -3.207285916360883560e-01 6.877981209950840835e-01
-1.084331359626520941e+00 -1.094953912757986370e+00 -3.789002611869450310e-01
4.492108879732166216e-01 -1.949928973218123085e+00 -8.778694798449786507e-01
-1.986267849628746474e+00 -2.189580203209989806e-01 1.015154797104621531e+00
2.429775870726540998e-01 -1.620336724145209129e+00 2.501565936205929486e-01
-6.198478052015634621e-01 -2.977210190775095855e-01 -4.256219260932853077e-01
-3.538412484577512229e-01 1.504507131132355457e+00 -1.486498322569128616e-01
-7.143515268048578060e-02 -1.996025821107807907e+00 2.222962887054206194e-01
1.498420185627754586e+00 -1.777397868156901928e-01 -1.029249487545563779e+00
-6.808198367656883576e-01 -2.858907603247500706e+00 -1.415381436192039377e+00
4.810515661078895722e-01 9.469851017999609821e-01 2.256118425978879127e+00
-5.749407921681493061e-01 1.235314162283392303e+00 1.585940606983128331e+00
1.694789437883022609e+00 -2.875062848685679961e-01 -3.808116515921888823e-02
4.787641516774766570e-01 -5.297019423649818037e-01 1.241103119890070161e-01
-2.423809178836499045e-01 9.133228647936064704e-01 8.666141495676520368e-01
1.548841828368033191e+00 -7.886336328580434429e-02 4.514670980249120280e-01
-2.028468561850464980e+00 1.569785169300621508e+00 2.755579798722990192e-01
-2.977055602557360237e-02 -2.424339305033866854e-01 -1.440117533792842686e+00
2.241335735147797159e+00 -1.394047185902950847e+00 6.426285508097162591e-02
-1.277949152896545204e+00 4.307652661362051383e-01 9.257381066796788183e-02
5.693123186304565042e-01 -1.032485372551803060e+00 -2.007523322589968906e+00
7.047969745392532737e-01 -2.611256240086107794e-01 -8.043560251895340851e-01
-2.165941097985233377e-01 4.106279489252947501e-01 4.929350557898104501e-01
-1.773327608138995037e+00 -1.062602774756891133e+00 -8.105972053538541555e-01
-1.142802449920468089e+00 6.199816455026467832e-01 -2.049787819551285306e+00
2.338716240873031094e+00 -3.074767882893872928e-01 -1.353999089793169741e-01
-6.327312252353622934e-02 -1.016599449368435160e+00 7.308440805737066448e-01
-2.397235849267601582e-01 5.473795670536505398e-01 -2.047359062032627630e-01
-1.416475812792008071e+00 9.094289006272360254e-02 -2.094667313534344988e+00
1.297950533811268237e+00 -7.338134278611454508e-01 1.204300295973357304e-01
-9.524270983575698901e-01 -1.318604242881463495e+00 -1.185917931216491361e+00
-4.227794667399186190e-01 -1.379413448467200487e+00 1.177146870716228477e+00
-1.136382015561894665e+00 7.968918606723951470e-02 -2.645225425271080510e-01
3.069010783247144158e-01 -7.461628149889898420e-01 1.146867541722790484e+00
5.247118509414118170e-01 -1.529733520356420406e+00 7.493629948075432035e-01
8.746617662433628926e-01 7.331395284241946086e-01 7.639116366460996232e-01
-1.200091957370426288e+00 -7.656341183437413989e-01 6.447970945206240589e-01
-1.170707217298672109e+00 -5.994644856130106891e-01 -5.193371266932675923e-01
7.877227741397863081e-01 -1.380335580643702098e+00 -2.763817155904759737e+00
-1.258814000207309491e-01 -1.994265966105665422e+00 4.984848340342377115e-01
-9.557510516189432481e-02 -3.446875260567625610e-01 -1.384367860255555582e+00
-2.146815477282409401e-01 -1.663633324111093992e-01 -2.009679747800906302e+00
2.046248865751801205e+00 4.139452212931451491e-01 4.841225991130849726e-01
2.999050784510721157e-01 5.946335931497124250e-01 -1.020482024228784423e+00
-6.076615745851970951e-02 9.238516411927975014e-01 -4.063094368425251846e-02
1.033547996858775075e+00 -1.495260771538357680e+00 1.404053850844620976e+00
-1.684575441102911464e+00 -8.898225214384400950e-01 -1.649044334340403761e+00
-8.114793232798320766e-01 -8.556237074606189985e-01 5.828067023837373295e-01
6.439189920325882888e-01 9.510080591772474001e-02 9.341426287324863242e-01
6.779535852188952605e-01 -6.408955382290359992e-03 1.197322011429528654e+00
-1.443490425750467931e+00 6.125148655107721662e-01 -1.169449160104549801e+00
-8.573366743922667954e-01 1.584423291761358765e-01 1.637646590779988198e+00
5.972899942888010294e-02 -5.183638082400032765e-01 2.508678940759744291e-01
-2.297556069238423149e+00 9.115177352529832966e-01 1.519866314215434722e+00
1.425511543628048550e+00 4.570074545351738293e-01 5.638315548578214376e-01
-3.111108911539223199e-01 1.399389870504009981e+00 2.043102886549903463e+00
2.696643681983584839e-01 -2.800677024876152998e+00 -1.055957188804433344e-01
1.710212943525052931e-01 -7.157951438408538536e-02 1.841471882778936031e+00
-3.539547676239997998e-01 -9.528307627345429243e-01 -1.730898639676259343e-01
-2.631699304644708359e+00 -6.536049358624362871e-02 1.961717840003091018e-01
-1.667751062918645610e+00 -6.173994464697771800e-01 -8.157965563825528843e-01
-9.128690602333511261e-02 1.644173550949771689e+00 2.501583539742151530e+00
6.475346830799668663e-01 -1.106196412230318060e-01 -2.233871315326099172e+00
7.800568378068337694e-01 -7.923997724737994464e-01 -7.025632820294557268e-01
2.055748928262300268e+00 -1.277227788654810459e+00 6.921219153082072140e-01
8.963048110051308193e-01 4.292433876156339645e-01 1.171876892011155968e+00
-7.082737922038380152e-01 1.094323360943225243e+00 5.334555146493809019e-01
9.486046700133045073e-01 5.485523825081339844e-02 5.835654803170398086e-02
1.545941393905888805e+00 8.843971502052319078e-01 1.430812209501458376e+00
-1.701737436144771798e-01 9.763494210913936655e-02 -7.248085725950521585e-01
1.559049253784207556e+00 3.708662641233556045e-01 1.572686207887941778e+00
5.729430996072198967e-01 -1.287483777595363588e+00 7.708911528435722360e-01
-1.192463994069850486e+00 -1.140021652866091806e+00 -4.872266449942185829e-01
1.550296843896737942e-01 -1.216015490149336742e+00 -3.031650737396012207e+00
1.709830057912570478e+00 4.456604736017391599e-01 8.548332343690046020e-01
1.229393174606871142e+00 -2.188396192558110798e-01 4.757457417735442839e-01
2.713102318445518302e-01 1.369773886428170107e+00 6.482476884286914043e-02
7.373181648224422791e-01 -1.758715847569594759e+00 -9.814151203628382891e-01
1.709052352060442814e-01 -7.053218919351218474e-01 2.840230957618121721e-01
7.694438791978237546e-01 1.644817113576115264e-01 1.503351378909173253e+00
2.513573862215519039e-01 -3.947178399055536469e-01 -4.976696793003769215e-01
1.250320299417822856e+00 6.277542883182143374e-01 1.666925487630146918e+00
-1.179439521722501105e+00 -1.154970732665973943e+00 5.598784502042530864e-01
1.559300157173492796e+00 -6.599695887249201753e-02 7.900903378660379950e-01
1.508169549158761558e-01 -1.361975071054665642e+00 1.853181543932955533e+00
1.626871324883838454e+00 1.773101873010115348e+00 3.200938503345879260e-02
-2.415893115717810513e+00 -6.856009859310840948e-03 -1.448669260101099532e+00
-1.303460765144439648e-01 9.989951345877540190e-02 6.327217423736893886e-01
-3.674298139621886561e-01 3.899742191452303386e-01 1.447890815370740158e+00
1.313967393070865075e+00 1.732997330218743137e+00 7.475835368047158980e-01
-1.308207862281301814e+00 1.013646932886796748e+00 -5.508886532935806102e-01
-7.382130130485993202e-01 -9.599320916906127765e-01 -4.404556354603715307e-01
-2.374411603201543874e-01 -1.471951146173546388e+00 -8.947577944158693342e-01
3.081327566397785711e-01 8.418243147320875197e-02 1.088815461353859204e+00
-2.145322697576049098e+00 -1.378478052701268552e+00 5.261447167928867685e-01
3.732752249200494976e-01 -5.107041723480858497e-01 -1.205290327818796303e+00
-8.491394328288265347e-01 -7.919132900071694792e-01 4.844307244979823013e-01
5.598353588697535521e-01 -4.554349087410690111e-01 3.664081202266699089e-01
-1.754703477037831583e+00 -1.315458244033762769e+00 -8.362212277524372350e-02
3.540095055785944522e-01 -7.273662843934062261e-01 -1.721313910955699078e-01
4.230376542657023897e-01 -8.821700563756771363e-01 -1.569574408728156678e+00
-1.474941728960813325e+00 -1.777084743204686568e-01 -1.200974877032160992e-01
-1.626774236999699141e+00 -1.461939278094422257e+00 3.040045744799347860e-01
3.524315210899203743e-02 2.481629109002793765e+00 9.808697465766200718e-01
-1.550173585911686525e+00 -5.496219153764069221e-01 7.894508616716491289e-01
-9.365891497217349038e-01 8.791761623053649943e-01 9.042862830429252430e-01
-3.108924248023281489e-02 -9.598136764151388167e-01 -5.684079596194012707e-01
-4.294658700935112261e-01 1.641534307028340578e-01 1.075420250844749681e-02
6.779226033222935932e-01 6.612173446418028178e-01 1.840476262706111754e+00
-8.462449425141622683e-01 -1.162646364270800259e+00 1.626440895261725306e+00
6.679836250330849490e-01 -6.582326418818922331e-01 1.650417652881695174e+00
-2.319896410880834647e+00 3.402506827439715220e-01 -5.179825745673329873e-01
4.352067943611689360e-01 -1.033038660847679147e+00 -7.359849158960607429e-01
4.817936679104979358e-01 2.543978550993494236e-01 -4.263279104618888926e-02
2.064936254831899021e+00 -3.903156026094155573e-01 2.430160459462810341e+00
2.859654885334286245e-01 1.193930066617895358e-01 -9.714425423031247675e-03
5.690121378632654325e-01 5.084690968066716277e-01 -1.349631456190337087e+00
-7.517636065027328840e-01 5.401998171007100780e-01 -4.785142149341246043e-01
8.559122672909014184e-01 2.906954976799914991e+00 -1.132575708865042552e+00
1.267029447416291088e+00 1.603357219286034807e+00 1.151875954785189338e+00
9.651521164595928681e-01 4.594220075697114103e-02 4.640417939644272960e-01
1.550331661689184903e-01 -2.051943008475571872e+00 4.693477586265542012e-01
3.218820317646270412e-01 5.428338279750501982e-01 4.462267969996625006e-01
-9.182553413586482804e-01 2.756841030012178173e-01 1.175104634461648256e+00
-1.285646048241178230e+00 -4.208459802375118519e-01 -1.009364824208373923e+00
1.856455663562313285e+00 1.136568034708029362e+00 1.218101677345761136e+00
-9.579209794699389269e-02 -1.501936753620885523e-01 -3.247392364892705885e+00
1.133298299626106953e+00 -2.170780988610915840e-01 2.864132334809994518e-01
1.386222985542522323e-01 -2.318275849216020923e+00 -5.866627778550514982e-01
2.391534333903053700e-01 2.582163190173103473e-01 -1.398256878840536954e-01
-8.127402318884284771e-01 -9.367781819923401976e-01 -7.684005579563633059e-01
1.981756993839234315e+00 2.650997438344167012e+00 1.611705673093586144e+00
-9.666052710451855656e-02 -1.128206815833842747e+00 5.654371571173995026e-01
-1.861174365631091732e+00 1.165967645632813632e+00 -2.523983997166980409e+00
-2.954094286551578463e-03 1.087290745206346720e+00 3.353648579690844955e-01
-1.629753125761507215e-01 -4.795340830544871924e-01 2.021317180516509104e+00
-1.354333087985324813e+00 -2.099949690668447277e-01 -1.446577819656335695e+00
-2.619846533714424996e-01 3.769363790653919022e-01 7.982522195205210558e-02
6.170071467068867221e-01 2.084655906858780550e-01 1.224690075074692297e+00
5.257234360885829627e-01 -3.406276228201433609e-01 -3.187518497340237067e-01
-3.289767717505566180e-01 -1.253341492909729737e+00 -4.299820254028146049e-01
-1.512893124133690259e+00 -1.369957456039666566e-01 -5.100234715354504678e-01
-6.284670377130391339e-01 -6.499436480724407605e-01 6.586336680867854732e-02
-3.240947205230204631e-02 -7.182073748717585637e-01 2.733505553271216915e+00
-2.813438778611739854e-01 7.435320926223889515e-01 2.940780498500363271e-01
4.188125818139948331e-01 -4.131468955456685244e-01 -2.950459308729818098e-01
-1.461209357561129574e+00 -5.950006229714466244e-01 -3.570415884075073820e-01
5.838690848593632854e-01 5.691638878825460157e-01 4.701016314236359794e-01
-5.496014038305596650e-02 -6.982979725079552225e-02 5.321604707651074184e-01
-2.733304013977149172e-01 -1.097971946867157378e+00 -1.811483293908578984e-01
4.430928708876044619e-01 -6.921364010212922580e-01 -4.514960680001031124e-01
3.489944280585033920e-01 1.237718578833775895e+00 7.627551914367026731e-01
-1.129926730384686273e+00 2.634029557848198699e-01 6.554469809361329613e-01
-4.124319291336435711e-01 -1.811507381485078616e+00 -1.112963502023796014e+00
-9.087174436903453500e-01 -2.699923939934989470e-01 -7.200220733663500461e-01
-1.709396931103875472e+00 -4.018438786887358893e-01 -1.182208726416666522e+00
-2.235685696102820419e+00 1.338711613829262070e-01 -2.381929457688363172e+00
-7.860871914121654314e-01 1.423090944895189169e+00 -2.004258797369017575e+00
8.243116447789662349e-01 -1.133725990387141946e+00 8.698229062325621985e-01
-6.144730215277633967e-01 -2.245780809495128150e-01 3.149070899586520422e+00
3.394809032422124728e-01 6.001014808258116062e-01 -2.063768745889733580e+00
8.779250873656292420e-01 2.292550499020051258e-01 1.511503741402003165e+00
-1.532246199659111907e-01 1.333257994561841908e+00 2.363952652159760914e-01
1.679448846207421742e+00 1.630557575595823483e-01 -1.434986484293356179e+00
5.158434538504212963e-01 1.419401899485799756e+00 3.561762156622176878e-01
8.485015522383230202e-01 -2.174274956272589376e-01 -1.090330603841956014e+00
6.480143906922295471e-01 8.746990652992385762e-01 -1.715032727992982675e+00
-8.055594818987257266e-01 8.920223547026939759e-01 2.376631336143347206e-01
9.551418755558243046e-01 2.078724766287659564e-02 6.255667367005015578e-01
-1.476214595536817109e+00 5.714450295836110971e-01 -1.203551384159475823e+00
1.520964699335816572e+00 5.259498659832897438e-01 -7.184734180622669442e-01
2.123585383087154277e-01 -1.940439097848151162e+00 -9.525869317786268553e-01
-4.609907877093973871e-01 -9.227290762076714170e-01 -2.671214262062679423e-01
-9.010899747761373924e-01 -7.970649947920679379e-01 7.253891339844320552e-02
8.728840284662746640e-01 5.904747815887405604e-01 1.464121410450563321e+00
-6.401717157385863333e-01 1.040905035073649954e+00 -3.922261185250731641e-01
-1.139914888643074331e+00 -5.363469297532036384e-01 -7.416803287330352434e-01
-1.215711443935396208e+00 -5.830654228206559875e-01 1.164956735103356955e+00
5.653624531020138289e-01 1.030254301945160211e+00 1.924763460341634369e+00
-3.112576659673327306e-01 -1.433784804748525987e+00 4.916076061266858588e-01
9.274236729624873998e-01 2.420395806909016123e+00 1.390684100422966640e+00
1.691127227791690224e+00 1.243077575481504660e+00 8.440922854218186888e-01
-1.427331830677568414e-01 1.443186345336398224e+00 1.170865786016921817e+00
2.207064608341757772e-01 5.143145827406758741e-01 1.250679648163737223e+00
-1.553184820002089239e-01 3.377098012636895463e-01 -5.329364924391399860e-01
-1.147888031584920476e+00 6.624376865197345587e-03 -1.314688513931860925e+00
-1.051336690640287008e+00 -1.769227655796742571e+00 2.823830105997511275e+00
-3.221029254157264932e-01 -1.497625180151631152e+00 -1.257179497014337066e+00
-5.096473217850976400e-01 -1.833497890828399646e+00 -1.791774077584740610e+00
-7.344651884167124889e-01 -5.017643566347885775e-01 -4.367312026267387570e-01
-7.934584388232430729e-01 1.791541607565741989e+00 5.081884853908652522e-01
-4.118042746518478792e-01 -1.032331557698394242e+00 -2.330270081427397444e-01
-9.232292355786512195e-01 -5.072951880984989392e-01 8.520184363515470594e-01
-1.781974328310315547e+00 -2.615877364133173399e-01 5.331212407445167223e-01
8.081713106148404879e-01 1.586152050191153906e+00 2.042604379989119145e-01
-1.407682879886794858e+00 -1.675862252503451666e-02 -1.812956321989644959e-02
5.557147379615380300e-01 1.601353317482579364e+00 7.857515578075182638e-01
1.218539580823086776e+00 -1.076341431048642772e+00 1.072198279390335074e+00
-1.039705331180019066e+00 3.003148418577384904e-01 7.723962716764714020e-01
-6.338762905374795142e-01 -7.452486587960556186e-01 2.548797199642057087e+00
-5.421170207595517043e-01 -1.871904665141993718e+00 -1.955621401965507156e+00
-7.748177905901427742e-01 -1.377075309954691074e+00 7.978671222601388946e-01
7.970026674216212914e-02 3.696429762749053882e-02 6.474201137112578497e-01
-1.743316335201841927e+00 -1.954472511501355481e+00 -2.876653559569514185e-02
-1.834798391102332449e-02 -1.971275089354762144e+00 -1.344191493128749637e-01
1.043025516567850586e+00 4.912044744920993078e-01 2.470753099029464384e+00
-8.841472384347881519e-02 7.671276090079643950e-01 7.003095582128118224e-01
-1.549891103647867308e+00 1.918821059619713942e+00 1.081998877096035372e-01
1.218244019176997206e+00 1.818367908970383029e+00 1.212036711505647180e+00
-2.122857607528028101e+00 -9.258909115214891683e-02 -1.230368260941036240e+00
-4.025031465422423960e-02 6.004644226610560409e-01 2.526488087504918933e-02
-5.256984033234097797e-01 -7.850338000053229681e-01 1.338497954776696641e+00
2.148604537193994357e-01 -2.047802806231760364e+00 9.809167813301775674e-01
5.557097756158821955e-01 -1.061504622405198717e+00 3.094834329480786739e-01
-8.339173841529798903e-01 1.926448792570800039e+00 1.205595100217571769e+00
5.104454211931837015e-01 6.102793045068590772e-01 -1.218752000588889439e+00
2.825347209767008483e-01 6.022814403748073531e-01 -1.183803332272811648e+00
2.205964203013030200e+00 3.222425153516418339e-01 1.669856193422051271e-01
2.716291836712838581e-01 3.365832801807343566e-01 1.819285191953628145e+00
9.952040241435977652e-01 3.078643191187837136e+00 3.137980688160012521e-01
-3.935025454498494168e-01 1.233301680010795653e+00 3.764276606628541577e-02
4.464603713467965029e-01 -4.949543882547043916e-01 9.693455290684246384e-01
1.056657850945595278e+00 -1.102512993846005207e+00 1.289547295646943925e-01
-2.677573551948858599e-01 1.077439909143430130e+00 1.050562556359464272e+00
1.902996801963079188e+00 2.456232434783544694e+00 -2.198287683239615875e-01
-5.047274079014165693e-01 -6.209881633882965435e-01 -8.291056391270634762e-02
2.100917416961086026e+00 5.477134778579191288e-01 -2.177775119867965126e-01
5.759141278390121910e-01 2.970894489953112005e-01 1.696058260546265295e+00
5.458080586966829184e-01 5.257993351010208372e-01 1.028889656261406049e+00
-5.498535528276691231e-01 9.099557692394775188e-01 -1.012428701134812759e+00
-3.581594715339259105e-01 -1.085541176415522058e-01 1.696388795774621983e+00
-4.086425302577491037e-01 1.814616974842085728e+00 6.893745843149123864e-01
2.892281202118801575e-02 3.183975738297606384e-01 1.210145628867633327e+00
-1.504340331859963520e-01 7.094204524255367517e-01 6.409083796833915381e-01
1.778758984951898103e+00 1.265457420323255811e+00 5.108136022932304732e-01
-2.552280353837539817e+00 -9.346856333378643633e-01 2.670076986758457505e+00
2.215492812468211614e-02 -5.364612081008149902e-01 -1.629451655790462361e+00
-1.715066158502460469e+00 -3.348975859926699439e-01 -2.063631740843440809e+00
3.684504394854728471e-01 4.696330965942018265e-01 -3.421900801667167036e-01
-1.493665090678468532e+00 1.740909123162394323e+00 2.450923179112897365e+00
4.403913058193936747e-01 1.230898103668963461e+00 3.828896441091924618e-01
2.521472838420020235e+00 1.165930182850306362e+00 -2.365382806720219833e-01
8.415169563344471193e-02 -1.659718333671449941e-01 4.444417826426227958e-02
-1.973852552265704108e-01 -5.072980534019551069e-01 -6.224488184010499303e-01
-5.054459088664974287e-01 -2.666947597279685778e-01 2.740302888503756140e-01
-5.976480624776776551e-01 -9.611154938083679156e-01 -1.055010402124528568e+00
-1.630595897591206711e+00 -1.337836446992202166e+00 1.728463700020034244e-01
1.579448393700783049e-01 2.923886344021076056e-02 1.525966559451732873e+00
-2.532932715254792022e-01 1.649367914308947913e-01 -1.871856965414333329e+00
-1.043417483273223478e+00 -5.520125718926912617e-01 -1.258464868845887930e+00
1.048182594463878958e+00 1.958812842513203201e+00 1.653949818205355249e-01
-8.957799451067316454e-02 -8.558286200496840745e-01 8.463686118467128594e-01
-1.588517887820918739e+00 -2.567195835596937092e-01 -6.887051165708359957e-01
1.274117697858237586e+00 4.120415118447473546e-02 -4.316109902073038684e-01
-1.626862774121842214e+00 -6.804924276829741325e-01 1.485195965373811600e+00
1.630325317079119207e+00 -4.637119228084090050e-01 -2.960275984202199728e-01
-1.859052051834257480e+00 3.662784800804353980e-01 -3.006636798740106586e-01
-1.496494054323483258e+00 8.758081251012406199e-01 -2.104498591296637411e-01
-4.568437884912910363e-01 -3.770032264037169178e-01 -7.038476985408437248e-01
9.560695071156366520e-01 8.642795339600028992e-02 7.197488580324121754e-01
-5.105570158932801750e-01 -7.549409368550502597e-01 -3.395167274784690825e+00
2.998160829546380191e-01 -9.133522591579450456e-01 -6.969202681085612250e-01
-8.634289979479210508e-01 -1.062909271804335365e+00 -1.574623382225801560e+00
1.264861943273646538e+00 1.474550296738267541e+00 -1.400825862109942865e-01
1.854288434248409834e+00 2.333731411563912062e+00 -2.940433455378976824e-01
2.857662607704914981e-01 2.235991142810057397e+00 -6.071400522733725325e-01
1.869098078272364738e+00 8.581780574158619501e-01 -2.421081112360021770e-01
-1.879777959913806917e+00 -2.648670926910846601e-01 -1.178964022673157697e+00
-3.448562163946327641e-01 -9.579880661825517230e-01 6.122286765029640865e-01
1.374041328806405282e+00 9.484539276251231499e-01 1.235837057669385564e-01
1.160810712579305903e+00 4.837503417628369884e-01 -2.785951152645549378e-02
-1.068744552663862368e+00 -5.212163248260434090e-01 -1.403921353184423015e-01
-1.044494226866059083e+00 -7.328786247053931113e-01 5.812108541374042536e-01
1.306003678249977762e+00 -5.799545011686149110e-01 3.152838811098910288e-01
-1.060756937550291656e+00 5.576061498062696575e-01 1.026840936150381189e+00
-4.004964275238842575e-02 9.208895493771215301e-01 5.934855065237054639e-01
2.750710976616103087e-01 -1.185102320728191216e+00 2.463307213154422581e-01
1.492557986738726195e+00 7.909179833245034708e-01 -5.248889671709207061e-01
-1.848949847068115826e+00 -2.427450861345821664e+00 -1.564212837050567684e+00
1.482925140860364532e+00 1.485704116434443334e+00 1.854864778488856114e-01
6.640735370663497505e-01 -3.312166948165535807e-01 4.132784000766318577e-01
1.743402421817187076e+00 2.160137414360000285e+00 -8.322235047765198512e-01
-8.577337315600970236e-01 -3.697790534063156720e-01 -6.637173608929380908e-01
4.118011468504391148e-01 1.882081668846509848e+00 1.430175848741533251e+00
2.143145077763001893e+00 5.510788323136607270e-01 1.042165959575937606e+00
2.257161267856877540e+00 -5.987966248558247440e-01 1.332728022762032172e+00
1.115873571172371737e+00 9.638317166692889071e-01 -1.881065057604333290e+00
3.460751104892177965e-01 1.721585265210382021e+00 4.751914950986047548e-01
1.302048043975676750e+00 1.027074341071226637e+00 4.330745042763761710e-02
-1.416438907640064304e+00 -7.342687994131830154e-02 -4.810838315265558718e-02
9.764923567244376823e-01 -8.175501173172292635e-01 -3.855629267530629178e-01
1.814530482605688277e+00 -1.764553162273437836e-01 6.062480670512292447e-01
-2.001820502807320601e+00 -1.202766798533316805e+00 9.757159640955952451e-01
5.346499839562922629e-01 1.782199151758575351e+00 6.437031431654005598e-02
8.070425460585017863e-01 -7.106908907422673227e-01 1.219106387277284043e+00
-8.068993458092202919e-01 -1.851378900559256024e+00 2.161878125894849401e-01
1.715995725796677807e+00 2.250930485165778094e+00 1.887233116066211913e+00
-5.335912552728375724e-01 -6.077542385996144159e-01 4.259804091757977140e-01
-1.069674034551814090e+00 -8.943727999267225837e-01 -8.680019022399807493e-01
5.088267779230709609e-01 8.225387720353520837e-01 -4.847529374387127277e-02
2.740959103301542354e-01 4.481297045956361136e-01 -5.305778191756800322e-01
1.248725425494106922e+00 1.209113844599577714e+00 9.918954164326578837e-01
-3.485537712489423789e-01 -1.600182384713863870e+00 -7.459794608547598571e-01
1.076888082410994985e+00 5.179523525426694697e-01 1.221871013496348857e+00
-3.266345151627830790e-01 1.366612990864086052e+00 1.327296430396235349e-01
-1.173286309821222506e+00 -3.720014667969214539e+00 7.874570922127486217e-01
-6.691994484254781828e-01 1.587400246775637846e+00 -1.455173489339247617e+00
-2.555485396554366240e+00 1.463245292161940547e+00 -7.819546652611688575e-01
-2.418952184392552773e+00 -6.086182338225576416e-01 -1.529433914972171626e+00
1.604810313314610326e+00 3.071703927248566890e-01 -4.428521203114127447e-01
-6.816563678643303703e-01 -4.427426517462830224e-01 -8.779424991319255689e-01
1.157529178926822055e+00 -9.653659362010729161e-01 2.420236344057422606e+00
-8.537403896703930073e-01 -9.080427771289728556e-02 3.316665128805326157e-01
1.323276104919548501e+00 6.969759155190194955e-01 8.713490618308248337e-01
-7.118089019562692243e-01 6.765717331682516988e-01 -2.489483688501440639e+00
7.395466177665299679e-02 -7.834613996623048804e-01 5.836451429834335070e-01
-1.768602250562413936e+00 4.935693488448386068e-01 -1.335753470777690577e+00
-2.074195126058315353e+00 -1.597969860291649780e-01 -1.261156978764806480e+00
8.032464942461651214e-01 -7.304186002302950342e-01 2.226792704428403269e+00
-7.647149033411220209e-01 -5.540240441575726704e-01 -7.944687474858400655e-01
1.778722841549182476e+00 -1.308502579315639514e+00 9.641113068710560619e-02
1.968259520282011898e-02 -3.244267037125199149e-01 -9.749963138246000582e-01
-4.287565266576367495e-01 -5.409294449485106959e-01 4.254185068564493299e-01
-7.122322778857994585e-01 -9.452144171683750651e-01 -1.802770143904697253e+00
1.887311997962579868e+00 -4.865386286881154820e-01 -9.977842832234287140e-01
-5.765291400882732731e-01 3.581422483495999010e-01 -8.575675936511417685e-01
-9.614069353771133031e-01 -1.029090408611085694e+00 -1.150849021179319198e+00
-5.034662803380456353e-01 -1.448163204477015853e+00 -1.703018757783195114e-01
-2.530235987126949748e-02 -4.335961581097112494e-01 -1.327238349930237593e+00
8.632441828884207524e-02 1.055887265609771308e+00 -1.877645938788418123e-01
2.883686444747488586e-01 9.273862846867242382e-01 -4.677966839350915507e-01
-1.294626674383000386e+00 -5.794015880142877606e-01 -1.245038986992264451e+00
-8.970937364149433879e-01 4.130200231838929703e-01 -2.327054936115203199e-01
-2.335052375068745745e-01 1.089489152572100661e+00 -3.335706056408086484e-01
5.904664320605749195e-01 1.720970053124268206e+00 -7.055223003774580004e-01
-5.832470003067972142e-01 1.240170295724604133e-01 -5.886688188911823882e-01
5.140069971715357511e-01 -1.658080824846839940e+00 5.442241015126454418e-01
-2.679916481161327413e-01 2.640318000778692387e+00 2.189398302672056928e+00
2.606445224205859446e-01 -1.158961377476505517e+00 -4.081855809904171295e-01
1.217939429716389022e+00 1.759186771508285618e+00 -3.013108801807106163e-01
6.061242012988161676e-01 1.504318985486917670e-01 -3.373640159924572224e+00
-1.511399327650133184e+00 -3.637214882138489758e-01 2.769276484218936574e-01
3.568077899153563326e-01 -7.887914145446857095e-01 -8.898968593612808231e-01
2.657098564575605115e-02 5.797732875896427496e-01 5.079019428338504838e-02
-7.001283015927848297e-01 4.787391708863797390e-01 -2.520590883057195475e-01
5.208656592216424075e-01 -3.933768974370799310e-02 7.835146701349897658e-01
8.937956806927331854e-01 -2.309976685617202818e+00 -2.048313494613179131e+00
6.813793151558646954e-01 2.335260050493483952e-01 -7.604534034794148134e-01
6.476517465332497503e-01 -6.662127304861267252e-01 1.214354779451109589e+00
2.323312999232781895e+00 -5.881935745336344112e-01 -5.174470584948198670e-02
-3.307296630439044982e-01 -2.496444113900500472e+00 -3.125200544685990511e+00
4.014213013254492313e-01 5.536959137693274746e-01 8.945322523021126404e-01
7.348091663130662532e-01 9.241592918123513467e-01 -2.955809396981735615e-01
7.606339401110528975e-01 6.820336546944292255e-01 1.320366181995323629e+00
3.440738705958712451e-02 -1.366462236108120010e+00 -6.087550447828292688e-01
8.031188936690121238e-01 6.687647953275319690e-01 -1.241197087151918899e+00
4.253838834464584995e-02 7.131692853454791869e-01 -1.466935347915419907e+00
2.002163817356994002e+00 9.725376228130080403e-01 2.256059609310143710e+00
8.502000742493169838e-01 5.473091420174400756e-01 -8.569680479231953640e-01
-4.830506166915992661e-01 -8.680904186508111575e-01 -8.728805823817296083e-01
-2.462276453280084487e-01 7.305047784882103823e-01 -2.074133354623763914e+00
8.245814807925722079e-01 -1.396132231107413135e-01 1.956855892581218948e+00
-2.200837533880494745e-01 -2.007322490667287629e-01 3.095319179454489866e-01
2.231408845352833126e+00 2.704277267573637733e+00 -5.121791084620228585e-01
-3.814536423776939689e-01 -1.221068115348397765e+00 -1.186736106143737590e-02
1.799969020296559918e+00 6.169227816515454599e-01 -4.606351644493911213e-03
-6.195558219268582079e-01 -2.374653520053999323e+00 -4.524823622109419574e-01
-5.590714378464234358e-02 8.299129515030554405e-01 3.539110725594386553e-01
2.603061425337149792e-02 -2.077893241415955217e+00 -2.517389992436413593e+00
-1.157570051130116795e-01 6.593864518077950931e-01 1.063445097621057656e+00
-6.814247464953304689e-01 -2.819991264831778199e-01 -1.774098196811192185e+00
5.527682314546581432e-01 1.557120338023033179e+00 1.386241139683105361e+00
-1.819616573509896806e+00 -1.545497224963444438e+00 -1.409315994802758487e+00
