1.666151635893869942e-01 -3.448798268994013316e-02 -1.775347019486236633e+00
-5.417956624201120119e-02 5.580653145084475408e-01 1.474564410320126751e+00
4.537023788343753639e-01 -1.021666897506632310e+00 -2.264751395981552951e-01
-6.604366764568675441e-01 -1.859456876595886543e+00 -8.836517343396661506e-01
2.506596285715206873e-01 -4.963251019801628861e-02 2.739492152068899733e-01
1.692433891455650707e+00 -8.169025995235199566e-01 1.457926454685377848e+00
4.248708629891547184e-01 6.266506690942484914e-01 5.920054601761646218e-01
7.069154233722789726e-01 -1.097408246673241328e+00 -2.450188315641345094e-01
2.858128249403597554e-01 -1.876310956520298223e+00 -1.665268911063010560e+00
-2.327555677953253799e+00 7.326093696863722471e-02 -1.858852781715537805e+00
8.006549181446489527e-01 -8.250513272779433915e-01 -1.977607859825731618e+00
7.726103775310525501e-01 -1.024665715064110305e-01 -6.801450332699836565e-01
-2.917377634035946077e+00 -1.609936178651951155e-01 -7.828553143241065992e-01
-6.957034546570877165e-01 2.025042186826908619e+00 -3.776624966444593889e-01
3.683124894938629712e-01 6.301105897684972090e-01 7.576486126135284493e-01
5.582173206986059677e-01 1.645380001286111060e+00 -1.035725176205489761e+00
-1.272046449751666142e+00 -2.151566640077226200e+00 -9.946792220731600631e-01
-2.202591942969331917e-01 -1.042300567270986633e+00 -1.389155020886509995e+00
8.080647440825949879e-01 -2.539604212875900657e+00 4.849082343023475294e-01
1.416224916092088115e+00 2.501513527314588536e+00 2.839010930427952051e-01
-7.501825537140918154e-01 7.617926057874924162e-02 -1.403627635501924154e+00
3.429635674981734716e-02 4.259803348820860869e-01 -1.539545172360050618e+00
-5.145581825390064257e-01 -4.478981249726765590e-02 1.196835909253225916e+00
-1.832734213991287220e+00 -9.667811308987728225e-02 -2.166779862557212333e+00
2.761237139256059736e-01 1.324665081223364016e-02 7.930528847228039968e-01
7.103633281804528909e-01 2.897927236861826961e-01 -9.027967540455028583e-02
-5.725367251019447545e-02 2.895770002614366234e-01 -9.667315650004182359e-01
-5.474953275895922955e-01 -1.142432694318733510e+00 3.216787768379314461e-01
-1.754526792627267295e-01 -7.444561946890856374e-01 -4.469509470049535804e-01
-8.574787819440536918e-01 4.195997656523596797e-01 1.175873111021962902e+00
-1.023593636381205041e+00 1.187931667124234369e+00 -7.200667088107182146e-02
6.416700546239170189e-01 -5.246732388965915650e-01 -1.729556454788198305e+00
3.993770693365544799e-01 1.184628841892984230e+00 -1.672735739263911392e-01
-2.173265403932335360e+00 -1.471705793684240371e-01 2.265265888089174950e+00
9.024939207321094337e-01 -3.271156724263284410e-01 4.205583809681981422e-01
-7.626534990250022350e-01 -7.424200275495713708e-01 -4.280602978878428888e-01
-1.129135473981933480e+00 -1.446482772096760350e+00 4.496026390417406926e-02
-7.348091083295877901e-01 -9.997725954072977927e-01 -1.083672581444080407e+00
-5.886894503793502764e-01 1.730436093986861712e+00 -1.995463538269874437e+00
4.076948065231542628e-01 -5.971550195200481248e-01 3.637832847919639789e-01
-2.736331758776491707e+00 4.099885449801965454e-02 -3.563720924451507788e-01
5.730058228397674203e-01 -2.024900969912499238e-01 -7.023681757015949323e-01
4.584030274155481699e-02 -3.134597010870725509e-01 -7.182451962654436972e-01
8.222357689017302240e-01 2.660426519899434794e+00 5.503967276055332647e-01
-4.035857073433291031e-01 -4.331649430776952636e-01 9.614835408970512365e-02
3.517348067114404175e-01 7.148154939776723005e-01 3.638733457147771411e-01
1.221126598936688845e+00 1.169830387498212110e+00 -6.980353908811566255e-01
-1.673692534488145922e-01 2.000904947704407633e+00 4.620201676093434462e-01
3.203974123345713743e+00 -1.928446515566611952e-01 6.279700464556126072e-01
8.804173730225208772e-01 1.238412892531544518e+00 1.579632982758958359e+00
3.711265447241582915e-01 -4.145529966694490587e-01 -1.830477764480205050e+00
-1.088142646632808130e+00 -6.587279046962404294e-01 -7.552737074536461925e-01
1.526827544945624116e+00 4.683261371598858580e-01 3.408026593387206149e-01
-9.971875144136532754e-01 1.932696939252027013e+00 9.343310120212976466e-01
-1.966410630813623106e-01 -7.325121725557006691e-01 -8.162552575395419785e-01
-7.101662977080214212e-01 1.074261770499430613e+00 1.615673760002668935e+00
1.322215355468872477e+00 9.340251270022215113e-01 7.526411665688612640e-01
-2.287793559498059182e+00 5.555552094441906785e-01 1.169566187833124937e+00
-6.231726845065208575e-01 -5.976367420478442272e-01 -5.567932654320855157e-01
5.198028943616910258e-01 1.002587190992574762e+00 2.236695639729217699e+00
-1.997035045327242297e+00 -7.116848278768684866e-01 -4.434516534786297481e-01
7.738580959143421811e-01 -1.473684701139085229e+00 -1.493210725689593898e+00
-7.299485160096457204e-01 9.490669035758723115e-01 2.650442059135743600e-01
-6.357949593116067888e-01 2.759198486226929870e+00 -1.716370661095535155e+00
-2.489504287737727584e+00 -2.111223466302476037e+00 -1.431558849766787489e+00
7.306130349072219587e-01 1.406203077683996772e-01 -4.092755974816717490e-01
-1.597380198597000422e+00 3.990890100457107348e-01 8.870560035942091082e-01
-3.648476038437069580e-01 7.715343607735738463e-01 -4.348170346483432036e-01
-3.097731431325140283e-01 -5.741639458323621881e-02 -8.449472654336982469e-01
-8.229541537495321801e-02 -8.546084127944189035e-01 1.183636267451006807e+00
-8.755487400824246702e-01 -1.981282156156696894e+00 -1.814785493055468102e+00
6.005650855979685065e-01 -1.977097612712433561e+00 -1.876630340010072007e-01
-2.231866553113556861e+00 3.602456207871673755e-01 1.569492928348470873e+00
3.611130622648746069e-01 -7.852559359307720310e-01 9.009475361512319092e-01
9.255987308164970173e-01 -2.652127767517795665e-01 1.019475528329289338e+00
1.577585847565939670e+00 1.912061694181314220e+00 -7.889620123407510288e-01
4.703739392564705302e-01 1.249949463895638768e-02 -1.794242756890404467e+00
-2.854141664830461833e-02 -3.701228412987233041e-01 -8.298980193383862503e-01
1.005364790044881218e+00 1.608605512076382249e+00 7.963679348046531770e-01
6.700247580940683623e-01 -3.212023500746671312e-01 6.498643099729286554e-01
3.769190540858349814e-01 1.816724933029405076e+00 2.715926516658667911e+00
1.269325677475678260e+00 -1.102699397939711501e+00 -1.307239408852688856e+00
1.065527863147968324e+00 1.847483615205749996e-01 -1.020631969463048350e-01
-1.416545981912433305e+00 3.211480079929229792e-02 -1.559098906843827237e+00
8.520218300279839285e-01 -1.209253373783961694e+00 -8.973860923252010569e-01
-9.683004260245988704e-01 -9.199958089448290188e-03 -1.607109347411053824e+00
1.913751056221125513e+00 7.799998288167928617e-01 4.716639960225856854e-01
-4.577159641576209470e-01 -7.907237695035416181e-01 6.270900757310177154e-01
1.268206142831344696e+00 1.626583392139029138e+00 2.366867467728016372e+00
4.124860023916583351e-01 -1.091037782011175628e+00 2.191895444284819749e+00
9.717669544051288355e-01 4.188753898254885533e-01 -1.942040991697543184e+00
-1.066219834793983301e-01 3.764911459246620407e-01 7.498479055474360777e-02
1.006735154463128445e+00 2.694271570539112926e-01 1.332243797238895411e+00
7.115438461009715443e-02 -7.899924529953541441e-01 8.506908542838089726e-01
-1.685021988273014415e-01 -2.106472043886253864e-02 -1.167173587598554274e+00
-1.585783549854660635e+00 -2.063879162665325673e+00 -1.131005029084210189e+00
-7.082325429528264493e-01 -4.637091364150255357e-01 6.116423354944195978e-01
-8.796734177290421730e-01 -9.218142354658274140e-01 -1.090345968178758840e+00
1.247138474161263000e+00 2.457271377763951548e-01 6.407730010611950577e-02
7.223665370952114806e-01 9.398840358191707933e-01 -8.626305875998931949e-01
