-6.111427216222879988e-01 -7.954716406088453429e-01 7.264385687738715847e-01
7.091560354363097840e-01 8.321845667887679543e-01 1.710553898241379711e+00
-5.792143015202450007e-01 9.276999193208252947e-01 -1.673792439956193645e+00
1.228514131512393970e+00 2.549952803578828808e-01 1.872084678295330207e+00
8.353844048672318667e-01 -1.524860816618435200e+00 -5.035037410888866249e-01
-5.868583317622011464e-01 -1.691151368859025617e+00 -2.373216894804826893e+00
1.128082371185037847e+00 1.811606798667401153e+00 1.014575108304577311e-02
-4.226776577465147788e-01 9.917214703753878258e-01 1.029034492822861857e+00
4.928760985375372772e-01 -1.598133215972452614e-01 -1.253859092808436992e-01
1.237684783209280770e-02 2.076394031877968338e-01 1.265437535300265148e+00
-7.161605186832233905e-01 2.117965408952557915e+00 -1.335539332178218297e+00
-4.050949198149269570e-01 8.797504685658987800e-01 -4.012199938573006719e-01
5.746531919700993418e-01 1.652046656604458930e-01 8.407371222492512342e-01
2.044348892211158564e+00 8.667502013838304098e-01 9.455001559777864717e-02
8.889211794240867714e-01 -1.378946025315547885e+00 -7.733278273082697662e-01
1.391692725557329480e+00 4.970899507016913743e-01 2.191043016524584774e-01
-3.145214883053711663e+00 1.520241231822013539e+00 7.804714748497243448e-01
-9.465229798160350594e-01 1.513124665788018408e+00 5.898760562747265013e-01
-1.442267118357410283e+00 -2.002762245908149552e+00 9.936425701723823334e-01
-1.912598711960971976e+00 1.285153411969842896e+00 4.461995889531654158e-01
2.671156979182423008e+00 2.066298659195093812e-01 5.909849382760934411e-01
-7.960205618564559771e-01 -1.826191922526730904e-01 1.470147824804545200e+00
7.510209810009564890e-01 2.469454182097089445e-01 -1.534622864383547558e+00
8.022064948624000325e-01 5.013445757441582495e-01 1.197642018219525761e-01
-4.069182584445670825e-01 -1.245860426241406582e+00 -1.062972948460981781e-01
2.335849241965552991e+00 6.133380031605951688e-01 5.040807801581780323e-01
3.414974073673170407e-01 -3.239001386784012837e-01 -9.549770657749001579e-01
1.455906759988109034e+00 1.459470554249541197e-01 1.135537689095744263e+00
-9.698052874796787570e-01 6.493677973752146615e-01 1.703546514288681202e+00
3.143865083641061986e-03 8.946911571100168992e-01 2.569462473675759862e-01
3.373151751396308295e-01 -1.963635553395636002e+00 1.283650638812311451e-01
1.108167353000425681e+00 -3.257363965678934381e-01 -3.285091814055536297e-01
1.588139167439833077e+00 7.099835847602844474e-01 -2.804304390743844744e-01
-5.509967822384947977e-01 -8.717958594770752745e-01 8.743243224390784274e-02
1.675962685360333992e+00 1.968225850356151385e+00 -1.096486429908630988e+00
1.968750588174134064e-01 6.614954296489723440e-01 -3.221087819980805178e-01
-1.689956345980894170e-01 2.301433939673560136e+00 8.231196197060806075e-01
-2.689423285136268715e-01 -1.763662977266451160e+00 -5.982357352879871248e-01
5.029479122159531412e-01 -3.763457551503049947e-01 1.256936066990642420e+00
-2.348011104881492783e-01 -6.596129093813353217e-01 -8.021295492791973292e-01
-1.345688370299538805e+00 -9.057050697625133040e-01 -2.445951121045919496e-01
-6.666785817808438264e-01 1.581684419567724875e-01 -1.579925223710611837e+00
7.699948747280884742e-01 1.110558463023024744e+00 4.264184956656865699e-01
8.417880432717723682e-01 -1.978461964475671797e-01 -1.619457742554727631e+00
-1.705231661351234163e+00 -1.042096852762560477e+00 2.937969161840736643e-02
-5.826176869850846485e-02 -4.028305589616154592e-01 -8.172795010438209662e-01
-1.568475559246356177e+00 -6.793185360771130110e-01 5.867595376986212141e-02
-8.327989992617677029e-01 -3.456925474835998546e+00 3.816654822073464182e-01
2.249955558095683150e-01 -1.548847971739954810e+00 -2.489299825037749603e-01
-7.682512318356280456e-01 -4.985395216034520516e-01 -3.367152362419320033e-01
1.022189664975873047e+00 -5.877091886020199274e-01 7.119166663355618319e-01
9.615893860408664118e-01 -1.705327097822352922e+00 1.015759247731797821e+00
-3.842213866776552633e-01 -6.681258481735981025e-01 6.982188733767520361e-01
1.589974353211623948e+00 5.540677077993541033e-01 7.024354561298982169e-01
2.874389756495600023e-01 -1.070348541021003630e+00 1.878085226886187176e+00
6.621574225836209804e-01 -1.264456462262347758e+00 8.621404071091107735e-01
-1.507717761469800521e+00 -1.457408955383782789e+00 -1.060381488082735579e+00
-1.251312871627170642e+00 -6.829073260548279567e-01 -1.114840431148669930e+00
-1.119088474752284457e+00 -3.657509814418902216e-01 -7.112433214923383762e-01
-1.580690534323883290e+00 -9.995909065393229209e-01 7.101635731462510037e-01
-1.400329937002827263e+00 6.033204672673154745e-01 6.490047983858706626e-01
-2.240251739154206945e+00 -1.812384805865752568e+00 8.506979371635152720e-01
8.358329374606066065e-02 1.541561052113002983e-01 -2.681920411040741303e-01
9.013722036880134070e-01 -1.895401971036118738e+00 -2.104504801933389402e+00
-2.991337307596101391e-01 -4.063396250133030074e-01 -1.338407852177735391e-01
-5.090301221294837308e-01 1.898144748117865932e+00 2.545865984626493272e+00
1.745208943730294227e+00 1.586037308416115676e+00 4.081981680496465370e-01
7.287126022019363436e-02 -5.056820533538128881e-01 -3.472545763503944727e-01
-2.424685028976068524e-01 -1.174434639876759112e-01 -1.344234116767892839e+00
1.121927196434076013e-01 2.777162344763522972e-01 -1.070392887591568698e+00
1.974500626711861440e-01 -9.718936465740096731e-02 -1.795616794597033161e+00
2.204512407757884818e-01 -1.141095440316066245e+00 -6.322273246023784044e-01
-7.516862030570832243e-01 2.027287319060853688e-01 5.176296737860536235e-02
1.848466244896158628e+00 -2.123778446326734404e+00 6.522736900939962723e-01
-6.877273312336357192e-01 -6.556924309974759835e-01 -7.149358145306188295e-01
-2.347755684344982718e+00 -8.734786811268391293e-01 4.321118405034701793e-01
-4.920181111235816807e-01 -1.784301174387028510e-01 -6.509677772816908625e-01
-1.049305187679414830e+00 -1.677484854790572966e+00 -4.011278583514223395e-01
-1.097641187162927690e+00 9.946205305281821119e-01 1.477634325481102850e+00
-1.795230504653990700e-01 -2.760409651721372093e+00 -7.676967526723594837e-01
7.751788115229557574e-01 1.189552279763120612e+00 6.013911554013569027e-01
3.025037632334752757e-01 -7.060106617102279714e-01 -1.452872043953690628e+00
6.828283313192005100e-01 2.083622319905499509e+00 1.248120648215402584e+00
-3.838511238634589873e-02 3.357115150448704011e-01 -6.904148473413462828e-01
1.363900020165016436e+00 7.991728921658494134e-01 1.260538328005106568e+00
-1.694811259189606734e+00 3.094113472025609157e-01 -8.928382094296887228e-01
4.853357475439741275e-01 1.862114005937609562e-02 -5.403727771971358340e-01
-8.176303114349156020e-01 5.530649721558709153e-01 -2.192604730140361724e-01
2.809636255474168287e-01 -5.891139484790617331e-01 2.067448606422968016e+00
1.916451934037443516e+00 5.180509024398491924e-01 2.123798848430344499e+00
-6.441507594365181166e-02 1.312598774158252546e+00 1.063230958186177411e+00
-7.213871823718648324e-01 7.611877818066650203e-01 -8.870518343585359622e-02
-7.516122225672416945e-02 2.436596103575372485e-01 1.036318021791089450e-01
3.447624629042176370e-01 5.756342994975582883e-02 6.943773035762290657e-01
1.976612117571252547e+00 -1.610206124666124339e+00 -1.339114920011772014e+00
3.377491929914093749e-01 -5.786558641720835894e-01 1.000853594008601188e+00
-1.082150284749822777e+00 -1.214674650540882528e+00 -1.087704698169908113e+00
5.935006737872899896e-01 1.567516180712944740e+00 3.105942053014780768e-01
4.713872587072642784e-01 -5.593924401006867830e-01 7.023958967009447107e-01
5.519710475058835497e-01 2.867741331946426886e+00 6.658027260129502078e-01
2.575197769707419315e+00 -7.171655436609507550e-01 -8.991548901064250199e-01
-1.150300147501105208e+00 -5.959015322580206719e-01 -1.847984912865723306e+00
-3.904999399382560465e-01 -8.930563457860074550e-02 1.049718479258413550e+00
3.784955750921139561e-01 -5.482830931043813916e-02 1.359820282490598720e+00
3.254409729741185586e-01 -2.080892386311334885e-01 7.440011788557601147e-01
1.032712273528896496e+00 1.885100550342247772e+00 1.781484338074487361e+00
-6.088458714538174110e-01 2.701581937519750287e-01 1.069788776539466468e+00
6.767152974158655576e-01 1.450101618904278578e+00 1.494521942156772143e+00
-6.315390001918022023e-01 9.130959208946395345e-01 2.453278037316003246e+00
7.312260454587106162e-01 7.566514901092259437e-01 -1.093863151855156701e-02
1.052556061351842320e+00 1.244631340471341829e+00 1.112559410220123501e+00
-1.573537813838492561e+00 -2.043333155150281577e+00 1.514460849287142530e-01
-2.935945547449266835e-01 -9.914744691780338348e-01 4.235306896326869186e-01
1.248809130647011489e+00 -1.652091111496820641e+00 -1.577422443133946084e+00
8.281989566911470702e-01 6.232442196207355067e-01 3.725724966287847773e-01
4.994753131314706440e-01 1.112260407164042064e+00 2.594042147688729316e-01
-3.048007398545973246e-01 6.658065830647236227e-01 5.904692308368232334e-01
1.187466787245468058e+00 1.444760160892331946e+00 2.561481461399527593e+00
4.415391379364835833e-01 1.101409088719363383e-01 -1.868384554069598691e-01
2.759404937758282994e-01 1.148423380838883290e-01 -6.385238026947995804e-01
-7.136744895777853426e-01 1.017741434791932020e+00 4.247711087976188127e-01
-1.328949125432957512e+00 -1.681400016312498469e+00 7.396737504586026191e-03
-4.504762561726251002e-01 1.005937632626239253e+00 -2.232838970293535841e-01
2.153992554999044629e+00 2.133488978278987869e-01 6.855492696466207736e-01
7.501990653430476996e-01 -6.744328876638749914e-02 6.901281080445935689e-01
1.880949665179442398e+00 1.022760359500049621e+00 5.123381027225416551e-01
2.280681779073391313e-01 -2.170530416213920066e+00 -1.328706133872558648e-01
1.393700971613332840e+00 -9.736329164342472087e-02 2.418676903072163875e-01
4.971136246709670914e-01 1.156147103314105196e-01 -9.241731742746228662e-02
-1.175376036277006708e+00 -2.217199616382909411e-01 3.624935328869185458e-01
1.019342062519185355e+00 -1.122182067261436655e+00 -1.701097894840891689e-01
9.542408337036178967e-01 -2.003615628859365394e+00 -1.946496511178074762e+00
1.137676212509145524e+00 3.283464863823788438e-01 5.030184374301768235e-01
-2.317732225447104444e-01 1.283228543717130465e+00 2.239743531258024944e+00
-8.330465002660649709e-01 2.366872779244361680e-01 2.334479327883897337e+00
-1.634096136801836963e+00 6.085047158401799550e-01 7.941254365310352892e-01
6.061091276256318494e-01 -1.513816132655288582e+00 2.086073083982579179e-01
3.526603943915277428e-01 -7.932859578449331650e-01 -5.577594661495887118e-01
3.490096235050359486e-01 -1.002448745398146768e+00 1.579588352870206158e+00
-5.684676012702778447e-01 -4.445221191592998999e-01 -1.183553804658698638e+00
-1.254817668286308807e-01 -4.929424213278329470e-01 -5.946508150351348387e-01
-2.075924487424212650e+00 -2.052105244874896428e+00 -5.500643261137015960e-01
8.383224539231626249e-01 -1.527293372654068726e+00 7.276906471350159666e-01
-5.883692615921392033e-01 1.340906356185640913e+00 6.717854695996712255e-01
7.135851928992453796e-02 -1.082368037099788571e+00 4.172842848698902762e-01
-2.049012251230831971e+00 2.260858884411109937e-01 -1.472236868761056527e+00
-2.966601421129477778e-03 7.052855057015900986e-01 2.198617029424897451e-01
-1.532829318775056904e-01 2.202046803884982307e+00 -6.087016580567802260e-01
-1.296244031836245370e+00 1.874319129182215882e-01 1.098943238825070612e+00
-6.140015152011680799e-01 -3.042222761667384701e-01 -1.602923793782440987e+00
-2.816597867491869578e-01 4.465534471974175190e-03 -1.736215451537503673e+00
-1.579410063608942538e+00 1.880403056512789384e-01 -9.447992020441755567e-01
-1.051553839534369317e-03 7.659745285839429929e-01 -3.297184499008749547e-01
-1.024978500370696821e+00 -1.271606025568925435e+00 -1.271171490261725046e+00
1.995579355924936404e+00 -8.351779805977159743e-01 1.458821908168440817e+00
-2.423150613095564343e-01 -2.966536700403337723e-01 -2.993740679692374895e-02
1.180918777015312671e+00 2.370053078935030477e-02 1.623581505564396288e+00
-1.204314958659349566e+00 -1.482129007042324309e-01 1.006700550220659185e+00
1.383336001018316219e+00 9.326099779329828365e-01 -3.975936591398021025e-01
-6.999030518661897293e-02 -2.186493037925455463e-01 -2.735471350216711617e-01
-8.722934110519441342e-01 -3.171042177082097346e-01 9.646174764596930906e-01
-5.406154664444643432e-01 -5.318007085680080959e-01 -9.919104103946305706e-01
9.913817209641140327e-01 -2.507865308059086917e+00 -9.622836918475674572e-01
-5.992717295918170706e-02 -6.075028521438841089e-01 4.152867167899435552e-01
-3.620103676721513342e-01 -1.198707995711517649e+00 -3.672376117696437570e-01
-1.674316710253183627e-01 -1.965984979420579926e+00 1.589067240095771716e+00
2.145997679579501050e-01 7.210593186350414685e-01 -4.646672931830126974e-01
9.593587917663781717e-02 -5.111090268446589757e-01 -6.491646852468715423e-01
-8.805648665753351700e-01 -3.435927766473001466e-02 -1.068570597301027547e+00
8.964964392283800709e-01 -3.458865931919330450e-02 -3.508004483386066852e-01
1.900777018108686045e+00 1.674973892546870680e+00 1.650115418290132974e+00
-9.747251978707516251e-01 -2.361565439167314095e-01 4.223610070679977291e-01
8.505834770863509586e-01 -8.936190503079428638e-01 6.911694550674590820e-01
1.104833523831948661e+00 -7.864383564735568655e-01 1.470705670785060981e+00
1.712524767638740286e+00 -5.473378838593998541e-01 4.566555743021596392e-01
-1.459718340258547187e+00 1.061161652188495230e+00 3.040092506651339566e-01
8.718405517407976646e-01 1.950618586261857468e+00 1.251313274921830754e+00
1.192728297273423443e+00 1.097036277240046820e+00 1.595263188635162699e+00
2.369670664362344414e-02 1.105951573256576115e-01 -1.036104913925766313e+00
3.587676295210033839e-01 -3.279882860338785289e-01 3.200493982486070088e-01
-2.363694221617193003e-01 -1.538952254381187545e+00 -5.131964224336611480e-01
-2.743801495041168881e+00 -4.622070259466525277e-01 -2.208114859483642500e-01
-4.795575907844983332e-01 1.395040817019958856e+00 1.271569596484752429e+00
9.405117076459036385e-01 2.563561795067975435e+00 1.162823137222257941e+00
-1.150697753770830167e-01 -6.959786009204557145e-01 -1.981762505443211086e+00
-1.378993747116130653e+00 -3.695436135955164625e-01 -3.840664295327816946e-01
9.714702814518544338e-02 -9.301729907833906630e-01 2.178832613855915312e+00
-5.209498342683281935e-01 -7.658480268323224482e-01 -2.529933069913084864e+00
-1.369241821305879903e-01 1.218229412189104188e+00 -7.176930608969596115e-01
1.487090221631665043e-01 5.280918945449852853e-02 -1.203390374037580202e+00
-4.630754971972856349e-01 2.533647857621006416e-01 -1.691773127134840626e+00
-7.673801769809522888e-01 5.375516747833619657e-01 1.063114656855174811e+00
-3.081141882338338966e+00 6.372138130641153975e-01 -4.689081974947230669e-01
-4.292078333212805408e-01 -1.070469877477581155e-01 5.911221099601620121e-01
-3.570526594292070532e-01 -1.922901156162898584e+00 7.801519327101966716e-01
-9.787607302561336375e-01 -1.578649861881830763e+00 1.749532490095847326e+00
-2.766123116563284912e-02 -1.661180871192362574e+00 -2.328323637176262784e-01
2.662426176060103122e-01 1.040393655529314287e+00 1.382408581486028187e-01
-1.362707898084225766e+00 2.240635024398250241e+00 -1.518010964119632433e+00
-1.442626974599160894e+00 -5.750314334717868681e-01 -9.493486820379087865e-01
1.758667937280271820e+00 7.873479564730723190e-01 -1.840782212593935707e+00
8.276159517524723785e-01 5.393973847642062891e-01 1.732821797012463305e+00
5.359225154093082422e-01 2.852287643377014348e+00 1.546605914873929066e+00
9.405637697852007317e-01 1.577895316816201765e+00 -1.695398253811575717e+00
-2.853125218236087335e+00 -8.876703355284282226e-02 7.436890601404027024e-01
-4.922276420939054598e-01 -1.177309588455245581e+00 -1.688431974316715989e+00
-1.897486860470607661e+00 -8.177212359420726884e-01 -1.520509811678801393e+00
-9.360505092797665183e-01 -6.176904426218010613e-01 -1.291260539666596596e+00
1.042512978951766200e-01 1.282436732192398843e+00 3.877106383334854023e-01
-1.010725624336784367e+00 -6.905953182061748130e-01 -2.288931786905540555e+00
1.496169900077466197e+00 7.713268127641939031e-01 1.222388132453197107e-01
-2.197436898002269601e-01 1.047630404527793546e+00 -9.837313723899039353e-01
1.910521780202825592e+00 7.070342553389148410e-01 -4.034864899886205780e-01
-1.899351929569847552e+00 -6.609509697750215462e-02 2.032825945977450033e+00
-1.848640486948854189e+00 -1.219197355785050618e+00 -3.077091316336306170e-01
-3.860901340154043737e-02 -1.334528746797983834e-01 9.530422585946061176e-01
9.087976520526361845e-01 1.140683738379330903e+00 2.133679041188069725e+00
5.975668918644625460e-01 5.052041804494608046e-01 4.673503051005142295e-01
6.773696410301791593e-01 3.699337701074066231e+00 1.077916108150293706e+00
-3.559016085282775133e-01 -2.350940201543950003e+00 9.400486128481733150e-01
-1.780616531869386510e+00 3.544678986037221868e-01 1.017591872726353985e+00
-1.270553090137688912e+00 -2.126522637802433557e+00 -1.314498786098922345e+00
3.828974388146124674e-01 -1.029386487163496788e+00 -1.552603243890821050e-01
1.408449463424182424e+00 1.034061586292629453e-01 1.405002129160713320e+00
-7.592878589353446728e-02 -1.090831226104883811e+00 7.813495641544258019e-01
7.835651752913994628e-01 -1.658349140935874155e+00 2.833864401943249067e-01
6.430080556126493985e-01 -2.469823133768492829e-01 3.927526538204463291e-01
3.323918179494298464e-01 4.195278719416801749e-01 1.268638574411905973e+00
2.638381755622241087e-01 -8.130145347506079201e-01 -4.347971817144593576e-01
-2.662921342899453592e-01 -3.523187648658306914e-01 -2.723710065934906943e+00
5.879349260734890725e-01 1.088074830302824925e+00 5.801787637082099769e-01
-2.169506073367708510e-01 1.625536085178350909e+00 -1.223903236975482089e+00
-1.896899925117485175e+00 -1.323569002633353531e+00 -1.837582642966249846e+00
1.486598843722802155e+00 1.175276426819815256e+00 7.308740868253478240e-01
-5.928287375825413985e-02 1.538560577518436556e+00 6.329900145121973853e-01
-7.952244476871486167e-01 1.130203357312424828e-01 -1.145910318481538015e+00
1.090660611518877054e+00 1.065294966779932184e-01 1.933508180348055383e+00
1.338441884030169726e+00 -1.749799818053026090e-01 -1.001825722105480931e+00
-7.352188893716463669e-01 -3.453131606754218375e-01 8.248256441352441737e-02
1.881554231749784423e+00 -5.657284749303395088e-01 1.074087987179706216e+00
1.098004932197526484e+00 3.155682861888871926e+00 6.924120761972156757e-01
-4.966802875846654808e-01 -2.704180033822565221e-01 6.889698800940786683e-01
-1.158031932925466911e+00 -3.037890115126808954e-01 5.129774386753067628e-01
-1.782004244864950016e+00 -1.530531048422763440e+00 1.232880450816820073e+00
-4.484952725268144258e-01 1.313850964153849832e-01 -3.846678108121687201e-02
-5.014629712882694434e-01 -5.756696807371490809e-01 2.362615469175919802e+00
1.107868261541105515e+00 -2.208744464606268165e-01 5.950711257164197354e-01
1.970074401193395164e-01 4.603526296933213580e-02 1.326950190914461425e+00
2.097544995972264736e+00 6.312513539327604395e-01 -6.356454911828333110e-01
-1.335432098549247604e+00 -1.697799561854119954e+00 2.067087156550680760e+00
-1.476118313163995444e-01 -9.536310683950197653e-01 -1.944951810184740726e+00
1.621136377509729831e-01 -5.039947622149725248e-01 3.723766092505081948e-01
-1.140947525592702627e-01 -7.848387822023001892e-01 -5.764555711586056841e-01
-4.543867437997950454e-01 5.577034359817161224e-01 1.826164761917744572e-01
-1.372790766107363503e-01 7.143847132795922983e-01 1.967939623716580710e+00
1.223855016699148646e+00 -1.826919691052663053e-01 -1.669711190645120524e+00
-2.378892288521757159e+00 -2.222321604867856237e+00 -5.633613200919894703e-01
9.026809568639575510e-01 1.651824621240428614e-01 3.786210797944520312e-01
1.297363890837464950e+00 -9.701492743246808992e-01 1.258110316091781700e+00
1.162455043437952806e+00 -5.176104132441639027e-02 1.719785038304565861e+00
9.602505641614811349e-01 -1.293850418944673120e-01 8.781174215889832046e-01
1.050270103170020786e+00 -9.175194594587061658e-01 -1.029824834261288125e-01
7.177470270650943007e-01 -3.137829289811131517e-01 -6.677711681889666462e-01
-4.159287842443080141e-01 -9.539735786933967177e-01 -1.215696089639669575e+00
-1.047108150452450426e+00 4.243403851657100434e-01 5.922546958234445880e-01
1.734916523354010920e+00 6.972606031157129181e-01 4.481143903606706891e-01
-4.807103473814329231e-01 1.973606210190933297e+00 4.678643347285058596e-01
7.260564049681095256e-02 -1.071217503578115959e+00 -1.053107860831837606e+00
-1.022096763467026381e+00 -1.621172244610892932e+00 -2.449013925560515226e+00
-7.129907474197427764e-02 -3.323011143368630460e-01 8.476720382091191830e-01
-4.434186312690261422e-01 5.481851885070743169e-02 -6.602188470621748184e-01
1.175603139318009527e+00 4.301343629686648629e-01 4.784368808595355627e-01
5.059059818833759881e-01 4.324974252524704799e-01 -1.359044294890103588e+00
-5.983017931776664078e-01 1.249485408770780737e+00 -8.783560058772402757e-01
-6.597263889533278025e-01 -1.100049390223413415e+00 9.065601821369722035e-01
-4.713836420163878826e-01 2.511436191255757011e-01 6.312219508508933874e-01
5.830673680484744770e-01 5.180553320724196054e-01 -1.818096428926263552e-01
2.579890124856534239e-01 -4.037281995039464499e-01 1.362325344920304104e+00
2.992965804302510913e-01 2.663800244199000300e+00 -5.478167103061517551e-01
-8.025745420040679701e-01 6.673645666534298027e-01 -6.136404735916294317e-01
3.529657979909369692e-01 9.700846134548493094e-01 -1.412071103759760859e+00
2.059180628411729774e-01 -9.639220509245750579e-01 -8.768914976972052022e-01
-5.503479907467646592e-01 -1.106297629666293192e+00 -7.850124897783955502e-01
2.563377153818477083e+00 2.960240879942895864e-01 1.893675641799113185e+00
8.667876645068481878e-01 -2.665654762001623546e-01 2.638029448030958513e+00
1.415720443635314574e+00 9.459394846491766540e-01 -5.476541717657354980e-01
-7.932117530450157883e-01 1.603401288306341432e-01 6.426674188218682859e-01
-1.369961835734104127e+00 3.679117172954983195e-01 -1.394241330108681343e+00
-1.358818814601246983e-01 -1.038958148572494133e+00 9.743742668720400957e-02
-7.661192540357737446e-01 -1.358814729936781984e-01 -4.932819501518330707e-01
2.907706603073501039e-01 -4.322102267943533915e-01 8.387375884017604921e-01
-8.021015420404015162e-02 -4.769356631680136127e-01 -5.534221857013743584e-01
1.483778493165741619e+00 1.658354907521240706e+00 4.004284473399140065e-01
-4.960187676865322470e-01 -8.143394510609784920e-01 -2.115760440438553047e+00
4.426429334994309572e-01 7.984905673553996941e-01 -1.257299120405865889e+00
-9.429041954168881912e-01 -7.723791918496917264e-01 6.228923481448656041e-03
-6.599144186865715245e-01 1.119194249630118598e+00 1.075960508798359250e+00
1.111835091444936419e+00 -1.148276966220575623e+00 -4.466540112114693040e-01
6.763932983363472040e-01 -8.157790997628370233e-01 1.165056521325423811e-01
1.535007824711978053e+00 -3.809446286426271810e-01 1.087240098240550568e-01
-1.473340962883953886e-01 5.257633002041617321e-01 4.719003508929957569e-01
1.464299461308844474e+00 7.881797167434041462e-01 5.900313723621057882e-01
-4.512952115272880760e-01 1.388203126046144265e+00 -5.058975094546730444e-01
4.083536450246135763e-01 6.827294440127504860e-01 -1.603227380488365883e+00
-5.118450488384207464e-01 6.896452355363231757e-01 -1.386248381341370184e+00
-1.311460676247979240e+00 -6.588397973668020935e-01 1.723082001942699559e+00
-8.503760016349852791e-01 -1.006513754715204767e-01 -1.385205215978857041e+00
-1.706063865841227045e+00 -1.250607830710799950e+00 -5.545669002551719684e-01
-3.877922735433515511e-01 9.208706408179112568e-01 6.143190403938683097e-01
1.341889826418602549e+00 1.035481258833407026e+00 1.433898625239627411e-01
-1.139230362530188501e+00 -5.996169617087830916e-01 5.212701767540404152e-01
-1.136376137667422515e-01 -9.164772131975895686e-01 -1.812276159248783491e-01
-6.405531187373572077e-01 1.365663954287712034e+00 3.713453621969058371e-01
4.806469022903419042e-01 2.850293129940970616e-01 1.653440969625490808e+00
1.713261120388805292e+00 -3.693090455142737927e-01 6.124211908197760845e-01
-2.238321457834454575e-01 1.160234080232355414e+00 7.158503007043877098e-01
-5.983708377951595381e-01 -1.240688174217611017e+00 -2.450510474976389297e+00
4.387409887343254877e-01 7.448069832784011135e-01 8.420821486759468844e-01
-1.507789360143283464e+00 1.276261175359010958e+00 -3.138430932393379003e+00
-1.217661806678247860e+00 1.412280682918365393e-02 4.164919999762333180e-01
-5.746339055206661772e-02 3.689724896941232180e-01 -6.147186997077169757e-03
-1.255873264390936050e+00 -1.584715304059187924e+00 6.142598219430965845e-01
2.894456363015403877e+00 9.308333273211835124e-01 -4.134406836363568871e-04
-9.362884314764281513e-01 -7.832068195262831267e-01 -9.508908690298047972e-01
-2.385127140136742874e+00 2.849889309684511263e-01 -1.692329053261349081e+00
1.629907461045935202e+00 -1.827233808299720819e-01 -9.721894496423546528e-01
5.362163760955624969e-01 -1.144473481730340136e+00 2.345265025532913272e-01
-1.799782020404973260e+00 7.968887920733829233e-01 5.089916208901268391e-01
-5.398743618385604126e-01 9.416286023749809164e-01 -1.219200827427349809e+00
3.933481891451371948e-01 6.681469591930334628e-01 2.608656497068384095e+00
1.369963901242506665e+00 1.116348222550731073e+00 -1.327061492060114478e+00
-4.839560384131177395e-01 -1.570946808667290417e+00 -2.558335039892581264e+00
-1.508653809693137893e+00 -2.075159290262277079e+00 2.494525045522397733e-01
-6.747038347870837338e-01 1.839017513247876323e+00 -2.893049850061931716e-01
-2.155396437023481049e+00 7.882133278450000891e-01 -8.823389172284843429e-01
-3.397471463004912984e-01 8.330043140331715446e-01 1.111608628279590283e+00
5.892041964515450925e-01 -9.719709087030015127e-01 -4.769993477372779234e-01
7.993744771352622180e-01 -1.612578855705840475e+00 -9.497165684162732768e-01
-1.485793598226261114e+00 7.581536987327568422e-01 -1.678390404182448226e+00
-5.175504530595804731e-01 -8.705313866127362132e-01 -1.203020765991246410e+00
4.569923657088803548e-02 -1.888193484323464455e+00 -2.104811781533646453e+00
-2.048897230777135814e+00 -1.953775901292378547e+00 -6.141987007349419825e-01
-9.440884176364594538e-02 1.167078746096237296e+00 1.635333010343831717e+00
6.432808390351885119e-01 1.070507831589284198e+00 -1.284397813838074942e+00
-2.472609409395621904e-01 6.810109344830419520e-01 -6.579638907872651377e-01
-1.648368054789037362e+00 5.401288661182070960e-01 -7.001479354566767510e-01
-4.436757806016709549e-01 -4.090248815521922432e-01 -1.087742494193051801e+00
1.770249598751431952e+00 -1.786723197193415213e+00 -3.916350735603635336e-02
-1.244920868145301673e+00 -1.449101095571289743e+00 9.358099738911780374e-01
-1.207290555912104768e+00 1.333631736871246920e+00 4.169414401519578872e-01
3.022139811964777434e-01 -3.488928617033012491e-01 -5.741509448486539213e-01
-3.238266372467653031e-01 1.254800630892785485e+00 -4.436864656949122132e-01
-1.354000219236726421e+00 -1.324674766714510898e+00 9.316903284836173249e-01
-9.476104009522907656e-01 6.409753724105482497e-01 -1.611278834179955100e+00
1.831181502266516326e+00 2.329249009088724343e+00 5.788439772469844424e-01
3.044762262830147392e-02 -3.749792585143152390e-02 -9.535881681347813110e-01
9.506250345357798448e-01 -3.921475467404070270e-01 -3.645725938521759413e-01
-3.458787366577540379e-01 -4.310600424553673315e-01 9.689409258807561987e-01
-5.816291440846196314e-01 -1.975959354391694234e+00 -8.884701229366462893e-01
1.626650040965610611e+00 1.515575874184105221e+00 6.525559817199620971e-01
7.945760418828914373e-01 5.059126977282502047e-01 1.428009653748934848e+00
7.052068090046403892e-01 -4.239316758874887014e-01 -9.184538288168562215e-01
3.464825557005080103e-01 -2.006014940594795792e-01 -8.605195213164640311e-02
-1.285761583434501309e+00 -1.329195037143357183e+00 -6.951064407020629554e-01
-6.390370261187483525e-01 1.166065371539341200e+00 1.841317319792874274e+00
-7.340140647244142169e-01 -2.850930651652241909e+00 3.459853569895524616e-01
8.331863609295933060e-01 6.238178413632073926e-01 7.560659057255250115e-01
-8.707226145952140506e-01 6.143791774024047747e-01 -4.903884230024072588e-01
1.097554677156107106e+00 -1.112281867768660781e-02 9.380546643093039538e-01
-2.323037794813384016e-01 -3.844284448694598177e-01 -1.259814482909538791e+00
-1.260243719654605243e+00 -1.009227579276001485e+00 -2.734993321901099783e+00
1.279923519868995663e-01 1.287146742576802172e+00 5.019244298342103727e-01
-1.790249376529221781e+00 -2.365399124916999773e-01 4.287090846556251833e-02
-2.115763260495682196e+00 -1.166469729492968899e+00 2.076648361246333785e-01
-4.168664225747918950e-01 2.287864591985330875e+00 6.640986032879188095e-01
-4.750345918326623340e-01 -2.735428066210532361e-01 -3.064813152724988332e-01
1.393970292055170201e+00 6.401176911791233159e-01 2.385655737679761024e-01
-5.981280394507839659e-01 -1.336045380292831153e+00 -1.580469653598210344e+00
-1.517511142384663891e+00 1.398072466391951707e+00 2.181288166125643802e+00
-2.044029726532125002e-01 1.138998594661900121e+00 1.201231352650624085e-01
-5.257811370742881962e-01 9.226637662637215964e-01 1.627148472748744856e+00
2.525926161297018524e-01 -6.668472361566133433e-01 3.231175074181330542e-01
-1.690066403208040580e+00 9.027215027273178816e-01 9.660280223860258086e-01
1.401593150401828636e-01 2.806133236591479285e+00 2.782861530366326219e-01
8.365339238818791934e-02 2.783629393921737138e-01 3.175254280622145098e-01
3.430369795165156832e-01 6.628121622331739626e-01 -8.834059746966189675e-01
1.623940863802022960e+00 3.007437476539701615e-01 9.735035102261128115e-01
-6.033540913065448263e-01 6.751526700484342669e-01 -1.384176850603458631e+00
6.961565305068655451e-01 1.046127994699511676e-01 8.946791676534910920e-01
5.048219279348526989e-01 -1.480060078982819771e+00 6.120626178270576201e-01
8.547022771865173674e-01 1.232962905417426480e+00 8.971379466972825290e-01
-4.313714159124713010e-01 -1.371060525335312530e-01 8.629751269472041297e-02
5.360474793824431261e-01 -7.529021239401731957e-01 1.767282065543393621e+00
2.342343356517582742e-01 2.464154665727066096e+00 -2.595024598313053765e-01
1.566255971945888392e+00 1.208975850791396578e+00 1.148794370147292465e+00
2.407543383636989720e-01 -5.580287066658522477e-01 8.804411103947895612e-02
5.162429784806537025e-01 1.874689290320856738e-01 -1.270706450505638130e-01
-9.465801489431138194e-01 -1.405440025978113017e-01 4.677675055536740789e-01
-5.364905149028613707e-01 -2.726621776998692792e-01 -1.239925620917856630e+00
6.816214301417693466e-01 6.447232430191294217e-01 1.203124454708081270e+00
9.044926627496556737e-01 1.542637876330178681e+00 8.555122016139561358e-01
1.222939145740590927e+00 -4.925802797797965704e-01 2.428848810759756560e+00
1.349341496625629855e+00 -1.278232997648230285e+00 -8.837111300534175040e-01
1.408526943448937363e+00 -5.733862817865736927e-01 -7.115620963502243823e-01
-9.608138948565159154e-01 -1.063743878862989822e+00 -1.102773654325720276e+00
-7.615167290178497250e-01 1.611425188264488551e+00 -4.132919998164413800e-02
2.670387120230168221e-01 1.903184826839137589e+00 2.207443361651215241e+00
2.968243789866219506e-01 5.621798237688067079e-01 6.391680807115721619e-01
-1.514630345804830469e+00 2.864842989219461566e-01 -5.711069443139208390e-01
1.110291006002283032e+00 -1.128243080096252404e+00 -3.609005913851335290e-01
1.194198021779775409e+00 1.789399128721640198e+00 8.584070482687267134e-01
-4.003095013988622330e-01 5.045016510804979371e-01 1.106781236146914704e+00
4.915865870957514261e-02 -8.322406571124514318e-01 -1.519403142564235143e-01
4.417769656303410231e-01 1.510319090817086485e+00 3.750388163806652742e-01
1.483577240831467581e+00 3.668929155872898695e-01 -2.123967112138183566e+00
4.788835961542282638e-01 5.880056394299739697e-01 7.491701058508464239e-01
1.393558363583638826e+00 -4.134942835240368320e-01 2.107712160801899159e+00
7.631170496531044511e-01 7.779495236328477503e-01 3.490805657375758431e-01
-1.440577105210518294e+00 -1.402431831197660461e+00 1.390394842842929135e-01
3.925556980968028520e-01 7.982048763057760787e-01 1.690793052331392099e+00
1.846890250807834644e+00 1.773502283984307759e+00 -1.778354816653183734e-01
1.262540912118612191e+00 5.993513904936027537e-01 -3.496295789336261173e-01
7.041802184428556100e-01 -1.794256259280667010e+00 1.169719996902775838e+00
1.077151354828584040e+00 2.045573441851213925e-01 -6.012379473908937566e-01
-2.122432120238068043e-01 4.946532279840641921e-01 2.137807646553940621e+00
9.199560910139972236e-01 -4.278276748604664115e-01 -6.257698518062190240e-01
8.916679317711446728e-01 -9.194009117923895857e-03 -7.617837498756194758e-01
9.177034129235425164e-01 3.283746782726171265e-01 1.947500397452877730e+00
1.268335534303300705e+00 1.033245140077438284e+00 2.577863354165780940e+00
5.360140216608869634e-01 9.180701529001972228e-01 1.837522966588205353e+00
1.838605710446808317e+00 8.100061676046016457e-02 8.534062876533733411e-01
8.265375534318013528e-01 -2.563577908005526540e-02 -2.303896844400207478e+00
-4.991708635071913092e-01 -1.158157792876150172e+00 1.225764463710421470e-02
4.188099803397633547e-01 -7.684941662117914518e-01 -5.429879920041511543e-01
3.140539106829170368e+00 1.467029231509567211e+00 1.175169901330016753e+00
-1.387295186481038112e+00 9.654281789978633732e-01 -5.225999072049817284e-01
-8.514852714839149517e-03 -2.283717273780148105e+00 -2.408894723310561203e-01
5.066667511975849747e-01 -1.252002840432826503e-01 1.154180915366890048e+00
-1.056716962902297663e+00 -7.563049181649560415e-01 -1.273946071091119236e+00
-4.879807648387771146e-01 -9.915685726861334093e-01 -4.576513303645581288e-01
2.166487623682654684e-01 1.847868572148071431e-01 1.016195203432525007e-01
1.697206326993881964e-01 -5.869796396479933787e-01 -7.549997028208752514e-01
8.841392084633857840e-01 1.550109964013213659e+00 1.150186590052388880e+00
8.902036811206781586e-01 2.320100596099237578e+00 2.389983035377254872e+00
1.862396778416658405e+00 -8.561443234242327449e-02 -9.387886774895064512e-01
-4.764056217109565727e-01 -1.095026190213319373e+00 -1.291917524907271186e-02
1.551207792196348745e+00 -5.307125755132171552e-01 1.000406529652828169e+00
1.653448988110307605e+00 2.555193712809696205e+00 1.358766744418445249e+00
-3.387550927145404067e-01 -4.055272839247112682e-01 -3.630982754583667038e-02
8.400578762646588871e-01 5.410755121756585240e-01 -1.189080862728533194e+00
9.390937857678306466e-01 6.104284654636482621e-02 1.161413452638705213e+00
-7.897979128973475760e-01 2.071586275285925982e+00 1.288218303323682257e+00
1.360724207764541616e+00 -1.317525715794442553e-01 -8.103628177537489652e-01
-5.919720740181850793e-01 4.334437916726818218e-01 1.187243926921356940e-01
-1.496900713608977807e+00 -6.605609506626751726e-01 -2.070069704366902741e+00
9.247702902534356006e-01 4.041256851791000804e-01 -1.438948476816809263e-01
1.316703460715181517e+00 -1.383700236910466286e+00 4.516699552934990702e-01
-2.167515270184879661e+00 -4.554713503032548072e-02 -3.713998290047246797e-01
7.283474871153712282e-01 -9.836314853702534666e-01 -8.597704602369982130e-01
-1.529157052898572733e+00 -1.283271250089567772e+00 -7.266511785742971741e-01
3.136589380091677759e-01 -1.378995131112110251e+00 -1.135784319280792820e+00
-9.053561342287371749e-01 -5.987858104932750614e-01 -1.725055050572547266e+00
-5.162329804015711732e-01 -1.127642513085466813e+00 -4.811899278516451606e-01
1.697265629658929686e+00 1.496453732722074381e+00 -7.299415760292413680e-01
-6.140865462388254148e-01 7.553044587604331728e-01 -9.548010416732073402e-01
-4.091762477566142087e-01 -8.151350695849344241e-01 5.634393697168116333e-01
7.941112517049140340e-01 2.648103593576917270e+00 2.079284585964250809e+00
-8.834097164070036090e-01 -3.864849546721416118e-02 1.042717991977748504e+00
1.709416445675444374e+00 3.556089314853784211e-01 9.470338636304496127e-01
-1.451438902420103538e+00 -5.994469287122899948e-02 4.828722075842258876e-01
6.019373044994040800e-01 -7.229607338997403598e-01 4.192415425158377840e-01
-8.967428948120910182e-01 1.472585168752766904e-01 -1.546002199654425313e+00
-1.008508633793321896e-01 -9.566142573885860756e-01 -5.498706284524118582e-01
1.261043874005591148e+00 8.220905576783026358e-01 1.199689304857826544e+00
2.019067318397647082e+00 7.540199041880450981e-01 -1.300072769053699506e-01
1.047839598474359146e+00 4.565375839696562688e-01 2.418404351954560383e+00
-1.212288516705135377e+00 -5.055472531594686902e-01 -1.503497775088077804e+00
1.318163830888627874e+00 2.344769843973634860e+00 -6.189615733866244973e-01
1.267962657575263163e+00 1.676151735024566936e+00 6.532776369932991045e-04
2.348117635199681308e-01 1.897415020731725077e+00 -4.447393749898188586e-01
1.350421209409315981e-01 -1.044031615487339248e+00 6.363328362256026605e-01
-2.067974215469940535e+00 -1.017122077280354198e+00 -3.060952425312782221e+00
-1.533451617428153835e+00 1.176844162279314432e+00 -8.049215929135660197e-01
2.168064160635507776e+00 1.150945188579470813e-01 2.175299203565043138e-01
7.240675745651565798e-01 -8.485094044998566787e-01 2.643066311554234105e-01
4.144430431474850351e-01 -9.622877623289296523e-01 -7.930710207605922157e-01
-3.402377270588738956e-01 -1.629622535178090859e+00 2.242873287750681399e+00
9.795930269564694370e-01 5.287000561956205491e-01 1.189318409404696464e+00
-4.254057213882673771e-01 8.171369945155453340e-01 -5.312444912128583274e-01
2.731469275024295262e-01 -9.118079438327081343e-01 -1.598529819722996681e+00
-3.866989868042147727e-01 1.609857609942670909e-01 -8.639204945503146105e-01
7.665154285529374167e-01 -2.008812593299893035e+00 5.398058802551138902e-01
-2.996102966702951509e-01 -1.051280423201832015e+00 -8.326619540376720696e-01
2.001697140961257171e-01 -2.485185210008378220e+00 -1.903514683068400437e+00
3.630873156677005831e-01 1.572179175675720852e-01 1.418805222797686394e+00
1.425753803324623314e+00 -2.070073236913525516e-01 2.719626370060768128e-01
1.900959241514417197e+00 -9.208085777959502671e-01 -5.405898408333291716e-01
-5.106807140654414656e-01 3.920540650211132849e-01 2.126657406630705793e+00
1.406671837677809345e+00 3.284338175625785561e-01 -4.884644596473041167e-01
-1.698177591674427056e+00 -1.529370116914348543e+00 -4.837470073028602435e-01
