9.053241348404272859e-01 -3.231819078676202439e-01 -1.043854344698937453e+00
3.201766838886026534e-01 2.400945376644726181e+00 -4.319733775502446749e-01
-3.074600839151612752e-01 -6.704956715826508873e-01 -2.054682593569683746e+00
-3.014356680805228006e-01 4.182483246943379251e-01 -8.419452964423514985e-01
9.760321857375314769e-02 1.366995940839739188e+00 2.673582341114368877e+00
-3.547896819648010958e-01 2.176127416974651396e-01 -2.280691038481349464e-01
1.858356240890312705e+00 2.075217628764433275e+00 -1.262922621896837461e+00
1.101454353854689927e+00 -1.621823070409024625e+00 -7.868176407262164052e-01
5.998775318788064359e-01 2.179446171762012829e-01 9.348549309474358804e-01
4.922502284672249928e-01 -4.194307548563176447e-01 -8.205025115197912555e-01
-5.960913931137162836e-02 -1.899721383280171816e-01 6.561835625899476998e-01
-1.001555797141536752e-01 4.290869232401273159e-01 1.201876037444898682e+00
1.269905590105848914e+00 -4.473503523053027342e-01 1.272487920863437427e+00
2.031063861590301389e+00 6.744536730686323533e-01 6.870499851360721832e-01
1.553549405612985712e+00 -1.164432447167569773e+00 2.381759113444613662e-01
-1.944533266418968509e-03 -1.605023641515384902e+00 -2.846736413400352994e+00
-1.357923248005462602e-01 7.710462686350211259e-02 8.579969082805012359e-01
9.575600981133363110e-01 4.014929100333528011e-01 9.781931325128387922e-01
6.821281208169220900e-01 -6.895230651942281241e-01 -7.451091534436213859e-01
-8.038397439866421523e-01 9.187181886411821541e-02 -1.166590861335795370e+00
1.064568670639911119e+00 -1.096539780350971993e+00 -1.890579089281567482e+00
1.430710949893164496e+00 3.829841629352653820e-01 1.497882148628438603e+00
-9.459551142879862873e-01 -1.910075190793357747e-01 1.042777142225527198e+00
1.072313947902757469e+00 -6.425638493333662993e-04 -1.502093287477774375e+00
5.519381665722290498e-01 2.059268489242344735e+00 5.946742697561984148e-01
-1.148141326261072681e+00 -7.117334319117513131e-02 -4.246552007075411472e-01
-8.698983108855937729e-01 -6.639179925917885194e-01 -1.112097885966911059e+00
1.370594644946951712e+00 1.906790366851680574e-01 -1.481723395373719665e-01
-1.351863850899129638e+00 -6.190775967634702948e-01 -1.222253567897144233e+00
-2.317092162097029728e+00 -1.200330589919223367e+00 -3.441592605105524560e-01
-1.023918170600569333e+00 4.449552749586950240e-01 9.765377658890688206e-01
-1.420612941555480235e+00 -7.866910436529608308e-01 -1.034180004408711273e+00
-1.084391028150906822e+00 4.259411763922164584e-01 2.564843368727845463e-01
-1.417877674641716990e+00 4.222482992169678262e-01 -1.504986493687771265e+00
-5.929985769449124255e-01 -1.702768028396950184e+00 -1.322976775295880980e+00
-9.315311173519340571e-01 -4.412937641967250579e-01 -3.954730172969358470e-01
6.011671666547764303e-01 -7.203139445571766775e-01 -6.370238649544768261e-02
7.627584355392222903e-01 -2.698977355286020785e-01 6.294669308442863986e-01
-4.133698910379217661e-01 -3.507382712471212027e-01 -1.266685611828557434e+00
-8.440307701749166780e-01 9.075652708498851418e-01 -1.357648401075777667e+00
3.259659264184768368e+00 2.636146985377874952e+00 -9.361121515777741653e-01
-2.876397652363274493e-01 1.023417306768274360e+00 -1.747126338353801045e-01
2.007023866809169554e+00 1.717188679679612640e-01 1.652150419316089636e+00
2.938146402490577902e-01 -1.274435778103609529e+00 -9.419264940632756655e-01
5.311067167905513253e-01 -7.659570888410518474e-01 1.483469322057330064e+00
1.331099950322628622e+00 -3.897456818248268284e-02 1.667773767322240142e+00
5.662285594974261205e-01 1.602460397546702664e+00 2.156344193939798703e-01
1.244434335712223838e+00 3.438196337276070214e+00 -7.962483187524327377e-01
1.144231723709761672e+00 1.676200991269429785e+00 2.726808680191554757e-01
-1.005739113252845929e+00 3.888368433517932488e-01 -3.500437252168797642e-01
3.094824636805788565e-01 9.164051259880812150e-01 8.199945829044686940e-01
2.209445612540387405e+00 -3.676741534474873285e-01 1.910957362589875697e-01
-6.029044724061896066e-01 2.435871521154207575e-01 8.156227628810419628e-01
-1.148208699419716039e+00 2.224875023088575432e+00 -2.393588691921814116e-01
1.601449275016606943e+00 -1.731300556954758596e+00 -7.589991506245254982e-01
4.591975890276831507e-01 1.053023869263218337e+00 -1.279926183105427606e+00
6.509613042219120072e-02 5.500181709879905512e-01 1.404211910616649961e+00
-5.224018838217553418e-01 3.289969496042026709e-01 -1.108566630322848745e+00
-1.115298576769973238e+00 -2.228714102676871089e+00 6.502936559141263562e-01
1.475017509385432524e+00 1.670937250745823555e+00 -3.445571544916161688e-01
1.523975402089929432e+00 1.823553701945444860e+00 1.194249638415652459e+00
-1.723361096100060275e+00 -2.378426525108320866e-01 -1.076048004547244918e+00
1.667311880774542843e+00 2.509950237176682419e-01 1.767281510355072749e+00
-1.411139934333045298e+00 8.133612210499940876e-02 -5.378739895666142523e-01
-2.334442266461863813e+00 4.038732337864503474e-02 3.397572387289720108e-01
-1.588425988899827113e+00 -4.893103150477835506e-01 8.475696603755904501e-01
6.012591832597775632e-01 1.419220492534511990e+00 1.845995528314641421e+00
1.211927881377756533e+00 1.132594412324460897e+00 7.262874535697640965e-01
4.378428507586407115e-01 -1.144313629394407839e+00 -1.970254677928785059e+00
8.095671508473047950e-01 2.136340513352481985e+00 -9.115136392545442057e-01
1.140944892917299391e-01 -2.777870530934364313e-01 -4.516826685536211583e-01
-4.096067927022253308e-01 -9.312797509396477658e-01 2.689912549407619258e-01
-1.616038064959257059e-01 2.422146296247167374e-01 -1.576972009023664523e+00
1.039636614300984974e-01 6.480207907215121965e-01 -3.981015032352169802e-01
7.812104309381078249e-01 1.102621508690027508e+00 7.449575984442037280e-01
-5.293581724097051744e-02 -1.398892804116072641e+00 -1.631656823146425239e+00
-2.169740897669104385e+00 -1.883009268567209515e-01 -1.701925793219746907e+00
-7.460060815783398080e-01 4.089226025545644738e-02 -5.006824468510789883e-01
-1.665982104710259648e-01 5.504873819556690417e-01 -1.042720523450745951e+00
-1.063921659750454718e-01 -1.883060894006591268e-01 1.265145296080126380e+00
3.374501155442206635e-01 9.052628173608499029e-01 6.933336774330158825e-01
1.633265924175138384e+00 -4.732558518022322858e-02 1.498251761958796724e+00
-1.485899172480016572e+00 -9.113980738062177345e-01 5.961971641409623546e-01
1.012730811328660385e-01 1.833353341005136139e-01 -8.579822708206950033e-01
2.045204846036597912e-01 -2.154416077299640797e+00 -1.723474905488339370e+00
1.423455105615578198e+00 8.824013495328192347e-02 6.863537278046333290e-01
6.379970283996589941e-01 -1.079607966666894292e+00 -1.512628290356607286e+00
5.612286561635071447e-02 -9.242403952900671849e-01 -2.079644926941609739e+00
3.120854806288441141e-01 -5.450352880852948889e-01 -6.144793669962780314e-01
-5.521555726534428388e-01 -1.549720913401964495e+00 3.550216310603583336e-01
7.262342549133855574e-01 4.571610090893083456e-01 7.386182426270789803e-01
8.902613724749988133e-01 -1.242191412073016643e+00 3.467159621146284065e-01
-1.751169310634606457e+00 2.318813809487749733e-01 -2.410640141881478904e+00
1.067053023893698160e+00 6.589245760734868673e-02 1.276717751087079522e+00
-3.986586672399189402e-01 4.985340431721975163e-01 -1.219054717524401088e+00
-6.411531486358956755e-01 -6.379971763696652420e-01 -2.579783159301079376e+00
-4.172180853315085036e-01 7.126699685108004445e-01 6.667404112085129064e-01
-6.189989548297533117e-01 -1.433004206944298531e+00 -1.923640598105931243e+00
3.934545974490166742e-02 -2.576019241428563422e+00 -1.247048241766690380e+00
5.182120941923510360e-01 -8.022294486113783485e-01 -1.284108465992158221e+00
