-8.183930796661498253e-02 2.762273224685324102e+00 1.367412193680748178e+00
-6.196550461676499921e-01 1.072823154897650344e+00 7.235663856179452846e-02
3.412332081222460012e-01 8.450215117044830304e-01 3.316893483518360553e-01
-1.590381421673181528e-01 6.565182985767299417e-01 -3.089981119617875027e-01
3.583362459764954377e-01 1.100584669493422707e+00 -4.584240713559064595e-01
-3.819620029647034509e-01 -8.373209001800153706e-01 -7.175369291665573135e-01
-7.097080977771554888e-01 -1.974061768183381416e+00 -5.227687289583712316e-01
-1.850976997506875277e+00 7.196129390606154086e-02 -1.619418848731937199e-01
-1.013533081068401120e+00 -9.668854455122839475e-01 -1.319731162730876539e+00
1.054762030751015489e+00 2.650018464607822866e-01 6.015509234109815973e-01
-5.970117713617677513e-01 9.522285052604333444e-01 2.265472210375897077e+00
-3.994151803051011473e-01 8.489414836423510025e-01 8.723879626405628418e-02
-3.568268572432158336e-01 -4.896035860813366947e-01 5.316637191711375277e-01
-1.848688924615807583e+00 6.860523539709026952e-01 7.965276881770921857e-02
-3.833764635880741456e-01 -1.574421240259042287e+00 -1.991309151647119302e+00
-1.966992298416701423e+00 6.035595824622150829e-01 -7.435564312393245778e-01
1.281786029352954603e+00 -5.883795410018772820e-01 -1.389224999502527425e+00
6.536651006328344504e-01 -5.254567419661352323e-01 -1.183658976404352359e+00
-4.861621249344083573e-04 1.731615005539535179e+00 -1.728275605737210618e+00
-4.891381015774332042e-02 5.978828680300661835e-01 1.450701183133243255e+00
-1.517305158672576093e+00 -1.834690593414128879e-01 5.862328613289169432e-02
-1.311007392408899408e-01 5.344292110968009712e-01 -1.142776739670801067e+00
2.629583621527860071e-01 1.668442864805189441e+00 -9.452168743859019617e-01
3.903062904640935971e-01 -2.690091992567072987e-01 9.199496541853091625e-02
8.124451811559623149e-01 1.481110101953441838e+00 1.471523377271036548e+00
1.552638727633661730e+00 3.632324842997732284e-01 -8.950388461306046928e-02
-5.513821773203433363e-01 2.250191664601559616e+00 1.772638026357191920e+00
5.176423225941109152e-01 1.987565612113083580e-01 6.133300530288570140e-01
1.069723760320119732e+00 -1.082510169921221177e+00 8.723943451571019025e-01
5.290288192988221727e-01 4.277350048017374284e-01 1.327962180027684180e+00
8.611826260812598388e-01 -2.607609297873584309e-01 5.886673047816360915e-01
-9.679399611661294589e-01 -1.799323073860690458e+00 -2.456100628442764444e-01
-8.824213336329411739e-01 -9.201727770771250814e-01 3.332739125307759842e-02
1.001549692759319266e-01 -4.777035266735535357e-01 3.762469403804307722e-01
-9.655866922156020049e-01 6.905871464208077626e-01 1.738192487692470367e-01
7.102374458497018317e-02 1.512352787112724473e+00 2.273201320639702594e+00
4.862827162700694705e-01 1.439283271407143516e-01 -1.352639966237298541e+00
3.121754471842410616e-01 8.228370527149941882e-01 9.960668832296304398e-02
2.157983053532912088e+00 8.860801262218437335e-01 -6.402422719091438452e-01
1.455746325828688459e-01 -4.465306536524781267e-01 2.019514281642822873e+00
-8.604539840981060284e-01 2.633140783682341723e-01 -3.475278054295215524e-01
-8.099222161462125147e-01 2.898606749601778665e-01 8.222997487516026105e-01
6.260507307560430057e-01 5.795555391989289928e-01 -3.332959304507693288e-01
1.374370359822545851e+00 1.567719773939492578e+00 -9.780898795069248308e-02
3.055467281429888882e-01 -4.366714558706066285e-01 -1.367305015495788312e-01
-2.397574136301392489e+00 -1.082528270608755339e+00 -2.938368867764460379e-01
-1.260113350381206088e+00 -7.579129577688674679e-01 7.942566619647936088e-01
-2.535458575317923735e-01 -4.704976727793339641e-01 1.450348513520186566e+00
6.380572846449009683e-01 -4.173399353713324045e-01 7.077056937398085168e-02
1.141018987981689214e+00 -1.112604417825499681e+00 4.033548424499591167e-01
-6.721483674768968797e-01 -1.620715453397512329e+00 -9.117463863748433983e-01
-1.399891865949456360e+00 -2.589252068835355747e+00 -1.132140987939792343e+00
7.988777505255342248e-01 2.207203099697210291e-01 -8.669051166697634425e-01
5.630174521090118844e-01 -6.827716352579913384e-01 -1.272791077525711412e+00
-4.654569600304888644e-01 5.003661487884694115e-01 8.187755035438968321e-01
-9.549787772950175668e-01 -1.285836712254169178e+00 1.927264063216385104e+00
2.334563140146163618e-01 1.202907665205332544e+00 2.401427974321184156e-01
2.007811566869337483e-01 -3.294906834891938585e-01 -1.582674186941458894e+00
-6.389496739373977663e-01 1.734599753680636791e-01 3.936438096773570150e-01
2.176639919315515481e+00 -3.933864902516135409e-01 -1.232202344509663483e+00
-1.022012505304287444e+00 3.676240571689163295e-01 -1.666228465949612714e+00
-1.245266973599003624e+00 -1.354968855274238937e+00 -7.181343110771043481e-02
-2.111815140084934317e+00 4.527096262212215727e-02 -2.356936965472055667e-01
-1.122757028227608034e+00 -6.769554542489856219e-01 5.861134139476711358e-01
-1.079522093429165497e-01 -6.572281892276308213e-01 -2.844934972635743131e-01
-8.911430665673081286e-01 6.770186588455034959e-02 1.128814853387332118e+00
-1.037333997903549188e+00 9.614719248231655691e-01 2.056364705714226915e+00
-1.081324798929200526e+00 3.499515758320761449e-01 2.104079995196308506e-01
9.777102329945401848e-01 2.069253900064603080e+00 -6.151493384467772163e-01
2.525669162698206405e-01 1.160919408406877462e+00 1.649962062180652667e-01
-1.723600525254677107e-01 7.084146813823855027e-02 -1.742244365000768402e+00
4.653472432864841357e-02 7.883724582754580990e-01 1.664918540515276879e+00
2.886994091177531585e-01 -1.301751485275629117e+00 -2.049692872520426423e+00
1.131006027542166281e-01 -1.278699354625829621e+00 -1.125225274097796380e+00
-1.694979949942496122e-01 1.084580178860055089e+00 -1.684128413036243721e+00
1.592330416381997793e+00 -2.415371284418124098e+00 -3.998606943646789147e-01
1.000305811025991032e+00 8.326365572539868865e-01 9.956608960640398465e-01
-8.236362120480898996e-01 -2.349081995250361654e+00 -8.072581763087345319e-01
-1.204174786976377476e-01 -8.484856291061617650e-01 5.206110137062653909e-01
-2.034540928519002811e+00 7.085804297670124097e-01 -6.442756303543035745e-01
7.840831456215445749e-01 2.528046134093853148e+00 1.085616717460800240e+00
1.927485076207139381e+00 -1.749231005895640623e-01 8.425754369939256749e-01
3.172414542193273679e-01 -8.130947484529618130e-01 -3.560812695483089318e-01
-5.346085490708076815e-01 1.542755132244355565e-02 -3.564522553961202433e-02
-1.195973777229709656e+00 5.592477467207321862e-01 4.999951740382189702e-01
-1.574588934217850067e+00 2.505979693682669485e-01 6.519175992015846521e-01
-2.603901680761555593e-02 6.914329734261321914e-01 3.961763403834861474e-01
-1.291679089747419518e+00 7.875704145105932863e-02 2.313052733941575179e-01
-1.653605250712534280e-01 -6.848036734307190176e-01 -2.518357358516988276e-01
-1.032458280907057269e+00 7.795233603896694063e-01 7.115483250433877194e-01
2.195769820332400091e+00 -6.521826612613981222e-01 9.680728888399847687e-02
-5.947372908481984854e-01 8.383097586459381523e-01 1.064261702433314527e-01
1.900170979473292387e-02 -8.076429904238333624e-01 -7.239209075836093854e-01
-8.192874238316499858e-02 9.094704767466703643e-01 -2.250758026374410470e+00
1.035114220895173798e+00 3.667151953335923142e-02 -8.109460594798592048e-01
-8.238272325836457632e-01 1.951267923646796132e-01 -2.552625210000414313e-01
-1.037693633138205396e+00 -1.316877862447050518e+00 -1.585091367335972334e-01
-3.806638291415453956e-01 6.633763237484842090e-01 1.644759689431506855e+00
-1.073621677359017035e+00 4.552488203573562542e-01 8.920230337585826064e-01
-2.075110725415056367e-01 5.503435809275767365e-01 -5.879828549768221224e-01
