3.406260101178386623e+00 -1.116306911467525254e+00 5.249762075153470153e-01
-1.107090384480651224e+00 -1.282883492652150847e+00 8.937708782581439415e-01
-2.116088618039486113e-01 -3.902687173173891022e-01 -3.019443259764272303e-01
-9.610037661789005980e-01 1.175198054762019995e-01 4.797652720289733441e-01
3.626118014048345106e-01 -3.153029025873248070e+00 -2.076111009577271127e-01
-6.882585304295736339e-01 -7.128496783739046716e-01 6.276551002770444088e-01
2.989687313591136153e-01 1.315044929705920795e-01 -1.137745690210867799e+00
-3.778739357492325590e-01 -3.036024872302454103e-01 1.164646896304022627e+00
1.080420927605656445e+00 7.063411358999283074e-01 7.859467842960209394e-01
1.113630768946441751e+00 -2.522839844639866991e-01 1.009595028418810214e+00
1.038401869369694808e+00 1.421670493557226411e+00 4.298475139048644200e-01
-1.175138501251086431e+00 -6.885321904754264644e-01 -2.807911528010854640e-01
4.055857609054159818e-01 3.346635963459319019e-01 -6.977115209550164288e-01
-1.251549361391315340e+00 -1.431040248595712994e-01 -1.856051494308663896e+00
1.440770117247384130e+00 -3.891081309651140407e-01 3.849143658372246035e-01
1.386680390399597451e+00 1.863117048530432474e+00 2.654688635964063792e+00
-6.212451223250503585e-01 -5.759124043931848069e-01 -5.553028788317393438e-01
-2.029900086808432036e+00 -9.724522872883708535e-01 -2.052843566283421239e+00
3.849188547264374982e-01 2.298985013581456016e-01 4.833343116502654135e-01
6.340789042700067935e-01 1.061455765411202457e+00 7.248074348348687579e-01
4.317026101397686277e-01 1.259331853987164296e+00 1.345485968775144370e+00
-5.604657359909218650e-01 9.274363797149423050e-01 -1.448701562902373619e-01
5.803038047281983136e-02 -6.037983222631111424e-01 -3.436130750193533978e-01
7.261487703031370700e-01 1.734695348242018653e+00 -8.885759730799260847e-01
3.970543138568838337e-01 -1.839583936133974973e+00 -2.295731038972717020e+00
-5.056063466907755322e-01 -1.803210536284485688e+00 -9.710642236845865582e-01
-7.671549263027681587e-01 3.745339161700655950e-02 -5.018080104487530058e-01
1.543366486838481322e+00 6.797747016194586323e-01 9.874096329104741221e-01
-1.045206024877473050e+00 -3.667219912972070062e-01 -5.298665551507959481e-01
-8.896167844448594764e-01 1.385556934240128601e-01 -1.938420505198730881e+00
6.630909630943047084e-01 4.832817465470403140e-01 1.959269646331337267e+00
2.878664963273094290e+00 2.113669098209042252e-01 -1.497961149009288562e+00
1.665823259729631634e+00 -2.307746443861050101e-01 2.617125474403887431e-01
2.043031136733317155e+00 1.910474066976582397e-01 -1.621361224565895931e-01
1.121857809453652433e-01 5.735802405790269010e-01 -7.327192162934843545e-01
1.030947323839691121e+00 2.045392703569387294e+00 -1.150546911574493736e+00
-8.356200187075695229e-01 4.382828677042208687e-01 -1.298765756813366590e+00
1.042795505905245834e+00 2.174286911928312582e-01 2.669460001821377659e+00
-3.762131443627125260e-01 -1.772433857381883193e+00 -3.000345952766009239e-02
-9.854449749854863327e-01 6.363362125573275296e-01 1.343778808230531308e+00
-9.427880704258341238e-01 -2.901970342622861576e-01 -4.658422317192689732e-02
5.119073379053695749e-01 3.198119394200299448e-01 3.591975238098104595e-01
1.670483018886033677e-01 6.376357828561146635e-01 6.170447713307087856e-01
3.558549631894061260e-01 -7.007215656796504932e-01 -1.740719009829791109e+00
-1.001109466498691702e+00 -2.430960944443606997e-01 -1.579843124833123502e+00
-1.402804287512290360e-01 1.453352252144239021e+00 -7.803578702398423772e-01
1.966304784554163465e+00 7.957283749532105821e-01 2.101987047538640407e+00
-1.196073758187373159e-01 -4.642189992425683198e-01 -4.473483657779667166e-01
2.403452400340237993e-01 -9.025062171056523752e-01 9.349164227492962054e-02
4.416530027027359973e-02 -1.205691761349335422e+00 1.530855986097001908e+00
-1.917399509610892450e+00 -1.523856227114969819e+00 -1.410712945739717838e+00
2.756312886737515289e-01 3.614327106934459577e-01 1.235937070983578190e+00
-3.017337955351993894e+00 1.043197867879969154e+00 -3.602814329064609744e-01
-1.174967209412069336e+00 8.061124296606823059e-01 -3.073726685311922724e-01
-4.965262747272774502e-01 -8.114705101960444367e-01 -6.862691295334858443e-01
-2.021069522467446866e+00 -2.392896675210610669e-01 -1.619436968187814241e+00
-3.232905231646125421e-01 -7.600171421063870447e-01 -7.178447491802659730e-01
1.651724095726725405e-02 -5.588445743016090539e-02 1.823043628111090664e-01
6.675111231505349574e-01 4.911173115968042735e-01 -3.572508976086474775e-01
7.957457978778261776e-01 3.658781666403763122e-01 4.184526283029963989e-01
-8.569650926091343379e-01 -2.139579504285057610e+00 -1.376288557762527898e+00
-3.763216183276427707e-01 2.121304182544194727e+00 2.061607037475710058e-04
-8.957393646515121599e-01 9.721144770734502227e-02 -6.423989012338073845e-01
-6.444143928004479882e-01 -1.360064391323803523e+00 1.810649478292279957e-01
3.048716507292971833e+00 1.403132597273696325e+00 8.765323652848239222e-02
5.037992473631471846e-01 1.248616011399595660e+00 1.851844552304452218e+00
-1.115585139766261946e+00 -1.349296260314327922e+00 -2.190488362702934233e-01
-2.117761750953615518e+00 -9.067611845924482550e-01 -1.800564062991797609e+00
6.911039988971379167e-02 1.787306708436410485e+00 -6.285193037445888642e-01
3.871903618447128936e-01 2.438793810438276921e+00 1.418410724058907224e+00
-2.914954117490434093e+00 -7.455779905460901968e-01 -1.081869443662812458e+00
1.522273095320339609e+00 -3.021768366467434408e-01 1.394219381812008329e+00
-7.728086094709645248e-01 -2.254814780389028384e-01 -2.238439903051064661e+00
-1.194908942149795816e+00 -1.546113658089987908e+00 -2.176913692036353432e+00
6.406047043557223652e-01 -9.454196161769374829e-01 7.486427325521644027e-02
1.178764662738365221e-01 8.847023968093790103e-01 -4.975264490467031786e-01
-1.132599447450568730e+00 -1.440499061636730582e+00 -9.002522022390285761e-02
-2.556815780407287741e-01 -3.240217675797260055e-01 2.784392296973506209e+00
-7.521449708178029603e-03 1.120158101108146731e+00 -9.889021057330811271e-01
-3.124597539330392637e-02 -4.208176838064745517e-01 7.381387775204317769e-02
1.203910763012858709e-01 -8.126832882446859418e-01 -5.424577818369554771e-01
7.294169018507463687e-01 7.459304930444343729e-02 -9.505773255485789885e-01
7.036151135853001559e-01 -3.895107278364439152e-01 -1.149816475618298917e+00
-5.457353615987668993e-01 1.510528881249109112e-01 -1.433332786840169071e-01
1.034223231869045412e+00 6.350538187846443972e-02 -9.099994392911234797e-01
-6.014178548447841610e-01 1.560112737522090232e-01 3.287089022504077196e-01
3.302164680775577787e-01 1.542462692737088803e+00 -7.760232238783890679e-01
8.638981290753746656e-01 -2.353700424441941830e-01 1.680269866963383318e+00
-9.778397072212456909e-01 -1.552224023778681516e+00 -8.881002306381200473e-01
-1.154067993522030489e-01 -5.488365984797136665e-01 -9.161755275605670823e-02
-7.257337021323009285e-01 -4.463805546438696648e-01 4.925041100640061842e-01
-2.379633833495297113e-01 -3.092701309089379569e-01 -5.171557935537891559e-01
5.671051059973917230e-01 1.401232320049726088e+00 1.277082341237515184e+00
5.743599402406596166e-01 1.390645320829416054e+00 2.086301199436324527e+00
-3.833145007758101963e-01 -6.140981675717500643e-01 -2.120037660855952577e+00
9.656169976638708796e-01 2.641738950430729815e-01 4.290497345971064913e-01
-2.972804997205834576e-01 1.544972522914489499e-02 -3.858545703690909323e-01
-2.574306629583387185e-01 -3.400079275094631259e-01 -8.237393611919324732e-02
-2.165561132188182913e-01 -1.125219006380876019e+00 9.105586078252931870e-01
1.703874779312448684e+00 5.864505542068454425e-01 1.757693351379324476e+00
-2.156342769578058594e+00 -7.616423809360302055e-01 1.154926241900663397e+00
-2.188125400681929733e+00 2.895850730076457991e-01 -8.887641307895752796e-01
-1.438413537511011198e+00 7.015223893555172507e-02 4.789998599980163640e-01
1.160404672909187918e+00 1.883567139629066300e+00 2.943827494936330336e+00
-1.064464014060628738e+00 -1.686315175472973715e+00 7.378601183025241816e-01
-1.068248201201675407e+00 -4.679739606294252008e-01 -1.120426453304030678e+00
-1.838145586970624468e+00 -1.612014759760712179e+00 -1.651931009864781030e+00
2.573140463826940616e-01 2.703464846128253551e+00 -3.872458105935180361e-01
-5.665904096284146707e-02 9.795443034905082502e-02 1.251449498408102601e-01
1.361685017516871099e+00 3.240566137017956150e-01 1.403569474091906688e+00
-3.812320548270535792e-01 1.420106044615035534e+00 -1.779680041518590938e-01
2.442229920450551095e+00 1.592407633241308407e-01 1.687030119633567526e+00
-2.708667764213475992e-01 -2.876495776968882812e+00 -2.379076445504645365e-01
9.435856220588236809e-01 -8.519724170152631615e-01 -4.105601335747679492e-01
-1.613348031524171056e-01 -3.408137401641556652e-01 -8.942596849790412916e-01
1.565977832264588754e+00 1.429983657009490594e+00 -4.272957209802300538e-01
-1.250585607296212043e+00 7.553660380134312735e-01 -1.069214552439440968e+00
-7.423142675695053594e-01 -2.329188878536939011e+00 -8.177946739793547914e-01
-3.784148097138336775e-01 8.147150542510706028e-01 -1.800565652657149518e-01
-8.325544808160108001e-01 6.967322477121502544e-01 3.840394524414421085e-01
4.352491074791731140e-02 -6.532920622197657678e-01 1.076576559895564555e-01
-4.524654880029186366e-01 -4.604556721270801067e-01 -1.034578110452544664e+00
-5.398516857823426607e-01 -1.232993697655969445e+00 -8.234559847537992194e-01
1.450689483486050424e+00 -7.519621200585284715e-01 5.923187590328262697e-01
3.921450700491669883e-01 3.273921517103726586e+00 1.903370636415324113e-01
-4.738807829589847254e-01 5.499306198343301144e-01 -7.380297740212671265e-01
1.341761165736871320e+00 1.541198287008873069e-01 8.940593075940795886e-01
6.127700232985681117e-01 4.072605439460485477e-01 1.086869943893354895e-01
1.337366395495765303e+00 7.256502740960938391e-01 1.795733504259008795e+00
1.024940970426732267e+00 1.222018368175568970e+00 8.321943448289489398e-01
8.703373805208816094e-01 4.396969899063195575e-01 -1.675147196404971339e+00
-3.115999882612177085e-01 8.881638960353904766e-02 7.041681420164429550e-01
-8.605825763879410006e-02 -9.243921845986684538e-01 -5.645040846771592902e-01
1.605505485328794446e+00 -1.401824320224325682e+00 -5.790505087006388996e-01
-1.226518761573784477e+00 -6.018924991498746380e-01 -9.295863285424724731e-01
8.010278817258618123e-01 -7.210939275660446235e-01 5.878726477250103555e-01
3.694679162809215711e+00 1.769247588351687162e+00 1.789335793297864186e+00
-1.143519199941494424e+00 -9.977700787962199280e-01 1.413585553324125055e+00
-1.472604554238313490e+00 -2.110919992589264105e-01 5.912303866470430824e-01
-1.013466630573427674e+00 -9.718239505093297925e-01 1.003007163029725035e+00
9.052162438881410367e-01 7.482340210997590058e-01 2.479537438487754430e-01
1.403931069755051109e+00 1.624089350762589312e+00 -7.449318273990066519e-01
-1.212404103222359364e+00 -5.637012982275032558e-01 -1.363909274778668745e+00
-1.277015309334763149e+00 7.187943530723051033e-01 -1.207689363283987571e+00
2.417701154392312368e+00 1.119193067072280279e+00 -8.956219257366324626e-01
-9.699587367212096911e-01 -2.907154217439492649e-01 -2.527803140062954146e+00
8.746747080682355513e-01 1.111100586837123760e-01 -9.064998227856932989e-01
3.800878068572083324e-01 1.501037608378046895e-01 1.677209338189089016e-01
-2.341010610089939159e-01 -9.064309567838466641e-01 -9.111764184562604063e-02
1.049604412463778669e+00 5.888774055701360144e-01 1.773203410605543318e-01
4.939110306761662628e-02 5.276328051184592249e-01 3.371799302590640091e-01
6.015370518183812409e-01 9.740789332999033601e-01 -6.867737977101537883e-01
-7.183146139685359088e-02 8.369143362370610184e-01 1.880831711469725942e-01
-1.365684203349611714e+00 1.078013604378748713e+00 -3.467078871350934843e-01
2.062655786792545243e+00 -1.067937456471230284e+00 1.104977648285121905e+00
1.625355924121050233e-01 -1.066050456367233279e+00 -1.615823188529159182e+00
3.969116858949325310e-01 1.226804222125385202e+00 1.409233394668011341e+00
-3.030219015097745938e-02 1.037558379272969677e+00 4.936606162373169404e-01
-4.049445898415352518e-01 4.077405602893989789e-01 2.541888756636777602e-01
1.249581227909875469e+00 -6.939491378449098580e-01 6.573636996082754536e-02
1.263848921360765098e-01 -3.413144517556538360e-01 -1.087156047123290392e+00
1.039096452733813569e+00 9.954958632110102457e-01 -9.751936555744444846e-02
3.344318080401002535e-01 2.865177769008538933e-01 1.019954980219844654e+00
2.529162690343345066e-01 -9.473678994873039327e-01 6.418359631070758020e-01
-5.623947562615206897e-01 -4.898420999434736078e-01 -1.466160739750486997e+00
8.230916554013900654e-01 1.557238244466908839e+00 1.399098928222297644e-02
1.706652885910321604e+00 6.492220165262398979e-01 2.446430299789992269e+00
6.942697259717289793e-02 -5.115123182439120786e-01 -9.684023091299991393e-01
-2.024184923747364362e+00 -7.761806859856049678e-01 -2.106778477488192358e+00
-8.691714697768770925e-02 1.465679716778370612e+00 1.587967516759999920e-01
-3.261084657490976868e-01 -1.704560267011253627e+00 -9.585360226732881905e-01
-2.157298071961593955e+00 -9.282271069990659651e-01 -1.989964011117841824e+00
-3.214696905346280165e+00 9.423722591273049343e-01 -1.163601523842225927e+00
-6.056704931474874432e-01 8.900078079541624554e-01 -1.518955985541722953e+00
1.041034283540799299e-01 5.764275244352710104e-01 -5.499038977018834151e-01
9.765262752770497157e-01 9.653006842220255290e-01 2.158898761738566208e+00
-1.039482271783471745e+00 -8.928189166765477802e-01 -8.281141441634187750e-02
-5.724132821724082776e-01 -1.668176141641673826e+00 -6.233264764592283402e-01
-4.776858378245375514e-01 1.129202369972562847e-01 -3.018380315738923292e-01
-3.046391348385028008e-01 9.278560358664589280e-02 -8.464039161442745707e-01
1.388181115782976871e+00 6.545287239269564905e-02 1.820521075399429201e+00
-5.384276007586650259e-01 -8.738053067933986284e-01 -9.765257312056274674e-02
-6.303466265825345971e-01 1.118975681913207065e+00 -8.536032837780538340e-02
-2.575927990845353621e-01 1.483982787943747272e+00 9.151503331148054254e-01
2.936144228476368356e-01 -2.185706979259294247e-03 -1.791515272294530225e+00
-1.416875625285194396e-01 -1.584680163514613493e+00 4.399803929726376905e-01
1.510511487573653167e+00 1.630245288490858480e+00 7.375046084341572161e-01
1.871418468588637030e+00 1.350708190224374938e+00 -9.024790169841183651e-01
6.036489076341378102e-01 5.259154393463153498e-01 -9.337636366168529101e-01
1.984441769188225013e+00 -1.003740502770666954e-02 1.564327803733549738e+00
-2.468919816790777766e-01 7.234946945312840105e-01 -4.351472340112757520e-01
-8.367088603325145701e-01 8.113003793237794081e-01 -6.258504806372841012e-01
-3.489582446226771606e-01 -1.748420991962486237e+00 -5.370938585744717830e-01
2.836692406209835315e-01 -2.391353944653258901e-01 -2.935688821156445805e-01
-1.180933449173200867e+00 -1.101571688549608741e+00 7.096674473699491337e-01
-1.057559396561545961e+00 1.673561052382397829e+00 -1.926584026930946436e-01
3.886755977156153841e-01 4.018700894425134562e-01 8.068895693292246207e-01
-4.958682268521941716e-01 -9.548687283531880343e-01 -9.498699623241826373e-01
4.347987874529084529e-01 2.072919217792197344e-01 7.674845929262306132e-01
-2.257612133376506236e+00 -1.270573884314336377e+00 -1.673170090163172419e-01
-1.863999574349469945e+00 -1.608307167860770770e+00 -1.772603798169408273e+00
8.427509709539311444e-01 -9.751276174882722581e-01 -1.868349484590150489e-01
-5.924106343142752085e-01 2.235882325951612959e+00 4.179172941279558628e-01
1.786985417765221684e-01 -3.354217521141944491e-01 4.150062490226822387e-01
1.864250122001623655e+00 3.852256586979790898e-01 -1.290936970513531512e-01
-1.901398446996645175e+00 -5.595028531078199974e-01 2.438876990564416980e-01
4.801826560844724145e-02 1.436872519263797887e+00 7.568983125192860761e-01
-1.821854921952904549e-01 1.665118845656893276e+00 7.518018864886716335e-01
6.802390256445365324e-01 -3.562103492222429280e-01 8.794900234023367291e-01
-5.315240235779067346e-02 -2.135545310329271640e+00 -1.716873638366340771e+00
1.571758395258470165e-01 4.011583090302052179e-01 1.829648654845735800e+00
1.873418605601633979e+00 2.773958303637489742e+00 -1.223637317093209775e+00
1.877477997975449453e+00 2.050107443810018637e+00 -1.570986637131972063e+00
-5.555909343089422414e-01 -3.477459313165782717e-01 6.703079088624774862e-01
-4.104984021339291855e-02 1.038177505119636912e+00 -1.952299302366054423e+00
-7.515109274791968996e-01 8.891828580608928112e-01 1.058126041273722340e+00
-1.321136660919490335e+00 7.740210662257325236e-01 7.264171105523615779e-01
-1.463045396896403894e+00 7.103155773202254331e-01 -2.289689722901047553e+00
-1.669924892618814272e-01 -1.537243292409300688e+00 -1.228002422163469554e+00
-4.155824207298949302e-01 8.683703516961149838e-02 -7.454577314501227292e-01
2.870549194442273411e-01 2.442169754906037271e-01 -1.593532562032519362e+00
-9.585100517458216007e-01 6.386096725040173450e-01 -8.720683983081285451e-01
-1.843858030416438254e+00 -3.545191182066234070e-01 -3.899624087655645943e-01
7.562228046633667766e-01 -1.304461844454241293e+00 1.237777573959927047e+00
2.631785846058516398e-01 -2.168037636616848562e-01 3.305904232433298784e-02
1.846710678284565921e+00 3.570005246735810656e-01 3.325019056187727973e-01
-2.459294365173468888e-01 -8.016573236296293814e-01 -1.305243294421117639e+00
2.027391235175243445e+00 2.706547570244751011e+00 1.564016578866700202e+00
4.628362673656184478e-01 -9.252278196736358762e-01 -1.040353828514448020e+00
1.833978635331147578e+00 1.600463097872788953e+00 2.693166002483125432e+00
5.957184542301572350e-01 -9.155662237255615121e-01 4.776588271710057176e-01
1.370680938658751291e+00 -1.244541416210635632e+00 -8.868236826080455604e-01
-6.334480834333098276e-01 -1.048433107121877539e+00 -3.769425079137079804e-01
-1.436921678783701362e-01 3.760056201765865636e-01 2.607220604458622137e-01
-1.150535200142998038e+00 -2.305488487444591339e+00 -2.018719728231533672e+00
-3.646944099789902749e-01 3.409894561612581976e-01 4.688598847490574317e-01
-1.053694657056414963e+00 3.658003121603536911e-02 -6.902496800776496411e-01
4.919173286073488249e-01 -1.116380004287073735e+00 9.823110035871061019e-01
-9.679555702165706377e-01 -3.940366790390169571e-01 -4.282721734295981131e-01
-7.534178965174482823e-01 -1.417651507021034707e+00 -1.344273010253084877e+00
-7.225779142053365689e-01 1.679713031438609505e+00 -3.947540025122784346e-01
-1.269472440014253856e+00 -6.734270568969796811e-01 2.262558198975425094e-01
6.371807040965405955e-01 -7.761751050613971969e-01 1.448387185440619174e+00
-2.889043961056179111e-01 7.897154828461507847e-01 -4.968249430554191326e-01
-3.968408266674890994e-01 -3.552937585799159637e-01 -1.139924451443868891e+00
1.949358823905026350e+00 3.061036340286776847e-01 -6.533215219190362522e-01
-6.380888085569618173e-01 -1.210064728822780822e+00 -2.320088311282762383e+00
6.676682152558627292e-01 -5.977119223541289550e-01 1.129281311841537905e+00
1.766404488862505673e+00 -1.591819151678383060e-01 -1.316956290898893878e+00
-7.396017094879550058e-01 -5.982440802280947212e-01 -6.338152617589867255e-01
2.291905692416205120e+00 6.059321643294943716e-01 4.104854335230748719e-01
-1.874908973261127709e+00 -1.501133560156310942e+00 9.683745444531898228e-01
-8.133838868340677042e-01 -7.652501780179320479e-01 7.563930356213941497e-01
2.059752663982811205e-01 4.743395743199097514e-01 1.640098798211221176e+00
4.364198053421288193e-01 4.202231883092419906e-01 5.304561181234360712e-01
1.683251981020454036e+00 1.142025030142709507e+00 3.398719106394396117e-01
-1.340843161369993819e+00 6.987471994193803493e-01 -1.324695805456726383e+00
3.973542372273693446e-01 1.113582182996716519e+00 1.733467927327940306e+00
-1.878508230846163807e+00 -6.860547715779581335e-01 4.858858052148307127e-02
1.195578829248561403e-01 -1.799026920144758179e+00 1.466829699755536343e-01
9.572714272765325827e-01 -4.407530345331853727e-01 7.239651416867158851e-01
7.241161712815253892e-01 -8.400230810602429266e-01 8.153700157301140283e-01
2.660093125106778089e+00 -1.588325454531117842e+00 2.878070566752848336e-01
5.147037556469542530e-01 3.844812193135602185e-01 3.251530178525235959e-02
-6.443350853714933102e-01 4.838869633645494495e-01 9.776300965793266462e-01
1.570118003289416198e+00 3.315775592936361926e-01 2.087442764439580989e-01
2.356771339624039285e+00 -1.310082143858974479e+00 1.729820068675483880e+00
-1.302429418631364966e+00 -6.860662029456826572e-01 2.604390972495987944e-01
4.227407095408997062e-02 3.907608654831751238e-04 -1.754949048468197326e-01
-4.668813923317530756e-01 9.235225550062073907e-01 2.066336329759954182e+00
-1.701110816074264953e-01 -8.861967629239413391e-01 -1.001955965957636252e+00
1.461309394716192145e+00 3.941616553808687251e-01 1.661472368331161631e-01
1.033466554260544346e+00 1.633375122285165570e+00 -6.668502064247631145e-01
9.484753594814439026e-01 2.508887629997226476e+00 4.593085201880583446e-01
3.987123825485581752e-01 2.083752654257333692e+00 -9.500593860712143179e-01
1.276296237534475075e+00 4.044774269830087032e-02 -2.095470126428691238e-01
1.266181719921023685e+00 -1.309703418606368075e+00 -5.082125316934615888e-01
4.636370248646760617e-01 -2.144460775346023196e-01 -2.016405230625419875e+00
9.342640960545238737e-01 -5.903860026592180343e-01 -3.311583702511766703e-02
-7.651013776074714334e-01 -2.563810923072095349e+00 -1.479330394218508204e-01
-9.232788448851902974e-02 -1.433225604444034573e+00 7.038428509115577381e-01
4.842933829039584026e-01 -2.222307151662085367e+00 2.563640427893842944e-01
-6.372609768449943868e-01 9.699957023675334078e-01 7.094165612388092512e-02
-7.879429188228503911e-01 -2.056388294724256216e+00 -6.997930954998632380e-02
9.170002916578864349e-01 -4.872648986243701685e-01 6.422646806805083486e-01
1.369052548636816802e+00 -9.580419185158677298e-01 -2.049596371971846298e-01
2.425020491334940687e+00 2.327942032631082903e+00 5.993280659342905548e-01
-7.133907592104435924e-01 5.461418071490606874e-01 -1.879836828894252854e+00
8.142662997326814978e-01 -5.764149178626463144e-01 -8.997426869599622901e-01
1.104029459880837005e-01 1.307586636742144037e+00 1.178124240536737810e+00
8.352077938589309580e-01 8.525497409116449266e-01 9.001761600440514322e-01
9.920776311602477193e-01 1.790748905575942462e+00 -3.933172299988622056e-01
7.892301829624612797e-01 1.284957796784172324e+00 7.984284173799617301e-01
1.037997104168766893e-01 2.272695541243772710e-01 2.000893230799911215e+00
-1.314260811885528679e-01 6.346794874799202013e-01 -7.006224121527644400e-01
4.879794076673376058e-01 7.949848392160490107e-01 6.412352384395496596e-01
1.079593162659453043e+00 7.212692827566085096e-01 5.669362912071802540e-01
1.279689786364112347e+00 7.581091232280577907e-01 -8.753519068217241461e-01
-2.249401415344740585e-01 1.605190197813718411e+00 9.840529017100265730e-01
-9.921239486818912434e-01 -1.523035085819294032e+00 -1.739832852876027069e-01
-2.272787893734444231e-01 -1.061742713215718670e+00 -2.472608570586145582e+00
3.785565250263170367e-01 -9.021768941778676165e-01 6.428778293112415998e-01
-1.531409351619566150e+00 1.674086565754964617e+00 -2.570119050347225986e-01
4.336852643633215543e-02 -6.367518892924162177e-02 -7.463950851908509598e-01
1.026123440328209124e+00 1.727901405934679224e-01 8.961273130280567045e-01
9.870248836336260601e-01 -1.058667102321412479e+00 9.730412123649234690e-01
6.908064987581893357e-01 -2.221523582722754186e-01 1.336847416586312010e+00
3.431398178920258557e-02 8.593865496787375102e-01 5.057046605438118014e-01
1.713489026732701426e+00 1.845339518823026159e+00 1.589337018117664924e+00
-1.390125625816205801e+00 1.320773282559029038e-01 -4.689359032838946728e-02
-7.942942581102165889e-01 -7.205364364597524052e-01 -7.183061118522806598e-01
-2.807557559201855346e-01 -1.513740310686489732e+00 8.569576451009444096e-01
-2.259715621918474415e-01 1.061369515328212332e+00 -8.342985352799379140e-01
-9.483158532174349453e-01 1.316886934849875068e+00 -1.612994851556519782e+00
6.072890209830481556e-01 1.397266209528497338e+00 5.124175637667890415e-01
-6.128541433322222121e-01 -5.679355194310964361e-02 -1.042361608680184126e+00
-1.671793093869505253e-01 -9.297352560967288015e-01 -5.597851571368079870e-01
-2.004276078927287763e+00 -1.843644164601507152e+00 -1.291616252771319751e+00
1.903722816334079693e-01 8.309187686421432018e-02 -8.038678945363741946e-01
-1.686685335668299368e+00 -1.111740632097754089e-01 1.351987742454323627e+00
1.273285933833532724e+00 1.082211978533910379e+00 2.053868806383886358e+00
-2.227843212522646610e+00 -2.100713469002746248e-02 2.410902606841311968e+00
1.833999818908997881e-01 -2.122139237394229383e-01 3.295469221994820619e-01
3.687100023392785531e+00 -7.910681938134491720e-01 1.487003712221684815e+00
-9.672921553804304517e-01 -1.243346854201293983e+00 -3.131836355779373360e+00
3.195516818521440539e-01 2.333964912713465178e+00 1.527117458817676132e+00
-4.482139933734983206e-01 5.569550761342878520e-01 1.900720115889737993e-01
-2.438015651838609799e+00 3.679450031997791859e-01 -9.688175688231446259e-01
1.317445426104943085e+00 1.980473075444358244e+00 -5.058535186539536710e-01
-1.409543766029738854e-01 -2.768933846258057052e-01 -3.889776676317284743e-01
-8.441949889622075709e-01 -8.038887591639687358e-01 6.959099263299827198e-01
1.553526694377516559e+00 8.229680769223703951e-01 3.361518322572729089e-01
-1.502896394554198434e-01 -2.911934612359969310e-01 -5.619259024370207856e-01
-1.049985519614735630e+00 -4.518873267601567489e-01 -5.457253566633646358e-01
-1.083739560916042066e+00 -3.753580022507715386e-01 -1.907824227066770684e+00
-6.566465008569775108e-01 2.720550899951897250e+00 1.267351360480355682e+00
-1.736196932556660633e-02 8.179434410492600893e-01 -1.691365948141776432e+00
-9.119820074472897442e-01 -2.918235928654702160e-01 -8.597611836145069297e-01
-5.590709441570083094e-01 3.735459464044370570e-01 -1.731062053859353078e+00
-3.673546769843005766e-01 -4.138745632710576494e-01 -1.252617030188942326e+00
-6.823363292282036419e-01 -9.017013120997920961e-01 -1.683018662929450793e+00
2.240610678822497759e-01 7.871871154174561180e-01 -4.515305941592845373e-01
-5.530427815213494469e-01 -7.959726094960279941e-01 1.073856450633207116e-01
-3.506488178853748305e-01 -3.631651398786086560e-01 -2.537987773363993282e-01
-9.009589978120757792e-01 -2.104986516497946880e+00 -1.240024368113674669e+00
-3.430231110567312225e-01 -1.301117965893658912e-01 1.137358189940830266e-01
-4.873043272486344835e-01 2.142175158351780517e+00 5.454007720513422974e-01
1.895362415722872340e+00 -6.609997126171218707e-02 -5.942589042356773987e-01
-2.618664590025021610e-01 3.278595618071700191e-02 -5.343934926717752720e-01
2.129697576656298663e-01 9.946863005464905427e-01 2.443800913198603375e+00
1.123093198409879090e-01 -8.078138034171739035e-01 -1.368324631111703216e+00
-2.932381475766685508e-01 -1.085844567780496206e+00 8.543790986644430596e-01
-6.582041081332516974e-01 1.196172213478069235e+00 1.464606507100017829e+00
1.064096487018687531e-01 2.265263329078582855e-01 -6.153076129272578854e-01
-2.823720117607103619e-02 -2.805210406200848716e+00 -8.681158997988778214e-01
-1.481073001862173832e+00 2.346315379167064563e+00 5.379128663231304008e-01
6.001709238996122409e-03 -1.231514701995705785e+00 -6.056344899639447554e-01
2.916098053998709805e+00 9.921992791610301232e-01 -8.088040678903185565e-02
-1.460575523407459109e+00 -8.956358408556894801e-01 4.116609664456439832e-01
7.100185735963109313e-01 5.505010556031402214e-01 1.203852956536197172e-01
-7.363306127967367276e-01 1.584952032434985281e-01 -1.035472290819337893e+00
-6.665304284374776733e-01 2.095026615299515615e-01 -7.670267728267698981e-01
-2.858863665848271562e+00 7.623642192830446529e-01 -2.662894244881738870e-01
-9.551152664853879148e-01 -1.070343124654724365e+00 -1.145427654500784431e+00
-2.183077450626897509e+00 6.059973454899028056e-01 -1.550608270866292937e+00
-1.490359058829785255e+00 -7.925956213098100944e-02 2.873443029188682551e-02
2.233786323776596472e+00 -4.988950300696703977e-02 8.713258838718975774e-01
-6.599012422741779016e-02 -4.735477713051854387e-01 -5.026352413127683771e-01
9.549663700758865836e-01 1.734591441537108647e+00 3.286742365615143990e-01
-2.309122309594346056e+00 -1.616739942101215410e+00 -7.756322271805211610e-01
-8.009811698690099124e-01 -1.644870877212109006e+00 -2.311387959323396579e+00
-1.076633779872198104e+00 -1.143964906156800243e+00 2.074389134826639669e-01
3.930740627865330072e-01 2.509844528154736576e-01 -5.720563156955915662e-01
1.198252401769163367e+00 -1.939020728128109550e+00 3.601011271858133300e-01
2.254282805042130411e-01 9.258197494856428289e-01 -5.591209120709568214e-01
-1.599609514483192996e+00 -1.121354148521373606e+00 7.806482267640069139e-02
1.613797421076480498e+00 -5.942428178957217533e-01 1.968286816631210412e+00
-2.024489064249663350e+00 1.140592319991549086e+00 8.776144471705046302e-01
6.668094097553465271e-01 -1.718507335953718851e+00 -6.615274902083392305e-01
2.301265583712711615e-01 -3.566082714067076997e-01 1.545347669171211136e+00
2.388184315737569285e-01 7.026637806245522588e-01 1.776207998389367715e+00
1.251982039437491867e+00 6.446056107959179382e-01 4.914770772163312706e-01
4.127520454912740888e-01 7.153216693917918700e-02 -1.415637618789927554e+00
-1.257505956300913885e-01 1.199348117960325144e+00 1.831526755458417144e+00
9.168527460538287155e-01 -4.198699458608105006e-01 -4.277027207815897736e-01
4.563674895314716595e-01 -2.065273132302246628e-01 9.062308553619173868e-01
1.702075041079611717e+00 8.844753160516491963e-01 1.512530462399218179e+00
1.596431589113836091e+00 1.599383783421252758e+00 -1.354571297095158888e+00
6.107336988946321377e-02 -7.781222273665024947e-01 -2.107080882979859737e+00
3.011642996205174949e-01 9.037418639365812911e-01 9.521852554965593018e-02
1.012207496928279049e+00 1.524571276675975584e-01 6.300500651885292402e-01
3.222405400348681281e-01 -1.934541459129574537e-01 -6.140884358278672073e-01
7.528281326096485371e-01 5.370286206665001449e-01 1.525280403978237942e+00
4.169363406408272965e-01 -5.411628823759638829e-01 -6.812562267001398553e-02
-1.099066273487036005e+00 1.432863434846353146e-01 -6.737375942772771964e-01
-5.428105643985488005e-01 2.652548520060379555e+00 1.714340074355915622e-01
-2.519833377719481682e+00 -8.890642141566931222e-01 4.646505735059192066e-02
1.095479179213805221e+00 2.667126691833776597e+00 -8.511836250237636570e-02
1.395643995608929488e-01 -9.315005390863653201e-01 8.623089954294081982e-01
-2.443067318041525215e-01 4.325019878206707857e-01 -6.292328598390914962e-01
1.897675929594423438e-01 -4.733689369980573214e-01 -1.362068216888768224e-01
1.051614578885536666e+00 3.792837479219007824e-01 3.867721966218263807e-01
-2.197055552763105823e-01 7.875387726673030997e-01 -2.034637327789519112e-01
4.616240323363330900e-01 -6.671463412980971341e-02 2.562542072118981218e-01
-1.421730423451476044e+00 -1.032030341869842882e+00 -1.418939097395699900e+00
-8.676718394573416093e-01 -1.707467899506130538e+00 -4.109825837513664260e-01
-7.689018110148020391e-01 -1.879594104589792924e-01 2.930511765413922332e-01
8.075833097923914572e-01 9.298689157070154643e-01 1.172104793877387419e+00
3.545383830122545432e-01 -7.453213372202511788e-01 -8.407925465982448721e-01
-1.049333670378549188e+00 1.868354226348144520e-01 -8.626079747570153389e-02
5.267554483218115369e-01 6.078824625408394411e-01 -1.493796670585959330e+00
1.659208588206197543e+00 -1.579094830224187174e+00 1.873966285431005740e-01
6.731796564136338645e-02 -4.346365117380117660e-01 3.973327993246195122e-01
7.145497122340653817e-01 1.643313713796759501e+00 7.201829758598061737e-01
-3.611119597717309393e-01 -1.021215757720995043e+00 6.309100484163833178e-01
-3.897405978482204603e-02 9.505654725146762685e-01 5.960488103175509700e-01
8.270531827510796408e-01 -1.800456979902501642e-01 -1.257216060380240474e+00
9.512608326963467587e-01 3.356494661436629556e+00 -9.062049836901375777e-02
6.417559392844894850e-01 2.240395431510795898e+00 2.075400294781478916e+00
-7.159272201604180985e-01 -1.810545640468498085e+00 2.340274701149225312e-01
-5.280548134779476932e-01 -2.997769216075540921e-02 1.855972482504806731e+00
-8.141198928020344505e-01 -4.930542971882502234e-01 5.498376433010661035e-01
1.858615259296266808e+00 1.192711653038944775e+00 -4.537130474360712151e-01
1.341169992266312283e+00 1.480542504669155601e+00 1.211096618161613403e+00
9.392288384036506788e-02 8.997022689287497155e-01 -7.448730112014424476e-01
-1.594800347302682830e-01 2.166695612388014780e+00 8.657075809309180414e-01
-9.137359857720781520e-01 6.680627470090155784e-02 8.133598367689012232e-01
2.000500320362732509e+00 -9.198986440410383825e-02 7.641058587253584111e-01
4.498938394012214070e-02 1.090559546909460886e+00 6.629398599130778003e-01
-2.112180133578928309e+00 -1.616917561193948139e+00 5.569936005576816562e-01
-2.242253951357520592e+00 -6.590046954650121691e-01 -7.689099758468664891e-01
-3.470310920080841299e-01 3.856304185503429682e-01 2.563309637819408682e+00
4.916381400100574561e-01 6.555434436496879735e-01 9.471117632270145137e-01
1.895715742592565034e+00 -5.798574341566000712e-01 1.696985343768938170e+00
2.317629930221992707e-01 -4.307144212857177967e-01 -1.431596846007836099e+00
7.088136151077091274e-01 3.404369742701320867e-01 1.116360836706535409e+00
-1.179530471948722736e+00 -1.020569433293076145e+00 -3.466066202075466229e-01
1.784803561613541145e+00 -2.141169452041663535e-02 -3.790229971918422369e-01
-5.044588296403793581e-01 -7.498987859794188360e-01 1.622958141488560324e+00
2.849747969755617727e-01 1.289942222343799294e+00 -7.480327445919952023e-01
2.049617879950192290e+00 1.188585241895386169e+00 -1.087662633798585965e+00
-1.399555217743660984e-01 -1.198229888513404617e-01 -3.502624394299196364e-01
2.344524926265100895e+00 6.405120248972611119e-01 4.671651553280685709e-01
1.800388943003456088e+00 6.623239867062596931e-02 3.024608215554128732e-01
4.798256162654757073e-01 -2.147313783367989504e-01 -1.170999368259767248e+00
1.472681786232790557e+00 -2.796939781867937569e-01 8.400761844745807672e-01
4.831531807920507737e-01 -7.924571259126078626e-01 8.048818597027598276e-01
-8.300204043490719830e-01 -1.266442089469144605e+00 -2.716345203310274403e+00
-1.172789507571570855e+00 -1.237631281470762623e+00 -9.642490525972930993e-01
9.346150610875545439e-01 -2.201142580960843143e-01 2.472980666912006353e-01
6.082486775293798331e-01 3.055600259169568567e+00 9.539421776039056500e-01
5.822462871266304019e-01 3.222586959188848965e-01 2.580139533014793152e+00
-9.097058794532610904e-01 -5.584927259008604095e-01 7.486462355220657727e-03
-5.706903998418344504e-02 5.536546002144917544e-01 7.270003116010568256e-01
-5.855479229807819541e-01 1.010891975186987590e+00 2.649534152937094156e-01
-8.547378116126027603e-01 -4.461326387156525630e-01 -9.805282099696568388e-01
-1.869523765921708547e+00 -1.074034888900883500e+00 -6.627915859981239333e-01
-2.686249808112079140e+00 4.064684110777841974e-01 3.856484949482520408e-01
-1.142378811306800745e+00 1.428839783799478402e+00 8.636743208690347284e-01
1.060762518075669014e+00 4.117497062996240409e-01 1.181261957006674468e+00
6.620518418277908657e-01 7.276843456834025670e-01 -8.886299200457525860e-01
7.353534756571107334e-01 -3.459320739409228462e-01 1.465826625386904558e-01
-1.435200875022083489e+00 -4.031131604774770838e-01 4.431100535407436203e-01
5.225123842484267200e-01 -1.787227241004536449e-01 1.383472957565244243e+00
-2.045125122182505972e+00 1.128197907191237359e+00 1.639676218615294001e+00
-1.752915509396762994e-01 -3.144959857360795086e-01 1.680033473849211312e+00
-5.780164983905150544e-02 1.782160088105385620e-01 -9.153701664078983669e-02
-8.500054486252062169e-02 -1.467373091580669531e+00 7.753420007132849623e-01
-1.180572298582169166e+00 -2.380217891565846955e+00 1.024854622591784059e+00
-8.835626833184022644e-01 -5.538954952120374031e-01 8.658542816533114639e-01
-1.656705467994398662e+00 1.028966887826754384e-01 -3.616643801669623404e-01
-1.675982259790441464e+00 -5.940205311319146642e-02 8.070455024606530969e-01
-1.244413138859163936e-01 -1.813645841024047467e+00 -9.798794021273422583e-01
2.109420523028817662e-01 1.407001102235854617e+00 5.891666349411499581e-01
-1.803422892545340384e+00 -2.220434981414211251e+00 -1.374592271212226602e-01
6.000377582790128450e-02 1.478843429583347024e+00 2.963275347796408887e+00
-5.960937177845038182e-01 9.991011422640947437e-01 1.000384063337846463e+00
7.009680629370194094e-01 2.018546771106313198e-01 8.301595967321462322e-01
-9.943220265648714529e-01 -1.026867065288227021e+00 3.664539422863958285e-01
1.363994614166643915e+00 2.026459241909874254e-01 1.781249627500915422e-01
1.654908684205928626e+00 1.256257932130390831e+00 6.833884228479407685e-01
-7.235407880144359982e-01 -9.826090144183869945e-01 5.997163456348317823e-01
-1.414050466733202782e+00 4.147167066311019390e-03 -9.720148524108618293e-02
1.189714024296640194e+00 2.103678491965534469e+00 8.094014031311498325e-01
6.131058644802882540e-01 1.354961801542654554e+00 1.412783958402489715e+00
-7.707433812331261347e-01 -1.255511639761348608e+00 -1.258183802334919665e+00
4.453673825385638940e-01 2.636580271205473114e-01 2.763850325103408556e-01
1.157861939517189853e+00 -3.072280619416117853e-01 -1.044689409269773828e+00
1.898223976088760034e+00 6.059712502183576266e-01 2.107238597532552049e+00
-1.901805372282573181e+00 9.828007986115112615e-01 -2.222605947785239455e-01
-8.557460239510712441e-01 9.140222557018011784e-01 -2.307156998321719388e-01
2.487641279894717172e+00 9.176184131897722196e-01 2.031471129394498143e-01
-1.552263485300325319e-01 -1.105199534469631040e+00 1.363744672041095729e+00
-2.143724917376007788e+00 -2.405389049155995274e+00 -1.526435066544175045e+00
-1.426064511210565655e+00 3.646397890782971940e-01 -1.669365957221133678e+00
-4.320210969055715555e-02 -2.499364317799980251e-01 1.447445345050509591e+00
-5.769016726924985905e-02 2.135735521334869436e-01 -3.509675299497327039e+00
-9.529235544696339488e-01 5.148016344830101954e-01 -1.913747935306447934e-01
1.603732594659164290e+00 -1.265467932903374004e+00 8.586120066832751974e-01
-7.798346463644100224e-01 1.857455188067067997e+00 -1.496608074986149006e+00
5.399046149618329515e-01 7.977498797809792208e-01 2.436506050906307452e-01
-3.801823280111957803e-01 1.611157000697053254e+00 2.328356746257825627e+00
1.129706491353184461e+00 5.011888254335682413e-01 -1.329810877048664963e-02
6.361054893925519593e-01 1.176083370728548072e+00 1.557345051346040732e+00
1.953114266026484969e-01 -8.298709335228513506e-01 -5.402080091878438406e-01
-1.039387830530428936e+00 -5.481104287996765301e-01 -7.191193666224091618e-01
2.174645884875113788e-01 -1.146554155939094599e+00 -5.374763715960242383e-01
2.374165803793897744e+00 1.886512617649476864e+00 4.815212576304036540e-01
-1.766696003229920597e-01 -2.922314030829793463e+00 -3.309262608469432099e-02
-1.361790716055239381e+00 9.630518096886131474e-01 1.189394225861826193e+00
1.786517575534700253e+00 -3.462479234329551847e-02 1.858083515829758170e-01
-1.120823795680896184e+00 3.165674195452105044e-01 -7.374530171529269928e-01
-2.957255846482792494e-01 -1.292486340860913296e-01 -1.424333617843831723e+00
2.972957637494090255e-01 -4.785918445075256766e-01 1.302085571138476450e+00
2.503060161663229977e+00 4.229002256520997816e-01 1.340893541736001504e+00
-6.191618513578992511e-01 1.273506498084259198e-01 -1.792400493510948545e+00
8.366467720537160702e-01 4.585989002055219088e-01 -2.509865681821172867e-01
1.182561972286750640e+00 -5.533267906812530113e-01 -3.824331004663710787e-01
-1.556878238802399617e+00 -1.853452981572759062e-01 -1.401333276002934447e+00
4.196761676436588928e-02 1.655031396779075292e+00 1.279970073349445236e+00
2.424248223717345052e+00 3.869155528053729309e-01 6.382404261255365530e-01
2.112100059713447608e-01 -6.072852314827936748e-02 4.660853086517965371e-01
1.887360876514114327e+00 5.531991504039374119e-01 3.626936286027122591e-01
-7.720231646893750410e-01 -1.782828448630162099e-01 -7.239245947470849263e-01
-1.430416705071374750e+00 -2.687466868157069588e-01 6.657386865568770684e-01
8.698270216464957239e-01 -1.125888372122916259e-01 2.261024269829813083e+00
-1.734772047516015547e-01 1.573937213342045283e+00 -3.318512970237371684e-01
-2.704621756804905797e-01 -5.283273420190435221e-01 -5.298427335056070664e-01
3.295446432683468152e-01 -2.801053123338044237e-01 2.855503045890368519e+00
-1.166099027111296760e+00 2.165063888175753792e+00 -3.757383517128727868e-01
-6.991444501564259006e-01 -2.121486955906589422e+00 -1.299692021788872998e+00
3.388415698049969116e-01 -5.644573381450681548e-01 -2.543390528498368219e-01
-4.386566143051884303e-03 1.221747223343605526e+00 5.937815784636812921e-04
7.437701465065205131e-02 -6.859241437962041443e-01 5.743582369659070430e-01
-1.504297897448152677e+00 -5.573585112187898760e-01 5.243276788128981014e-02
-5.449165909652147199e-01 2.022334651055283317e+00 5.195193820072542268e-01
-1.130557266167534491e-01 -1.500146158465446078e+00 -4.475737061809281769e-02
-9.550010996811617581e-01 1.986974308500842334e-01 7.041734510874718689e-01
5.569387608441871418e-01 1.048281410736288333e+00 -2.283316476676233719e-01
2.030215709386176126e-01 4.108463862467660599e-01 -2.448359254937733542e+00
-1.372400229825186724e+00 1.496309580102084258e-02 -1.720449060660743656e-01
-4.219858526602707771e-01 1.349819438604720201e-01 -1.586279709685274986e+00
9.463683785017213967e-01 1.829453789702698563e-01 1.321582352550197736e+00
-1.452317139500057586e+00 -1.140446239394161232e+00 -1.046463758969691682e+00
-5.425177321947713960e-01 1.032150201886894436e+00 1.909840195151128128e+00
8.899905168332815641e-01 1.428774282430987475e+00 -5.655607780159845888e-01
2.032417941145385321e+00 1.213403128708588685e+00 2.231792490223122871e-01
1.094794946305294836e+00 -3.654444712645869009e-01 -5.309626965606315530e-01
5.931394015243665052e-01 -3.042718534086332749e-01 -1.366583600237644358e+00
-1.294450552453235703e-01 2.636775288951367369e-01 2.759479944080325264e-01
-9.397541368820976349e-01 1.454604143212005596e+00 -2.933835579159284057e-01
-4.160004394643196934e-01 -5.271479531377442074e-01 -1.858882623516426635e+00
1.897967196352184915e-01 -1.145136348057888220e+00 -1.714880487302255618e+00
5.327707331748540165e-01 -1.726956899826571412e+00 1.303104611597999951e-01
-1.407223693166641088e+00 -6.488620953046613238e-01 1.895026584347697662e-01
-4.535658500611189359e-01 -5.744311524641130262e-01 2.019795396463415216e-01
-2.119489396178246388e+00 2.623480985615895822e-01 -3.867874395147469224e-02
-1.205708334656887981e+00 7.617956505500718123e-01 -1.892998625500653898e+00
2.233066163581964858e+00 1.122472449155174967e+00 2.964004859024610417e-01
-9.212214499755502217e-01 5.848274314728594270e-01 -1.512842002057835922e-01
-5.029919827879533178e-01 -8.138540934979894281e-01 -2.541693051396858305e+00
-5.736366919097757311e-01 7.034984882085104640e-01 1.406590373283034268e-01
3.978926254664083562e-02 1.013396113445110380e+00 4.437565394795081053e-01
-8.054181445719152954e-01 3.135675216580673830e+00 -6.787203731913959981e-01
6.101674769435587731e-01 -1.501357305496818340e+00 -7.311855446599246910e-01
-1.569112548688192055e+00 -1.657238314406773716e+00 1.918061642919529852e+00
1.698719830475620141e+00 1.551333586444811230e+00 3.531910812593385129e-01
9.126773401316108369e-01 -7.171951225512946948e-01 1.090334341309404653e-01
-1.406405373528770708e-01 1.710028889282307341e-01 4.625004019154527191e-02
3.383231108891505690e-01 -7.536621681919086768e-01 -1.608284018565849571e+00
3.558621668219964507e-01 -1.756148454468389408e+00 -2.565309958896588860e+00
-8.074769210088550420e-01 1.630992531177379856e+00 -4.100050771353288548e-01
-3.166181553913818281e-01 -5.861161473263551969e-01 -2.595650351509668941e+00
5.364126882390065632e-01 3.226017905762106341e-01 1.053294190412018549e+00
-4.866917264956364120e-01 9.237564879158142173e-01 9.378223609552749362e-01
5.856509954759063774e-01 -5.208883450547823202e-01 4.600172052517603194e-01
9.910159265292792785e-01 1.375070837257457157e+00 1.498719768688118847e+00
1.213860769324068833e-01 7.401883175367909296e-01 5.018485037617888000e-01
-7.258636307154753275e-01 -9.657658579005273802e-02 -1.240703707825149937e+00
-1.564240283886005223e+00 1.618859425429742593e+00 7.475220799503303759e-01
-2.604167476064007669e-01 1.595850653585593415e+00 4.684327923271575100e-01
-4.833801921317174566e-01 1.155200887082173278e+00 -5.585927281302716096e-01
2.083902971212627797e+00 7.927901172672287000e-01 9.852955206011420053e-01
-1.501693463674520945e+00 2.317380474821405523e-01 3.801454920157273376e-01
-1.825148246054573153e+00 1.196458266364258671e-02 1.641013940919358594e-01
2.525574844230925597e-01 -8.313287460808960194e-01 -1.949526686304492440e+00
2.088054783270814507e+00 1.512143054270628895e+00 1.229456679401515373e+00
-9.349287023979462319e-01 -8.496273694461482506e-01 -1.166863095813632567e+00
-2.360280449900337141e-01 2.046805638023479812e+00 1.782697008239467085e+00
-8.830087525641658885e-01 -6.593562302381927864e-01 -7.718216121121279638e-01
1.357233422174436210e+00 1.004115746939460152e+00 -1.949405381026927397e-01
1.122434204592671625e+00 1.079697563723690523e+00 4.180217330896975336e-01
-1.225268082481008713e+00 6.031249089273105213e-02 -7.365508355184841038e-02
-2.082376256620627197e-02 -9.306629300044653164e-01 1.046151325013332078e+00
-1.752530628031206295e+00 -2.708646185891044889e-01 2.308614638109581563e+00
-1.110912957778085408e+00 -9.535871805168362192e-01 -2.808039477578296861e+00
-8.200084215000018606e-01 -1.809468556659514782e+00 -9.997115227262463044e-01
-8.112708250119258224e-01 4.814045368437368522e-01 5.272946131999748376e-01
6.860545934348882824e-01 -1.546372146540104797e-01 -1.565562438275287072e+00
-5.174822950784767617e-01 7.391102187048264049e-01 9.486397064041247607e-01
-1.770029477426688036e+00 -2.037533021779779352e-01 -9.989777156312689144e-01
9.029423377187023592e-01 1.802856213992684253e+00 8.228679175989705996e-01
-1.445882788479158076e-02 2.123341597548869419e+00 7.242074111982027551e-02
-1.470522957002379005e+00 -6.740007379713870428e-01 1.460058502434595118e+00
1.410466602427239868e+00 2.405513383135126082e-01 2.205808901556483459e+00
8.497951554863802937e-02 -2.722558817043343460e-01 -1.432787774045953810e+00
-1.589873584765538750e+00 4.300242190960611444e-01 5.824322080435953009e-01
2.449576430853589448e-01 -1.037811961677908901e+00 -3.973376388518697899e-01
6.722925186791982588e-01 9.421251328950217552e-01 -1.248500829524716860e-01
1.494216740060605009e+00 1.642899402691907484e+00 8.261460543667160650e-01
-1.830057682177902878e+00 -6.675498280892838698e-01 5.185197637072616050e-01
-1.630877888860361447e+00 -1.312799801943535183e+00 -8.665021210738959034e-01
-7.374002661729193164e-01 1.507532440914541638e+00 2.623048600271432051e-01
3.261674709924318183e+00 2.445517493680586241e-01 1.392175216725551889e+00
1.908349614588547016e-01 -1.674159817371251302e+00 -2.902452727188473247e+00
1.208827016805886334e+00 1.582580373435625187e+00 -1.058676344796599000e+00
-5.642464904968891304e-03 -3.669406486947189849e-01 -4.295455296242722820e-01
1.846329379949561478e+00 3.527084227970622154e-01 3.772341583909638585e-02
-1.596632300109264380e+00 1.154411452703367758e-01 8.371983200240060707e-01
-1.239041031972580864e+00 -3.262831573546625119e-01 -1.880750647721571189e+00
-9.826683736514296719e-03 8.812357066897757996e-02 -1.354895615424736466e+00
1.137407685002293167e+00 8.427714594827990791e-01 3.124147328891374586e-01
-8.221923381204689907e-01 -1.463778964446442732e+00 -4.211615383678857238e-01
-2.031072093558695668e-01 5.629409382712191601e-01 7.534711265550997350e-01
-1.064978670757745771e-01 5.200871233707231589e-01 1.211045192586698516e+00
-4.286210796021305836e-01 3.241389122606470607e-01 7.776236072398413635e-01
6.938735203760103554e-01 1.054708737897825266e+00 7.325442949383794700e-01
-1.476241269607377227e+00 -5.840949267278303658e-01 -1.566381080879039267e+00
-1.050099096072240057e+00 -2.344394149318793641e+00 -1.631885148477009384e+00
-1.265383297270579188e-01 -6.172265017596362258e-01 -7.252646206516941696e-01
2.887518497456449396e+00 1.043390641603507030e+00 2.889913589082537815e-02
1.247106205156646830e+00 1.387761344389367490e+00 1.320792757966339881e+00
1.486042511236967290e+00 8.351495398608019816e-01 1.550637292753509033e+00
-2.321314052567866604e+00 -1.460420000188417555e+00 8.073468282557463294e-01
9.421474688825501875e-01 -1.727740888477390380e-01 1.491254086065200157e-01
3.019734233429776094e-01 -3.801557578333636389e-01 -4.802583204753001489e-01
-5.028650939099572614e-01 1.944943513016935466e+00 -1.650202009402137904e+00
3.223934031865817174e-01 -4.673165424070834240e-01 -2.201007960619214554e-01
1.193848135627487039e+00 1.817232052163794132e+00 -1.679959786052641402e+00
-6.353476526676056224e-01 -1.020707701179568438e+00 -3.944643074208997735e-01
-5.965405476437141141e-01 6.567939177629384950e-01 -1.385548097174801541e+00
3.078425463479824709e-01 1.169163852858783770e+00 1.456643092165602615e-01
8.868692365608588091e-01 8.309712209089745727e-01 1.224172857708160755e+00
-7.438523855234295823e-01 -1.048866842509705632e+00 2.037277744078556996e+00
-3.835837628613266714e-01 -1.761179818189384072e+00 1.765886887642312830e-01
6.576290393636374798e-01 -1.492320301181711883e+00 -2.249343538499774198e+00
1.863200443901025460e+00 2.349818541400002125e+00 4.733424971918248070e-01
-9.975787753587133100e-01 -2.446874539477636445e-01 1.112198003674940150e+00
2.160472851688655105e-01 1.462701939763241921e+00 -7.902323695255497604e-02
-5.512006130864592901e-01 6.848588977734361150e-01 2.546047309890895338e-01
-7.424743304752897677e-01 -9.531064814143606068e-01 1.669855558024984088e+00
-2.832488151412448363e-01 -1.854410721929918293e-01 -6.779749475313281426e-01
2.870629306210886522e+00 -9.754567583694122579e-01 -9.525704992528007953e-01
7.675186809290708290e-01 7.865117243836693417e-01 4.138075708455446478e-01
-5.536207466750631134e-01 1.042414602687905978e+00 5.099725998422310891e-01
-3.818849841070163231e-01 2.466436521225715772e+00 1.818313068210102523e+00
8.387632769160442425e-01 1.041295430427727986e+00 -1.694586879952567626e+00
1.332853440979763215e-01 2.985316291300396108e-01 -2.802578653452169055e-01
-5.820574984942494812e-01 1.404472248801048817e+00 4.480997423617455455e-01
2.872807241080732599e-02 9.428532551275625728e-01 -1.463231565369752740e+00
2.126915685829421143e+00 1.868677667132915277e+00 -6.403417071311003905e-01
-7.314096382061581192e-01 1.712779065350687357e+00 9.331398609493501972e-01
-1.183973863089080369e+00 8.103466019857503699e-01 -1.393797299122967015e+00
1.155308701609905953e+00 7.715473987062202443e-01 -6.719337964496434612e-01
1.983301635583611722e+00 4.894262800016031534e-01 3.030028106648932629e-01
-2.490916156288883743e-01 2.942783049350028435e-01 -1.652847045481747879e-01
-2.886819913860790843e-01 6.149651794218673473e-01 1.061801666287401691e+00
9.634257156537073818e-01 -1.716988871905190117e-01 -6.012053176654300612e-01
-4.122359359069858176e-01 1.161390647788140829e-02 2.868413278143844725e+00
1.094071160866193715e+00 1.690093077963686907e+00 1.583462071445242425e-01
-1.197547344505377476e-01 1.553188008223584937e-01 2.393763326447414519e-01
2.905721270907505316e-01 -6.106682368287934537e-01 4.937571543124689710e-01
4.070061566217879623e-01 1.481123133466129449e+00 8.739484597883964145e-01
-1.519540098166255682e+00 -3.570448906015306623e-01 1.404771831817204664e+00
-1.275445027649237062e+00 -2.101482986909154249e+00 -8.733773870659955474e-02
-1.357760868724761316e+00 1.678110947045607926e-02 -3.741381456479719869e-02
9.958512802717714996e-01 -5.977941686807721755e-01 1.908084849412237105e+00
3.670617272476701665e-01 1.363534081214712090e+00 -1.086308476279486346e+00
1.224224157601737417e+00 2.818077754695124115e-01 -4.327607296951274662e-01
3.611377280622618535e-02 1.340760287387888217e-01 2.142676745890012668e+00
-5.363055427577488876e-01 5.259232314936046482e-02 -2.278961746943735101e+00
-2.710413312208695968e-01 -5.843454417013502766e-01 -2.265486257731449404e-01
2.560334740317852908e+00 6.834374728942639310e-01 8.378269260564696896e-02
2.064675688040530588e+00 9.496850041938937892e-01 2.531626232872935534e-02
-4.363756018523561320e-01 1.186375525129091946e-01 -4.977337096617567846e-02
7.153290594471614083e-01 2.134576112688390537e-01 3.489199398309200673e-01
-8.626604013454446385e-01 -1.893705411287040397e+00 2.801492588782514837e-01
-5.318152264995767986e-01 -1.662189080352974857e-01 -1.956412422562808229e-01
-2.601434430063112591e-01 -4.113852863362226775e-01 -1.093168229773814115e+00
-2.386085393457205939e+00 -6.878122740538445967e-01 3.610634607177770627e-01
-5.111747943232061164e-01 1.159132693561825800e+00 1.633959851349523040e+00
2.116063600910893516e-01 -7.140536003545505661e-01 -3.460853268133506910e-01
1.477177999257655028e+00 7.346215504565856147e-02 -1.130396443227130954e+00
-7.699131457753883856e-01 1.487915476880391497e-01 -1.350293433599766280e-01
1.897329581197848558e-02 6.259304443184667832e-01 1.348515309892650338e+00
-1.003739515589148867e+00 -4.123651221388380250e-02 1.473504926698269379e+00
1.508067917220846876e+00 -5.574632496565616879e-01 6.362247403016998426e-01
1.035872024733053287e-02 1.226827910280735789e+00 1.013505213417754458e+00
-6.629002131004575471e-01 -2.582927316558167874e-01 -1.082624801524685765e+00
-8.454804476592256979e-01 1.195305933544238419e+00 2.165307661311429488e+00
-3.794153559324926483e-01 -6.198513707272255147e-01 1.031541936073676835e+00
-1.017760318972998679e+00 3.427356823019235277e-01 -3.191605194633823084e-02
4.447300579174684465e-01 -3.646472829791258530e-01 -6.336187614015091896e-01
1.187820268838008397e+00 1.850460794919191798e+00 -1.169736711557604947e+00
2.656993051601201916e-01 6.571253053529312327e-01 5.440231296254566251e-02
1.338939011170446669e+00 6.482874954160167125e-02 1.314042107391336422e+00
-3.077492742154593897e-01 -1.653291518916788938e+00 -1.963525444023974886e+00
-1.731809383343525521e-01 -2.063574349806865271e+00 -2.288830062576276969e-01
1.240127339616851732e+00 -8.259164069870148506e-01 9.776977335517791357e-01
7.840549643511229849e-01 -1.970910452449475825e+00 2.673093756389606224e-01
-4.519823741302629316e-01 -6.370495020553921250e-01 -1.421014673799231298e-02
-1.415854101013094724e+00 -7.261296398620983306e-01 -6.367208302370841455e-01
-1.648573984961432259e-04 9.154918829936176117e-02 -1.484041104741087080e+00
-1.867996292617155163e+00 1.817918505124878070e-01 -4.990976777012098853e-01
-3.026862970896147864e+00 2.245326621094324571e-01 -1.939563484445237407e+00
1.842449869087027015e+00 6.554329527798691268e-01 -6.251727326728755418e-01
8.887881931495088539e-01 6.027269494758186186e-01 4.754233159641333972e-01
-1.441123497175581525e-01 -1.223814830046614288e+00 1.449980894927804798e-02
-8.621658143337516123e-01 7.471154100838154344e-01 1.230763755082542765e+00
-9.208884557596573872e-01 -2.373433478470915459e-01 -5.516279179885134054e-01
9.340288202060602618e-01 -9.912879380712604771e-01 -6.932829167762289968e-01
3.853734421834468238e-01 5.498598238614340605e-01 -7.251763451586137332e-01
-6.543859739721249458e-01 1.435923278010345250e+00 2.223071709999581147e-01
-1.893835092802933273e+00 -5.049481137000405573e-01 -9.194294500656864377e-01
1.102127421790886075e+00 -3.270360458067866016e+00 2.208209945984995759e-02
7.353065062770918203e-01 -1.103869909571946195e-01 -6.639556147542273745e-01
-1.460459612566231691e-01 2.283050760604300233e+00 8.186110705229192597e-01
4.424021019559701839e-01 8.631888164044603240e-01 4.885181002691849628e-01
6.135748933793759852e-01 -6.950803544269652523e-01 -6.644236982761955179e-01
-1.640740330314350404e+00 -1.080925826208503526e+00 -1.823098562281621371e+00
-1.524866395042859146e+00 -8.465598730423247176e-01 -9.460300260956180374e-01
2.124971292044206095e+00 1.676603693375437798e+00 -1.380276114838521195e-01
-4.819132736595697075e-01 1.401586516157816931e+00 1.104561725558898644e+00
3.577534265185362550e-01 7.612208537541377273e-01 1.424823165446093665e+00
-1.481886430393541065e+00 -6.953884880461650431e-01 -1.374819312605119581e+00
-2.484867684312668690e+00 -1.965457106486050654e+00 4.263327127584066734e-01
-5.232984279767023406e-01 -1.394809633739798382e+00 5.639231788417786717e-02
3.178570137388484484e-01 1.803932450256292785e+00 5.737162891887683802e-01
9.009353111802094194e-01 4.690110333863151126e-01 -3.900943843367747910e-01
-9.332213456299687238e-01 4.174230628054907966e-01 -3.168897167719019192e-01
1.184953692803342395e+00 -1.263234769653963641e+00 -6.648542058176204472e-01
5.027110752988805942e-01 -1.724969995055589456e+00 -4.732798479104333156e-01
-1.417756806844306716e+00 -1.816006203653602435e+00 4.573544389575440183e-01
6.653906653482137834e-01 -2.957685198164324625e+00 -1.396804197488294541e+00
2.434685018296238734e+00 -5.353123841188642817e-01 1.834198558702422321e-01
2.082084110576536862e+00 1.323852649146703531e+00 2.097535260275066982e+00
-4.140095300589707872e-02 1.284721463589499901e-02 -1.216734789816226847e+00
-2.370639130177287335e+00 1.291476564796806281e+00 -1.855336910448787791e+00
-4.110145292544664652e-02 -1.043232689976775873e+00 -2.182036474423568961e+00
5.864525993139446669e-01 -9.232698457933967706e-01 -7.136781557377328555e-01
6.178403224215778256e-02 -5.540268078924726058e-02 -2.802856035431657289e-01
-1.780841150585851240e-01 2.795085728391888846e+00 1.416319181262798654e+00
1.513370511262724261e+00 -4.809418751557883454e-01 3.661394005806203888e-01
-9.321604967086083438e-02 9.679755903302289521e-02 7.865363983744675380e-01
-2.894884530244020482e+00 -5.755516326593685950e-01 4.382427799720269856e-01
1.514655270150202959e+00 1.051528876520110511e+00 -9.315266614278743251e-01
3.590819187042142424e-01 2.080530924187603770e+00 -2.307775563346078584e+00
2.438363066661354495e+00 9.317396201092839059e-01 -8.164860490129746129e-01
7.054531000500318116e-01 4.695861304400335001e-01 9.458587678458862946e-03
-2.619549018430433751e-01 2.214929822648447066e-01 1.323989143766828080e+00
9.467088480548804252e-01 -9.425545051057019341e-01 -1.526145041541341896e-01
-3.016396973603756582e-01 -7.024986799619081790e-01 9.043161053089163737e-01
-1.153538887210378228e+00 -1.859706390966230583e+00 -1.461667571909213703e-01
7.103246245571770423e-01 -1.328722336853768393e+00 -1.399012474669212747e+00
3.474146097310490955e-01 6.778458955232596894e-02 -2.903280696374149761e-01
3.856533733358470384e-01 2.460399833353031696e+00 3.006869332755490731e-01
8.686283733930393325e-01 9.697337836382096121e-01 1.029423762254504382e-01
3.388184871932042319e-01 -1.047435808303546656e+00 3.818654655733265124e-01
-9.178248149734573591e-01 3.222500534805828876e-01 -1.047814450026943511e+00
2.056273161790705739e+00 -6.895513569997540060e-01 1.231162000500870324e+00
-5.322355637172966336e-01 6.388957430414061722e-01 3.417878024340178511e-01
1.792183642893078410e+00 1.076754128110832265e-01 1.115802662895500674e+00
-4.061386358478888958e-01 7.822577676610799058e-01 -4.684943984368096226e-01
-5.075652984093825815e-01 1.455852467465776678e+00 6.306513845627845782e-01
-2.415288354935372084e-01 9.224734303190373907e-03 4.998757963627390999e-01
7.616640881296625754e-01 2.068878181232762237e-01 4.851201961537208729e-01
-6.489890337562820299e-01 -2.524007121654087138e-01 -3.054098584819116002e-01
1.556396805223390301e+00 -6.409732830935741532e-01 6.845379535933495685e-01
-2.339848591662995747e-01 1.403184727681783261e-01 -7.679161832346586003e-01
-1.904649591045184831e+00 3.283792670373280043e-01 -1.640965577274654530e-01
-9.336630709720930010e-01 1.217229901014627469e+00 2.282809236175699752e+00
-1.542255799949302286e+00 -5.165808396595038543e-01 -4.262713365666052634e-01
-5.594942666142082022e-01 -2.908193257603752802e-02 2.004612765444071076e+00
-7.389386065839309570e-02 1.531138232323966841e+00 1.512968118150891383e+00
-8.711522021428572682e-01 -1.453282405017440659e+00 6.943596291801652498e-01
-1.485930029943000052e-01 1.015353609846059602e+00 2.971692742132981957e-01
-2.009846772398569126e-01 1.173052982725138582e+00 3.576792543591073015e-01
-6.183604305062007089e-01 1.189240068747882795e+00 -1.270238002627786855e+00
-1.089547320434811617e+00 5.939882291433480344e-01 -2.266764122921827718e-01
8.920893730295809121e-02 -9.355209126676033993e-03 -4.237028191685642819e-01
-2.169903866546974980e-01 3.435024762525370479e-01 -1.335061778163858071e+00
-1.819907831585693359e+00 -2.570488770951334656e-01 1.499946580169980503e+00
-5.634282607340355131e-01 8.261839038496865406e-02 1.436030931831660418e+00
-2.380294693508692383e+00 -1.011377173639066429e-01 -1.137697029022613604e+00
-3.844330901604691708e-01 -1.365341776789610329e+00 2.909785838783687240e-01
7.070218443410112297e-01 -1.454983207526850508e+00 -6.552813720297610001e-01
-1.915319311118841350e+00 -8.442758267546901507e-01 1.543681605344098262e+00
-1.324287870817941304e+00 3.123271237392544197e-01 -1.772694343557831953e+00
6.481810627166300076e-01 1.110218661410388385e+00 -1.619161609179703420e+00
-2.785139427895746422e-01 -9.824506883842900606e-01 1.081232267805872782e-01
-5.117747849189179243e-01 -2.419122045857857728e-01 7.974996515429373378e-01
-3.073860214795710588e-01 -7.339451965346059925e-01 -2.032625644843623292e+00
-1.645261253254467482e+00 -1.906103742773915366e+00 4.068605009677761508e-02
-1.177096171456448737e-01 -1.737712893762112021e+00 4.362027889028973204e-01
1.025799501476363673e+00 -3.470605864027396237e-01 -1.044651314070117243e+00
1.230990439152867211e+00 -1.354272568698125845e+00 9.966830131148411986e-01
7.317450795127393715e-01 -1.584010479891344358e+00 -1.435366534059355104e+00
9.528682761947859792e-01 5.767736644880551156e-01 3.186770154087873452e-01
1.712777410362961161e-01 1.798052700120545411e-01 1.479506254652632968e+00
1.360236099493894457e+00 3.937252292794330422e-01 -1.562870469783750327e-02
2.161036780047891348e-01 -1.001178579734784746e+00 1.988114582568378808e-02
9.825985855617178633e-01 -1.115179672957720136e+00 1.134573098269908709e+00
-7.086945148136107875e-01 -5.723530971555637059e-01 -1.248395750537387716e+00
-1.916366928347651433e+00 2.942306210714015213e-01 -3.827465746537824232e-01
-1.088080000743821163e+00 -7.478056727933731773e-01 3.981380371187804856e-01
-4.341831160552599655e+00 -1.004417875715200470e+00 -1.179178764853410000e+00
-2.080214526045409684e-02 9.366577751675360108e-01 1.076941195575493282e+00
-1.209121544057098374e+00 3.809883288769422283e-02 -3.122104383409499695e-01
-1.295465985251408547e+00 -4.740350766599293886e-01 8.693875543027446140e-01
1.032801189847504908e+00 -3.094000474452551774e-02 1.187839636906356411e+00
2.754436728818837832e+00 -3.272596436471258974e-01 -8.710638267558430403e-01
1.237850052610693030e+00 4.144929844047249845e-01 1.323589173703274335e+00
4.886228896784569065e-01 6.130928318355510775e-01 1.166673968966206454e+00
2.395311424216979290e+00 3.807053387126889676e-01 2.074278846837344759e+00
-2.396663909627750333e-01 -9.887680112423888890e-01 -3.306160416532963886e-01
3.792579891712756224e-01 1.451716004237712632e+00 2.336779397712956952e-02
3.257474956525396870e-02 1.088709581686139627e+00 8.103130356493233322e-01
9.968413028525566766e-01 2.955446703874183845e-01 2.166039590310278484e+00
5.833809513024261761e-01 1.464399661091700944e-01 -7.115322502592291709e-02
-2.420344850347277976e-01 3.077802984495525696e-02 -1.642808852651212792e+00
-1.059989582045365530e+00 -2.029529031604955236e+00 -3.965481066969266388e-01
-2.310538605244177868e-01 8.038559634529143239e-01 -5.115968602836482582e-01
-2.968258135717529722e-01 1.617008092670108033e+00 1.480985424276306528e-01
5.805936198319217034e-01 -1.415834755375072751e-01 1.319735959557443161e+00
7.158924314398975586e-01 -1.255220839845819780e-01 -8.241193761296627951e-01
2.636142975920683362e-01 1.975567688266589572e-01 3.241253071157722543e-01
-9.000913094202278586e-01 1.135715245308071220e+00 -1.127167843521590829e+00
-5.171380852000323491e-02 -2.816065406735297483e+00 -7.701347041310311337e-01
2.405345768537926254e+00 1.045635150224529575e+00 6.196594205415157930e-01
-2.048098198124424840e+00 -2.409767717660580288e-01 4.623575771825484404e-01
9.863681755156489261e-02 6.317503260266164045e-01 -1.583687799548225694e-01
3.870861003632751762e-01 4.570206322093648410e-01 1.803383363213680202e+00
-2.546274293746291217e-01 -3.346257758748979461e-01 1.306406780630330555e+00
1.500927578388449035e+00 -5.814265032287531110e-01 -6.058982280892468708e-01
9.528787438662683629e-01 -6.748761938970688767e-01 1.813072020558165853e+00
-5.088829126258276325e-02 1.718504732211696862e+00 3.672203748189291073e-01
-9.607991576022019142e-01 1.500814664666429987e+00 -1.825846103935326314e-01
1.672264991944725887e+00 -2.793919908008410946e-01 -9.514676440025593429e-01
-7.456220823395182107e-01 -1.806561234034288255e+00 -8.102911887407938663e-01
7.099376672294277490e-02 3.564168858338437329e-01 -9.828976272530698388e-02
-1.770358832851544717e+00 -3.929626270878411320e-01 -2.247055849351780599e-01
-1.111200537423918000e+00 1.255555230898084629e+00 1.049499013889237942e+00
-5.860135000548130080e-01 -2.028174538107180958e+00 -3.201718359579964979e+00
1.479202529077135120e+00 1.104392416541399857e+00 -2.033866727350301495e+00
1.470205514622697329e+00 4.222035113756656965e-01 -4.732448601083685258e-01
4.806180381856605122e-01 1.738814376439798082e+00 8.625831061189650484e-01
7.406351808351430144e-01 -1.634452597864341827e+00 -7.799796514541397219e-01
-2.105465051980349500e+00 7.268031684437747941e-01 1.392372159939307963e+00
-7.285006882806037698e-01 4.909917002821637677e-01 -2.635281612518726169e-01
2.339038552750738020e+00 1.595387654691416524e+00 5.753689692810164402e-01
-9.260264810726950291e-01 5.929058442210577429e-02 -4.995829997260212152e-01
1.306379768758188842e+00 -6.564065115484640778e-02 -9.399543688859979262e-03
2.028419655117959408e+00 4.067671351011419301e-01 -1.819276882834210962e-01
7.788763033819543491e-01 2.726380967396834776e-01 2.145675763373258604e+00
2.331288036648295314e+00 -5.057489822649976485e-01 2.489406381415808944e+00
5.478555507355949983e-01 -1.802110275564627884e+00 3.332354344962612513e-01
2.080425319488722113e+00 1.178338356690076694e+00 -6.132150770783455496e-01
2.260379646852493929e-01 -1.335369805287043299e+00 1.974686097106865823e-01
5.733358069418132974e-01 2.005452516680236719e-01 1.956714219424837697e-02
-1.506998512958048098e+00 -1.078627676123777412e+00 -1.281163158237397681e+00
-8.558209773455013325e-01 -3.161831897148276171e-02 -1.712482409020136820e-01
-5.290077240843186202e-01 -2.006868876521362921e+00 -7.999668597684626015e-01
3.064181849446897532e-01 -6.546748845734168265e-02 -1.164702760711927354e+00
5.328769516134084228e-01 -7.599865520290994825e-01 -1.077673726904319951e+00
-1.837745952308139863e+00 2.161669485828373594e-01 4.554971807370927772e-01
1.769716456663441573e-01 -1.816197646024017898e+00 -6.063564645096831685e-01
-7.474418198893292287e-01 -5.265029711376901789e-01 -1.621781142191408343e+00
1.761538262628684848e+00 -1.223581591128418911e+00 -6.286918152424242345e-01
2.197766235709037730e+00 1.279426292762764650e+00 1.471861502971492097e+00
-1.263268600631730187e+00 -1.767860586908078124e+00 3.782486401307496582e-01
1.756544210029718500e-01 5.538549806763797267e-01 -8.931275002574190491e-02
1.873669294402781516e+00 1.482873681366210450e+00 -9.423760344427445368e-01
1.113924020159709816e+00 -2.176236200536227017e+00 -1.138601710154444779e+00
1.185724378302476012e+00 -1.964756464952616133e+00 1.282594786391805242e-01
-1.185770559359238252e+00 -1.850246977021369199e-01 -4.894341587487871514e-01
1.606939146602392454e-01 1.279107536568979020e+00 1.266551459958300541e-01
-2.280448079021874519e-01 -6.979957744864695446e-01 1.621337570740744027e-01
-2.921908760718107678e-01 1.573264817106339031e+00 -1.604451083425785463e+00
1.287403749265302988e+00 -3.165054350932762217e-01 -1.549504232940913440e+00
1.400469907992040630e+00 -1.327083447348686995e-01 1.661294291319799443e+00
-1.005715491755162727e+00 -1.259866488342157087e+00 -1.550970780778839986e+00
6.036058499159393520e-01 7.997542504004571118e-01 -5.115668779126547605e-01
-1.653992095200581991e+00 1.551744447020564355e-02 -3.654964565042332358e-01
-4.610291002733579724e-03 -1.306102895964031507e+00 1.382506735469320347e+00
-3.643722144311023481e-02 2.242498550626232490e+00 1.677832257330347909e+00
5.611387131200685774e-01 6.239449078202610188e-01 1.595189660721589853e+00
-2.007125095847392515e+00 -1.871321857289967583e-01 8.551592409112933613e-01
-3.778136617286120380e+00 -1.441461525136582100e+00 -4.878420961485095408e-01
7.369548680377360217e-01 3.181103458808686169e-01 2.143680427536398536e+00
-6.391973512018345183e-02 -2.114901385543762613e-01 4.066892652947100006e-01
-1.003094722543902417e-01 1.143607894525117796e+00 -5.770549540914873266e-01
-3.891393131622171153e-01 -2.044661956990517115e+00 -2.225177508892154599e+00
-5.214418714138951971e-02 -3.982041996147644980e-01 -3.342678563785828061e+00
7.764278471341157228e-02 2.288008803194074847e+00 -1.006413929981599509e+00
5.206374492613693450e-01 9.564760645827665719e-01 1.297272014365984383e+00
1.208087015195981939e+00 7.724950362636682222e-01 -4.591571742083842000e-01
1.004617146907465619e+00 -3.687223563483466027e-02 -1.721367184675911766e+00
-9.172852533152386911e-01 -2.116282918175581340e+00 1.215015490113932950e+00
-5.271341361013748283e-01 4.011687441878209470e-01 1.481872701866724817e+00
1.307610940016356249e+00 2.433185389756794548e-01 -1.945976732726352632e+00
-3.615911722780071891e-01 1.180401063988127497e+00 6.271625137042560194e-01
-1.260086860136549802e+00 -8.364354505810497331e-01 -6.568255785173542360e-01
1.869162411152816006e+00 -8.045042565410933655e-01 5.576844374769374113e-01
-2.619849469208630044e+00 -4.696365726284562059e-01 -5.100283529074143285e-01
-1.109712734683124591e+00 -1.496769197278581709e+00 1.795546532199864265e-01
1.262746854304080735e+00 -1.022697272873269059e+00 -1.027394800507071659e+00
4.771808653980065262e-01 -1.629448049803314369e+00 -8.059902435301087298e-01
7.914264729535519516e-01 1.136551668605981558e+00 2.781311425650607294e+00
-1.355410826723276507e+00 -8.541250558751704025e-01 -5.687566019106854442e-02
-1.409844390193364605e+00 1.559959379548785163e+00 1.145725853999380650e+00
-3.111577331800809976e-01 9.112923164241086837e-01 -5.219719985627224723e-01
-9.051471689777732532e-01 -1.428439432724554203e-01 -1.872951587702949672e+00
-3.128828552142243202e-01 -1.264116629285361171e-02 7.360978112324371159e-01
-2.482595702235308455e-01 -1.629798380439443806e+00 1.074146727398778145e-01
1.499599848101885069e+00 6.640537024831874024e-01 -1.185721596168930914e+00
-2.118822360154712037e+00 1.842628454516105574e+00 -1.464713137247733998e+00
-1.415552567756874103e+00 1.099156983432713730e+00 7.522024641383011634e-01
-1.228571238392456522e+00 -1.768458809182038571e-01 6.676878850541223542e-02
1.198072151352280290e+00 -9.305000411895558710e-02 1.091931479100514579e+00
-2.833596188144413830e-01 2.734936829849610174e-02 -2.321510877188315281e-01
-1.401103166287084090e+00 -2.324641197860314090e+00 -1.581944918229450714e+00
1.364578358530092128e+00 -2.195524199094890383e-01 -1.357647186792138694e+00
-9.755850952101512430e-01 -1.459853077851207104e+00 -2.148783416461125917e+00
6.022988619362718010e-01 1.406708051794461345e-01 1.106077170895253259e-02
6.749504754044917121e-01 1.861136742661150700e+00 -4.105189072325081678e-01
8.543383121098824251e-01 5.371612468609922031e-01 2.074613641711763989e+00
1.544662037436051572e+00 1.563001829278908961e+00 1.208851993692982685e+00
8.179750880007055081e-01 -1.615813242768804336e+00 -2.174309407304927166e+00
2.575535218392430714e+00 7.170194864445343930e-01 8.635224674090536956e-01
-1.217554112756243700e+00 -1.021832265906504889e+00 1.231847899885906372e+00
1.423630024899580349e+00 4.623485051485927699e-01 2.075547542061712214e+00
-8.958174314808802219e-01 6.379601984005184301e-02 1.445029129484356245e+00
-1.386060170864105157e+00 2.377934668356136427e-01 -7.328746315714529391e-01
9.478817619592860844e-01 -4.584966376838791047e-01 1.303944033464009777e+00
1.193817294696783549e+00 2.107788474253153854e+00 8.956616994683065380e-01
-1.713861314607301178e+00 -2.385765645354862574e-01 -7.598162478915087004e-01
-1.042383278566895166e-01 1.709266966112550357e+00 -2.190606718475357262e+00
-7.057829456742923391e-01 -3.151818727443537194e-01 -6.044697143547010931e-01
1.710867222107316010e+00 5.341110933372881231e-01 1.903129906476442867e+00
2.339842216223252169e+00 4.835892612871792728e-01 -1.396447647127844860e+00
3.816332387101851742e-01 2.841001119642468931e-01 4.593502598583019125e-01
2.567182851040861191e-02 -1.421764084048496635e+00 -3.465525973302241436e-02
1.111393911994086325e-01 -2.316808271445877088e-01 4.131077754325735985e-01
1.708864436204925008e+00 9.717339152860899887e-01 1.536342921835652797e+00
3.657622419270825653e-01 8.258671367967590493e-01 1.143330599746918530e+00
6.616661608134555284e-02 -5.240116524062559122e-01 2.507423491631406431e-01
1.372892041156029919e+00 7.078627884753074806e-01 -9.719275743386861510e-01
1.578925633404655859e-01 8.482833934446665225e-01 9.772419352299874795e-01
7.252006986526080556e-01 -1.528132820534030545e+00 6.045803795936779412e-01
-5.093565172794567442e-01 -1.152857622215680555e-01 4.522012047769120580e-01
-3.569185372529035671e-01 -3.463844618497707861e-01 9.129710570642107781e-02
-2.344076244531466457e+00 -1.932743020794510436e+00 4.314921570997107825e-01
-5.305111942461445684e-01 -6.254657822237579268e-01 -1.461185722607764026e+00
-3.200725302862285071e-01 1.562333378031401043e+00 2.755669228349203470e-01
1.662135251875260789e-01 -8.162015159162030464e-01 -1.695468388620070765e+00
-4.823919253993116385e-01 2.593010053855392405e-01 -8.589193711617824079e-01
-6.232225026342711471e-01 -5.792961683608925938e-01 -2.914966564774810198e-01
-3.184761795269188678e-01 -1.724690950411255641e-01 -1.409067006614593609e+00
-1.527390970883124810e+00 4.002949714411151438e-01 -6.312185111207012644e-01
5.936571713818188378e-01 1.166868616350532406e+00 1.633397887386222491e+00
2.169063633913818623e-01 9.816867929463668485e-01 -8.200169221018838162e-01
1.406454614859392382e+00 1.001837523329780488e+00 8.773164723573539936e-02
7.445845501685461887e-01 -1.582957186020866658e+00 -3.935272576663968458e-01
1.263139912984151403e-02 8.183513105137987242e-01 -2.872649604075150354e-01
-8.051388265551907564e-01 3.041526220717727380e-02 -1.339787962373304442e+00
-2.845124610374618057e-01 -1.102118427960729674e+00 -1.463059734385258270e+00
1.328157774797547486e+00 5.062294197772960747e-01 -4.516625517477186325e-01
9.944696373113095511e-01 -3.912898399064681509e-01 6.078706180450244023e-02
6.161493398495054841e-02 1.194245972992517557e-01 1.195908998552629665e+00
-8.866636111753836147e-01 -1.452977595986103543e+00 -1.737725033210630321e-01
2.088466795603832193e-01 1.080587933699332481e+00 -2.087275917642082979e-01
-1.782692208817822088e+00 2.608023935143571892e-01 -1.387877593381583896e+00
-6.381516891590065521e-01 -7.514439252514248935e-01 -1.215043089802695375e-01
-1.495608783657501384e+00 -1.897326706377869598e+00 -1.414365343287449894e+00
5.055646040816044184e-01 2.036813918634629017e-01 9.013287642631557794e-01
4.641427715027401923e-03 6.666925983128113575e-01 7.724299135085656021e-01
3.131841513381409259e-01 1.820113208412362571e+00 7.002427727474791475e-01
1.209002514354547975e-01 -2.037891036700238967e+00 5.008555279076837286e-02
-1.662261443980460163e+00 2.861337886987832535e-01 -5.292995217856349965e-02
5.714244873270423186e-01 1.310534960488362044e+00 -2.095660592107877473e-01
2.210954616241105897e-01 7.305511176052448263e-01 -5.040401644464544972e-01
2.466234868591088980e-01 4.360091868287889194e-01 -7.696449613966218628e-01
5.388678719335833200e-01 1.039200331894109208e+00 2.878780969620392316e+00
-1.216948870456191489e-02 1.895241384136036489e+00 2.173057448480034459e+00
-9.216494524260336885e-01 -1.499482440961601881e+00 -1.837154793597474134e+00
-8.244575376772974584e-01 3.939767610767874739e-02 5.544600126723984168e-01
-1.173481357355622423e+00 -2.029578424026725614e-01 1.635516800093524070e+00
1.280140726896390246e+00 6.267153744432082396e-01 2.107885172170147925e+00
-6.494244671536643088e-01 -2.448237614775936155e+00 -1.483725161839393181e+00
8.490629871312922461e-01 -1.226584702153221684e+00 -1.351840255202644503e+00
