-9.404714915882685933e-01 9.028279521974216237e-01 -1.740882462105452611e+00
1.242978365090053883e+00 5.467419425238868591e-01 6.484877053338204966e-01
-1.532213031321505436e-03 -7.274696889844730618e-01 -1.780341928801200346e+00
-1.391292123085949295e-01 -8.218191079023314805e-01 -1.509140964193669721e+00
-1.358044627871438648e-01 3.137309242168578871e-01 1.078265962551230084e+00
1.482177293164592458e+00 -6.526739850496654505e-01 1.276772726284922221e+00
3.677298714814080105e-01 2.980186598801686237e-01 3.087282971637194673e-01
1.657989941495347175e+00 1.987880827140341644e+00 2.296969374745648107e+00
5.647926050743370396e-01 -1.558367487259443296e-01 -5.338556873826854066e-01
-1.204375414367404140e+00 -1.781634281131063480e+00 -2.122159414332565497e+00
-2.818187669345584290e-02 -1.426266787515214407e+00 1.013659249355850056e+00
8.179002408317184170e-01 -2.060411499244810263e-01 -5.547642644453677496e-01
4.872936209324185697e-01 9.339122146136548119e-01 8.293416056136218018e-01
7.026168460725434883e-02 3.178961746177595415e-01 -7.486092027056250320e-01
4.879387726682288262e-01 3.028999857996222955e-01 2.517207978784104849e+00
-2.702973407175620402e+00 -1.257375315825938422e+00 -1.116225642280669117e+00
7.134056426192731948e-01 4.186918862611647141e-01 -9.549691632743518843e-01
1.199478809535766466e+00 5.119957083584422142e-01 4.629966636924707779e-01
9.661965680149391389e-01 1.845674514505647457e+00 1.028562454602314213e+00
4.366253983020574325e-01 1.326649024516913133e+00 9.871015584450693048e-02
6.746960821781948781e-01 1.565772552113732452e+00 -4.063546703134567339e-01
-2.094439828340897147e-01 -4.093888174115968281e-01 1.829851308464568227e+00
-2.365569868529282527e+00 -7.982838279003046100e-01 1.504302345333264901e+00
-1.806203101935473398e+00 -4.164214190967374662e-01 8.762335936431204786e-01
2.239782486032359521e-01 -5.140465560112401633e-01 -5.314540775974196940e-02
3.736920495818500942e-01 -1.773583442039228242e+00 9.069986607372335641e-01
3.231103225578155769e-01 -2.009290762682267584e+00 -8.427284323048718218e-01
7.688358927976310930e-01 1.308085017808421124e+00 5.343855143378151151e-03
-5.251129091507399371e-01 -2.059224667577511880e+00 -2.407140977776477397e-01
9.425309218680890666e-01 2.098161905939775806e+00 1.272269506754629020e+00
-3.837442953898147491e-01 -3.405282714835607405e-01 -7.066528342591591461e-01
1.953214097623910517e+00 1.329634498399372422e+00 3.179716871046676663e-01
2.317452050363355109e+00 8.070386069914332605e-01 1.568455498875658494e+00
-9.298225340676340434e-01 -4.864752645623182659e-02 2.490855944996244631e+00
-4.645675280076667635e-01 -1.594197160837630189e+00 -9.896710194094184843e-01
-1.571339566233407314e-01 -1.128904064680594121e+00 -3.612955878841178636e-02
-7.004252804575823443e-01 4.612659625979939060e-01 -8.927821450795787595e-01
-5.138583916143224517e-02 -5.381136074187677920e-01 1.561832657233684696e+00
4.681233133503789889e-01 -7.288183375834693667e-01 3.649478174789397844e-01
2.891718925208446311e-01 -6.516188678116130450e-02 9.374099059721736626e-01
-2.075978829341058152e+00 -1.018576417965700864e+00 -4.637562292144327136e-01
3.206226294509347818e-01 2.298815992275097031e+00 1.929667248091817777e+00
-1.724594671327492668e+00 -7.322798479532757199e-01 -5.869261109003867105e-01
7.844644414149238854e-01 1.614581895540992074e+00 2.189707111789949145e+00
1.391330583422987655e+00 7.242083380937971437e-01 5.135026998995190217e-02
-7.078229553233232885e-01 -1.011701651837230709e-01 6.965398349245650600e-01
-4.558362034846304423e-01 9.696474444036073947e-02 -3.982701544598040155e-01
7.821165123281946796e-01 2.921578337379033830e+00 -1.434413252580518661e-01
7.292235436574956431e-01 -1.565994027683631939e+00 -8.445337991231001151e-01
9.237572537389322491e-01 -3.829779850763104232e-02 1.655593453303536799e+00
5.579243416537238431e-01 1.256977698723929171e+00 -3.802580440663219097e-01
1.089575188663337357e+00 -1.709138788913534768e+00 1.488670943742453012e+00
-5.372458111404426750e-02 -3.656361641129042273e-01 2.741311683616426409e-01
2.291716545991580034e+00 4.441381492506709106e-01 4.682008703023344820e-01
-1.246231778190164619e+00 -4.739099790716816973e-01 -5.586372683384729365e-01
-8.466754415811350576e-03 6.400643507221723816e-01 -1.052846684962681856e+00
-4.308326098602596188e-01 -8.248556641124547006e-01 2.489185898761785420e+00
-5.338520829435908777e-01 -1.042248958048964225e+00 1.716878482465543643e+00
-7.266866509951246389e-01 -1.175585066856602356e+00 2.029675770047373096e+00
8.636202455787614918e-01 -1.702397779799819100e-01 9.800060137506547697e-01
5.763905949494476655e-01 -1.996407659248393252e+00 -1.648203114838934669e+00
-1.207698174976242100e+00 -1.780698131182240962e+00 -2.427544211182518730e+00
-6.456955544727721596e-01 -7.451145641176133427e-01 -2.538820622846008401e+00
-5.233820788974262728e-01 -6.999572519556348515e-01 -1.295196347778249102e+00
3.094140008093599903e-01 -3.415729437593829632e-01 -1.777139912957127477e+00
-1.045455280020208377e+00 -2.484754555236594609e+00 -1.266838010410820781e+00
1.318198927183600766e+00 2.313828417374337754e+00 7.692361598462855721e-01
2.477168548138604542e+00 1.841991754936332049e+00 2.092110397019444790e+00
-2.426783036627863099e-01 3.423121718356478826e-01 -1.273932052437246387e+00
-7.208362814598914259e-01 2.956683788411544889e+00 1.605380211289638148e-01
-6.392363878945788169e-01 1.562781080726769467e+00 1.022645739780489116e+00
1.573478014376156198e+00 -9.695825615440578638e-03 2.097420446796825377e+00
1.498207955510815204e+00 6.834473150292768029e-01 3.386698473984886548e-01
-6.107466138504773490e-01 -6.472044118423085912e-01 1.294392018514062492e+00
1.195934921093311010e+00 3.475643398889092239e-01 -1.479729351463753284e-01
2.204429542211924442e+00 -2.275927216397672925e-01 9.387839499720842529e-01
-4.495860245887484119e-02 7.986052092613115105e-01 -9.586084493922764072e-01
7.762221951152108446e-01 3.887087663834332685e-01 1.047483689638251558e+00
1.253508957214152231e+00 1.499374634899367287e+00 -9.726567481351466871e-02
-2.924009233903695493e-01 -1.602576280239619733e+00 -8.408559564182493951e-01
2.102781975441661566e-01 1.020189108635009667e+00 1.636416427627178649e+00
1.583644593976555104e+00 -2.344972153170535201e+00 -1.355073672053225486e+00
1.488505215301378026e+00 1.316243573295964531e+00 2.562652628363442098e-01
1.464714914375780941e+00 3.310763101018725507e-01 -4.251539892520916908e-02
-9.727706114282674843e-01 1.805453911249668142e-01 -1.869557493511702084e+00
-1.114106493470798931e+00 1.298591563481795275e+00 -1.902563037601647356e+00
-9.078549232455370710e-01 -8.663088854714179332e-01 -7.461732979491511042e-01
-4.345551699833377635e-01 2.645636330319410812e-01 -1.800979621001303488e-01
8.646429424699092481e-02 -4.441439878534515495e-01 5.128853999843137057e-01
8.527428176351599109e-01 6.339985117958655270e-01 1.571272136439120670e+00
2.293684268888867450e+00 9.776942889329001130e-01 9.678590415062380270e-01
1.211533706038271374e-01 -6.894064598686664436e-01 -1.076003109624573906e+00
4.234572874495889372e-01 8.471180974124077334e-01 -2.368653780844146794e+00
3.933059003458757585e-01 -6.977484512929565952e-02 -2.119165536362394020e-01
-1.815710671861318737e+00 -1.392996902327667263e-01 -4.161597718040471738e-02
-3.246311176272906884e-01 -2.191515229010992938e-01 -1.069724942722356964e+00
3.997554116522095136e-02 5.986343230331445664e-01 -3.831323172920292341e-02
1.901712286189855661e+00 4.309488933793159671e-02 -4.025893967082421754e-01
3.000564870234053716e-01 3.468139115189340926e-01 -9.169875470866895029e-02
-5.419461644464527161e-01 1.179085843240167186e+00 7.231445384746199023e-01
-4.201794355206039944e-01 1.648576138778560796e-01 -1.009724146850780491e+00
1.465812836740725267e+00 7.498024808264492913e-01 -1.765774971191634846e-01
-1.178334430312961256e+00 -1.281269797560901313e+00 -1.700298508819991339e+00
-2.007360173493844546e-01 3.881239827992151170e-01 1.438120174090784298e+00
1.294983224232323371e+00 1.091137295592210510e-01 -2.745486835556822935e+00
-1.663306866221712532e+00 -4.427923458736621187e-01 -1.572730164637565320e+00
1.937056661140321268e+00 8.996965412191987310e-01 1.119929577015806865e+00
-8.100246333360978657e-01 -6.815700835673959013e-01 1.322830267241229096e+00
3.438113221773220207e-01 -1.748622337861859943e+00 -1.547886024969770125e-01
1.847317130411095576e+00 -1.475793429886767649e+00 1.002358849010636987e+00
1.717341532802376225e+00 -1.110647551701632985e+00 -4.676654787695400106e-02
1.646140315401648513e+00 -2.246678367739740168e+00 -2.486532486478214565e+00
6.249135944118542341e-01 -8.563174705712994772e-01 -4.105915526340132571e-01
-3.888093083515885007e-01 -7.446759639178315293e-01 -1.535369788812002811e+00
4.318410395739490926e-01 -7.918695234628581048e-02 5.052632776788569258e-01
-6.651624252326353570e-01 3.235481980913407218e-01 -1.374713007497358586e+00
2.715560022681740460e+00 1.470347898212482463e+00 5.771837547314829786e-01
-2.814913571270321047e-01 -1.060568698137064114e+00 -1.455981586150685514e+00
8.370476125700729852e-01 7.326337276977734625e-01 3.760288816185721195e-01
3.591714704641244538e-01 4.032491141052788608e-01 -7.407617100115256870e-01
1.930373875319356669e-01 -1.436996982732257511e+00 -1.268651954000749260e+00
-5.352428056835720760e-01 1.510097047865117004e+00 4.127489059951259254e-01
-4.037853926469175958e-02 -4.726975213055953917e-01 -1.867178052238639419e+00
-2.973232953343344143e+00 1.281321596547543074e+00 -8.981132262856530435e-01
1.704276533609198507e+00 -6.979905642305259672e-01 3.874002165474050852e-01
-4.717419114586923756e-01 1.083246496962225081e+00 1.121344369664617924e+00
-3.387711181771054791e-01 1.133085600370993706e+00 1.758461960411542790e+00
-9.841415706023125543e-01 -2.009368919098196926e+00 -2.402693729565255953e+00
-1.687500729830067492e+00 6.636659363328378802e-02 -1.652580848233461630e+00
-2.470280584477608787e+00 -9.667553559633019766e-01 -1.676133776464839853e+00
2.788909787619711089e+00 2.073308465278039137e+00 1.102267662389525782e+00
5.351392779315293780e-01 -9.704604950762378834e-01 1.254049368351301874e+00
1.077460030922506196e+00 6.852072319648804255e-01 1.351549678921029285e+00
-2.022641275300172126e+00 -5.645001222494292481e-01 -1.460123169643757102e+00
-7.632234527071475316e-01 6.403456598874295302e-01 -6.039223564149309720e-01
-2.164678329819350600e-01 2.027921002278709306e+00 -1.902004491462092606e-01
-8.457864206174146027e-01 9.801176591187303888e-01 5.461549965325118716e-01
-1.305421163296365483e+00 -6.419507322416981854e-01 1.316450232464051462e+00
1.230537492271901900e+00 3.588550325055213097e-01 -8.543721243722901537e-01
-1.386993575116093780e+00 -7.125038060931956352e-01 -2.335756501921760986e+00
6.214059805910876477e-02 -2.628252511237142430e-01 1.317861526095470914e+00
-2.119944233873383155e-02 -1.120560916017380393e+00 -7.433665781784823956e-01
5.165119188747804291e-01 5.509355567387324015e-01 8.831179155695457750e-01
1.157105450530677704e+00 -1.544024029106013662e-01 9.058350537389203705e-02
1.492677863894535051e+00 -1.098770826901265041e+00 -9.137899889446265966e-01
1.100487760244951208e+00 3.901982397988889018e-01 -8.270443637812019411e-02
3.195806853729227237e-01 -1.872226370176464538e+00 -3.124752120838275582e-01
-1.962896960708109928e+00 -5.380228625317657887e-01 -6.318435967375369833e-01
1.427242588906342480e+00 -4.834452926457061261e-01 -4.134719057357021388e-01
1.208361457455573884e+00 -8.296006527141221998e-01 7.917167537164866431e-01
5.865205561495625552e-01 -1.094947350658235674e+00 -8.116352687298207247e-01
2.393290005315551028e+00 3.755327543772529753e-02 2.709476114472222807e+00
5.061360121519146160e-01 7.456323867702279173e-01 5.276414201478881738e-01
-7.312955262971347903e-01 -1.194358314320420833e+00 -1.500910682596554357e+00
-1.301453385507589378e-01 -6.419330166741684662e-01 -8.647389584524888262e-01
-7.181139310596700298e-01 -2.250283728266518679e+00 -1.066132602595603718e+00
-1.016036242404769530e+00 -3.510380952505431917e-02 1.192140212674419386e+00
9.440369494949645279e-01 -5.248453254179824556e-02 -6.034842416443335633e-01
-4.395041154334800027e-02 -1.266029778015965279e+00 -1.635870348340944025e+00
8.438777652777731397e-01 2.104566050980539504e+00 -3.100971077169165646e-01
-7.189029215832184461e-01 -8.636774088249938863e-01 -1.641255234174443078e+00
7.590486332697612415e-01 -2.810367438678029739e+00 -1.804491679378081859e+00
-6.036366573164703153e-02 -1.366565514610621035e+00 -9.085836895167307414e-01
-1.694584431052184037e-01 -1.914346829694048013e+00 -1.295020694736622957e+00
-1.547415214182995102e+00 -1.822584095345257671e+00 -5.488410862476895691e-01
9.277069313655341709e-01 -5.480865749894833217e-01 -9.017699222696313743e-01
4.418049088376895250e-01 -3.548911787125403339e-01 -1.645071961941686256e+00
1.916926398600992787e+00 7.982917330147472068e-01 -3.741483737881742266e-01
7.632925865425919110e-01 -6.073337916100185474e-02 3.241796786878934356e-01
1.871320348846521320e+00 7.970848084834314395e-01 7.532604248808141278e-01
1.235931691200122806e-01 1.906180797922588210e+00 1.044505312345864523e+00
3.799692486297341354e-01 -7.631576520477929559e-01 4.725694913490505744e-01
-1.308322680345068711e+00 -1.367276277821299679e+00 -8.810039161693936638e-01
-3.877214660702565929e-02 8.886256391421426537e-01 9.126738084422587605e-01
9.748575339138618734e-01 -9.112399644151131239e-02 -8.946200700572041198e-01
-1.472156840634851083e+00 -2.101771448807657094e+00 -1.147183191269982139e+00
-9.353100057986473148e-01 -1.698740462464466860e+00 -1.332949470378309798e+00
1.827533000659036233e+00 8.350478042009337187e-01 -7.317945997032320182e-01
-9.382024749565514021e-01 -1.185023743485041692e+00 -2.003238285515185790e+00
-1.247843782662843015e-01 -6.594339165774121270e-02 -4.964022266705758746e-01
1.326752879638640081e+00 1.066134044871301922e-01 -1.455009214060402067e+00
7.650287414696810284e-02 2.227749742303919422e-01 -1.322796299256217889e+00
6.009813199618123658e-01 -5.773761885465792387e-01 7.878476692696498862e-01
4.945234433968588306e-01 3.170393723670137387e-01 6.370387362307836643e-01
-1.140887920538136147e+00 -5.024918855473525792e-02 1.522841861211266856e+00
3.112614819753293904e+00 7.127014638807259717e-01 1.074348096411447351e+00
-8.210924237972878625e-01 1.332643576190001067e+00 -8.667040056724122365e-01
8.776378789931869040e-01 5.492877701655498601e-01 1.757282401533533100e-01
1.999177151836895039e-02 -1.334604099839215019e-02 -9.587666978230184878e-01
-1.339316042196359247e+00 -1.432426787672333113e+00 -9.642761292494306247e-01
4.083482664846055377e-01 -7.423144260187983789e-01 5.449900850280557929e-01
1.910359801042730954e+00 8.852894847564383163e-01 5.160135579499856018e-01
-1.842674284997330769e+00 -4.458550841851567359e-01 1.073882963201145291e+00
-5.335929962590283404e-01 -1.400085143874574278e+00 2.434837668270914968e-01
5.877464304684016927e-01 1.222335982120351661e+00 -1.668190385630853312e+00
-1.121662382316471085e+00 2.610860798286495088e-01 1.377567387967067791e+00
8.659176406061337428e-01 -6.660846736489259845e-01 -3.764180075347499654e-01
1.158576760548722273e+00 3.079788842841468810e-01 1.324084011630248803e+00
-3.927469525252998972e-01 4.696005063256578627e-01 -7.530066555057117750e-01
7.346685204871302721e-01 2.336429043908910819e-01 -7.605043663180202085e-01
6.824597045465317091e-01 -5.427918531569571048e-01 -9.970767319882005708e-01
7.423082013280792868e-01 1.627380664586647097e+00 3.681328901027308920e+00
2.116478449724553679e-01 5.582113870934042321e-01 1.749651207127823405e+00
-1.042128912447720879e+00 -6.510028681250352722e-01 -3.705718738039209259e-01
1.672330630376954286e+00 -1.176375947250578591e+00 -5.955853305765032024e-01
1.881118284196206414e+00 9.292762816586898067e-01 -1.068706607436938683e+00
4.290790735238388942e-01 1.651074058733383421e+00 -1.974382912548096058e+00
3.013339177519358536e-02 5.116259196903438777e-01 1.451741520064081525e-01
2.097046788785390525e-01 2.478619555250504147e-01 6.786790627968168899e-01
-7.494753182690065962e-01 4.545843213477354650e-01 1.012493920767840727e+00
2.753657758051214488e-02 -7.320080342542993890e-01 1.030266548270441618e+00
-2.470409747934116496e+00 -3.979470477656807392e-01 -1.165349760990836536e+00
-9.638102717532748276e-02 -1.098733613247240060e+00 -1.646020355724953310e+00
6.647389896258460995e-01 -7.289945251492262468e-01 1.824193008158347284e+00
6.644677059431560728e-01 1.089529172243450805e+00 6.129073564190096191e-01
1.147560627625432428e+00 -2.340660615858379590e+00 8.178507148563218809e-02
4.738618630544655375e-01 -4.962176863009956085e-01 -8.497405296843170142e-01
3.044738533854240981e-01 -7.582099717222690050e-01 -4.485792676061776119e-01
1.673641381080781754e+00 1.754638943268900464e+00 -1.596673957189967741e+00
3.134479110830845627e-02 -6.037882483831193969e-01 9.046381807775282224e-01
9.768984638968842837e-01 3.269491495201768405e-01 -9.388971999963963144e-02
-4.762489616728167174e-01 2.412343513920259586e+00 -6.669917712684171329e-01
1.620155273011782970e+00 -2.793737597114465121e-02 2.191674363664242176e-03
-4.399008243937697626e-01 -6.045074030702946022e-01 -2.143764793669127755e+00
4.561837868227529014e-01 2.368959474398296128e-01 4.588549167661231665e-01
8.163781153935039114e-01 2.618134914188738893e-01 -1.204112435869524989e+00
-1.692615884092034895e+00 1.037397070389193265e+00 -7.095678843549146908e-01
1.314348448890735876e-01 1.753043665541142548e+00 1.973828198589216099e+00
-3.471799195244492653e-01 4.694900255994819416e-01 1.189192561163676665e-03
3.639968470293143965e-01 6.166878340658035196e-01 1.319554741920097474e+00
9.298142323895592920e-01 8.038749760771068953e-02 7.726865827175076751e-01
-7.840829882380107030e-01 6.538106056122658938e-01 -3.625166117861753357e-01
-6.197751975150775916e-01 1.279421107946949299e+00 -6.466564831713628170e-01
8.202723657103383470e-02 -2.490849848156607926e+00 5.255353922777252773e-01
-1.576674379225874167e-01 -5.949793261885619744e-01 -2.099429115665926382e+00
-5.967184451204473605e-01 8.591615692023912843e-01 -4.531515402970431872e-02
-1.416223891781502875e-01 6.434999225744197915e-02 -1.162037013512271511e+00
1.294126490521529949e-01 7.283410473951723585e-02 1.616896952858275505e-01
-1.564101782576180710e+00 -9.191188725718242303e-01 8.923468667869391968e-01
1.114892840096660676e+00 1.950559008007050066e-01 -9.649574929920845534e-02
-8.348655489108163241e-01 -7.616773703574597487e-02 -4.322785526090269226e-01
1.557352422519187263e+00 -2.453767778994480064e-01 1.317233937699127555e+00
2.524154262743296240e+00 8.662867236872817678e-01 -2.271806581990069018e-01
-1.953757945773912486e+00 1.385000357350852696e+00 5.741538468096545333e-01
4.362915773182912682e-01 -8.795855340239631115e-01 1.145430176972389580e-01
5.693667921648482011e-01 2.949797039347556993e-02 -2.842314358321185175e-02
3.044630946697040041e-01 -4.423591178746253960e-01 -6.016927898985742207e-01
-1.975498936795929028e+00 -7.092304087780487709e-01 -4.314947999613120144e-01
-1.658423715679681276e+00 -9.123163123169918398e-01 8.948687469742351297e-01
-1.858323907745131454e+00 4.525716978926886958e-01 -8.729875355695835282e-01
3.849204971205298920e-01 -1.657078868224605150e-01 3.868762511558165862e-02
2.012575785216191626e+00 2.363621718110635039e-01 -1.224421372191174084e+00
7.545277360741571293e-01 -9.903345729503091333e-01 -2.849925054550975778e-01
1.641279793977662438e-01 2.792961299461209190e+00 6.944706563185959469e-01
2.881858087846611571e-01 1.644878780874428514e+00 -2.434028812461763724e+00
-1.107245583963927027e+00 -8.999146151958172801e-01 1.321487629536529429e+00
2.026808019535733862e+00 2.268971338647138403e+00 2.200091203634651493e-01
2.724092645845920257e-01 -5.222788913738813932e-01 5.392729172048349451e-02
-2.363776690391066193e+00 1.811504384112067045e-01 -2.213141440614564970e-01
1.996734334674001854e+00 1.680630935165516426e+00 4.540605279482986534e-01
1.730531271652764769e+00 -9.457876154929367729e-01 1.996619365957593928e+00
-2.637513552960643270e+00 -1.701219653337797233e+00 -9.706364839731057570e-02
2.344288164018510923e+00 -5.390667792398651237e-02 1.528042996573391488e+00
9.799069714811170506e-01 -1.086584306053111293e+00 2.316482853251748075e+00
1.328672676407607889e-01 2.811401392154837531e-01 2.430034626933931463e+00
8.191488784760467823e-01 -1.293597318335887758e+00 4.783305059352499500e-01
1.528218861877292722e+00 6.415284315038846108e-01 2.019759854044197223e+00
1.391888092830445567e-01 -1.768681724844960890e+00 1.292863496436536197e+00
-2.131408800105628387e+00 -8.068605572398190873e-02 -1.440661416519309679e+00
2.646677631276190268e-01 1.321281865770179031e+00 5.859473444543976672e-01
3.074323436950411326e-01 -8.811661413534066511e-02 -8.792130212678538337e-01
8.284342416813290644e-01 1.040344795582751170e+00 -3.924021062696588236e-01
2.406889373173231483e+00 1.886320263159890764e-02 -1.370407494692063466e+00
1.013906271471256559e+00 2.402544824213214358e+00 -1.183222341552056411e+00
1.460965758357547495e+00 -1.627664987514173323e+00 -2.332870772744699561e-02
1.816477940586835427e+00 1.448647498492714680e+00 4.006439112116128021e-02
3.471046037461370526e-01 -1.027376875601276218e+00 5.597328795957245973e-01
-9.235475410903155602e-01 2.659381840498298288e-01 -1.343859203235215682e+00
-6.675700894685585585e-01 -2.188733544679392296e+00 -2.335383003475921093e+00
2.148561109209288666e+00 1.876010980501871428e+00 5.200703858246583655e-01
-2.009880103168888987e-01 -8.492413593368665081e-01 -8.706839156043942873e-01
-8.352430768518488424e-01 6.917188765528620165e-02 1.980308664179910805e+00
7.869343437029630017e-01 4.910043413214837393e-02 -9.876281452002386718e-01
1.207909397105635163e+00 9.164645372936957024e-01 1.108874610606382927e+00
1.464992155456882328e+00 -6.859286656492813439e-02 -1.020698712918796103e-01
-9.144122916657689837e-01 -3.464472262290638760e-01 5.643647169382723927e-01
1.231999985410882736e+00 1.332335932874792461e-01 7.620485164482216911e-01
-1.668361133032266963e+00 -3.853847223024733371e-01 -2.454835803613852896e-02
1.708988186625068906e+00 -1.639077364958330119e-01 1.447975832576661848e+00
3.696405090233104707e-01 -1.036519041185616219e+00 -8.604594154406901563e-01
1.628374852990963628e-01 -2.754594875664265752e-01 2.079995788279491720e+00
-1.518586236066979067e+00 6.895600251409141901e-01 -6.163118063406682889e-01
-2.876472423128701994e-01 2.040479776864097428e+00 9.033515781710115267e-01
2.439943452820470537e-01 5.300191081937638549e-01 -1.946404875956396774e-01
-2.097105289848006926e+00 -2.619552149186865631e-02 1.229543258275007878e+00
2.056300502957574494e+00 7.999194833398542981e-02 -6.965394149279713343e-01
3.292408078209423383e-01 1.057518624310707978e+00 1.401970557052360844e+00
-1.967269719103790226e-01 7.144946561263645357e-01 1.074576104791362674e+00
3.809924098752176524e-02 -7.128881028802462883e-01 -3.223934605433855793e-01
-2.035955315267214516e+00 -9.001174110701153364e-01 1.834916564716539966e-01
1.557102239489319695e+00 7.118266808058386630e-01 1.948673117826809520e+00
2.145065293872889356e+00 -1.816087561276912288e-01 -4.318556667228963253e-01
3.217008953406925720e-01 -1.821143395520189445e-01 1.614397641283648710e+00
-3.018339986531786145e-01 1.434610790120061097e+00 1.625212553619526101e+00
9.303676845857817845e-01 3.231734715861910301e-01 1.095952429168500775e-01
-4.070664218082484798e-01 -6.521317866440032862e-01 5.914565231685642299e-02
7.578111734868229199e-01 -7.656519700621078339e-01 8.504518136185181820e-01
-1.720122860725289637e+00 5.777589197379917607e-03 -3.076381912900883475e-01
-2.767719469091545204e-02 -2.116157517620949502e+00 -6.422108968895583470e-01
-2.099594913348514336e+00 7.833174454588995861e-01 4.809964726970097360e-01
-9.288805217213753629e-01 -1.142813688635122116e+00 -1.885745963563939753e+00
9.717904242604654685e-01 4.760318648127521701e-01 2.686216629807098411e+00
-4.112533408120170320e-01 -3.205585342335768306e-01 -1.992598903127656085e+00
-1.116245816918358891e+00 -1.668268801509077193e+00 -1.225803299275492808e+00
9.885692383318041010e-01 -2.507625762573914674e+00 4.989942504572991711e-01
2.842210751030149751e-01 5.268585176068012466e-01 -9.150619745609602784e-01
1.567624641168343214e+00 6.715574178832728336e-04 2.189740773797618778e-01
-1.302993026888124461e+00 -2.240566080774389235e+00 6.397853470605083803e-01
1.623898359696837268e+00 -1.004674355919299211e+00 5.820149261067942836e-01
-2.934614648974334106e-01 1.063712099863316496e+00 1.161600813970218304e-01
1.336906327758357715e+00 1.236768748697270048e-02 8.377791347367716801e-01
-2.912756881930904651e-01 1.308831145969381105e+00 2.180014975084842987e-02
-1.347328761550660392e+00 7.790741474835640723e-01 -5.533057258439428860e-01
2.872707047071772379e+00 -4.065662316589631065e-01 7.802752218800875772e-01
-3.781416152615041382e-01 -1.570661652419125809e-01 2.287873355604776116e+00
-7.535484295305774349e-01 -1.678666633349481518e+00 1.140830048582434308e+00
-1.204814567854922691e-01 -1.324846332318754927e+00 1.594140410578247291e+00
7.828176694678772307e-01 6.121544311448697817e-01 9.023002004266473808e-01
-1.905575272977526824e+00 -4.665855736542631749e-01 -8.467566266818693510e-01
-6.742601314372476118e-01 2.333480815975734757e+00 -4.896889054599993241e-01
1.704382042403582043e+00 6.137718332082697792e-02 -1.059686765408461184e+00
-1.800724882135914307e+00 -1.204932838218476077e+00 -1.309300491860985627e+00
-1.222130537112732451e+00 -9.241044625220418141e-01 -1.163166302320967738e+00
5.563177232521263615e-01 1.817942011805919966e+00 -6.176230243393994179e-01
2.454862772062169185e+00 1.100950760751910895e+00 1.321724674363351948e+00
1.041568745248357741e+00 -3.940718321823251102e-01 6.125475858209477042e-01
-2.820493641500367854e+00 -1.254977556661107663e-02 -1.531990292982853830e-01
4.806518590223785026e-02 -5.808507937079619987e-01 4.863890049719797881e-01
-4.771135927945612254e-01 2.350675207784623133e+00 -4.555678168594304855e-01
-6.361049670617495710e-01 -1.903157078203072006e+00 -7.173790619218394227e-01
-3.277303118177682162e+00 -1.490211760936168695e+00 -1.574231003961359399e+00
4.703273575329429690e-01 -8.904184176948940488e-01 -1.113067950337768508e+00
-2.527495920572269128e-01 -5.528122928002043857e-02 1.421423861331809757e-01
5.560549997291857061e-01 -3.940329757451778159e-01 9.612359252069082594e-01
7.662270032523010865e-02 2.452241831312935716e-01 1.965837793746083584e-02
-3.554113114699798404e-01 1.453055424872175205e+00 -1.320362654033597760e-01
-1.407123367693444482e+00 7.502167445435796722e-01 -9.189816684110119205e-01
6.190514820503967286e-01 -2.747811662542840594e-01 -3.265772982004222502e-01
-6.218474854189146583e-01 -2.767222772501385375e-01 7.094934940308532667e-01
2.156107668272988498e-02 -4.738356370387533101e-01 1.902569022268166377e+00
2.629599219359826101e-01 4.252664380229441154e-01 1.822892909856800081e+00
1.114454581832440727e+00 -8.421155495792140844e-01 -1.530110756703195740e+00
-6.324874608907313789e-01 1.528267128608897130e+00 2.742465011166152600e+00
-1.473325533573470736e+00 1.010337793202301437e+00 -8.467549273339598503e-01
-2.483462461599993620e+00 -2.995200688934602784e-01 8.033862338301185346e-01
1.501640782501994176e+00 -1.048248215032566266e+00 -7.817633447370131439e-01
-1.419516571263254257e+00 -5.591639587832963887e-02 7.875753443568533907e-01
-1.226637775695786914e+00 3.270315342284977334e-01 5.610649589830074557e-01
-1.948144546827796919e+00 2.139430874994474596e-01 -6.729889776980746419e-01
1.101916901446859720e+00 4.103736760794144400e-01 9.571018009297214135e-01
-3.184706892932659628e+00 -7.935544160697090010e-01 1.998138290855544952e+00
-1.163795935324250408e+00 1.064118854591560526e+00 9.214414985551748760e-01
8.001072115033558418e-01 -2.086006200841175939e+00 -2.176930202456682117e+00
-5.280176129608469271e-01 -1.872276755521331770e+00 1.188378616933040144e+00
2.730458457668042405e-01 1.189625727116416787e+00 1.209459073325718892e+00
-7.738519015721669891e-01 -8.670685603619789905e-01 -3.820193212832663221e-01
-1.058395947093909939e+00 1.374593192980113177e+00 -3.233215438403715947e-01
4.635756589030479713e-01 5.628669706050676291e-02 2.299785250825170380e-01
-1.488154303235087017e+00 -9.337870550928932811e-01 -9.942058514777731837e-01
1.435995556036596121e-01 1.324408315846280937e+00 -6.314750233512778088e-02
1.176177214739136723e+00 -5.606983307505403191e-01 -9.239776237980213969e-01
9.279596606450795093e-01 8.763984780371480987e-01 1.690078216705819703e+00
-7.454328268660147527e-01 -8.073189554464883511e-01 -2.162468965229516371e+00
3.155106595287492377e-01 -6.062116336702016994e-02 -7.879520692693713357e-01
1.167464536293426169e+00 1.385249484263084918e+00 1.849532675226893130e-01
2.617602173987295444e+00 5.321703392312181480e-01 1.176330995668552593e+00
4.156401064616699892e-01 2.460047628507303075e-01 8.679716072761810564e-01
-5.944357187836046830e-02 1.513991946325034199e+00 1.554332776644514746e-01
-1.584700996184571942e+00 -1.841815044160117987e+00 3.048858880581441166e+00
1.178255694612572624e+00 -4.619185849624174445e-03 2.481824729933804541e+00
-9.522238209101024919e-01 1.833913938689594403e+00 2.937927772296269335e-01
1.240863076797301012e+00 -3.346583532263058824e-02 1.195709975210416331e+00
4.904585346479513053e-01 -1.866279189940258654e+00 1.687461189176595600e+00
-1.382331340546713694e+00 5.739940445347251341e-01 1.894991574059760708e+00
-1.222099160698755016e+00 4.844279667202870399e-01 1.117219951473908068e+00
1.653319167676625678e+00 -1.090818027592447947e+00 -1.315104168305237575e+00
1.545290731008558405e-01 -4.627271874340421753e-01 -3.820896121976171678e-01
1.766299110999311472e-01 -1.657422174115710245e+00 2.488939884095120458e+00
-5.710343631765343320e-01 -8.246121914774460215e-01 -2.335226196414411426e+00
5.318645010823219721e-02 -5.549705604488712751e-01 -2.259641084873234007e-01
-1.195827203922821269e+00 5.979768631015462965e-01 -6.285964193796262922e-01
8.660859579745683323e-02 -1.018431150271346342e+00 -5.788130562086634123e-01
1.085990176297484955e-01 1.133688011515765925e+00 5.244465560956380612e-01
2.620620571362826112e-01 -6.309956315433100649e-01 -1.900298521834578036e-01
-1.898526244805580188e+00 1.193941574357484159e+00 3.528735662354637315e-01
4.845222398101919348e-01 1.438763339422612031e+00 -1.158975989855240751e+00
9.732399774648664570e-01 2.624326558452220404e+00 5.011502910107764608e-01
-1.339859940625096169e+00 -9.149966689405166775e-01 -6.180704250482658146e-01
1.106000711279059301e+00 3.941231670936075071e-01 -7.098660751872387653e-02
-8.909370340108332398e-01 -1.354979297364263813e+00 -1.683251330700652693e+00
-1.454630080830630945e+00 -9.674645419190182061e-01 -6.695614366282076624e-02
1.033139394196733507e+00 6.211828228049210976e-01 -2.271964262905737275e+00
-4.192921801552883521e-01 2.608663488775377903e-01 1.989016193985186032e+00
-1.098930662357127663e-01 -3.151462948693845023e-02 -1.700229695763745053e+00
2.076104547418160973e+00 4.328936710762453788e-01 1.579517248933298923e+00
7.125172986164083344e-01 1.246038384695147050e+00 8.446303435388700098e-01
-3.601409632925700599e-02 7.696251219016558842e-02 -5.517381057339656447e-01
4.558306676715701000e-01 -1.082124835953087949e+00 1.015508085406381156e+00
1.168510157105928426e+00 -2.000973013769887787e-01 -4.815276076953789453e-02
6.419405446153310102e-01 -6.339585608814206630e-01 -2.794754489972229305e-01
-1.820187177047293270e-01 1.723804799622530304e-03 -7.180914576902109880e-01
5.839308692989785277e-01 8.717480820971581501e-01 -9.784696929290643830e-01
-1.391273730765217875e+00 6.710750436933445862e-01 -8.468158729326358269e-02
5.307001136561859678e-01 1.879934393881483867e+00 5.011032222721759632e-01
-1.033330704544660472e-01 -8.383653940995123843e-01 1.391124565986233907e+00
4.219666436820911359e-01 2.984171717602763785e-01 -3.946194449228662693e-01
1.928629318438923823e+00 1.477438428528477177e+00 1.305688017765097797e+00
6.364145435390380356e-01 -4.323549420148861677e-01 2.947398358517409056e-01
-4.230511285218124806e-02 -4.813698507599036835e-01 6.886714358868331054e-01
1.343863027845820568e+00 1.526917451838831985e+00 1.722160112428935852e+00
2.462369286749347963e-01 4.321077334396626335e-01 1.343064022678985392e+00
-6.142529933762840288e-01 2.561133443279536293e-01 -1.123180918544400275e-01
-7.427819892685372238e-01 5.930244714402521655e-02 -1.764002047614864344e+00
2.105251806439121687e+00 1.496832909606982120e+00 5.093312278141387539e-02
-7.655882703626450958e-01 1.461623531186984959e+00 1.611207805937420634e+00
-8.735922052627530521e-01 -2.301578840995923136e-01 -3.647498002956879315e-01
-1.136754128688177046e+00 -1.075028350528110632e+00 -2.184053643736445505e-01
8.947789793378040368e-01 9.560873612411154854e-01 -1.061443249426453628e-01
8.227198034516435277e-01 4.829699029187284331e-03 8.311837957109524666e-01
8.347084693765836061e-01 3.599842303861793269e-01 -9.342122453922306891e-01
1.093539695432479975e-01 4.468732679990683465e-02 3.958352984251153339e-01
1.176544405614545763e+00 4.979882260731671173e-01 -1.067846299749337646e-01
3.178914168382344752e+00 5.457775731066324409e-01 7.755013342435025381e-01
5.037810874703203545e-01 -4.086463884451334572e-01 -6.893446983757141044e-01
1.596556906397109898e+00 2.686389602265660814e-01 1.543377520133796255e+00
1.848452572617980572e+00 1.014440940633658528e+00 -4.271252978961180835e-01
2.290363098033888267e+00 3.262370618911925035e-01 -1.453077081777470747e-01
3.047529427062423135e-02 -1.469964881409700830e+00 -5.978643771502850646e-02
1.536187871702912933e+00 1.572203114682609315e-01 5.902176023083681722e-01
7.872029657005514824e-01 -6.463721432512213871e-01 -1.236039708432941087e+00
5.506675838635360920e-02 -6.557709962172786344e-01 -2.128098595177078112e-01
1.966294749055395918e+00 -3.302300225630557806e-01 -2.388694552266356630e-01
8.697575857596684390e-02 -8.041329726523439581e-01 3.269469290789598359e-01
1.227874729874209869e+00 -7.030293719635440919e-01 -9.025489132004929083e-01
-3.410877093176529207e-01 -6.903366142413567275e-01 1.483802210106994313e+00
-2.752282592961743379e-01 -6.077840076699447813e-01 5.347474904683383601e-01
9.302055972473877166e-02 -8.644675819320557508e-01 -4.573304044474713059e-02
-6.481580810024467620e-02 -2.144451886668458096e-01 -1.113286727147156041e+00
-1.740674629417207520e+00 -1.251696194863973211e-01 -1.278963895643915549e+00
1.243241969721004203e+00 7.128616814492367837e-01 -4.106789645264615762e-01
2.822864149722635885e-01 -7.464031944083349135e-01 -1.153108528342549510e+00
-2.324129433848164616e+00 6.034444897551232145e-01 -1.734608698244242797e+00
1.749537623635538108e-01 1.496433924784002500e-01 9.836991042399119145e-01
-3.399179087571140290e-01 -6.424812876024472708e-01 3.873212156023805308e-01
-2.165840182017861437e+00 4.776832277151890072e-01 -4.879919453921738870e-01
6.334780495854389626e-01 8.877508824863742376e-01 4.688771789742258722e-01
-3.351313990178294011e-01 -4.204128001671848525e-01 -1.213384113877946202e+00
-1.483213243197219811e+00 -1.300347219961071277e+00 -1.793406367695769887e+00
1.260951042706709435e-01 -1.265821674536261376e+00 -8.365912783574830369e-02
6.035105844270438613e-01 -1.452736588640979321e-01 -4.450609369369433188e-01
6.684684293632869867e-02 -1.477852337705837460e+00 -1.534673372605053210e+00
8.028987347820435438e-01 9.126919211635489138e-01 1.166661471916476511e+00
-7.784273946964989088e-01 -4.553698584381900005e-01 -1.124891578348435228e+00
1.733169603164654848e-01 -6.528837500078363831e-01 -7.495042303491628033e-03
-1.223995589985307886e+00 1.463485071502278689e+00 -4.503068026849877392e-01
-6.013381780657895970e-01 -5.716511858175421512e-01 1.971762026575636595e+00
-1.201157803683153835e+00 6.269869178424259948e-01 5.763636389255565318e-01
9.861930071962105027e-01 2.161652064435427345e+00 1.153050549418097148e+00
-7.282133396669882019e-01 5.747006567681860467e-01 -1.237170064470400455e+00
3.182160507207402178e-01 9.012148698436217575e-01 -1.769342201602694953e+00
-4.451133087942205080e-03 5.243970822439414370e-01 -5.569086643730167818e-01
1.659929536022786145e-02 -1.163103132635439962e+00 -3.714997682601227424e+00
-1.499729787254377555e+00 1.362446637562785279e-01 1.577098424258425169e-01
-1.121980947438162346e+00 -8.035222748616372979e-01 -6.810540252564736274e-01
-3.290594531436861758e-01 1.193249384932473234e-01 5.402248915663898643e-01
-9.255284752565778872e-01 -3.182504320166648082e-01 1.231304808593590483e+00
1.847518986904649330e+00 2.003194105814457338e+00 8.141684233461828901e-01
7.780018770708516662e-01 2.450063118802359163e-03 8.429555379294686457e-01
2.046656749113842544e+00 9.577108397750426771e-01 -1.737927003283031180e+00
9.923802630222267052e-01 6.668195395141369719e-01 -1.036130432090944797e+00
-9.630608627756689355e-01 8.322568843920501447e-01 -1.037385383399487271e+00
1.871342807947864895e+00 4.414543921705827434e-01 1.012855211154852775e+00
-3.734277392007784302e-01 -1.703638375439230801e+00 -1.691331309427764662e+00
1.316591342418737653e+00 -6.210008320333617604e-01 1.204801519776748986e+00
-1.447449675661458102e+00 -2.941400956168205294e-01 -3.969479546969033046e-01
-8.044574201781917733e-02 1.104104188711806378e-01 3.062598821240648528e-01
-6.557826419534429352e-02 3.239892263318649324e+00 5.033056668777377007e-01
3.358650643720229034e-01 -1.196183075743274316e+00 8.778337778816516224e-01
-1.293483228174044708e+00 -1.263813215802927825e+00 -1.152555154309120589e-01
2.986753072519715002e-01 -3.124997712718313725e-02 1.122665157943116832e+00
-1.118049455377442047e+00 1.058398260101077182e-01 3.214357545041818920e+00
2.045173652627278127e+00 6.877744168683266324e-01 5.911135632895643255e-01
-7.473522076438989803e-01 -4.151048683262822392e-01 -1.779035748210608059e+00
-8.681350284144402352e-01 -5.674415014506148935e-01 -9.337915250390305122e-02
2.588928764468805266e-01 8.138318508778830118e-02 4.714263846823792958e-01
-1.415221768563846183e+00 1.355062914527044526e+00 -3.914832694373138744e-01
1.384822478277455859e+00 1.011611372444370716e+00 2.005760988467379935e+00
-5.625716176149789804e-01 -1.595003214954875181e+00 -1.949595631288126629e+00
2.868178811998232103e-01 7.019687476343221544e-01 -3.573159979930695673e-01
-3.336795385169888384e-01 1.381613491771703117e+00 2.915891766430589449e+00
