4.498273564449716266e-01 1.806881319633875105e-01 2.474276524487569073e+00
-1.305414380870139723e+00 -1.193222270457578116e+00 -6.674336615683892360e-01
-6.435936457356445928e-01 3.187498337218184208e-01 -1.936192190342675978e-01
-3.418543556048839083e+00 -2.196678517093745842e-01 -1.076135184746896734e+00
-1.953198887537378470e-01 1.737861688375930580e+00 -2.200924536189143854e-01
-1.088284089359346840e+00 5.606599810089114566e-01 6.933641023609171672e-02
1.639390761630593163e+00 2.816945474140780004e+00 5.840216175582864100e-01
-6.573829805698288009e-01 8.611841988684985072e-01 7.455654218836393898e-01
-2.580175274835538435e+00 -3.367198685945270720e-01 -2.648377140496007698e-01
-3.514657163554499864e-01 -6.515388471240401991e-02 1.938077619517786676e+00
-2.939006470119800873e+00 -2.449532050028240260e-01 -8.883704853761150710e-01
-1.484462654345685362e+00 -3.199394429195896450e-01 3.011464412121191980e-01
3.431866039130462287e-01 -1.018213391862194284e+00 1.145106268332153121e+00
-1.937960680500018240e+00 -1.727001815102150228e+00 -1.025823198089743871e+00
-1.683871646471656769e+00 -1.727112163475004181e+00 -3.431755936919578254e-04
1.614689586512944475e+00 -1.398410609150680273e+00 -1.589784193029628589e-01
2.844858711879527213e+00 1.214946133114999549e+00 2.483732241538085805e-01
-3.683217529493583164e-01 -1.024348905623903017e-01 1.373577429260949057e+00
-5.426303321419612136e-02 -1.097439405063342255e+00 6.418862077183666859e-01
-1.768011575736570418e+00 -1.340500129054193801e+00 -1.835317983545660114e+00
-4.746397288460263431e-01 -8.235170503616873194e-01 -2.069506954205221905e-01
-1.307897071896974239e+00 -1.976379435667419138e-01 2.055886604462807687e-01
2.610612087328939568e-01 -3.868091145763140615e-01 -5.335664944957634326e-01
3.612749730797671366e-01 5.053636669979065799e-01 6.100064253000571091e-01
7.871616102957512684e-02 1.851811603506003934e+00 -1.762039602520640402e+00
-4.945260423923800164e-01 -8.547508384733184528e-01 8.813319845922173990e-02
-1.532559586965382081e+00 4.561847477042795251e-01 1.073246480141287762e+00
-3.647987424501084042e-01 3.095849646977992808e-01 1.082516855848785209e-01
1.028054754561227302e-01 -2.686521151163265286e-01 -7.697408099000492276e-01
-1.078913168042189508e+00 1.633727128333716472e+00 -1.064186641003254330e+00
-8.475863945524833021e-01 2.024929434993021360e-01 -9.272035256235828804e-01
-1.157252611655328334e-01 -9.350779926516287199e-01 2.835887856913349436e-01
2.643268151219779760e-02 -6.865985335046832505e-01 -1.375502392020773623e+00
-1.411260707541515114e+00 1.533427158383779076e+00 -7.852989888008050645e-01
-1.196060180454947552e+00 -4.008105691072779697e-01 -3.780552679510934544e-02
1.031371283517804827e+00 1.119386759727261538e+00 9.747430212886301071e-01
-1.892777241069121708e+00 -1.956260288743062681e+00 -8.779911981323356152e-01
7.831206172901370444e-01 1.488285548628620614e+00 3.208415381089081420e-01
1.354767288421567795e+00 -1.233804645871956263e+00 -6.750981023414541760e-01
-2.375852821883752686e-01 -1.333283637040953096e+00 -2.098186473480816439e+00
-1.189474039239454273e-01 -3.404715810152705302e-01 1.344219235175351024e+00
-9.043969721305492593e-01 -4.055414205197000466e-01 -2.867980914044411245e-01
-1.133961671462712539e+00 1.053029262035862779e+00 -1.985957035518020275e+00
9.577698643130172496e-01 -3.820440274677628922e-01 1.039592061539974077e+00
1.450983258575421209e+00 1.111858827368354508e+00 6.413368724153561962e-01
5.701057313795517834e-01 -9.870268893960250089e-01 1.627801239365607167e+00
8.570440777646539665e-01 -2.125314338812761550e-01 -1.421283309498778902e+00
-1.753630868178372104e+00 -2.936809414160015841e+00 -1.054044823376262929e+00
-3.885321097253909284e-01 -1.948043949474224101e-01 -6.237814666404906117e-01
-5.372509049916184276e-01 7.369444700870564358e-02 -1.125077526640828829e+00
2.332671578199691176e+00 1.655590438274840981e-01 -1.078379840274301005e+00
-4.219838601552969859e-01 3.410121108770201581e-01 5.707362158129219987e-02
8.001016233553623902e-01 -1.478841215311976764e+00 -8.343087018072512517e-01
3.147669561197031118e+00 5.459744125451954089e-01 6.579022825579954326e-01
-1.326520932418370213e+00 -6.900113780783397877e-01 6.928657582303940909e-01
1.737905907901234004e+00 -8.958843295110618943e-02 -6.687198632344906191e-01
-2.625953222598926828e+00 -1.186129695595748990e-01 -9.551357578702797113e-01
4.974527107227167955e-01 -8.032212347672774699e-01 1.909649557812653775e+00
-2.345369311595222883e-01 -1.558842956561132143e+00 -1.531402761452984596e-01
-6.555880387611587867e-01 1.352107799362827656e+00 -3.202458663392833138e-01
-1.986874782916044690e+00 1.279901129194814802e-01 -3.504158997304003265e-01
1.029462945374032268e+00 6.014675613543352117e-02 3.892226279896151553e-01
2.556336637512874876e+00 9.603355077354142066e-01 8.471083601553561770e-01
-4.956256285039924436e-01 5.905773802070264367e-01 -2.043452547212204262e+00
-1.050952577080541683e+00 -1.295114100570369797e-01 -7.828992065381554788e-01
-7.291401106724980652e-01 2.038992214908836420e+00 -2.296195577940360444e+00
-1.062962402992950306e+00 1.783336932995987389e+00 7.362978679585225894e-01
9.147057206191675505e-01 1.573795446047808522e+00 7.549548445079419245e-01
2.554146277218626082e+00 -4.378811264005041393e-01 1.077784096087762489e+00
6.093092010568901262e-01 1.027451707513184154e+00 4.484032000866404744e-01
-5.672106406233969889e-01 1.487501904804892749e+00 -8.862115147710045715e-01
2.097414713923699381e+00 3.040097271249139199e-01 -2.374416014804813901e+00
-1.264323039926003589e-01 1.040314619389255846e+00 -4.729246798120987361e-01
-1.615255348589411666e-02 1.017336210642179051e+00 1.200748043410665433e-01
-4.969204227346417646e-01 -3.962368427295349660e-01 1.742881530365545384e+00
-8.069994879294395407e-02 -4.461850920460157521e-01 9.968731432518675994e-01
1.121785305084525453e+00 -5.491413539147050882e-01 -1.903185305626316492e-01
1.100799192226999956e+00 1.561966276485508232e+00 -1.736370813355870846e-01
1.204934517726139687e+00 1.589818569324838449e-01 3.002467508672032714e+00
1.196654257685926481e+00 1.154325418763754385e+00 7.692438744466327805e-01
9.655039585645952549e-01 7.088058890684036939e-01 -6.890716241205341319e-02
-7.338134512023741785e-01 -6.019379386714021063e-01 8.185365822330954444e-01
9.078253038738128833e-01 -3.132070449498308706e-01 5.372335772753343841e-01
-1.189959087016145833e-02 1.035323077338800912e+00 2.967211420624794593e-01
2.096160800037117689e+00 1.021248553015920102e+00 2.620760603302805802e-01
1.808848312469364394e-01 3.147478402313575785e+00 6.598364801927150136e-01
1.456033772622504330e+00 -7.959976293278858694e-01 1.044987868102434936e+00
-8.575490022082714603e-01 -7.438196853732546021e-01 -9.113405479374109275e-01
-6.487363297720349919e-02 -9.107047290817023022e-01 1.158713589540641076e+00
7.742803448281727619e-01 -1.045245637220387991e+00 -4.202421419829968086e-01
3.699355264467542037e-01 2.315414557793802897e-01 6.725851726916360906e-01
-9.632761035891135304e-01 1.623122136276163863e-01 -1.992306994207249549e+00
2.106214037012718698e+00 8.801725228557237823e-01 -1.383222929681177327e+00
-1.577233394300192604e+00 -2.553648925467050801e-01 -1.105606515656203381e+00
-4.064883060543046378e-01 -9.998943202450786272e-01 -6.373876522657265786e-01
-1.052134481876898953e+00 -1.463412646223238855e+00 -1.087575949689834509e+00
2.895075915288533697e+00 -5.659275746113223704e-01 7.981929683956565658e-01
-1.611182878080773540e-01 3.014385383405819852e-01 9.975831480667634032e-01
-1.415382682917456503e+00 3.005136932521029758e-01 -6.000466089664898695e-01
6.840490276692444693e-01 -4.029654354877636457e-01 2.130908342234571151e+00
