-9.537019055391440236e-01 1.324151587599069035e+00 7.797878530931833252e-01
4.861237468928897854e-01 1.119638082901449838e+00 -5.844097851781195896e-01
-2.692719761513484578e+00 2.456936813908083828e-01 4.475624250980702046e-01
1.289453708581075109e+00 -1.774132160012687143e+00 1.117456875892430590e+00
4.185190982081140043e-01 -7.748376899340472246e-01 2.731985267634544190e+00
8.145049602703727798e-01 2.717390706303630221e+00 3.661836432449757650e-01
1.132786966253489069e+00 4.327717863987314839e-01 2.709022909198560702e-01
-6.858628831629258737e-01 5.073596529961450496e-01 1.488476159208988792e+00
-2.134539094713731044e-01 1.357172446486523132e+00 -3.679283505334027815e-01
5.557352914543938205e-01 4.877184971675979641e-01 -9.713601921554895213e-01
5.095938812970992604e-01 -7.343951940544957147e-02 -4.186177158748795035e-01
1.493075831550134902e+00 -1.592936692983421221e+00 -2.121209228233505439e-01
-4.355041938732946427e-01 2.048395566176257621e-01 -6.693976915848234288e-01
9.514470793896501188e-01 -2.153073489073728197e+00 -8.815597157414676310e-01
1.192840537122391131e+00 -9.522245170020836591e-01 -1.419501903439888801e+00
4.463429521874297534e-01 -6.078738109075203511e-01 5.592972202750494670e-01
-1.043128440222883091e+00 -1.710903528643353821e+00 1.525075328674204478e+00
5.416779374481124343e-01 -7.841605057259555256e-01 9.490768160520606234e-01
1.269536382016766440e+00 -1.173472557317891685e+00 9.529367028288306951e-01
-9.706768433965051734e-01 -7.183615715763852494e-01 -1.396490877000506003e+00
6.421502816319581974e-01 1.088257429396557674e+00 6.870266532001318982e-01
3.262880843161838351e-01 4.707677619265413504e-01 9.814294326264931811e-01
-6.397847131510614460e-01 -1.752582426172994534e+00 1.164512348744932035e+00
-2.939283068004791000e-01 8.249644866543317523e-01 -1.122806781063957260e+00
7.309389564451509447e-01 -8.832190806596562638e-01 1.524931364209526352e+00
1.379434482687118102e+00 1.555772900386263036e+00 1.348134997522890677e-01
-7.138118516056363161e-02 -1.224590223006090106e+00 3.892797962434453307e-01
1.266845137270672383e-01 6.509747493840569721e-01 1.400755704239717181e+00
-9.652190372342983604e-01 8.090101426159896914e-01 4.589336833148476291e-01
5.437750630561122289e-01 1.174276804416115039e-01 3.725693095176886294e-01
