-1.603846276852605168e+00 6.252165807915610607e-01 2.499612740222491691e+00
4.690037890639607299e-01 1.471669136494530239e+00 -9.065634270293183583e-01
5.572258278456464486e-01 2.407096327223315901e-01 2.100254698101982620e-01
-7.059347554450332574e-01 -1.619335825317898880e+00 -2.633262844489132615e-01
8.452649042317195160e-01 -3.963883943534216581e-01 2.678019593577214974e-01
-9.926914332290872611e-01 9.936821279766225867e-01 -7.249182352491418957e-01
9.412656246195949539e-02 -1.625711761361229857e-01 -8.318272683857652616e-01
-1.273083691591653022e+00 1.133031951107069668e+00 1.896619060824621839e+00
1.446635112019202252e+00 2.406343582159036210e+00 8.638730837879741165e-01
-4.701579141355127778e-01 5.885939937704096625e-01 -4.112712677302248210e-01
-1.482092321491940368e+00 1.637782548357674006e+00 -4.839458250495966007e-01
-2.045674189198920523e+00 2.877874366445549170e-01 1.527240041480446564e-01
2.577890593555433041e-01 -2.682107134358763245e-02 6.765644268907773373e-01
1.211049326138013971e-02 -1.916219371958026496e+00 1.204320639673069904e+00
2.789902138065243342e-01 1.170677103058140656e+00 -1.307414002047204704e+00
-8.822122474376437040e-01 -5.511363634312431703e-01 -2.317573494352194174e+00
-1.934658153398804981e-02 -5.862338162632549921e-01 2.044266025746975579e+00
5.494631467794994784e-01 1.223316368005633592e-01 4.252030992912467777e-01
-6.964246048228384112e-01 4.781908352947230600e-01 1.264455096701134984e+00
-4.745663791138388654e-01 -1.278760834092273146e+00 5.576584043368058019e-01
6.578914422403672191e-01 5.254030384033707701e-01 -9.889028315561165794e-01
-1.973878839577862365e+00 -4.433597059566491971e-01 -1.699918004617383960e-01
3.007656742478703737e-02 2.989795775404384681e-01 2.417737551022445253e-01
7.830263825796999200e-01 6.745578921942563255e-01 -3.007068932308333498e+00
1.629905902324953360e+00 1.936746137087139052e+00 1.353967359768753820e+00
1.021807207091269820e+00 1.306136652360318395e+00 7.989841786275668767e-01
6.274476104877182436e-01 9.461310524632091656e-01 -5.967802394448097347e-01
8.759694623935792013e-01 -5.151390617874305189e-01 1.689490912840987624e+00
4.743852211948643149e-01 9.932261745298720523e-02 -6.934740464512936242e-01
-8.550378920713088693e-01 -8.439402012009625809e-01 -1.458833657140550244e+00
