2.470954777131744606e+00 2.073652646102033259e+00 1.664101281940672861e+00
1.997080476592216103e+00 1.044637539678927585e+00 5.166150865071116316e-01
1.443619960893059551e+00 -1.289690024130351942e+00 7.946259585504136247e-01
1.139652379508920621e+00 -8.319066317360213070e-01 6.000674834012613701e-01
-8.952895119291826020e-01 -9.345922117664851037e-02 -5.387485280589829895e-01
1.771599706926296758e-01 -8.654883867707203748e-01 -1.729460407703168112e+00
5.803371542113695547e-01 -1.022437659856497927e+00 2.307937778683096797e-01
-2.939050068253922232e-01 5.739872833265114993e-01 1.704538317617743104e-01
6.402638415277303041e-01 -1.873546995632366929e-01 1.328802988647015848e+00
-3.138238009349640478e+00 -1.493026070575858011e+00 -1.556601463625866710e+00
3.952865656235814429e-01 2.044868062380822971e-01 -6.981040049038433892e-03
-6.164561656494097486e-01 3.435021261523318881e-01 -1.130022244844540946e+00
7.001478515750950704e-01 1.757152607296109670e+00 -2.342879483528381712e-01
-1.017534075221328438e+00 -1.173663716608007057e+00 1.843661138237295827e-01
-9.298964655819985659e-01 5.081353599304313517e-01 1.421803652642164462e+00
2.409088866358433667e-01 4.310806884883673362e-01 9.678569499930009812e-01
-1.192616327259244491e+00 1.096750731721307659e-02 8.651269995794883538e-01
-7.994940138309474253e-01 -7.448936693013952226e-01 -1.906343767885103402e+00
-8.045471068328173825e-01 -5.915318255013752857e-01 -7.563036912924581134e-01
2.029287816772565312e-01 4.483947557191944044e-01 -1.540847301110150891e-01
-5.726488290777039802e-01 -1.419940094510301898e-01 -6.391585628909061123e-01
6.015794225027588649e-01 -1.019764958022468138e+00 5.399908356316285296e-02
-8.283739252887294402e-01 -3.413261741908056868e-01 -2.413820341657287649e+00
1.185455053661995661e+00 -7.924423368975512805e-01 -1.559484801125734732e+00
3.094473946761574501e-01 5.662716968293897146e-01 -5.477562408845887409e-01
1.335880471314386808e-01 4.751879418774398456e-01 -3.183902026871150981e-01
-9.385008522398941011e-01 -6.980496857858997650e-02 -1.572040376601295364e+00
1.338732948170858084e+00 3.880816844697025925e-01 1.514914742296777028e+00
-1.456965384885575254e+00 -1.008360418511632606e+00 -1.513028621422656039e+00
4.737888695763047275e-01 -1.689287317741164252e+00 8.278029734186838073e-01
-1.145201731213531637e+00 6.036615867891073073e-01 6.922091018406872909e-02
1.812041537926356027e-01 -9.725021576261272394e-02 2.064020806961882393e+00
1.102298889699934836e+00 -4.533999784553999213e-02 9.736066235526258383e-01
1.149812074170644127e+00 -4.046895183391061579e-01 6.397353190240373522e-03
7.184519903098590676e-01 -7.935454343218677487e-01 -9.771473241137571542e-01
-1.144685572987865552e+00 2.312568448100206231e-01 -8.493032347292377437e-01
-8.704776041152155752e-01 4.593599366355927138e-02 -2.854540177371606147e-01
-1.455644205154716930e+00 -1.379500669487200293e+00 2.800914486681894688e-01
-1.386595995079468180e+00 1.404959702632466723e+00 -1.482898011225465495e+00
2.487604505455487947e-01 1.163222635079905087e+00 1.441080589999370387e+00
-3.221287666657401960e-02 -7.607687849886032305e-01 -9.223279778412128982e-01
-2.347327463679298454e+00 -1.641587132621968648e+00 -1.105115251684222422e+00
-2.362486417092209967e-01 -1.789617302336238724e+00 -5.332123803022621455e-01
-2.213348570600027099e+00 -1.032076360663533254e+00 -1.108958341396336422e+00
7.017896598389258278e-01 9.119427868748035682e-01 -9.624255705279667339e-01
1.027153679427495581e+00 1.428473993743625048e+00 -1.453349310725512433e-01
1.518837372175958933e+00 1.844533930091088569e+00 1.905586391597895224e+00
-2.079598416105359782e+00 -1.251746863824276357e+00 -3.091083961278692227e-01
7.642457289944273313e-01 -6.919456609261565028e-01 -8.877618924298086300e-02
-1.423014720880450001e-02 -5.104216497408330389e-01 -7.687136222979671363e-01
1.615317726407043963e-01 1.103174836642272005e+00 4.233688780670288310e-01
-7.034596882397099460e-01 3.910571930353455850e-01 -3.646038150520225507e-02
5.548005975550531765e-01 3.682488888192458898e-01 -8.995405391478045187e-01
1.455083367191819077e+00 6.661264102434549805e-02 -2.998646104485465091e-01
-1.356103490579057214e+00 1.113463830105487773e-02 3.282418313881739769e-01
-3.768749460512673677e-01 6.909046976542438934e-01 9.741442890074787364e-01
-1.561143311194348238e+00 -1.128739234648897805e-01 -2.346579588560835372e-01
3.794393379864466898e-01 -7.131785472631314571e-01 -5.335858098865825516e-01
3.170037367227597214e-01 -1.569778788899647948e+00 -6.454224164964176280e-01
7.829327252502145118e-01 1.740820792560499486e+00 6.761064179315602329e-01
8.000867343057511683e-01 -1.599128838255875706e+00 6.215578553206169143e-01
-4.855741252189820778e-01 -5.233859761624587437e-01 5.259613349647123126e-01
-1.789547869382912104e+00 2.613871877978038993e-01 -4.818828579983118754e-01
1.421536434031888785e+00 -7.143026147450557417e-01 -1.242350812891405698e-01
7.427834397823795953e-03 -1.219414969255089964e+00 -1.711264354480543481e+00
1.447359801413727887e+00 -1.637166296874386084e+00 1.242949190997849396e+00
2.148244306122791825e-01 -2.503898330283989004e+00 -6.800012017078387316e-01
1.144200738311055954e+00 6.105847838344519163e-01 -9.570283596621631528e-01
-4.627082779697159753e-01 -2.602452568347304318e+00 -1.416476604220188173e+00
-2.330894423761118439e+00 -1.540574951559380068e+00 -2.189144689118901477e-01
1.481844418781785855e+00 1.559486931322242587e+00 4.582571135371724669e-01
-2.987802248433356067e-01 9.893232806370579890e-01 1.760534652881771134e+00
-4.756022796906899663e-01 -4.384268525607996070e-01 -2.450698914294473507e-01
1.666102948629787361e+00 1.627997686752124862e+00 1.128805038576082609e+00
-3.251625851448043392e-01 7.269143466812013621e-01 -6.042696994969078972e-01
1.983966874366319244e+00 -3.430534929898958474e-01 -2.603558191401556865e+00
-4.473995206014852455e-02 3.703021154743615373e-01 -1.979759587437532664e+00
1.435927000806984433e+00 -1.076971400960150316e+00 1.428679797250383299e+00
6.481163653172375971e-01 -7.175722127156418662e-01 8.064975914230565479e-02
-8.713785961106335076e-02 6.142587531874379447e-01 -8.186759657941860002e-01
7.428022710849343513e-01 -4.125000805275549354e-01 1.402486390488307810e+00
3.662184792446860904e-01 9.524913981675318109e-01 -8.931156300756259991e-01
-7.747547849210481008e-01 5.437800656513902542e-01 -3.552981555075174769e-01
8.142721518189510732e-01 -1.676189273731298890e-02 2.905511473910094011e-01
-5.945150507685559305e-01 -2.770244624973703385e-01 6.988679279263909638e-02
2.265673441306302216e+00 -4.513105158055094046e-01 4.963139526562755921e-01
2.239719096470274007e-01 -4.098229170646866537e-01 -3.717968374322278002e-01
-2.202298095647419185e-01 -1.639432243835081682e-02 1.397293446750401458e+00
-1.807291540819608300e-01 7.982347082488217005e-02 7.255415045907660510e-01
6.124557074809889867e-01 -3.293026542320554029e-02 -2.166835333394501184e-01
3.596518312558240060e-01 1.581201041583367051e+00 6.121993270285536193e-02
-1.682133529971981956e-01 -2.018555971887498468e-01 1.143986366439458946e-01
-2.394230769373604240e-01 9.893901815604531080e-01 1.336515755591556776e+00
1.683671742427670370e+00 8.049559587948880157e-01 1.845823074204904435e+00
-7.881986088244472555e-01 -1.208790795342877145e+00 -1.409421122137550553e+00
-1.545406200966990551e-01 3.482632514545969116e-01 -1.633072202867833722e+00
2.439928310095762498e-03 -1.381398910822656312e+00 -7.960766156352884204e-01
2.953662056246553202e-02 1.399086799765305145e+00 -8.966398828457844417e-01
-5.822008588060090251e-02 1.490244503211225702e+00 9.157875984826513438e-01
8.972742514024008020e-01 -6.104294752073018415e-01 -1.756384412018455743e-01
7.116062280666222151e-01 -1.351542930337037429e+00 -9.449329744089821626e-01
-2.295082398641012933e-02 -6.805761400005079231e-01 3.560615852761842004e-01
7.468792199729243908e-01 -8.966080063019492563e-01 -1.405576530854315553e+00
-1.408678652023229505e+00 -1.958295894565279305e+00 -1.840709970228680881e+00
1.028214671236415967e+00 1.450964908024827027e+00 1.059889196412977519e-02
1.675650085033859371e+00 4.752679371407315112e-01 7.446942406182612828e-01
-7.413443221467928002e-01 7.394929819789541892e-01 -8.553727472239802676e-02
2.292186150897955743e-01 5.117143353146093032e-01 4.776417389055117591e-01
3.728260811183881085e-01 -2.120490918724629026e+00 -3.715217697898077764e-01
-7.487725933970813541e-01 1.470391074705154288e+00 -6.914085272916404845e-01
2.023616119953193682e+00 8.974123139966792007e-01 -2.764743386405709158e-01
1.437816375371006261e+00 1.171174899771480593e+00 -1.321140878546590791e+00
-1.450966526525847122e+00 -2.738424662245925179e-02 2.637076124809760724e-01
-1.565195838035311926e+00 -7.652683547010202814e-02 9.434818413297167972e-01
-8.079400931659397322e-02 7.691404696068304681e-01 -3.549066267933288499e-01
2.314712485831642130e+00 -1.049509011935459313e+00 4.226728137912242333e-01
-1.364177980833201076e-01 3.648002797163032440e-01 -1.439271932345931315e-01
-5.522893536904039946e-01 9.820071641281402641e-02 -1.255401611873887990e+00
5.482001727113314793e-01 -1.206599773826096067e+00 2.859977600742054094e-01
-8.306803588293683038e-01 8.398502699681529293e-01 1.360650298432024785e+00
-1.761767234200567245e+00 9.015108439306143140e-01 -1.133905102324484826e+00
-1.699590856597020250e-01 -1.691600880442014621e+00 -6.912807569523192752e-01
7.239566422690550951e-01 -1.028147650433426374e-01 8.703450151732073925e-01
-2.342984153863818086e+00 1.517840366363279792e+00 -1.620171021075668349e+00
-8.334236233150280615e-01 8.245705011854183031e-01 2.424685026156445655e+00
3.483620156324113148e-01 2.057892696265519294e+00 3.206777517787280929e-01
-5.633376910986032104e-01 -1.526610689662694087e-01 -1.292853160056777750e-01
-1.188375590459001874e+00 3.440177526647626438e-01 -1.967653606996036642e+00
1.037668680019545153e+00 9.769939818440158685e-01 -2.946967558516313535e-01
6.867888449384484950e-01 -5.091305574059437067e-01 5.445660664011946483e-01
2.633776649264410352e+00 1.021943711613460870e+00 8.189582093030174370e-01
9.653821992948463659e-01 6.203422376746077216e-01 -2.660455389682069516e+00
1.466807739782493458e+00 -4.552810430642060258e-01 6.005147605347169737e-01
-8.086552575559802225e-01 -3.510142777288449700e-03 3.823211687654743951e-01
1.456309452146981931e+00 1.490621760969665921e+00 1.800883700754901451e+00
1.650509221629045342e+00 5.907710544809656739e-01 -1.016991465686936102e+00
1.926356010562523036e+00 5.523758841780732620e-01 1.053182846784969096e-01
1.707334216784447412e-01 -6.187007415215267647e-01 -3.176474988058036519e+00
3.341993029194155196e-01 1.312360995720096568e+00 1.314699591945179158e+00
-1.098629633978876807e+00 -1.309231739197388222e+00 -1.014234233425562293e+00
-1.488903784755856163e+00 -3.137700085537894479e-01 8.282205555062520652e-01
-3.006290845595726013e-01 -1.345730109083761228e+00 -4.756001451046427686e-01
3.394771418594021428e-01 3.644080056076134388e-01 -8.752081571275693861e-02
-6.774889329092905754e-01 -7.107543313502117099e-01 7.835386187241317746e-01
-3.284313097298718898e-02 2.613740653076498388e-01 -1.962470899170983607e+00
-5.956814907755302313e-01 -6.482836642476110800e-01 -1.979943818489875440e+00
-1.196875537873812734e+00 5.266459465620996205e-01 2.293024020227552029e+00
-5.264859702509726569e-01 -1.818724389605486991e+00 -1.049064445649949384e+00
6.322938691154202928e-01 1.957658217219208963e+00 1.297127962356475095e+00
2.405990419296344940e-01 -3.032899531190520470e-01 -1.854751804134314730e-01
1.387065572055092399e+00 1.444880460920366927e-01 1.108479679884203595e+00
-7.982417725712992462e-01 9.559338080115324932e-01 -7.604314287245887982e-01
-1.663290731696172475e+00 -3.235173198780177395e-01 -6.740299043035400395e-01
3.829375688930590771e-01 2.457377507339703060e-02 -8.255723930152685242e-01
8.970541838512815502e-01 1.070229331992174959e+00 6.419428711314930647e-01
1.699849858485294463e-01 1.467142158474526115e+00 2.211845027300012312e+00
-4.311734869727262276e-01 -1.205973638609942444e+00 -1.794392369805632104e+00
1.615686012327842702e-01 1.210792065267673578e+00 -1.290188903333421511e+00
1.737022042903062280e+00 7.902869476947437244e-01 -1.135936426213935979e-01
3.152270476276153310e-01 -1.965263508800535019e+00 -3.176325060098170727e-01
2.266876062703183425e+00 1.360129761547217875e+00 2.572082565246425201e-02
1.771204942636780855e+00 -3.897857945189883155e-01 1.695530695004871191e+00
5.389362825526189393e-01 -5.846911783136330421e-01 2.170409843530301863e+00
-1.326505641173606920e+00 1.129388181779466427e+00 1.428739456019522347e+00
-8.513850705786034645e-01 2.147432256588978294e+00 2.479915294298792539e+00
1.413941271217400875e+00 1.542325863041152711e+00 2.354151441675308432e-01
-1.442217366604305440e+00 1.414004638103740330e+00 -6.915720143995227609e-01
5.875754802414484557e-01 6.097759222661751632e-01 1.219379705387447999e+00
5.538566213915849801e-01 5.545059352190234714e-02 -2.542008641831857707e-01
7.098365764333447459e-01 4.283858320774724948e-02 1.924095719636457202e-01
8.176133776218050819e-01 4.759406214549953273e-01 5.911914374437123865e-01
1.087803177432469237e+00 -1.924568642280390929e-01 5.513848257836235778e-01
-7.576271309164253065e-01 2.113778032696533860e-02 -3.543730086349182185e-01
1.482179089377676506e-01 1.790669812127377636e+00 -1.030844933156009002e+00
1.090681701859689268e+00 -1.366364149251982685e+00 -5.875374141391959126e-01
-5.030403658351494389e-01 -2.905999255614928334e-01 -2.901026867962798184e-01
-6.481979763489136293e-01 -6.715988474366223482e-01 7.094348614990244606e-01
3.583259036096818062e-01 5.309846960870540089e-02 -4.870333614411617162e-01
-1.873869596842331342e-01 1.359460823657202333e+00 -7.354364632751635433e-01
-5.225345229720070872e-01 -2.038458927867753623e+00 -1.628676105941375463e+00
-1.456620038095343128e+00 4.550543831506090875e-01 1.938395110787757281e-01
1.558040117083021592e-01 -1.954695489303438505e-01 6.530381365467158306e-01
1.477124145744584061e+00 -4.744383385024198985e-01 3.197517566037689551e+00
1.115835179867043614e+00 2.491241424088439960e+00 -2.083583891790216081e-01
2.849604656102906475e-01 1.089887503448120354e+00 -1.527566831221792709e-01
-5.149379026151257310e-02 -6.476791872528867566e-01 -1.070091582684427500e+00
7.158326487627233448e-01 9.983038642611008484e-01 -3.806954401151152467e-02
1.293419969405940506e+00 1.973245615848832069e-01 -1.748418289537371773e-01
1.930946254829485897e-01 5.501197826923037715e-01 -7.551350342264617765e-02
1.367464420953984794e+00 -3.570822945669925863e-01 -2.441213135251996125e-01
-1.150499587307377780e+00 -1.116409349421555230e+00 3.714743717717642335e-01
1.133696192371377087e+00 -2.119281809973304842e+00 -5.657609191668295789e-01
-6.004494625034971778e-01 -2.221337065355277196e-01 3.814535182426548321e-01
3.116451777382465149e-01 4.035888797739617395e-02 -1.533313215089011083e-01
-9.669520207833584013e-01 2.400967098880866679e+00 -1.824747041753606469e+00
6.916537619761132794e-01 2.002339236836224501e+00 4.665633584139894374e-01
-8.746954098502872643e-01 -5.589078035312429193e-01 -1.864595305747809295e-01
9.422377218014794664e-01 1.719469421951985155e-01 1.914438604774789665e-01
-7.389603049684053682e-01 -1.903682067691664370e-01 -2.407381413944781334e-02
1.166285244023852918e+00 1.493555423128837822e-01 -1.449090927497714842e-01
-3.956254633635518214e+00 2.045685346516752379e-01 -6.481692559863564407e-01
3.930618378989030881e-01 1.760599586157021390e+00 1.675442275713799445e+00
1.286745144705292443e-01 3.087771505568823738e-01 -6.219338613109433034e-01
-2.075993507980784525e+00 -1.917609021089248689e+00 -1.026488397873165148e+00
4.795285871352437113e-01 6.994371751143031446e-01 6.721501357142845023e-01
3.220860277921425707e-01 -1.041086123301503852e+00 -3.408757674052135256e-01
-1.026519796144012897e+00 -3.348380747097098542e+00 -7.125235638605373900e-01
-3.720937306190880145e-01 -5.943887248492170094e-01 2.293054119343340691e-02
2.398260092604481919e+00 8.028315064615758612e-01 1.387240784612232325e+00
-7.733077934526169095e-01 -5.366601969660623750e-01 -1.064969620801928585e+00
-8.273149530917853767e-01 3.045925015770930555e-01 -7.093919149155818449e-01
-2.160812161687211130e+00 -4.625313638335155075e-01 -1.145138300008703869e+00
2.141110130067116479e+00 2.226592985229048249e+00 3.550588710361024525e-01
9.061184344459576323e-01 -1.041247433954136437e+00 2.771634154306997777e-01
3.340845600873604493e+00 -1.408469129095211825e+00 1.617182904783583952e+00
-6.677490172885703901e-01 -4.268539934519947066e-01 -1.094302064036696276e+00
-3.334995775447954225e-01 1.713008499457500111e-01 1.196493150838206621e+00
-1.434994516122182873e+00 -1.942993126751116240e+00 -1.597635645954894157e+00
-1.218162843459970279e+00 -7.757523971238771132e-01 -7.409742295459367245e-01
1.367231561174925281e-01 -8.461858397736838899e-01 -1.448586886599339429e+00
7.963375205975684601e-01 1.178968803366525320e+00 6.660437636544322970e-01
-5.462710418428928794e-01 9.873958092684038679e-01 1.012648272260540772e+00
4.375679898777072863e-01 -5.639468208477722566e-01 9.574968769898983822e-02
8.244164402186049401e-01 2.018197314333280978e+00 1.179019138975637038e+00
-8.833297341858334928e-01 -2.463570728379502195e-01 -4.176902299405091390e-01
-1.409463920923541558e+00 5.405700740824468387e-01 -1.884195013412118591e+00
-2.049095344337742652e+00 -2.361741063730792844e-01 6.004294837029859888e-01
7.570914096866721010e-01 2.335902113279259007e-01 4.665483331722393157e-01
-2.450961482986185880e-01 1.524376238760957847e+00 1.595184004765728192e+00
1.162587175779418169e+00 -9.011929523074106996e-01 -5.526852023581620976e-01
8.810125996072215582e-01 -8.743791182960614083e-01 3.197788022935879049e-01
-1.007953889437871453e+00 -4.201424258721697669e-01 -1.436454243950343157e+00
-6.169216258243479523e-01 -4.673351114258830208e-01 -6.797411663780605906e-02
1.400002332270984251e+00 -1.788502194043305904e+00 1.681381489077831137e-01
-1.182338939452837190e-02 -9.045702981278458399e-01 2.247331418716628226e-01
-1.307537476803473542e+00 -3.304154058672936767e-01 1.246431393738915760e+00
-1.032610832059134509e+00 -1.641785724538145752e+00 -4.402672474876179187e-01
4.450471812569667951e-01 8.764555732243412001e-02 4.552459836971452511e-01
-2.185896745020244225e+00 -7.636881563645181448e-01 -9.660016263432860129e-01
1.255010023278521292e+00 2.127095817369516695e+00 1.886733364404841184e+00
-1.617560265027589983e-01 6.932051087369418552e-01 1.204546797650628553e-01
1.471089967658308018e+00 -1.033115973467956694e+00 -5.713943907222962526e-01
1.629583029422811746e+00 8.084399174364724772e-01 -7.064363927030143930e-01
2.063395110862107806e+00 1.633531267191782765e+00 -3.956978900467910121e-01
8.590868410968293123e-01 1.987203785413407253e+00 1.142067987515100969e+00
6.506355698432544354e-01 -2.198319499023150270e-01 -5.284714479649128549e-01
-1.949061086604019222e+00 -5.166589124216217632e-01 4.235043088980087189e-01
6.949563957390493263e-01 -4.588621134276619218e-01 2.051135562215610442e+00
-7.423608293552415027e-01 -1.437078645206894212e+00 -4.744231672616477380e-01
-1.930315894886536210e-01 1.333640091682671391e+00 -7.090039209688011601e-01
-7.470883097990248523e-01 -1.317851503122599022e-01 1.216175767033278898e+00
4.659746834408049487e-01 -3.569494987721044676e-01 2.763895685146500192e-01
8.181688786967844518e-02 -1.615838836464638995e+00 -1.200470353860592976e+00
-6.719403521070433927e-01 -3.319315820644760384e-01 5.534400396477412443e-02
-1.024368403252336135e+00 -1.580073098249405450e-01 -1.571614469594680541e+00
-1.071818339228873374e+00 -4.676380312773992798e-01 1.828019003225858086e+00
-1.711294758881133360e-01 -7.375068986473204413e-01 -7.293164703894317036e-02
-4.683000815808180395e-02 7.372244764202757761e-01 -5.898664103303752348e-02
8.888866579821432801e-01 9.229322107948489951e-01 -3.066162395593520773e-01
3.406457730327995259e-01 -9.061458533549160421e-02 3.459334679434697413e-01
1.450211426733323039e+00 -2.157447336904320778e+00 -1.118330290264435423e-01
-9.511734040084622865e-01 5.043755958408779883e-03 -6.338537292655754829e-02
-1.938907705058624309e+00 -1.410189278947919345e+00 -4.486606983281868910e-01
-1.199202883692435107e-01 1.946262625903404597e+00 6.009939165788075188e-02
9.062644311151770715e-01 -6.037942476202300401e-01 -1.031378539943935024e+00
1.932289286400355355e+00 -4.742213200587096500e-01 9.118676723106169391e-01
1.954140682281857444e+00 4.278516647828345953e-01 1.562336859448535176e+00
2.948933263506525737e-02 4.869359955658965067e-01 -1.337656615287551087e+00
-1.707571511860677349e+00 -1.549784489078971816e+00 -6.380302194891941392e-01
1.724925403699726911e-01 6.478482810377392820e-01 1.312701401516476185e+00
-9.563170556109611420e-01 -7.181141100725241255e-01 8.776554195198928987e-01
-1.316242689621158535e+00 1.029624771045750675e-01 -9.817630332237503588e-02
-8.347867127605244075e-01 5.867700411730207843e-01 1.195428654399599999e+00
9.264496391469989600e-01 -8.812765452421600365e-01 3.700713508116607597e-01
-4.894054586788793015e-01 6.727870378106945992e-01 -2.350362952317144316e-01
-1.856094516830353314e-02 -2.273728156297297520e+00 4.665799782944501928e-02
-1.164957281337868911e-01 -4.195060325045877891e-01 -3.484541425708749252e-01
7.148012411412574263e-01 -6.531375038746181083e-01 -1.599616140773857831e+00
5.952852843380751491e-01 -4.578934821233160424e-01 6.281289157793237266e-01
-1.262029133046596030e+00 -4.171936921401291354e-01 3.509647237179004398e-01
-8.531293924963643249e-01 -3.579092791149353081e-01 -4.262679732350715955e-02
4.146237243701381137e-01 3.228345331847122246e-01 -1.191848886464708102e-01
-8.201267131227359952e-01 -8.399675077938113521e-01 -1.911372690670342767e+00
3.870985744597146838e-01 1.123050785883222269e-01 4.107595856539231760e-01
5.969994001243497106e-01 -2.508786094010769796e-01 -6.427973269345736984e-01
1.661359280938368155e-01 -1.677337032351814416e-01 8.357596019775256346e-01
4.134484809478002343e-01 5.598005657048675809e-01 1.327413688977797879e+00
9.666295141868952445e-01 5.081683071947940000e-01 1.406441469267973421e+00
-7.400971635393063242e-01 1.296761296819223919e+00 1.294409296937709009e+00
4.050627213544627514e-01 4.093330223889193320e-01 -6.637423057960998296e-01
1.568671629688006997e+00 -1.248345956210686891e-01 -1.375773141124267740e+00
1.564377419369022415e-01 5.244782074090028612e-01 1.298049258295586927e+00
-5.149649423895816813e-01 1.298872630324493294e+00 1.897663649083068282e+00
-1.932875706346683709e+00 -2.089231906917779824e+00 -9.240323511110273280e-01
1.071127025465659965e+00 1.578983387190054044e+00 7.823508333112718649e-01
1.279749402914555634e-01 6.904430394620607592e-01 1.471415720233598456e+00
-3.528455512185268428e-01 -5.651308691290046760e-02 -2.949607359628718228e+00
-1.659705051321813007e+00 -1.474808225102071990e+00 9.815591777427390419e-02
4.180385771464043554e-01 8.762271143789563954e-01 7.155481598515198716e-01
-1.220349033849059239e+00 -8.697761828711370047e-01 7.221747784306131734e-01
1.739931797170804373e+00 2.126389027672899168e+00 1.111448552308246462e+00
-4.464144449790596880e-04 -9.751156932859631477e-01 9.675496031165409239e-02
-1.964565020053126387e+00 -1.111997905582554402e+00 -6.059943856318762423e-01
3.920068625352162162e-01 1.077101716153337385e+00 -3.894058771631077054e-01
-8.333176522582470547e-01 1.852298205049157875e+00 -2.341075976446593820e-01
-1.319911401285004393e-01 6.273315325802140130e-01 -6.135209090188309400e-01
3.994635396343987344e-02 1.869672680628713946e-01 7.242738408765975189e-01
1.768524307697246778e+00 1.241196311503093730e+00 2.465041941340264220e+00
1.505067126811673317e-01 -5.993043551961174664e-02 -3.374322640637422155e-01
1.450644119668635268e+00 7.271408147661199139e-01 -1.272197363961482308e+00
-1.879750394529476343e-01 -1.015372342722072663e+00 5.361108330379362741e-01
3.046901885017357925e-01 1.792129196500492627e+00 1.646174077468157915e+00
-4.681530758983741825e-01 -1.492535354518571111e+00 7.920510262774433929e-01
-1.067290637903010708e+00 -5.531688959595727484e-01 -5.960519706599625156e-01
-8.686152929347046303e-01 -8.423227254485610160e-01 2.993744000180265097e-03
-1.952492571043125125e+00 -1.028153278288546080e+00 -1.148197732334702015e-01
8.591997088456055920e-01 3.337713913543969846e-01 4.295577686206769608e-02
1.036875706128117969e+00 3.015780109359820216e-01 -7.051438576952491211e-01
1.856138530723477009e+00 4.582176683871118650e-01 1.042184367939402279e+00
2.697596171469021975e+00 2.692846066763307511e-01 1.764667217705404800e+00
1.530474848583973091e-01 5.761755206376869554e-01 3.277178436284382546e-01
1.802397748867643479e-01 -2.737822554456189605e-01 -1.085845225334827746e-01
4.088072380727748589e-01 -6.286642015224052082e-01 1.507504305479109963e+00
-1.189162756915596031e-01 5.722648782800003886e-01 -1.101931058189099533e-01
-6.325380274724401453e-03 -4.519734094900396126e-02 -7.079050238491730873e-01
-9.057966763466974713e-01 -1.160805773333584368e+00 -2.051819782552038340e+00
-1.218473978230216304e+00 3.646794803535557961e-02 1.494327194739728526e-01
1.625893756928947775e+00 4.237596149424507352e-01 1.089693981770811337e+00
-1.671035209952084433e+00 -3.671076563411873606e-01 -2.345649264281290391e-01
-2.296798006202800391e-01 -1.476600774065167432e+00 -8.807408402242025147e-01
-1.993578398653923500e+00 -3.665666097274874469e-01 1.323015099343947121e+00
2.066973661814474283e+00 6.761843531721182243e-01 1.427506773538874008e+00
-2.707651301999941529e-01 -3.013301834058593753e-01 1.694657088214927221e+00
1.697218162827440535e+00 8.661273565664093788e-01 -1.152555074274669300e-01
-2.503754091005585547e-01 1.134877328179817013e+00 6.758003333680058233e-01
-5.608889043217748505e-01 1.834034471963797985e+00 1.475843396576147715e+00
5.589945374879290441e-01 -5.439403019833158881e-01 -1.192486208055790309e+00
6.294922405586639291e-01 5.745767838461858235e-01 -2.867814108316939503e-01
6.812224865028717602e-01 -5.701710310981866758e-01 -1.767045746143358187e+00
6.193012000318875998e-01 -1.578049637412701545e+00 3.039825103986936172e-01
-6.021911931187733380e-01 7.639930214101642303e-03 -1.705505716328129751e+00
4.242091497918143439e-01 9.740806904375156616e-01 5.270160072179336241e-01
-2.153709875166455179e-01 1.032465000095083241e+00 8.246466748325125273e-01
1.632053932769583549e+00 -5.541201778352862206e-01 -7.127449243739034657e-01
-6.920036226810200031e-02 -1.919297582979087036e+00 1.132350770080668534e+00
-1.538155489706798162e+00 -9.700036105599032510e-01 -1.087428821543102497e+00
6.381471166363108516e-01 -6.714294857456424293e-01 -1.673001563914837231e+00
6.667833068599008373e-01 1.420745372695436437e+00 -1.349915684395400772e-01
2.314519371597476560e+00 -4.119495019163239569e-01 -1.850242243708918322e-01
-6.689045306868561802e-01 -1.389883552032244118e+00 -7.470539332882060179e-01
-1.015846944719179579e+00 5.969466905705800297e-02 -2.689322764707419156e-01
6.757606419092030414e-01 -1.113632950188530035e-01 7.543761876241354969e-01
-2.046345761825473453e+00 -1.891340062374180508e-01 1.664204752757069361e+00
-7.096888045503222386e-01 -1.531293808551766333e-01 -1.601289361160370683e+00
2.980572115732108562e-01 1.967895885751659080e+00 -8.227564416394508306e-01
3.329619680482442945e-01 6.469536755608449319e-01 7.990235913474248441e-01
9.917651537021195951e-01 -1.165532636795258981e-01 1.447276675538224922e+00
5.911683844046805580e-02 -1.422061044519571826e+00 5.426410434304314023e-01
-9.315381539969396218e-01 5.579206612707463542e-01 -1.543366857954510674e-01
-1.343863278236513414e-01 -1.212002515610640652e-01 -2.556966390444820325e-01
4.631468863986469842e-01 -4.468494593661992420e-01 1.905385410010042246e+00
1.698740442521240235e+00 -1.641010131358089374e-01 -6.666958821307533700e-02
-1.199901274010621410e+00 -3.920279139147711533e-01 -2.811721303477058287e-01
1.696033982753118785e+00 1.787907713427993261e+00 2.076723259593293847e+00
1.632010374620335380e+00 -1.439230048256554984e+00 -1.507175637898170883e+00
-1.125110465966154827e+00 -4.176733225440859565e-01 -1.182855204754118539e-01
1.629136094572320337e+00 1.463115188772066588e+00 8.099999628516623140e-01
1.258914200895709268e+00 7.478133691762443025e-01 -5.517822184090146465e-01
-1.583093041528452982e+00 -9.331208793216269060e-01 -1.010818333073594477e+00
2.535119672921190559e-01 9.786821462154766671e-01 5.065252211037076790e-01
-3.627860020002332542e-01 1.257009592344074944e-01 -2.209104175926155378e+00
-1.852407364996161432e-01 7.988120445869384412e-03 1.509387535195551244e+00
6.861428528663763293e-01 -8.057345017494099704e-01 -6.133858994784606722e-01
-1.593445706262409889e+00 9.894455962610186894e-01 7.344336531706068261e-01
-2.743688547937780942e-01 -2.470915311362734124e-01 -1.654588977120177384e+00
5.552508419493942249e-01 -1.206139125473885354e+00 -2.109784496800050313e+00
6.972674500296744959e-01 8.240085428975880699e-01 2.728211899592072331e-01
-6.844361520182171699e-01 6.104202673586938133e-01 2.232309617612124875e-01
-1.852677369062621482e+00 6.512270536211290928e-01 -7.347718496463597759e-01
1.191568854312019532e+00 1.069808484755312206e+00 -4.097243852890886107e-02
-3.490780973813305543e-01 -1.048432062706904144e+00 -2.765933213710210392e+00
4.704045508001509779e-01 -3.552714592290040496e-01 -2.680231349651688522e+00
-6.100468342980385206e-01 -2.103694463624975475e-01 -4.249898984177564731e-01
-5.477368175224608393e-01 2.217587856996554585e+00 2.531438431144396040e-01
1.884245750126191110e-01 -7.089547526475554751e-01 3.456492363439478410e-01
-7.883859503996054618e-02 -9.449349930386865548e-01 4.842414081783223967e-01
-1.193140639408369230e+00 -1.903818589245497295e+00 2.476207882340027977e-01
1.318183877725049413e+00 6.507478583093537772e-01 1.163789203025628938e+00
-9.722609103262200847e-01 4.623446465484282175e-02 -8.946633597079485245e-01
8.454869880053456077e-01 1.568691298831130343e+00 1.460353487632684022e+00
-6.877890025094777204e-01 -1.670344806043474684e+00 -1.407656829332076143e+00
-7.987118436422591117e-02 1.592715293428663692e-01 -1.776608121107758453e+00
-1.836626456608390079e+00 -2.342051077951304294e-01 -8.950192888407925151e-01
1.061075655952046670e+00 6.980021130664961770e-01 -2.256879896776815553e-01
-7.345874985998002149e-01 1.240625213338218513e+00 5.306804398373921039e-01
1.304189082839950720e+00 3.853529537446176434e-02 -4.353096862205855233e-01
-5.762583721343924603e-01 -1.704546154438290939e+00 4.278544371278217850e-01
1.913786041204490695e+00 -7.792160919247654860e-01 2.969834547741946329e-01
-5.985059407467273607e-01 -4.488497781492964411e-01 -7.460948331030604619e-01
9.883623575753497370e-01 -1.741329806427508453e-01 -9.485826218666004728e-03
8.824690140327600130e-01 -1.547002167859025112e+00 2.194457207440998481e+00
-5.117570250800527187e-01 -1.573317555928801514e-01 3.013662856895060749e-01
-1.789373367552882677e+00 4.115215934697491473e-01 1.123507755164032673e-02
1.488300472479492154e+00 -1.786452649822254823e+00 -3.545168936683735783e-01
-1.794868481447828623e+00 1.256000636097175827e+00 1.030304000502535677e+00
7.494747024475676422e-01 1.664231541113990742e+00 1.757589510588283055e+00
-9.616938904387639653e-01 9.232443357920299132e-01 -3.764423737285241822e-01
2.171890436733967089e+00 -4.522794074226922367e-01 3.813034906124134760e-01
2.787645196970640060e-01 2.269274923182143522e-01 7.328498407960609695e-01
-3.128257933152265302e-01 4.805644700181772588e-01 7.342960907247217950e-01
2.676313316769929340e+00 2.699459967243572622e-01 2.957434964688931966e-02
-1.936529009637762089e+00 -1.684294629351603678e-01 -1.195810949238827803e+00
1.245020090064432039e-01 3.845373869718144988e-01 1.599435697412872281e+00
7.866625918080731861e-01 -9.972204468494918483e-01 -2.022271667475752377e+00
-9.307719448748421609e-01 -1.372988059944676986e-01 1.144474708698333121e-01
5.911831707649797263e-01 1.300597982935232322e+00 1.238682022131080807e+00
1.331636388219527678e+00 2.321533993592352352e-01 1.423971721718772177e+00
-6.586801570361431324e-01 -5.128273042180353514e-01 6.301248586145539177e-01
-1.793285789876049474e+00 7.280808409926536884e-01 1.872754196083255662e+00
2.286287429319902476e+00 2.625418306856986295e+00 4.681024742949452255e-02
-2.195117430267760072e-01 -1.320238073952078706e+00 -2.041369624762368495e+00
-9.362057130813978834e-01 4.846148208134236635e-01 -2.618538360634992124e+00
-2.194774009249651492e-01 6.340716881047053777e-01 1.991309366204058184e-02
-2.131380796132782418e-01 -2.017317043324200920e+00 1.781500531274687438e+00
5.017330405484703437e-01 -2.167100437508893140e-01 1.048446121787558472e+00
1.264730840959184421e+00 2.805186188157813287e-01 5.195557791975894402e-01
-7.770704074556060714e-01 -1.236654114923075864e+00 -1.078493353451547065e+00
-2.352249632995509487e-01 -2.347164936853725958e+00 -9.192270641119992813e-01
-9.396626933882628041e-01 -2.149698290094946174e+00 -5.314383308017417429e-01
3.396514585652941953e+00 1.646331091468906216e+00 2.508669177740419087e-02
7.179042807606909049e-01 7.247219550171435376e-03 4.054502452979968918e-02
7.641679322824985743e-01 2.125931445400865538e+00 1.534217001905396671e+00
-4.630496702148046984e-01 -3.738725452377744674e-03 1.278682685896183280e+00
-1.619351821159197069e+00 9.902468785226414827e-02 -2.987618350567588510e-01
-1.545274600881726967e-01 -2.794943707502663410e-01 -8.340808691068368752e-01
1.556888244716489789e+00 1.620007980207152309e+00 1.175468936957104304e+00
1.982592901076190461e+00 -4.025957968385176500e-01 9.612254216754650971e-01
-4.472233514965860968e-01 8.807267715932018959e-01 2.772397156244699623e+00
1.111568661966932936e+00 2.096140066352502607e-01 1.474196705456054080e+00
-8.189713000010406807e-02 -1.697414228605492736e+00 -3.172520148892679082e+00
1.253728695154628481e+00 -1.463833662543556624e+00 -1.676915768155525566e+00
-3.228850407529787470e-01 -1.149118141651991110e+00 1.466078183751460928e+00
-1.810651232041588621e+00 5.247501131748905090e-01 3.905895898713948600e-01
2.802189295084287490e-01 -1.740355218647698932e-01 1.754221396305445824e+00
-2.412997956492856089e-01 -9.835796914408165836e-01 1.222827484929843500e+00
4.379307228055579482e-01 3.132270894882240864e-01 -3.239079110082971891e-01
-1.824019615928750948e+00 3.188433125744916108e-01 -1.785635871473022496e+00
3.792563100112333885e-02 -6.489447964074451791e-01 -1.524610992960127476e+00
8.944625426333879803e-01 3.907869716169373175e-01 5.373503454326065132e-01
2.617254729492143328e-01 -1.027437981235525211e+00 -1.236974098694521240e+00
5.426428354705964408e-02 -7.179770840908437091e-01 -6.258255077909229414e-01
-4.705280163481880829e-01 -4.382027690460185143e-01 -1.414407421291921541e+00
-7.225460877360609935e-01 -2.362956226462872289e-01 4.797332797291210538e-01
-7.847442808503152234e-02 -1.363770220530085897e+00 2.338045883744790387e-01
-2.703188789300908557e+00 -2.342180760295248243e-02 -1.566381220477708891e-01
9.703493360073480734e-01 -3.041951736530187356e-01 6.709434590048352076e-01
2.373185891869581177e+00 7.539891350616663157e-01 1.591548984042513215e+00
7.593317389908365023e-01 7.923467087315088087e-01 -3.829132595699002994e-02
1.463502922685315122e+00 1.562907516521406137e+00 -7.982846975657054145e-02
-1.389495665447518791e-01 -2.221916981794734181e+00 -5.823221889941212481e-01
-8.655323654235167474e-01 3.517525537105807842e-01 -1.026355875675098783e+00
1.383910106462271195e+00 2.362107079700606072e-01 1.073415721756200703e-01
-6.256810638231530275e-02 1.165816416444775960e-01 1.589867371823679987e-01
-4.916960267831442799e-01 -9.426502371211185061e-01 -6.375586015928469408e-03
-1.654911029513120191e+00 1.247473816368384503e+00 -3.801600777027617450e+00
-5.958142423912953234e-01 -1.967037743664287186e-01 -1.464710071156702376e-01
6.615291733984227651e-01 8.632243290269903113e-03 -1.221059896924098220e+00
-1.484234073248679842e+00 -1.286936070467877835e-01 2.558446370056528529e-01
3.539697296443031771e-01 -1.689683104109687140e+00 -1.843722999587147582e+00
1.743249260527371503e+00 1.830170523661816429e+00 1.068714150791526540e+00
-1.243660954483127412e+00 -8.280002839877735887e-01 -1.911223383508402485e+00
-1.125455460762222248e+00 -2.869538544173007022e-01 -6.216111675101113621e-01
-5.563090686522763617e-01 -1.123334583740849935e+00 -3.313775439794138800e-01
4.847418762764810762e-01 1.099824349590133643e+00 3.876593349322172144e-01
-1.319686249277893575e+00 5.352473697609136938e-01 -1.298173103216750501e+00
6.256987086690372069e-01 7.149223968136472207e-01 1.919875045839601890e+00
-1.351038214727680042e+00 -1.133765679664646475e+00 4.766548179351827175e-01
-9.174165922542698581e-01 3.421593126223559378e-01 -2.033629389367123341e+00
-6.775619188412014271e-01 8.606769443440069889e-01 5.388908804328231827e-01
1.236487800627171119e+00 -4.122078251519291081e-01 8.132281853114704528e-01
3.038141907301142863e-01 1.280805484935720884e-01 -1.635223700569627070e+00
3.973447734511440510e-01 -2.134894148700019478e-01 9.366092425847372116e-02
6.815127924953887639e-01 7.805871967866762073e-01 -7.123851400444614068e-01
-4.988184288653514376e-01 2.006074329409658574e+00 -8.774689183037986950e-02
8.022081960404524592e-01 -6.051715127191996668e-01 -3.575779243576262534e-01
1.014804625672810934e+00 -5.572475330341246647e-01 7.621583192792860117e-01
1.892236891930719200e-01 -1.867156247902589383e-01 -4.646607983141172182e-01
1.353036156684418678e+00 -1.178457387880122997e-01 5.964445899072097212e-01
5.787545186778519923e-01 -2.965564571260891125e+00 -1.861840807163334111e-01
-8.101165931762621675e-02 -3.631606140339651012e-01 -5.558018852950209476e-01
-6.093862113333592401e-01 -3.089743133381623874e-01 -1.844987967622083946e+00
-1.332093058450782852e-01 -2.368324570321346245e-01 -1.049581948766159289e+00
-1.840711287823565190e+00 -1.055457126180637140e+00 1.357755378924250689e+00
-1.059064179686759921e+00 1.394858092119977133e+00 8.736466941807758957e-01
1.378787861939152481e+00 6.714110224452339848e-01 4.752027002027421898e-01
1.099942382982620925e+00 -9.101907975340923773e-01 -1.385410700339389400e+00
1.031298732060400569e-01 -2.716214617140439991e-01 2.507175545360240676e-01
7.551396417172482334e-01 -2.104771014475284030e-01 -1.183929836795225121e+00
-1.781905021259292621e+00 -9.519113884744279108e-01 -3.186447156910907630e-01
7.954832385470860245e-01 -1.321160443822284147e+00 1.952113826953804310e+00
3.923388323022092838e-01 1.021687418257106739e+00 -1.619802252207472870e-01
1.073021345727075637e+00 2.945333507855141253e-03 1.969293102551542995e+00
-1.014617898610935764e+00 -1.661744544707765670e+00 -3.317501407942414771e-01
1.039639146228366062e+00 1.878940570900466955e+00 1.373655640932056388e+00
1.379379164486206566e+00 -1.177671031178410654e+00 2.417772031038892266e-01
-7.822853240100550165e-01 1.174110422186356306e-01 3.854046287323742437e-01
6.655120301541856964e-01 -5.443427137841312380e-01 9.300196814785199884e-01
-2.354729172426982764e+00 -1.882085355034303964e+00 -9.874652299239946585e-01
9.854551427636896177e-01 -6.339703160653620273e-02 1.726331652237786507e+00
-1.420842399206454276e+00 1.164739182615543100e+00 1.908587118576580144e-01
-2.033520047464881131e+00 -1.274220921989395627e+00 -1.331907241001573983e+00
-1.643343373254505746e+00 1.707794519572002345e+00 1.123804982632714999e+00
-1.022137522308860902e+00 -5.089165243086644086e-01 1.171056177782309415e+00
9.508939101511173497e-01 1.165359398429612448e+00 2.477710455582387006e-01
3.491829865503837116e-01 8.466967482732845607e-01 -9.190513312161623372e-01
-1.774706274763060421e+00 -1.487110046291587606e-01 1.924270899903709697e+00
-1.536161828505907545e+00 -2.146752849698258636e+00 -6.113186915001982413e-01
9.381523227840199430e-02 6.036911746857051009e-01 1.703284799747815104e-01
-3.478330761687109529e-01 6.352686807938427993e-01 -2.331044360295195794e-01
7.610598773267723827e-01 3.464236939216939759e-01 1.625645757743529707e+00
-1.335268169985496689e+00 9.510217917919920882e-01 1.065571684075514280e+00
3.966926737250004997e-01 -1.580670689015788666e+00 9.534636402534257815e-01
-1.238500732377591840e+00 -5.741785244747720229e-01 -1.409518558204403416e+00
7.503544503426686774e-01 -1.909423735729188221e-01 -1.278987257943605682e+00
-9.053483369679289350e-01 5.465397024634415235e-01 -1.083198334238746341e-01
2.424407065987123744e+00 -3.066268157730145383e-02 1.986695638457619539e+00
2.373035439930313739e+00 2.580991721077800172e+00 -1.035356576648208460e+00
9.678841644223390439e-01 -1.166503141869434934e+00 3.687371917934678667e-01
8.632608503772520869e-01 4.765412173852962008e-01 -4.208111208997500352e-03
-8.049171820897189633e-01 5.238968759869455649e-02 -1.346002047737169915e+00
1.125461374551567917e-01 6.205825448298440961e-01 1.707246006976305575e+00
-3.625327174419951115e-02 1.364258328922546282e-01 -9.328775606932214748e-01
2.767353167892341870e-01 -6.513953582850677826e-01 -1.333756004521005067e-01
1.122923024794135749e+00 1.243164291628455764e-01 -1.006057864364608756e+00
2.967625554927377785e-02 1.246785235691005855e-02 -8.363919674278690319e-01
9.412390893391158198e-01 1.158415575450483459e+00 -1.339522060606324283e+00
1.600554196546826624e+00 -1.163089888391740878e+00 3.951539656125485633e-01
-1.669192046416122510e-01 1.599977353000376912e+00 -8.181545241651877465e-01
-2.886056366979035115e-01 -7.900019906945030534e-01 9.914718432026006223e-01
1.738802692723806498e+00 4.434453741833230267e-01 -9.229548423411253477e-01
-3.572366218668113991e+00 -1.541973394995268087e+00 -2.014556005645384285e-01
-3.499397837645932263e-01 8.050816955411090881e-01 1.254059076121756933e+00
1.201412089658916216e+00 1.633736750624834366e+00 3.661951793091596796e-01
4.479301566388926847e-01 -5.660299700557973601e-01 -3.999733974830881333e-01
4.960451333491070480e-01 2.029591250620411458e+00 9.894579912502998731e-02
-3.706748014420223614e-01 2.787087074481030546e-01 1.178238346052332242e+00
-7.474515672779202813e-02 2.394530681543841633e-01 -2.079533919303658829e-01
1.109845212673210568e-03 2.175666803997895471e-01 -2.418345818152390692e+00
-6.873222714714696258e-01 4.746364330007832866e-01 1.214223154650933001e+00
6.847817305083732098e-01 -1.115980000305885733e+00 1.380593296626318578e+00
7.383851223601060054e-01 -3.476397960742050319e-02 4.548248930260352374e-01
-4.299179526866904189e-01 -2.509110960598962325e+00 -2.639623797806650574e-01
-1.582302364818673146e+00 -2.743027825432359235e-02 -1.670138113735823104e+00
6.402373743956972785e-01 -1.134676413656312111e+00 2.664807625721298256e-01
-1.518944503928779000e+00 1.479208878560123841e+00 -1.301283503393399599e+00
-3.268755340357630157e+00 2.185032455882196523e-02 -7.748435835221173518e-02
4.449013184382953900e-01 1.422957968914737359e+00 1.104488324355892725e+00
9.542584594125422814e-01 -8.564065048865263652e-01 1.014764942092028388e+00
1.338151672694657179e+00 4.806729533382975150e-01 1.682864248310171451e+00
1.604701905965898456e-01 -4.368609086255663687e-01 6.776620317291730533e-01
-9.980625257007599282e-01 -2.041448021089368847e+00 -1.981126550405569064e+00
-1.181573525399409741e+00 -7.655182113230458718e-01 -6.819374496975497690e-01
1.221547594478400445e-02 -6.388388561815390165e-01 9.468316121798048268e-02
-1.138773132429118595e+00 -1.437553555397397265e+00 -1.207554591521256881e+00
1.244674587785907116e+00 -3.767306545136903106e-01 -5.067510958193245374e-01
-7.026028892030836692e-01 1.247277282647739405e+00 -1.261515986644957898e+00
6.914825361084224742e-01 4.167578801678678557e-01 3.093814902495278130e+00
8.212740906822950659e-01 -7.177273862098405566e-01 -1.837033854968393443e-01
8.089359755723478651e-01 5.724621183699848403e-01 -7.586915592569780653e-01
-7.359634178271567961e-03 1.240434644418705323e+00 -4.099915237147874203e-01
-7.475771033168863156e-01 -5.820536480419047365e-01 2.252137885639553527e-01
2.727087560390284438e-01 4.978788437686291757e-01 1.125465145876106909e+00
-5.995088185030915673e-01 1.044230873458366515e+00 -1.698011396693961950e-01
6.530377109677736325e-01 1.147299058400388594e+00 -6.202843522585116398e-01
1.611269939463071399e-01 3.845903783585135072e-01 -5.373152236561407058e-02
-1.639955951956158398e+00 2.378105668787964255e-01 1.236161073706474323e-01
3.399885042970994808e-01 -1.484961930203529734e+00 -1.297784971028797418e+00
-2.307783858081707828e-02 -1.980728418233434596e+00 -1.170685567348228151e+00
1.224292391353656306e-01 -1.198268858527766212e-01 -1.076606097427740716e+00
2.115673488589956186e+00 -4.253782066892219937e-02 2.263124444429530646e-01
-5.973330140461374782e-02 -2.200924817823965984e+00 1.267168140685295930e+00
1.341151182909757100e+00 -1.219425485708136581e+00 -1.255246858649634589e+00
4.982366474971611225e-01 2.820639709055333677e-01 -2.490469859901117466e+00
-5.086436123355952965e-02 6.351625784422028076e-01 1.366994340399587005e+00
-1.177724051793690885e+00 -9.924286314489610961e-02 -1.664355538794745737e+00
2.742266111320024180e-02 1.237018197642248518e+00 1.261494303282251428e+00
9.080836910088370129e-01 1.640640089725197148e+00 2.618073907880771323e-01
1.038426576254862344e+00 -2.080671798170599995e+00 4.572600231509205138e-02
-5.678095086733541130e-01 2.153550012848622686e+00 5.320147125030344482e-01
-7.332485481751809253e-01 -8.283744727242245975e-01 -5.036687496896357086e-01
3.553818027884505515e-01 6.610855621111126901e-01 -4.001943216864195518e-01
3.069408478676178276e-01 -3.241361179140329618e-01 4.284913750993444292e-01
4.578638145083425703e-01 8.131189675980821097e-01 -6.447526090426414225e-01
-2.694327368761453290e-01 1.070103700196373353e+00 4.600522826720595537e-01
-3.085285149330613264e-01 1.686720123312934749e+00 1.900653058176280830e+00
-5.209700621894648442e-01 -1.175217725230123245e+00 -1.559677532596293048e+00
-8.245775047097749777e-01 2.619200213187529158e-01 -1.839125382076749027e+00
-4.233789138012141740e-01 7.078431703504837191e-01 1.240294090735140742e+00
-2.942670220807578341e-01 -2.491757251568726961e-01 -2.733231083042646503e-01
6.963854035413119536e-01 -1.052067159085158909e+00 -7.212027431726552029e-01
-1.007882353104839535e+00 -1.610996557067960300e+00 -4.970640389830138783e-03
-1.721534041354129130e-01 1.097201011441560237e+00 7.358815786383032798e-03
7.576415368380327031e-01 -1.328576504296551830e+00 -1.145257242694390332e+00
-1.642395216280275294e+00 -5.823743233666613950e-01 -1.860037264989629513e+00
8.723049800596950343e-01 2.371720870055312513e+00 -1.078239212369962896e+00
2.532168488868609124e-01 -6.575786109620811448e-01 -3.996478079163396924e-01
1.039422468643201647e+00 1.497191156964444936e+00 2.654331221863634127e+00
-4.720577780821171299e-01 -4.995079171819345465e-01 4.637620270191578076e-01
9.681693389546879303e-01 -4.230009382406096918e-02 -1.109810983932982609e+00
3.427553888619201405e-01 -9.951831708671866616e-01 -6.708392602502832869e-01
-2.468636231398531056e+00 2.249060174586104965e-01 -1.194352313910162611e+00
8.326108198297488272e-01 2.302922720454596561e-01 1.987359036225174957e+00
-7.957262060616956401e-01 -3.696948083693344378e-01 -7.205127313307837511e-01
1.169286219954436268e+00 2.597802013745071914e+00 7.743700255389995846e-02
-4.725715365022284953e-01 -2.013905407181411533e+00 2.285067263264215498e-01
-1.200949259887256204e+00 -2.231041494681675452e+00 2.552451043502479866e+00
1.407338551079064359e+00 -7.176699184785072516e-01 4.295432776299599187e-01
1.036092497295349135e+00 -1.519540760729733542e+00 -5.325011249993464313e-01
-6.603838062083466909e-02 3.095797634675124810e-01 2.293957593927982153e-01
1.617891919468949835e+00 -1.222026136311806344e+00 1.195559970426873786e-01
-7.071900389900154238e-01 -1.543897727524248253e+00 -1.331839365845888690e+00
4.883577531114781101e-01 1.349746806430249801e+00 -1.317922114202058737e+00
-1.641809035270560324e+00 6.941007317442737801e-01 9.674414583690051916e-01
9.011341545814055554e-02 5.466698356488586263e-01 2.261033890740162811e-01
-1.652140976176163178e+00 1.936169472632602861e-01 9.794099541001828335e-01
1.422268357571087716e+00 8.315304148606267320e-02 5.208362563158576153e-01
6.991811674368493268e-01 -2.363498984578321638e-02 -8.248090302633348525e-01
-1.222710276700122445e-01 2.455128097916015051e-02 -3.513008499370386395e-01
2.113821302035372995e-01 1.978347253606576928e+00 5.017361799588152538e-01
5.057828448485032213e-01 5.180244533468978396e-01 -1.493332895797923054e-01
2.008056805335889816e+00 -9.231010222530054987e-01 5.569692529704779460e-01
-1.417746067556194589e+00 7.175616846746107891e-01 1.123540094374234410e+00
1.608592950280701928e+00 1.878882212618574243e+00 1.215716315795320579e+00
2.667595649696357540e+00 -5.068080765689728651e-01 -6.036779969503940357e-01
1.314121169320022098e+00 -8.672658424984486247e-02 -4.866200160695735022e-01
-9.626089415661014392e-01 -8.894244913973148314e-01 -1.191757028116023687e+00
2.692009381470234164e+00 -1.334456608983863424e+00 1.709133351755019348e+00
-1.734545882927407412e-02 -2.387886517169387268e+00 -4.574527915831143599e-01
1.088487911227506544e+00 -1.146499286627221892e+00 -6.850813213756943298e-01
-1.257523514068159542e-03 -2.406922091012858589e-01 2.155872940371028168e+00
1.099650912289683369e+00 1.940459806542846222e+00 8.389742462298406256e-01
1.767496669183998836e-02 1.520640700048086158e+00 -1.186223442513921977e+00
-7.886759987510285619e-01 1.179120794944226169e+00 7.933330639628757286e-01
1.623247840881708592e-01 1.191048087790024912e+00 -1.056947677240741124e+00
-2.792968905880200969e-01 -1.159064869365155070e+00 5.777762924149570933e-01
-3.267340067983315333e-01 9.363942930602158210e-01 9.649489010914091836e-02
7.164194377014501125e-01 1.241356323959495800e+00 7.423764477930459016e-01
-1.393366342434678717e-01 4.100776919544858456e-01 1.092003505375696459e+00
5.846763145167183096e-02 -9.020772021666361162e-01 1.182640617233003510e+00
-8.498891523337479548e-01 4.115192841912207466e-02 4.727042199986147830e-01
-1.993808690675002993e+00 1.058737500448064806e-01 -4.819276831435974628e-01
-6.077878857910896659e-01 -1.497031749748400031e+00 9.832283468988678443e-01
-1.360825748459745910e+00 -3.701626255864686188e-01 -7.653899025843624582e-02
-4.417327663178901576e-01 1.221415126116022432e+00 -7.837034866324902316e-01
4.102462309622162406e-01 -9.282593930213862699e-01 -2.022175478331813991e+00
2.083001339413633746e-01 1.995789283178076023e-01 -2.087413944707600111e-01
1.388552650129409649e+00 -5.176596737950314164e-01 1.953098778102913657e+00
2.425378453625454678e-01 1.293115420565919216e+00 1.030060658264715379e+00
2.165230121347137882e+00 -2.466159790546363251e+00 1.334167376482240153e+00
2.200529773185517346e+00 1.074442044262687190e+00 1.057327804169003960e+00
-3.265476527356274694e+00 -5.555261069501347126e-01 5.100521696547239969e-01
-1.369170683582232373e+00 -1.471201661677446593e+00 -2.909305115184227519e-01
1.998860506477567744e+00 7.324009760473410013e-01 1.808593995469234494e+00
-6.268405160245824614e-01 -5.855756979139352669e-01 -1.769718578093177896e+00
-6.309035114714541814e-01 -9.159081586398732933e-01 -8.512920826848721090e-01
-2.866678963199154606e-01 -8.129641128257092397e-01 -1.140960336844681899e-02
4.005464843658681495e-01 3.657950822360741538e-01 8.064832677079381007e-01
-3.978674749798197796e-01 -1.519657678125675426e-01 -1.928720781138153484e+00
1.099155406263629287e+00 3.635358472735251922e+00 -4.341284693260717420e-01
2.804558914697270477e-01 2.223807212030623481e-01 1.850949320252559094e+00
-8.388916980840858129e-01 -5.128341533608166136e-01 1.165224236264550406e-02
-6.218542541483234043e-01 3.033906510159495307e-01 -1.614996255951178350e+00
5.142858635620464192e-01 1.302557762007327868e+00 -3.188004098084828986e-01
2.767934078949696453e+00 1.024550434467656146e+00 1.569647794200765833e+00
4.991863737914908894e-01 -8.960176356030231659e-01 -1.628604017900540546e+00
2.978456829408546280e+00 -2.717457698058919346e-01 6.279638792122543833e-01
1.991227049349436173e+00 -2.043226368757844469e-02 2.029620746090958328e+00
8.281447900720639854e-01 -2.328096686152696382e-01 -6.555423493641449051e-02
-3.140890074795277265e-01 4.823799576021693403e-01 1.859300288342853325e+00
8.219430149641178129e-01 -6.668267611883983426e-01 -2.750508518449610307e-01
8.017487136409375825e-01 -8.243225014477457702e-01 6.522491683739459756e-01
-9.314980841904869635e-01 -1.260703384868121724e+00 -1.540764226027473649e+00
-3.587582913001811091e-01 1.509207475575651047e+00 1.118892540235999711e+00
1.931214328905327404e-01 -5.225383427449743490e-01 7.144949748009047363e-01
-1.264935548806331411e+00 -3.208288378579811084e-01 -1.549489539684721917e-01
8.531479878379266690e-01 -5.504693661004022021e-01 1.663307715632833972e+00
6.908910558027623328e-01 6.598035581237593483e-02 -5.853352681964414383e-01
1.188676919709370061e+00 7.559063086635332551e-01 3.246061103751166632e-01
-2.194950590753215192e-01 1.303605527546647380e+00 2.104082419348484723e-01
1.732857539942711300e+00 1.432675728981557484e+00 1.130933812865773991e+00
-3.257946137694180955e-01 2.570158456434600280e-01 -8.260974653128331235e-01
4.582142094093688001e-01 3.892507731477252153e-01 2.442493286318529577e+00
1.263741421322966962e-01 -5.231906726823267739e-01 -3.572087052286310738e-01
-1.249761363973856954e-01 -4.755535003049427001e-02 1.167538473013127742e-01
6.993124261563300470e-01 1.306978527340691976e+00 2.919578114098719812e+00
-2.005457396824978922e+00 8.393633281925207967e-01 -1.095918337351182714e+00
1.522062770311377600e+00 1.057977926972925031e-02 5.278047948271697987e-01
-1.177169773838346312e-01 -2.426154472871508538e+00 2.733639187013063854e-01
-7.285944098244010458e-01 8.245547023002708364e-01 1.025133827820090993e+00
1.343551855427854935e+00 -6.886086329098368708e-01 2.427802505161999469e-01
7.796478691005016559e-01 1.264630596737507329e+00 -9.884640557611423795e-01
-6.445073760800972273e-01 -8.456278240059541540e-01 -3.068259436086242520e+00
2.489614094169923852e+00 1.005040132492143412e+00 1.112271953285030035e+00
6.394664036241928251e-01 5.275776350877225962e-02 -8.648945342337333031e-02
-1.347678148777998519e+00 -6.828140275786918068e-01 -1.897547605215353705e+00
1.907580901328856937e-01 -1.293070260940270444e+00 -5.729572727795583242e-01
-1.394377565669209229e+00 -5.143504239548846169e-02 -1.783434039656275560e+00
-5.965435837570881583e-01 -8.159907423804526605e-01 -1.909970925499799854e-01
8.056348638920053373e-01 -4.635645916756462315e-01 -1.493910701650316586e+00
-1.485840840927737716e+00 -5.924506803694177259e-01 -2.450394160952076739e+00
-6.794013859981684611e-01 2.164226383504795903e-01 8.576029058335938871e-01
-5.024847881165444008e-01 1.444936671302492481e+00 7.269249509937345533e-01
-7.805282870605871892e-01 -1.257447986332836387e-01 -1.427222022652610889e+00
9.654931098723578131e-01 6.899778236074046722e-01 9.804979493253425105e-01
-5.751229647564432002e-01 2.398894461478857654e-01 -1.146962296097808975e+00
9.588636591477819326e-01 1.937951959537084656e+00 7.759362905795212928e-01
1.914732131829645079e-01 3.998218498895063089e-01 -2.415772069077865680e+00
2.376169793134630392e+00 3.973401014505073547e-02 -3.857029262273486969e-01
2.172129603898722561e-01 -4.125789385910206830e-01 -6.480253703024587697e-01
-1.251128418865068426e-01 1.090296068920681982e+00 -4.066860799076529309e-01
-2.150195116743098822e-01 8.335450036763503157e-01 2.589412029201564325e-01
-8.100155812067157957e-01 -1.654546347444927790e+00 -1.084534240167078778e-03
-1.281056836107145047e-01 -1.376460219434419763e+00 -8.594097877426629672e-01
1.489099797513866008e+00 1.008160760858888061e+00 1.367953335006948823e+00
-1.474864701574536641e+00 1.095970148606583594e+00 2.119733190849536708e+00
-2.621099578577470446e-01 -1.403157419654183391e+00 5.995081756162823350e-02
-1.531635045347560009e+00 -1.501658977409699336e+00 -1.117942103132295584e+00
-1.936335325913643102e+00 2.910535459560714688e-02 -6.330919313662188852e-01
4.310944316813913879e-02 -1.582387386270903251e+00 -2.114703867647251379e+00
5.052814228683163433e-01 -8.445447015217666387e-02 -7.929653487609580331e-01
4.343155329431095946e-01 1.097203272491159787e+00 7.591386357299784171e-01
3.020558224485936916e-01 -4.323073357209056278e-01 1.247899054208143177e+00
1.679191873081473441e+00 4.635458272744461539e-01 3.594641331477944846e+00
9.404866104328368781e-01 -6.771144362644188064e-02 4.220496964935567252e-01
-9.696065596331147063e-01 -1.336661473009589152e+00 -9.451145646082368401e-01
-2.566992561207689372e-01 -8.288722143551585653e-02 1.457225358104282886e+00
-1.223140400351080848e+00 -8.622842660999585629e-02 2.511110930111606354e-01
5.323356780984249692e-01 7.426182437688655380e-01 -8.368182858567574378e-02
2.253790156030253122e-01 -1.303047078708070572e-01 1.974126850451139781e+00
2.379768529045223069e+00 -1.925187683655497084e-01 -1.412280814834304898e+00
-1.063000484340764107e+00 7.242947967177608692e-01 -8.137468382086159302e-01
-1.520368096803577540e+00 -3.702117333578265779e+00 1.125251621877036090e+00
9.533674282256465737e-02 1.240066447662672156e-01 -7.201264265503888318e-01
-2.951368164318558529e-01 -9.010287219983688090e-01 3.912416809420840025e-01
5.635690064397838039e-01 -5.042632196689180724e-01 3.747413276583239083e-02
1.217293953837097931e+00 1.882348514986153520e-01 -1.851929432864708458e-01
1.589882628905388007e-01 -2.205786449023133811e-01 -1.194442805472339053e+00
2.129646816954756439e+00 1.017152764537778031e+00 5.008808338527526161e-01
-4.754611892551152685e-02 6.701929950286562576e-01 3.503273489207037183e-02
1.656432289624876653e+00 9.060186813550292761e-01 2.052835679374432232e+00
-1.334392609789870843e+00 -2.401389797411162874e+00 7.295596555325623012e-02
-2.799964646598878115e-01 -3.841372807791763044e-01 6.009837727229929705e-01
-3.056593610946531370e-01 -1.699516855954329442e+00 9.313304879962276406e-01
-8.265502769314625464e-01 1.350451528354165154e+00 1.065641194633125122e-01
5.558278392042255156e-01 -1.471700168364225902e+00 -1.783272324929262131e+00
-4.824629082178154560e-01 2.809820828043985141e-01 1.017631731553047647e+00
-1.482584899563553549e+00 -1.550717003022629381e+00 -2.007487441809158168e-01
4.376457323742852790e-01 -3.358875229123415185e+00 1.286425111799449628e-01
-4.905445719825919926e-01 7.697389001069752101e-01 -3.241812634482108546e-01
2.433773874291819794e+00 -5.258102189799229720e-01 1.406367234897446750e+00
2.127342936662792727e-01 -9.979403646213458323e-02 -3.988219309991499761e-01
1.212483883425834463e+00 -1.257363872999901488e+00 4.214201898449739803e-01
-6.108227297059460881e-01 3.465449822419267578e-01 4.946898627629237044e-02
-2.097066143014465478e-01 -1.202011853972725142e+00 -4.770958941327784197e-01
-9.031135409012353010e-01 2.520910420417730169e-01 4.151932963573313762e-01
-1.262551461940188968e-01 4.044000806806903325e-01 -5.396905291023850193e-01
-1.094664904837134856e+00 -4.430152655502926362e-01 -8.474036761254781780e-01
1.341294628640292919e+00 -1.513801982428941706e-01 1.144453555985940341e+00
-1.655361465554229472e+00 -1.695114315201686539e+00 -1.727316984463293625e+00
-2.121049620330830443e+00 9.128659722293595014e-01 -1.265302128119194958e+00
-1.679523557033685055e+00 1.280651578259814904e-01 -1.830711754585000239e+00
-6.449158339814813345e-01 -9.677603290255705204e-01 -2.486424500478611854e+00
9.751393551126700254e-01 6.124278396730227225e-01 7.678179867942598325e-01
6.309441081562331410e-01 1.197312733894697612e+00 1.016788882108719871e+00
7.555957917342510655e-01 4.505565707801792441e-01 -7.814018650277338995e-01
4.032842693081749585e-01 -7.639438147013478675e-01 9.593761226927706165e-01
-1.929352366100455018e+00 -3.690759369793089606e-01 4.034657612933314486e-01
-6.046234327717336932e-01 7.146912945557293284e-02 -7.209096985757212916e-01
7.402826896689606029e-01 -7.503803815992997617e-01 -8.895867542542901241e-01
-2.070136121926472228e+00 -3.587007339477703560e-01 3.589354801784769289e-01
1.803290485102610474e-01 1.458270737516812687e+00 8.408720070139387159e-01
-1.479321789890827077e+00 -1.253343052183583772e+00 -9.763997428005555257e-01
-3.076084574992109522e-01 -5.319010982985199476e-01 1.659969235580271429e-01
5.254711087272225800e-01 3.856830379443402790e-01 1.125229714855751739e+00
-1.191299544874882432e+00 -5.510744145702199948e-01 -2.601306360727686506e-01
1.786432683492731321e+00 5.594320254131235348e-01 4.792588295498929063e-01
-1.789422778057287111e+00 9.032720279713501998e-02 -1.688027463355375568e+00
1.654997687370531434e+00 -1.629903575785021319e+00 -5.540443538741038898e-01
5.178673418216308555e-01 4.066513966048401763e-03 7.537304880946176233e-01
1.036948910459303264e-01 4.284298665326186084e-01 -2.565119928818976103e+00
1.276804218256629930e+00 1.123409884937062397e+00 8.508512847688163294e-01
1.946574993516251517e+00 1.947570063480037472e+00 6.064150878642970977e-01
-9.626399664613122242e-01 -8.727464330104608425e-01 -1.431897299264005774e+00
6.184947710468857718e-01 1.572813618580191086e-01 4.736805725345432094e-01
3.771507353639166338e-01 9.808070394211345633e-01 1.403392907708748805e+00
7.176197575587828226e-01 6.418184749917408283e-01 -1.009035611504363494e+00
-2.482222820980554689e-01 -1.352635750460307040e-02 -2.044857650439152463e-01
-6.458107348123944824e-01 -1.507106575170905183e+00 2.226777888223332447e-01
2.411241582583443788e-01 -5.738855886620863878e-01 1.845999050484367632e-01
-8.864727258590410219e-01 -1.921599047234593183e+00 1.425684270654934416e-01
-1.184263927652433601e-01 1.006441552974166598e+00 9.234997324683817954e-01
-3.425295937945158076e-01 -1.211137590902611194e-02 -8.092618787160437144e-01
1.634313936901719888e+00 2.769051021300978355e-01 1.108998711905774037e+00
4.752604437485750122e-01 2.141927208696398743e+00 3.378930111533550718e-01
1.737321140137528586e+00 1.396101747279940852e+00 -2.490346080358044611e-01
-9.998379913192783075e-01 5.323865592806229508e-01 8.480949601209701871e-01
1.323416355514251297e+00 4.890547386895623405e-01 1.652554371267618061e+00
-8.606088993257258180e-01 3.950827815505701945e-01 -5.895770016315282636e-01
-1.903207702057138739e+00 -1.689173030640845341e-01 -3.229628665519944652e-01
-2.852780029330527212e-01 2.687306940226502627e-01 1.844600735613992182e+00
1.153496169002738991e+00 2.191199541055770972e+00 3.314573010168853084e-03
-8.331851174785288583e-01 -9.887789862713531885e-01 -1.058097474609520638e+00
-2.321124585795544260e-01 -4.821777604768529013e-02 -1.592239443673292287e-01
-1.004962264147016837e+00 1.282682179797261401e+00 1.754946981552849339e+00
-1.000686259538001721e-01 1.223178642057641152e+00 5.429384365145464297e-01
2.992808602917605976e-01 -5.699477979065479261e-01 -2.569652206771401159e-01
3.472871799738364018e-02 8.948432485054569341e-02 4.352756831365600654e-02
-1.758060035836432888e-01 6.652205680671250398e-01 5.140823171339171660e-01
-5.519146554463915111e-01 -4.343384014145166283e-01 1.022579739445997893e+00
8.397080814505147872e-02 9.972366152424181340e-01 1.921344555156394018e-01
-3.730277887856175978e-02 -7.508737351561018958e-01 -1.488030112684472384e+00
1.103949267365046616e+00 1.454326776394078147e-01 2.292243556374204072e+00
-1.168144695488921858e+00 -7.244850366004706999e-01 -9.820035564764530989e-01
-7.567590482878656655e-01 2.215114077114069602e+00 -1.135155035139270963e+00
7.614741098445427792e-01 2.112704534295527736e+00 1.478250536247416758e+00
-1.194915475393978355e+00 -1.363248970609217015e+00 8.217576639319823517e-02
7.004394191242907519e-01 1.384646843501557534e+00 3.007890446865031375e-01
3.143728440409400138e-01 -7.378174315294860897e-03 -6.304450585464749235e-01
-2.344648906951867229e-01 9.471367155241130487e-01 -7.046792699995746423e-02
-4.234385420267008371e-01 1.601610366848713607e-01 -1.441233490539086670e-01
-1.577440803146763715e+00 -8.296614958897077230e-01 -2.327262915531736476e-01
-4.994799618185974399e-02 -2.245993670464742298e+00 3.178147137740694461e-02
1.279748862735909043e+00 2.229650236218020609e+00 1.613111183145049754e+00
5.992613703935321112e-01 -7.785426250908489276e-01 -1.376940768241860180e+00
-1.027386136546596163e+00 7.411940487546904155e-01 1.451618107153745951e+00
-7.590686415793712616e-02 -1.663175966398957151e+00 -1.114083606612428667e+00
2.453816112404006766e+00 2.235574377139746827e-01 1.008714977460116069e+00
8.749012667536935073e-01 -1.452135557767017415e+00 -3.073231590706260175e-01
9.848875439269538790e-02 4.305602169751935882e-01 5.130735980206392322e-01
1.292328082809303336e+00 -1.799352674832704335e-01 -1.228191002850207436e+00
5.520751641928283160e-01 2.237934028313391721e+00 -1.731739637874598614e-01
7.250038872454134253e-01 2.181015999535915184e-01 -9.186966365028061965e-01
-1.539070325725549804e+00 8.624517600368001302e-01 6.485763584070906029e-01
-9.238848651008209067e-01 -3.605793635233822680e-02 -1.556449616776421907e-01
-4.921053654084251994e-01 -5.215149950936736056e-01 3.403890584320463653e-01
-4.223760156272168276e-01 1.186202809091723598e+00 -8.247084939454490948e-01
-1.617109869917312537e-01 1.331393095161240936e+00 1.291689222174386753e+00
-1.410423364516724121e+00 -7.037020969936139680e-01 -5.344970018394789024e-01
-5.589631312695866328e-01 1.468547225471503959e+00 1.248869004105831682e+00
-6.465391794873931453e-02 -2.333051346520107927e+00 -2.071961086370200267e+00
1.292888533246244087e+00 -1.416009814651559839e-01 4.630734402293589236e-01
2.243571584736919200e-01 -1.835224721655544844e+00 9.048134465241548519e-01
1.337235220586242779e+00 -1.135571304968740813e+00 -1.103720932999552318e-02
6.646617238314754816e-01 -1.580402622724990103e-01 1.553852426796750619e+00
1.714328568063244074e+00 -5.817088585215922647e-01 3.346682335526091068e-01
1.331294921168058476e+00 1.114169343750013308e+00 -1.185572969717112457e-01
3.407146414643441590e-01 -2.459830561231080015e-01 1.341594343064139050e+00
-6.393555123015619568e-01 1.347898073179224721e+00 1.014126265431509744e-01
-7.042624177389799067e-01 -1.534697470883481074e+00 -4.824214911123281269e-02
-5.301873773836434101e-01 6.719846784233896031e-01 -4.241583976406554379e-01
5.113100352226319645e-01 -2.074928183978418383e-01 -4.483727827653802844e-01
-1.736443569838285406e+00 -6.068994153793234592e-01 -8.087534490562243716e-01
1.298091756740510139e+00 5.930153443398827884e-01 1.747508101890830945e+00
-6.827073196073694117e-01 8.648365182399651019e-01 -2.413696180409957148e-01
2.971799935042019891e-01 1.823234579779507425e-01 1.448508499947597006e+00
-9.656227865873174832e-01 1.152845856490879450e-01 3.199777032085267425e+00
1.839093434716622788e+00 3.130628091618459230e-03 1.026225808528054451e+00
-6.973061455264373265e-01 -1.654846064832799168e+00 8.662722146362118458e-01
-1.011475062229781452e+00 -1.511461822325372850e+00 -1.661056976451324552e+00
-1.367441669283402383e+00 -2.251703267474987058e+00 -2.345482268874318210e-01
-8.691257372505398759e-01 -1.071421552808252242e+00 -5.061294788612099582e-01
-2.352304452232602650e+00 -2.210259939429100928e+00 1.090705183732267436e+00
-2.021964106965798091e+00 5.594891245878115260e-01 -2.852774537970563795e+00
1.097569575261267083e+00 2.713898851392599898e-01 -1.870538870616814675e-01
-2.044452398674496685e+00 -1.208618272548192540e-01 -8.604981833505149780e-01
6.153860614163733089e-01 -2.443755862900645059e-01 4.185499797829583812e-02
-3.145917815108728810e+00 1.922912420528597455e-01 -5.172707401075493650e-01
-5.687344604272170923e-02 2.406873012577908977e+00 2.114473149115406736e-01
4.566465053093018422e-01 1.518132426334309892e-01 4.555238485221649314e-01
-3.842133340493807392e-01 9.375685600022589661e-01 9.602687146760686687e-01
-8.761046169486375046e-01 -4.080969132784585396e-01 -6.335819835453937454e-01
1.176024119084307262e+00 1.659508227471821362e+00 -9.586453635538483287e-02
-6.609573961676107334e-01 4.702368260111153830e-01 2.612849357368408842e+00
1.913023673991627538e+00 4.702957516412834549e-01 -7.236556508396827514e-01
-3.184983330764612486e-03 1.815413726073015876e+00 -1.118459625108718214e+00
5.391063312890982395e-01 -1.446106542469189682e+00 -5.550246760377091082e-01
1.756167888100438557e+00 9.474732549263273906e-01 1.495941549612852750e+00
2.554931427484252726e-01 -1.097556285419283517e+00 -1.190114842014724728e+00
-4.958534028767486168e-01 4.276742821067959222e-01 -6.598214084949636238e-01
9.477707597283180352e-02 3.832534238408057403e-01 -1.090353258003052828e+00
2.248714371868877571e+00 1.115863499097186740e+00 8.018288403312090473e-01
1.068275901967868702e+00 8.689629713310510484e-01 1.579209098047071214e+00
-2.874215384224056979e-01 -3.105658310891353802e-01 6.288124062246917001e-01
-1.149116043459378123e+00 -5.014967748259413494e-01 -2.045480634313077140e-01
-4.573142758682675058e-01 1.162556897265299094e+00 4.484662103158915114e-01
-2.094030312765039703e+00 -3.462121276163546923e+00 4.102842597022179350e-01
9.414138353431344974e-01 2.639011370441196380e+00 6.754110184477681855e-01
-1.104833254825904998e+00 2.872988145647421554e-01 -1.157788799729660978e+00
-3.572671183642864845e-01 -1.247944546182263581e-01 -2.370765016972481432e-01
7.037172000177118747e-01 5.909457992691609096e-01 5.928091084681508249e-04
3.831741214868330525e-01 4.903870108001335826e-01 8.844933421772211979e-01
-8.779500375094402287e-01 -1.002582799566137606e+00 6.200886664631091172e-01
4.493218413913379061e-01 -1.967352478425743012e+00 -3.013207582535992746e-02
-7.376060696913222525e-01 -1.602635251463298660e+00 -2.345122557209335046e+00
1.703476579494010990e-01 -1.286438272235788549e+00 1.963466965927826990e-01
2.292596791369161391e+00 -1.171934703333144423e+00 4.258145364784054476e-01
1.462492038073048617e+00 -7.162594435750283539e-01 -3.121043783164864083e-01
-6.575151456938885808e-01 5.907796528723063822e-01 -1.610584445839096768e+00
-7.670930367642071479e-01 -7.618347888074268326e-01 -1.785794794976832911e+00
-4.027392396757377702e-01 -1.819150567582762612e+00 2.749627567487595847e-01
1.457173031123591533e+00 3.588705662280928799e-01 -3.479465494171714024e-01
1.201741112714151072e+00 1.158872431864388819e+00 4.996662323183430621e-01
1.201665914345929620e+00 -3.226803861000047124e-01 6.574679695386864697e-01
1.966112246737525604e+00 1.846530629624008046e+00 1.263927430255151307e+00
9.326565534880617570e-01 -1.449246375249241492e+00 -3.172531455807378720e+00
-9.541953532698441709e-01 -1.141101941265774133e-01 -1.069974232333871456e+00
-4.604917173118089346e-02 -2.458485803739879905e-01 -1.040562720668399610e+00
-9.353595188055474630e-02 -3.386981516519393942e-02 -6.371003040225643455e-01
-7.486989392635587937e-01 2.968027846133738379e-01 1.955371567451822390e-01
-9.267469806641642771e-01 -7.962790242515822570e-01 -4.548984963753034405e-01
-1.117924691419009298e+00 -4.390681656048905923e-02 -3.312980055314432848e-01
2.717156538665091992e-01 3.178827107749060410e-01 -1.007487349844187419e+00
1.325288077317078983e+00 1.303056242217818461e+00 2.536045652852941812e-01
-4.436571303458718973e-01 9.186418987283944126e-01 -1.748475258630100670e+00
-3.126408748627498846e-01 2.418527850238700871e-01 -3.243457699475610356e-02
6.550956740094069364e-01 5.747397377181004963e-01 3.888054925284334384e-01
1.196009984508639157e-02 3.436619611483204828e-01 9.878257395374328009e-01
1.492496635624510626e-01 -2.369845653726795898e-01 -6.053212236372407240e-01
-1.573265991287924548e+00 -1.052976666580220932e+00 -3.947467175902975578e-01
1.412106193287200107e+00 1.131040795267298726e+00 -3.530287410222292532e-01
5.990441389296676800e-01 1.231320990725685016e+00 3.718906779094792170e-01
-1.473580281889423471e+00 -1.215146171087689186e+00 -3.328088218168712697e-01
-5.330426233923983848e-01 1.461788982096452028e+00 1.071318638202071183e+00
5.874431259034134101e-01 1.115448557425659182e+00 9.737050134320093253e-01
-2.034712188237857156e+00 -6.623358380395324430e-01 -2.142868686652173782e+00
8.190503073022159519e-02 -9.760537912063338428e-01 -2.076425834232164536e-01
3.008520651491577991e-01 7.241595790090146201e-01 -1.052903977522001489e+00
8.725694951789844112e-01 5.476031853170174601e-01 -3.385212859625913451e-01
-7.499276431524690700e-01 -1.408465808891178117e+00 -2.891995741777485529e-01
-2.319617966047533564e+00 -1.869672232379800736e+00 -1.018539900775641271e+00
6.235335620731514705e-01 1.443896807252343262e+00 -5.791160124804204390e-01
-7.294876854798790777e-01 -4.900455805817564015e-01 -3.543140840473901765e-01
-6.408959675502381437e-01 -2.358543484831615578e-01 2.228984482203999473e+00
-5.019134787052081936e-02 -1.279309058779620978e+00 1.606771815912651169e+00
3.260617843755185818e-01 5.767362574050804991e-01 -2.243474908985628069e+00
-4.883098245306776164e-01 1.765032206522284763e+00 7.332052183950406032e-01
1.030444959661225957e+00 -1.798658552182708648e-01 -1.290639061176665603e+00
-2.940684939225874928e-01 -2.372914185067829251e-01 9.138496849984417691e-02
2.526849672700872684e+00 9.498130985777608615e-02 -3.573406875588980292e-02
-8.012448742420883452e-01 -4.591601949471272870e-01 6.557704597732159080e-01
8.499553153284822304e-01 -3.590091690771324284e-02 1.348364793364518421e+00
-1.669800818953226962e+00 -9.782406863815760190e-01 7.194251326052512052e-01
9.308837969981684779e-01 -8.347914572762177299e-02 6.011515206068718253e-01
3.473579623124166682e-01 -1.212079625555608775e+00 -1.131082128863518665e-01
3.084367533972215414e-01 -1.158847665738351296e+00 2.836450989853364080e-01
4.268788133424538112e-01 -3.390128035422154129e-01 -1.581376804199352559e+00
-1.322506391910320378e+00 -2.303789193472741692e-01 -1.615676746494586036e+00
-1.241996939576719416e+00 -2.123351377823872621e+00 -1.169587790059386290e+00
1.074281599156781564e+00 1.347441939560302782e+00 -1.285000802754769245e+00
2.020465533714592699e-01 -1.571410662502153999e-01 1.371521270416117488e+00
5.559583366395881576e-02 3.977271532303704449e-01 -1.153364776706846229e+00
1.809851814113520918e+00 -2.190817671586616777e-01 1.590302647580430495e+00
9.501514780823717699e-01 3.076497985315184147e-01 4.554526205208154210e-01
1.696257689803090996e+00 -2.959270051310882721e-01 -3.984766706125464353e-02
1.432288750244887776e-01 7.507338663814444590e-01 -7.256420835363175392e-02
8.800867728137506951e-02 4.545986842841952535e-01 5.099632560135642922e-01
-2.024841439536008814e+00 -6.616411739630619904e-01 6.041218508284351696e-01
5.446241746788219595e-01 -1.511772764821117665e-01 -5.736011553129447549e-01
1.270556365072351257e+00 7.658200488121746918e-02 -1.022639056232924060e-01
-2.295165401711324327e-01 2.614681645524018494e-01 -1.665714801380553389e-01
5.341477435983987831e-02 6.302844755418710587e-01 -2.635779760943021355e+00
1.032184175144443383e+00 -1.965977896411330361e+00 -2.506289534752512704e-01
-1.292673897279335238e+00 1.895392593576908924e-01 -1.402110795681977606e+00
-2.362316623028807294e-01 -8.636013493791661055e-02 1.676529505315598412e+00
7.309277314512160340e-01 2.120955695382104045e-02 -4.873709271820108047e-01
1.607809239494047748e+00 1.119079028990757951e+00 -1.270388276693692031e+00
1.127622484251425528e+00 1.930052008179435674e+00 -1.159427410052809249e+00
1.251357356547710076e+00 -1.017957520307399610e+00 -3.516353156741487407e-01
-2.389205548333207529e-01 1.269605841556866732e+00 2.789861428721727599e+00
-8.044399564300133143e-01 7.770190399940746229e-01 1.478307641804235573e+00
-6.479553752918573162e-01 -8.041954027433060315e-01 1.404560721195559081e-01
2.773156393101559924e+00 6.864185480448585785e-01 1.335342619122444674e+00
-8.386862178133980272e-01 8.749208622043354033e-01 9.048888270348931506e-02
-5.881707488948202389e-01 1.275385992463023754e+00 -2.404790977640253402e+00
1.642306549762403645e+00 -9.914721479503005863e-01 2.435751083599196676e+00
1.039596650690088664e+00 -8.830378380234349400e-02 1.250589177705206501e+00
-7.696176692128338104e-01 9.974680477653576904e-01 4.415029508869661168e-01
-1.003794535422707801e+00 -7.551948150782850089e-01 -7.084016638686008172e-01
1.833254659487933536e+00 2.911003127109041966e-01 1.703203780620087038e+00
-4.016558125246776356e-01 1.192659327265509273e+00 1.259729336674098477e+00
-2.023615031200194370e-01 8.863028039121823021e-01 3.711783126892799212e-01
1.389464830383261740e+00 -4.018857201562353598e-02 -3.564615235272681759e-01
-1.411994810055770655e+00 1.126144496746775081e+00 1.732110096512976760e+00
1.446774678903315348e+00 5.062884221485657310e-01 9.019105030398584244e-01
-1.142959709695236636e+00 -9.126250606235222218e-01 -1.231820615707112543e+00
1.333452776479379764e+00 3.093472486272091926e-01 1.059729485946687699e+00
-9.341970254627921522e-01 -7.147030942855450153e-01 -1.336465914583884196e+00
-2.846571129090254004e-01 2.678282205305563823e-01 -5.057084123702524359e-01
-3.061808908919650962e-01 -7.169562444472099560e-02 1.622925565816628612e-01
-1.649264765649003150e+00 -4.308325635212949534e-01 5.722939700507017058e-01
