-1.652981878038926045e-01 4.382613928924873892e-01 1.197170781753566393e+00
1.013845967975387952e+00 -1.075024310801057759e+00 -1.692653171592460870e+00
1.732466633279408308e+00 -5.917524304911874200e-01 -3.935520355885845367e-01
-1.860622629885793078e-01 1.411504904213980671e+00 8.236247363610404992e-01
2.358979752634092764e-01 -3.591077318322608569e-01 -9.055321106400779918e-01
-6.195549828671664816e-02 1.488669302865673227e+00 1.286639035387153296e+00
3.408947960023888113e-01 3.679834368540694234e-01 -5.378366330660691030e-01
6.616575839827042449e-01 4.939083043061670564e-01 -4.808319172257227159e-01
-2.458679040195485554e-01 -8.227211586580664981e-01 -1.318496236801436350e+00
-1.669688273175150117e+00 -1.266486826067389604e+00 3.561462934248537104e-01
-9.922791447709029544e-01 -1.929363927547714130e+00 4.466686338690617486e-02
7.266142327064424311e-01 -4.112277664390199816e-01 -2.994928784246562725e-01
-7.585819344576942846e-01 2.122505210049012714e-01 -4.021969859194045593e-01
7.522476726194742280e-01 -2.477018567929301085e-01 1.089035941789764372e+00
-1.725201739381063915e+00 3.659987942643607717e-01 -7.223088626382550004e-01
3.182379047595920718e-01 1.085218484388261517e+00 3.816834747148725726e-01
1.909555440126719406e+00 1.259548520919057335e+00 4.030410699184699963e-02
-8.471379626593522616e-01 -1.415271974918846931e+00 1.422751303287117519e-01
-3.327006252156762267e-01 -5.048602938062560774e-01 1.022210308392174083e-01
-7.965763790153190804e-01 1.271189802625149357e+00 1.006258245580250676e+00
1.911018812015268020e+00 1.019093319262531327e+00 4.614210011758820285e-01
1.553682798610794391e+00 -3.132781746277780721e-01 2.078401822242721408e+00
1.205603188816397608e-01 1.635571089441798742e+00 -7.993362133646586543e-01
1.838594889395324672e-01 -2.355477458237511534e-01 -1.622095786018457719e+00
-2.338482547990912153e+00 -2.657023538453754385e-01 -2.112134519739790495e+00
-2.668224845438663673e-01 1.157566842845202171e+00 5.252489042736629976e-01
-1.081556917599473699e+00 -1.998309300822532220e-01 -5.313426961527425441e-01
9.806671978373815435e-01 1.784737536601135988e+00 3.264807379804007814e-01
-2.492717928528561444e+00 1.578743291529708159e+00 -9.754530607633824513e-01
-9.850990055223045605e-01 -1.264571007834661254e+00 4.775147227052493060e-01
1.032730770300526180e+00 2.338326977931461048e+00 4.487587272661475168e-02
-7.241124342132150282e-01 1.639295885403418307e+00 1.833578850780279046e+00
5.144995291386951219e-01 -3.236306646808346787e-01 -7.416058028240313238e-02
1.321456564915035603e-01 9.756771801842012426e-01 5.493424695481425868e-01
-6.148641271566381850e-01 7.348479813379986680e-01 -7.196791903480238561e-01
7.122446763549450388e-02 3.217434929016382839e-01 -1.327210538759137748e+00
4.370868826859562462e-01 -1.653213519037556312e-01 7.884431424280263778e-02
-6.668524725047771939e-01 3.855071622224603978e-02 -1.250978686027263809e+00
-6.974639056368205914e-01 -2.733260305064532103e-01 -8.794394875659334865e-01
-1.806136335124381542e+00 -4.216423763563386662e-01 -1.924624541318067372e+00
-1.859976522107685160e+00 -4.565632169820167396e-01 -4.068921690845868078e-01
-9.845291444698461847e-02 -1.261297435569863179e+00 -1.207073059069186272e+00
1.959840113683942731e-01 -1.739815027020612304e+00 6.917114970072542057e-01
-1.732788646813820499e+00 -1.380738457343588577e+00 -1.993488390263446153e+00
6.337473517442900883e-01 7.903629893011121510e-01 2.745755323399778347e-01
4.740646940606758619e-01 -7.699240612507418646e-01 -1.457869656628512978e+00
-1.492839909526486597e+00 -1.242181489948292139e+00 -1.216968894722835870e+00
-9.118915742089598320e-01 -1.199753718395811575e+00 -7.820344804731383936e-01
1.280427790787700637e+00 -2.850853003872303448e-01 1.176166081170203270e+00
-1.984732394897695817e-01 -2.334455243515733969e-01 -4.933230881657530986e-01
3.638144148660233945e-01 -1.619156493024204391e+00 1.011093087016460279e-01
-5.699985903370738960e-01 3.717061827752611292e-01 2.074571082971621294e+00
-2.842157617180261386e+00 -7.335484156566017822e-01 -1.237244054198355148e+00
-1.679919354345660309e-01 7.131562975068244103e-01 1.625496544730298476e+00
-4.552661983088218678e-01 2.480446024324827747e-01 3.560901767368424009e-01
-7.174951807412695004e-01 -1.404831815091224234e+00 4.597109015030711454e-01
-9.085529543416190901e-01 -7.687094078281447862e-02 2.501573192935420131e+00
-1.273448197430366635e+00 -4.428816659863837879e-02 -7.216118101162993792e-01
-1.791324509712819868e+00 3.139057317907291367e+00 1.310014331901810269e+00
-5.169392985056131540e-02 1.533249195434683188e+00 8.704325436555510054e-01
6.225147916874946841e-01 -4.393538842521707011e-01 -9.333001381556205178e-01
1.132792965016027331e+00 1.451841533268777851e-01 5.332589760433249504e-01
-1.163598834910313906e+00 1.247588123715847264e+00 1.498572377850154735e-02
-9.430839143147304870e-01 1.905483762228460387e-01 -1.260396789718117305e-01
-6.489300848340990857e-01 1.110083287611494995e+00 2.292376120980972876e-01
3.074177701045975875e-01 -9.451725792226135514e-01 -1.010502528309012993e+00
4.691254442860173790e-01 -4.497122088489219349e-01 -8.985824100347805654e-02
-1.387494041350045393e+00 -1.718976335533538014e-01 1.433955779886157744e+00
2.183482858688563955e+00 9.617502486276127138e-01 -5.979078386931973021e-01
2.691652810859268108e+00 -8.748448447177696874e-01 -6.546460603889781016e-01
2.071129680858689315e-01 4.422922908233301031e-02 3.307160609487228564e-01
-2.123762966010836473e-01 2.672379590663603866e-01 -9.866769789375334776e-01
1.896411793574549254e+00 -1.104697135361945026e+00 -1.079477043827576699e+00
-1.338261353109826413e-03 1.257040340622821217e+00 -1.605138156538729266e+00
5.584005041762510890e-01 3.280251482839595223e+00 -1.880199669890478820e+00
-1.106865223278584942e+00 4.495815090502881528e-01 -3.618418862676034964e-01
3.669509158626572676e-01 7.233390382660087603e-01 8.545098399208008733e-01
2.139644785595900545e-01 1.070340174434692759e+00 2.572117247585350874e+00
-4.809033560112406236e-01 -1.901232466378220964e+00 5.324136545109021679e-01
5.757129761288013459e-01 -1.894126730678402648e-01 1.445660255542200456e-01
4.385115402918575711e-01 2.269483762407904504e-01 2.005966467264292952e+00
-6.877395038708024044e-01 -5.184185265230016881e-01 5.805942212280454928e-01
-6.721730052321611693e-02 2.740311055242752314e-01 -2.700772504040794608e+00
7.310075690745341248e-01 6.708347786000072865e-01 -7.090803472693691933e-01
-5.611821985523782752e-01 -2.981916878711188268e-01 -1.374728076892961504e-02
7.392590481448020334e-01 1.017519888162129682e+00 -4.410378363637551535e-02
-5.058011495361551813e-01 4.359725526872300083e-01 1.943992024261109730e+00
2.948901211359650221e-01 -1.561092517335651575e-01 4.404517530999681463e-01
-1.657275344405521045e-01 1.361307721049773267e+00 3.842729660173311856e-01
-7.093432338323431008e-01 -2.339801881243556814e+00 -6.626111808167066686e-01
2.856013659558767070e+00 1.188104580787280318e+00 4.584268611823014705e-01
2.771157844349749211e-01 -1.318961890307531526e+00 4.117693554246823484e-01
-7.416137629985675161e-02 -2.716515457319890636e+00 -8.184163897039674618e-01
6.964050965731451992e-01 -3.235921312979915809e-01 4.579787997817230671e-01
2.037690199950008108e+00 1.610126049142679983e-01 8.507310885707020098e-02
-1.330448370789213186e+00 -1.087574583213616997e+00 -2.234648727440680549e+00
3.508736143666741913e-01 1.154067196707198484e+00 1.273697202226426128e+00
1.552845504683179945e+00 -2.110074365247554873e+00 1.101816557742252289e-02
2.082759651191924632e+00 7.209674084722411669e-02 2.905502235838756775e+00
-1.605841223389609551e+00 5.961055554557814773e-02 -1.484239405023037861e-01
-1.319516959135000889e+00 -2.733172400942148750e-01 -1.823724589859117562e-01
2.059112811821078193e+00 -3.220442470289274217e-01 1.386053587742258397e+00
1.001841368742308447e+00 9.350600962550364992e-01 7.829488085797600139e-01
7.086481536654887226e-01 -1.097407390017062001e+00 3.430244275691789468e-01
3.985850259558360031e-01 -3.744549724589674167e-02 -2.865950094198496112e-01
1.131105012910798902e+00 -6.183131525798124528e-01 -6.324190515032830362e-01
-1.518671321417148112e+00 -5.353910695768349104e-01 -6.969026428493428904e-01
-4.339922372005644569e-02 1.112283054926939574e+00 2.948163463290705000e-01
-2.933865092229515081e-02 -6.466236274048894339e-01 -6.249947857459335898e-01
-1.898611386596384731e+00 4.895502304315093589e-01 -1.506805287558569684e-01
-1.464504391304124464e-01 7.452488989180352519e-01 1.250378610274816893e+00
-1.394335588566886885e+00 -3.596854704496433852e-01 7.281976594747554543e-01
-7.846742367438541699e-01 -6.740979287310397972e-01 -3.064544351194494753e-01
-5.753810226035933617e-01 -1.604508920315150244e-01 -6.115841704960761627e-01
-2.091250315488536238e+00 -1.406898805688801435e+00 3.895815722803883663e-01
2.750276960767724654e-01 -5.204253420092043170e-01 4.014695330851317800e-01
7.776482410692191483e-01 -9.846760554384011987e-01 -1.816991361037475938e+00
-1.393120819472190242e+00 -1.772237839495033329e-01 4.034402703958465120e-01
-2.097443873185226515e+00 -2.937046047352653400e+00 7.874114298334329298e-01
-8.963896691942192518e-01 -7.867756671875216767e-01 5.427055384471481947e-01
9.167554265366855137e-01 2.875155747666422457e-01 1.088105490094668060e+00
1.927387287310501129e+00 6.620752581168873885e-01 -4.442384834150386319e-01
2.146760484043913841e+00 -1.071100668764034536e-01 -7.963757292098021523e-01
5.594872158416278607e-01 2.541944812685653643e-01 5.784436074568859443e-01
-2.917246933320786217e-01 2.813793567509826232e+00 1.101103666733468600e+00
-3.790695909324180990e-01 -1.156050288061556852e+00 -6.735659704350587251e-01
-3.304078909901575489e-01 7.445675684995548549e-01 7.259903428959657568e-01
-3.287947380653002405e-01 1.740146455531558223e-01 1.842482979942786425e+00
-1.649921679916542594e+00 -6.577187086998889098e-01 3.605056776984681965e-01
5.835400458787501909e-01 -3.291633489968170956e-01 1.610270394979244735e+00
6.563093207578551969e-01 2.707837938164558977e-02 -1.082337889892382332e+00
1.145744802309085486e+00 1.610601230150386476e+00 1.025497987444775383e+00
8.060060025581792242e-01 -3.130494010762482349e-01 4.135569957577942546e-01
1.073339233289181571e+00 1.910775150894791663e+00 -1.418752255239811300e-01
-2.265052915148624280e-02 -3.232202994022070897e-01 1.142191985889894124e+00
-2.197970089473716415e-01 2.635992450074066129e-01 -5.490283820646173485e-01
-1.040198494747203384e+00 -4.303949050409529020e-01 3.016304999744107151e-01
-9.644453670251323940e-02 -4.825049717564032781e-01 -5.156791652802947823e-01
1.379409724388523717e+00 -5.354824705584042555e-01 4.803661790269515008e-01
1.063118372979593440e-01 1.324618661524762819e+00 9.736089666622562699e-01
1.177577729029799736e+00 -2.163986077354358883e+00 2.173654898807006575e+00
8.391476989155468580e-01 -6.118509005462957617e-01 1.274527338340871951e+00
-2.062865571538816112e-01 3.375048812160688083e-01 -1.213010206688199144e+00
1.133048195401608726e+00 1.073232471254847109e+00 1.713707317058379642e+00
3.361960601176213759e-01 -6.570803243383960268e-01 -1.724971029111789012e+00
-3.439605937126639090e-01 -4.969546271432345730e-02 -1.191365869066340455e+00
1.182821758695947745e-01 8.171915365285433719e-01 -1.470353476189799613e-01
3.186669815934009553e-01 3.670112580644633304e-01 1.440977007704556945e+00
-1.136823261559439802e-01 -5.599503837153141372e-01 -1.027432198665017449e+00
7.031036271972475049e-01 2.023620161099572989e+00 -4.987772693716122085e-01
2.445571669618579413e+00 7.575206376540997155e-01 1.051909548014730245e+00
-5.328772579677965027e-02 -1.206330869527523220e-01 2.375393239045853755e-01
-2.604002998644426858e-01 8.769036543567541031e-01 -6.636345754343486725e-01
-3.503434065610382397e-01 4.180867102519637557e-01 1.500380789040710372e+00
1.882436520794744439e+00 -2.153057524648563925e-01 2.135866430359253165e+00
4.820660948990982408e-01 -1.244837933016331055e+00 -1.652143199666729956e+00
1.692468576937421476e+00 8.681451846741647937e-01 1.188708860412918344e+00
-1.196671664783239386e+00 8.988710169011051576e-01 9.983963703763554243e-02
-9.063136839752059526e-01 -1.293051264822905555e+00 -5.718208619336899723e-01
1.429800209284376455e-01 1.458000006724355924e+00 3.629523306771892388e-01
2.317154331157642133e+00 1.171561294699667188e+00 1.351067524860401381e+00
1.293840282018129173e+00 1.257711230923557633e+00 2.947482971264823726e-01
-3.141807033392250426e-01 -1.049150620590545646e+00 -8.428677900107071075e-01
-2.432425140746693248e+00 4.193202884396305397e-01 1.469186687046583062e+00
-6.092487748952574167e-01 -1.278014952092774159e+00 -3.998118668869036774e-01
6.640442755579017975e-01 1.359024507613357802e+00 1.434784069322905253e-01
9.873404697883543246e-01 1.710157350189455805e+00 1.796158120081617349e-01
1.673388192399254626e+00 -6.521223183794906397e-01 2.908501725334525556e+00
-1.852511742411578455e+00 -7.063316170834468277e-01 3.622022713538959326e-01
-1.833971081000019376e+00 7.265866755914931474e-01 -1.388115801692950679e+00
1.627270757525588030e+00 -1.646023947086871608e+00 5.168496633043631050e-01
-4.193816037437283484e-01 3.835040600169281055e-01 2.751354885254608806e-02
4.045596586296952291e-01 -6.291130294043864035e-01 -2.206267731106135610e+00
-7.415267219239631835e-01 -5.261700851713559945e-01 -3.119087982401946291e-01
2.911119036821818717e-02 -1.800508378315960334e+00 2.555676608574015685e-01
-5.129862445515905867e-01 -1.969180557215091332e+00 -2.167117510376116662e+00
1.317246210851008570e-02 -5.286616800258786553e-01 3.416479185430402188e-01
8.743597655862778151e-01 1.824824953781190029e+00 1.990881189903739079e+00
1.330624529649240273e+00 -3.517771999384889936e-01 -1.010932708193088114e+00
2.218151467617163197e-01 1.148913471913810547e-01 1.590831366211956643e-01
-5.648554934711380593e-01 3.291257668275168191e-01 -3.686325090325208720e-01
-1.301394863568395621e+00 4.596882914693269928e-01 3.914695148505595856e-01
-6.017048711180648102e-01 8.404013806079547733e-01 5.905537791883395116e-01
4.727667352645845700e-01 8.561207949895981439e-01 -1.221421228429231398e-01
4.487528376421040521e-01 -1.975246361332097855e+00 -2.023080481922535090e-01
-1.905658428285426087e-01 2.571689018613395605e-01 2.084249999314117030e+00
-8.284383811248317020e-01 5.905356899749989452e-01 -3.101965416938112785e-02
-5.032417054630640152e-01 8.617887505954602290e-03 -5.547184807318945587e-01
4.229943515624506323e-01 2.058450070649544994e+00 9.294689850672036568e-01
-1.568171142615577995e+00 2.549519256803333134e-01 1.438908203993081170e+00
1.010135597718262224e+00 -4.723414279344966826e-01 -1.548925380564023735e+00
2.546684440280511108e-01 6.922832887200659480e-01 7.244193210463086841e-01
2.306947979602694820e-01 -6.025788625841219659e-01 8.663802739542407760e-01
-1.395308457945527492e+00 -3.107068074424299553e-01 1.502001585198894151e+00
-5.909286687743995348e-01 5.579744716216195055e-02 1.257520750404121479e+00
-9.025152397396998261e-01 5.591286053991865179e-01 -1.088701476713393346e+00
3.299246674596657547e-01 7.743586753582951676e-01 1.043921763419162874e+00
-1.965556651358620899e-01 4.900179309905052238e-01 1.951982642586990613e+00
1.078458811274816576e+00 -2.653309472303680971e-01 7.169830406597116346e-01
-1.587010276162817757e+00 3.654800535735805433e-01 3.260487524700768081e-01
2.030374726798187535e-01 1.020203512328583528e+00 9.712810811777445874e-01
-2.745081105744990868e-01 1.173522767113643339e-01 1.486972746955987690e+00
-7.283500003743892393e-01 -3.977025712241866184e-02 1.525047434908983313e+00
1.561601268345676363e+00 1.694715785443726697e-01 1.377230702407056029e+00
4.885872385099861992e-01 -2.104339011672677007e+00 -2.653335052832853869e+00
5.690779790126865301e-02 -6.315050677593192496e-02 -2.430948060478999029e-02
-5.582922398481815485e-02 -3.766780614499213309e-01 1.296168214830293319e-01
6.146555301043278297e-01 8.624303310531189481e-01 -9.721435289121425072e-01
1.877737705589558326e-01 1.092555385405501456e+00 1.014422787039252150e+00
-7.414798845139682903e-01 -1.582874552020690495e-01 -1.442204567638186052e+00
-9.224112885029882580e-01 7.135121802948121150e-01 -2.184461090424906216e-01
1.020445524177431729e+00 9.461102745539373693e-01 -9.505403247837739267e-01
-1.128414096888145535e+00 -9.409128972200389018e-01 2.271122556047465046e+00
2.137030980745818098e+00 -2.399987929154345778e-02 -2.021678854602674269e-01
7.728384304140003547e-01 -1.241154664440350830e+00 2.475718512724810694e+00
-2.799545703083297088e-01 5.689762569453058472e-01 8.702521584118256825e-01
-4.567759184032921249e-01 1.326980676435709938e+00 -4.235805435458932511e-01
7.150185839716866054e-01 9.785312818247895450e-01 6.313524092613167493e-01
-1.170687800914942622e+00 -2.268301647957754241e+00 -1.151055281006496234e+00
6.719658118950208037e-01 1.989554846099605312e+00 5.418263554658458991e-01
1.392656333483355935e+00 -1.297731396431806905e+00 -2.363655680110949286e-01
-2.195333490447678448e-01 -1.211064441817329307e+00 6.264972635327972217e-01
-4.431207696569017251e-01 2.550875238182114479e+00 1.550904507785409780e+00
-5.297233806380696741e-03 -1.249583920367474121e-01 1.249893411540401233e+00
8.099448515998639575e-01 -3.576463534495916141e-01 7.301116902988921131e-01
4.040102735142164780e-01 -1.679638213361735133e+00 1.362815902011061731e+00
2.033117556273482229e+00 1.124734197629490007e-01 4.051314413090383870e-01
2.061964798334430249e+00 -6.368871367813373485e-01 2.467638828518241567e+00
8.997407896506401936e-01 1.584525895395046291e+00 3.740059981191844463e-01
2.096228478811357654e+00 -1.224079543563332928e+00 -3.473686847761113805e-01
-6.218031232087223303e-02 -2.016556443379520225e-01 8.307093125960858249e-01
2.258568671226501401e+00 -8.578746681033941890e-01 5.764623010039423567e-01
-2.705448778577592139e-01 -4.594537897317656494e-01 2.457560215843379581e-01
-3.573452628361978856e-01 -1.573883372092350852e+00 -6.589905829227321599e-01
-1.383444018724197200e+00 1.551640103060669684e-02 -7.310604459181424541e-02
7.422390965994174472e-02 -2.451988526236548172e+00 1.870111262167961641e-02
3.419493688911315887e-01 -3.767845863249039695e-01 1.678703543298557754e+00
8.912892059874713002e-01 6.612002144424012906e-01 1.687063266731838374e+00
-1.375238608425085607e-01 -7.659249765055899939e-01 9.186035780150585417e-01
6.964731992864476862e-01 7.411956496901119795e-01 1.233669892512083255e+00
-5.402589194409561646e-01 -8.874985252705867023e-01 -1.707807061591530173e+00
-3.373278406731091694e-01 2.419342441046016923e+00 1.446745777494823582e+00
3.814546644745648862e-01 -1.572096275286501976e+00 -1.137704134926348143e+00
-1.736681818809899358e+00 -1.056222808582595984e+00 5.632898178345269180e-02
2.103712544243696581e-01 -1.146439392690182135e+00 9.344686938229076478e-01
-1.801321670863483826e+00 -1.276392693803389822e+00 1.654752304854717693e+00
9.467625710270175521e-01 -6.460520127579808536e-01 -2.819362165990767499e-01
3.482590875583605472e-01 -9.160613063664806432e-01 2.774012074889887769e-01
5.640880905259493261e-02 -2.744971261688984865e-01 -8.307024354114007636e-01
-4.438278433412021773e-01 -1.503494256565915288e+00 -1.137894477739378907e+00
-7.983867165084473916e-01 -1.870881948930622984e+00 -1.157187716327213178e-01
1.564189563667631733e-01 1.331090468442320818e-01 4.782468410068310138e-01
6.708081637876646131e-01 6.033132768813221913e-01 -1.029391948599393647e+00
2.095128925519136764e+00 -1.659932998947888372e-01 1.008676467953488309e+00
1.765292620736014673e+00 1.086367220242538290e+00 -3.388611057565784623e-01
-3.969123187086676108e-01 1.047920565839710161e+00 -5.966242996587189928e-01
-1.463114937303649388e+00 -1.011659725459596260e+00 4.048664381918800070e-01
1.571626299142149907e+00 -7.474318624757181340e-01 7.921911034844890676e-01
-4.335703451850585477e-01 1.588667421985736627e+00 -2.039556947737279913e+00
1.117708576671887499e-01 1.287952819964316653e+00 -1.272351469715860883e+00
-2.288325837330179580e-02 -4.330952719939570872e-01 -3.590689352498832587e-01
-6.390954945161109180e-01 2.407852327870965148e-01 2.366797882877869963e+00
3.619277145382859828e-01 -4.978380970923956816e-03 9.015654343225376621e-01
9.189941804725429986e-01 -4.807040555043798902e-01 1.186698126292714095e+00
2.070379233506450811e-01 -1.629154428175181968e+00 -6.159873312332507789e-01
-8.626267583253897087e-01 -2.082081849284893593e+00 -1.575537142791944900e+00
-5.273531576211948346e-02 1.974073936933994577e+00 3.899045564406187214e-01
1.596013922628901627e-01 -1.288494926875690005e+00 -1.126567545816983706e+00
5.967104402512773964e-02 1.694547691957016378e+00 4.791741412991220583e-01
-7.045661270009964117e-01 -7.347745935287781638e-01 2.060102994155173839e+00
1.513533436188328585e+00 4.263806176388722502e-01 -6.233016528013590740e-01
-2.149849694700605718e-01 -6.508600661815336919e-01 -1.619653663093563623e+00
-1.986328609729876571e-01 -3.892183066978276429e-01 1.514675640242850729e+00
2.236475775083824225e+00 5.778735863444826037e-01 -5.865060355076989751e-02
2.528767741524633905e+00 -4.882722426513907976e-01 1.763379909244103816e-01
6.627111419506279688e-01 -1.133787046384657771e+00 -2.196659112516213597e+00
-2.219280568711840540e-01 -1.900104705020275730e+00 -9.025142733565714170e-01
1.077775056767913853e+00 -2.094743667137414223e-01 3.227433792989740091e-01
3.824471420766498708e-01 5.234401315323353732e-01 4.076465031248321935e-02
-1.327620422946409917e+00 -8.189163201148379478e-01 6.113436769028137707e-01
4.203090839786808308e-01 5.764865827970198087e-01 -1.075527222923106985e+00
-8.094212995669074484e-01 -8.094429050350095967e-01 1.137395585159056477e+00
1.589605512654014063e+00 -7.762616177415799790e-01 -4.339492213538850285e-01
-3.381570908543605203e-01 1.068337569286562871e+00 1.089799386947962301e+00
7.086845649429471816e-01 1.192803928341110486e+00 9.986075381722507860e-01
-5.656764596714365378e-01 5.621021444170004600e-02 -2.437032300446750455e+00
-1.648704416312772869e-01 -8.807359038063167223e-01 -1.715931942900901008e+00
-2.541830920021259654e-02 9.127078058975277575e-01 -9.603887865531053336e-01
8.311502016377533275e-01 9.157800331077203815e-01 1.508943115346755848e+00
-1.214598864032747194e+00 -6.774356929194735866e-01 -2.323223603048325536e-01
9.803296112278027108e-01 3.903368703426940423e-01 -1.072381872211107812e+00
-1.265212852042577607e+00 1.448094277660841200e+00 7.973390776732065532e-01
-8.195537568042021714e-01 -2.178322613643401073e+00 4.792257598432081434e-01
3.254036377333282548e-01 -1.097733469104984039e+00 -3.029724949121973543e-01
-4.501752685571139834e-01 -3.150091873584673352e-01 1.164702633287389544e+00
-1.813645630201883296e+00 -1.550708826942837959e+00 -3.999269835840716936e-01
-1.572257807119770590e+00 -9.497534112564218756e-01 -1.766088512891911488e+00
1.145471566041860179e+00 7.595617585570568764e-01 1.434587946581709073e+00
-1.550819518380607831e-01 -2.283108059384512778e+00 -4.358292677682159000e-01
-1.067272101253045502e+00 7.817479076705021734e-01 9.203057786241212179e-01
4.193120539866598273e-01 -1.395809559372934494e+00 1.009644649457822174e+00
-2.950192562355461456e-01 -8.020883848427582397e-01 7.330088423022975697e-01
-1.690636953059929670e+00 1.645901362586004835e+00 4.805839611759585295e-01
5.018519404412731255e-01 -8.325926916804589073e-01 -2.431520978700130176e-01
2.736906301257820417e-01 3.501302965382863119e-01 -3.740254483643129513e-01
-2.239087207915553823e-01 -1.977379391058839753e+00 -5.738048627125383883e-01
8.153218277659659563e-01 7.383969357823259028e-01 -9.886439195477005892e-01
-1.223594017720260663e+00 -2.738519721871956136e+00 -1.808462818886695134e+00
-1.786934361018186701e+00 6.630980819013210237e-02 -2.148810964638418142e+00
-1.994256379613021934e+00 -1.189261702791808428e+00 -3.627438989070878028e-01
-6.983966558765419830e-02 -2.997429286532296011e-01 -2.539138469468718018e+00
3.845429011271932485e-01 1.278617938136179966e+00 -1.396349463210090791e+00
2.007029600514811385e+00 1.734585557328243821e+00 1.109756057120508288e+00
-2.678262729243608753e+00 -8.432430046293944992e-01 -1.368819909111519184e+00
-1.343519690697825286e+00 -1.139484861493663015e+00 4.904278771218721356e-01
4.386283877063583692e-01 -6.458411769415647319e-01 -1.684775549020016250e+00
-1.317624973795956111e-01 1.274779721598049642e+00 1.604181623465847473e+00
3.477839402107463229e-01 -5.085806267314756379e-01 -7.516157626257631286e-01
-1.964985178049853953e+00 -1.456849502805632968e+00 -3.963922393702928870e-01
4.743456281100212335e-01 1.607208279143570673e+00 -1.356138644140303162e+00
-1.498660630126421145e+00 -9.420966896554607839e-01 5.079279182337930187e-01
-2.464506546582425628e-01 4.813801987335236676e-01 8.759979208426789121e-01
-3.882103682893792151e-01 -5.742919139747915125e-01 1.015786578460951661e+00
1.096039819273682436e+00 1.027715756610996234e+00 1.291608439567154987e+00
-2.063486501896651948e+00 -8.294322112245369194e-01 -1.886762867335897376e+00
3.801531637445140221e-01 1.188162339118321587e+00 5.455359133182033915e-01
9.613224277762213443e-01 -1.668565854253160285e+00 -9.550598331937694141e-01
-1.931913123549846567e+00 -2.342366769014476713e-01 -1.748924298017680901e+00
6.990933623727064727e-01 -7.335979824573054531e-01 -1.027834536978629476e+00
1.701890998505584118e-02 4.530373220935555167e-01 -9.873173095038306757e-01
-5.556240136534558172e-01 -1.664903082536798529e+00 8.384568077457177360e-02
-4.069134868133326144e-01 2.014469770708060992e+00 -2.085326943672519695e-01
1.714760038761468985e+00 -2.495873342301671016e-01 7.434899307852399497e-02
-5.434282335746831727e-02 2.440518853501303376e+00 -8.622536513327738739e-02
-3.418057198700740873e+00 1.136580230801280900e+00 -3.300802064758175391e-01
1.090091943007461817e+00 2.601795150113563881e+00 1.393938517502813834e+00
-1.057380164106815235e+00 3.291740719101662327e-01 -1.382586592169107398e+00
2.916089803196353358e-02 5.386654287992871382e-01 -3.167186030097446370e-01
7.658232429007072462e-01 -3.691396586430422122e-01 -1.097287066771938324e+00
1.236758483116379592e+00 1.009957288530852981e+00 -7.639160103194317930e-01
-8.285695178173300146e-01 -1.447025704581041960e-01 1.291814371553100305e+00
7.399065987988955317e-01 -2.322244187884858757e-02 -2.334036424872788729e+00
-8.739600439939061438e-01 7.479291734532134139e-01 -1.514944129819183471e+00
1.142569845422547914e+00 1.570932673432245963e+00 1.663659138829234774e+00
2.197569394969426382e-01 -1.316443601594370350e-01 -1.416760172943019702e+00
-2.407326726239498171e-01 -1.524129719046255271e+00 1.403684616677163266e-01
1.150953018887352908e-01 -4.044157379862861612e-01 1.866634222439313318e+00
1.449063363498568346e-01 -3.251633548105254956e-01 -2.807538541763579865e+00
-2.152276768570008936e-01 6.792983066052400432e-01 2.019856475573744259e+00
1.536233884122846227e+00 -1.226960883595835661e+00 -5.005472314722754223e-01
4.649668172634910945e-01 4.838074714191777925e-01 1.108642015642398171e+00
-2.195122213749939322e-02 -1.263623738601209245e+00 -1.330724628593183745e+00
-1.672286401152633939e-03 -5.132913543385814181e-01 -5.848004991463134905e-01
-2.177315652923792477e-01 1.526296743790934940e+00 -9.834556639981253401e-01
5.973001375371147503e-01 7.011414433853335737e-03 2.694598127211370819e+00
1.374709217080688717e+00 -8.931802080655895093e-01 2.397596230126330386e-01
-8.406051765545834442e-01 -1.319248836382309165e+00 -1.097565910317921389e+00
-1.791938988476606820e+00 -5.430909676471159520e-01 4.921050480949827888e-01
-1.720683314197233305e+00 7.348967991825516854e-02 -1.518574310513106207e+00
9.245897271307073062e-01 2.137553784898808651e+00 4.636656208130194301e-01
1.054162569096374735e+00 -1.561906084447743925e+00 -3.794650678972762980e-01
2.881466744226304222e-01 1.920033374078043975e-01 -2.327096874280853989e-02
-1.116630158063063316e-01 5.487399545047439986e-01 3.714944190057019591e-01
1.168616553919059609e+00 8.263501411399269969e-01 -1.075025180036538019e+00
1.719591180047192580e+00 1.524430018281646815e+00 2.098583483605163558e+00
1.009536224044398800e+00 4.952909184943272702e-01 -3.554395541895077892e-01
-5.983273096999599527e-01 -8.627325444168798541e-02 -7.539008278017436115e-01
2.837117845503634994e-01 1.484183675645766032e+00 2.213229351494879094e+00
2.134601005886826997e-01 5.489079435915019678e-01 5.886378131772590505e-01
-6.304795074403068966e-03 9.569703515624387036e-01 1.579397880189164383e+00
6.912779734911143059e-01 4.003910508840972104e-01 1.011366336017250900e+00
-1.511738344818506885e+00 1.558885933212122987e+00 -1.330572811734505034e+00
-1.584684475378655755e+00 -1.365008320601476477e+00 -5.283735597771923587e-01
-9.565361625992307992e-02 1.176750751467614986e+00 1.028954185044575809e+00
2.215940939930865827e+00 -3.946373711173615240e-01 -1.663462818561626255e+00
-9.856163857753026392e-01 -5.548585814547184469e-01 1.161226309437145776e+00
-4.608288241031209820e-01 -1.198716806401086687e+00 -1.445464862510569271e-01
-3.698222846381871154e-01 -1.039641071861608257e+00 1.076871359930552163e+00
1.360687656611662355e+00 2.203626083213885423e-01 1.551222297081260582e+00
-1.906174556623500660e+00 -1.238159413615846915e+00 -3.188061860071372822e-01
-1.181851528021490516e+00 -1.808384916891137228e+00 1.585615924552249645e+00
2.003805340040715199e-01 9.056300083902169007e-01 1.186322584406290126e+00
2.395729626791554434e+00 -1.943217108049718478e-01 -3.210697474581262423e+00
-2.011378822056755222e-01 -1.333881882638918270e+00 -4.299305281646934040e-01
-1.264791027923304889e-01 -8.592268102726026147e-01 -5.383143782164557800e-01
-1.351477589945009772e+00 -1.864738709819249829e+00 1.411204691578530568e+00
1.723922316097143081e+00 -1.921179797952445867e+00 -2.630773304022384629e+00
-2.282587905686759289e-01 -2.981188971096236928e-01 8.288577400634431491e-01
-2.802553838411061538e-01 2.475022344567220145e+00 1.933277158839764032e-01
-8.784557835089987776e-01 1.307650325401717772e+00 6.427053427582034573e-01
-1.128811869899337017e+00 -4.462857019896182553e-03 -5.992428886971773450e-01
1.822585148805241140e+00 1.038358597855118415e+00 -6.969988589785589550e-01
-1.201338646944868138e+00 5.728711727207871363e-01 -1.021781264885472940e+00
3.969937054938433629e+00 6.667573813026418383e-01 1.814076408968801624e-01
5.751642149186476649e-01 -2.356362041992321466e-01 9.084413664153265788e-01
3.547088483762445010e-01 -7.748340099225459188e-01 1.928334054808268916e-01
6.362331384734685180e-01 6.484116725988297025e-01 -1.981254949961563927e-01
-9.120580717850093055e-01 1.574186457769244374e+00 -7.925398243478032345e-02
-1.190478953306577825e+00 7.906613598195511017e-01 -2.882334004339027089e+00
5.336451102766385235e-01 1.002403516848314746e+00 3.028663580717793069e-01
8.182888673418513559e-01 4.432871882091576898e-01 9.889785366706432823e-01
1.298532653203421816e+00 8.768963903370909918e-01 -1.562908386019984386e-01
1.609304655082684166e+00 7.774275883972614487e-01 1.441269075198361449e+00
-1.904892163293398388e+00 1.403255692190640280e+00 -1.196004691791491270e-01
-2.312556469486929389e-01 -5.023644392122055269e-01 -2.615612820439525699e-01
-6.013467280075617261e-01 1.021304380400286815e+00 -4.016876769859852869e-01
-3.608388345199716740e-01 -9.593024341801921206e-01 -1.030298700213596597e+00
-2.314891428782220317e-01 -1.396080156537550465e+00 1.635926830257045328e+00
1.193802467064144057e+00 -8.771187815468304283e-01 1.346054970406794560e+00
1.165429379823800016e+00 1.670946905026016838e+00 3.186123601400587813e-01
-5.101046056483931057e-01 -6.010863533056939323e-01 -7.397176208953237797e-01
-5.069281301286596708e-01 -2.988555635786033227e-02 -9.625243660981077642e-01
-9.324819778310471374e-01 1.334899185101731334e+00 -7.151421711784698987e-01
-2.855565460763224706e-01 1.205164754897388724e-01 -2.137292385658471794e+00
1.181401882045945984e-01 2.146134426536409068e-01 -4.803356583060031659e-01
-1.902453236698678607e+00 -2.121961829400656807e+00 6.331464266428954435e-01
-2.685462363767108229e-01 3.469731423540386994e-01 5.199708574017619656e-01
-1.138739441601245073e+00 -1.638797227807728518e+00 8.323818551918580333e-01
-5.497612217421988801e-01 -5.032699105776901050e-01 5.355588318659332270e-01
-1.489642136969154818e+00 -2.911410320555717357e-01 1.393950850295423205e+00
3.027981166872044660e-01 1.833401065745849490e+00 7.192620818757345935e-01
-9.121267297818154152e-01 -1.346396517582333363e-01 3.904866842196116350e-01
1.201011032350124630e+00 -2.110901355416139324e-03 8.431754944389071582e-01
2.759016848519592724e+00 -9.843192938815987780e-01 1.377191606201771723e+00
1.779601500705867867e+00 5.789219750707669254e-01 9.739892331692623362e-01
1.251636218443958004e+00 -9.421942550082851309e-02 5.363253541765443666e-01
-1.613032638225967874e+00 -1.703991953177134144e+00 1.482876781194731874e-01
-2.089234524072827170e+00 -1.763843361572412727e+00 -4.823448128415991354e-02
-3.759355353574387326e-01 2.079912126006165707e+00 1.196146512294478104e+00
8.271442207144099612e-01 2.338639546695461258e-01 -3.152329054468412384e-01
4.892878589069175055e-01 -8.319968107289930082e-01 5.480027838996743839e-01
-9.651060341314443569e-01 -4.284368926771043307e-01 -8.083944070088753264e-01
-7.869180845762495657e-01 -8.419142805100119364e-01 -1.584116980747785064e-02
-1.700260533466149582e+00 -1.832536105668630011e+00 1.086835829376701312e+00
1.235282741058896239e-01 2.925608097157168519e-01 1.351495557271525705e+00
1.315489958725830189e+00 -1.852470049346321979e+00 5.018636622856478269e-01
1.013958068495361076e+00 1.616261065670087982e+00 1.014274020840567392e+00
-1.314189085642379684e+00 -5.445744790884969877e-01 6.334440469702489196e-01
-9.790386199308152015e-01 9.050986163413310415e-01 -7.125126802023872274e-01
-1.946022048027990503e-01 1.953786388612196445e-01 -1.157069349974016337e+00
-5.993120801235674033e-01 -9.133388849376442575e-01 -1.245873872942358851e+00
-1.941039707979885343e+00 2.784351880842906857e-01 -1.791239091526077853e+00
3.355767533615440223e-01 1.775866015006485776e+00 9.467586671793397635e-01
-9.189336520294504318e-01 1.787219109825654573e-01 -1.718509393713849587e+00
1.335011323193240784e+00 -2.234456551911893074e-01 -2.514841570786030545e-02
2.860383650892416307e-01 -7.075773656824646540e-01 -6.272075698429341317e-02
-1.862050308185343450e-01 2.650077720818609373e-01 9.465947073637350773e-01
5.539356447439833797e-01 -6.904087936941554204e-01 -2.902688504389289159e-02
1.191774096641662783e+00 7.438577954183123175e-01 -4.305297981894001813e-01
-1.438861533178898533e+00 2.372454010028107185e-01 1.453980083765389786e+00
5.102363525708357717e-01 2.359897312632944777e-01 8.530680039856317620e-01
5.385505305400846154e-01 -1.099043041322211867e-01 -1.891520612143708702e+00
7.969170901581285049e-01 8.435589314112075243e-01 9.088117881474868653e-01
-1.549461765221979981e+00 -1.132789707369048937e+00 8.933547199660176741e-01
5.925533990735926126e-01 -5.031008131197778344e-01 -1.519986675516782348e-03
9.082083189410695701e-01 8.374580456638720527e-01 9.749082024405948399e-01
-1.504260503201802379e+00 8.801940974246176275e-01 -1.638353354365932324e+00
-9.662581538019907601e-01 -6.591327329848573058e-03 4.543843075970316336e-01
-6.154239052872061411e-01 1.810126665319705230e+00 -8.227488100866153786e-03
-3.894076405484995229e-01 4.006377114616117563e-01 1.037344599089022434e+00
9.281101168295391446e-02 -1.408995269737058909e-01 7.884435206009310360e-01
4.199284763208661064e-01 8.364500091037926355e-01 6.712744161304268209e-01
-1.632918314758527334e+00 1.712266712477155117e+00 1.343326056010285985e+00
-9.652020351127879039e-01 5.110083144565766844e-01 1.459021393971854375e-01
-1.880637509813924080e+00 -2.407556557174399536e+00 1.232286837286091341e+00
1.725642212485743565e+00 6.522032182699238900e-02 1.195909373942178000e+00
2.330716480373900001e-01 -3.382296730500647941e-01 -1.309080272182876481e+00
3.746985034520378122e-01 -1.338720579053106263e+00 -8.961977196977275462e-01
-2.229411176905192749e-01 -7.762859335122478388e-01 -1.955750269262418684e+00
-5.537495001316026233e-01 2.759108980797035926e-01 3.532213266275483488e-01
6.990130317744769339e-01 -1.470258972590946511e+00 -8.050057851487899541e-01
-9.956050028140517316e-01 2.502018555239592379e-01 -1.031550274081312502e+00
-1.830177743525715384e+00 -2.939710483624667914e-01 -1.342160891394192923e+00
-1.200511252732879841e-01 -1.392758106794245609e+00 1.622117082708359970e+00
3.844573864462574875e-02 -3.118375195181403159e-01 -5.002009250801102702e-01
-9.977940684957515849e-01 -1.180741795915762893e+00 1.734042952294851947e-01
-6.883796100042549604e-01 1.032233503161029131e-01 1.348847836404481138e+00
-6.133785370644009305e-01 1.859639124514234521e+00 1.960525683489468651e+00
-8.070333053059856043e-01 5.862053094763708394e-01 -2.067726855496377691e+00
-1.983143395889408911e+00 -1.533821785541963356e+00 -7.947090344476640533e-01
-3.059205494496789468e-01 9.775427577163604553e-01 -1.186083492336136525e+00
5.260413914736437047e-01 3.311976043211042331e-01 1.141583104914115854e+00
5.128580266151830935e-01 1.926395737024131138e+00 2.868342576172265179e+00
1.588883527839379584e+00 2.493518427118069369e-01 1.609116491632277546e+00
-1.873921986705727294e+00 9.368092124642324325e-02 -3.921994898164531951e-01
-9.424101634970376562e-01 9.459747719826883117e-02 -6.346651979340595107e-02
-2.058360015409678834e+00 -5.792768011732947198e-01 -1.933152944839747311e+00
2.328035810302039543e+00 -4.752168049276536133e-01 -3.713906082515325835e-01
-7.394230925953786393e-01 2.264017795438411640e-01 1.314460167042744709e+00
8.772005928208049808e-01 1.429849077247443701e-01 7.323248884369715217e-01
9.025583631057472189e-01 5.274475026423581792e-01 5.323110352397619760e-01
-1.486376688110545130e+00 -8.463045357936438418e-02 1.388619393799462864e+00
-1.206068941387595128e+00 1.312075918098494220e+00 1.612481644451659424e+00
-1.312513494226636435e-01 -4.318794640459677203e-01 -1.053632829177526098e+00
6.789300360878491869e-03 8.513984608629326933e-02 -1.345277257255720338e-01
-2.220456048598632215e+00 -3.176201637746530193e-01 -7.325577129498219708e-01
-1.799368197189882501e+00 -4.957711614319722515e-01 -1.273783717134170379e+00
4.437837993505470147e-01 -6.257131389652395015e-01 -3.592286960799688789e-01
-6.601170052830971358e-01 -7.878232874242059314e-01 1.552745652165301138e+00
-1.242555638331281909e+00 1.841608814362951652e-01 -3.915218379199326137e-01
