3.261959260172119790e-01 8.333779038392855609e-01 4.707138247760423999e-01
-6.991706363472783847e-01 -1.509853834982333165e+00 -1.845805782490271163e+00
6.293792187514903880e-01 -7.583423640289765899e-01 2.277959605744244165e-01
-1.792667196278622255e+00 7.626722825838316844e-02 -1.064937449756406807e+00
-2.049929321828549256e+00 -7.061552367070400571e-03 -1.449431594522290201e+00
-1.170399188477208696e+00 -1.084524892132642804e-01 -9.975648958551870393e-01
-1.226460706326243155e+00 5.615527958411337117e-01 -8.994260404726976965e-01
-6.392359294101712663e-01 3.481784296785073729e-01 6.825429904242037438e-01
1.041780298927600379e-01 1.510943607682872392e+00 -6.843684947655970241e-02
-3.746566519114957750e-02 8.964295968082931498e-01 -2.016343652248319129e-01
-1.091819636631334856e+00 2.418131158270969139e-01 2.553752162655464897e-03
-3.838475647447562311e-01 -1.343811646875420651e+00 8.426992744253010148e-01
1.614624962241725692e+00 1.476630785697719439e+00 2.081827327309933029e+00
1.500844008251947637e+00 6.182873508819489716e-01 1.641235546982178772e-01
1.524131189476629622e+00 2.052482286514537568e-01 -1.006225784910419918e+00
4.770249760877964817e-01 3.548745184933488339e-01 -1.029888408724229265e+00
1.006946501418953144e+00 3.818106442017211721e-01 -1.326197043033509715e+00
-1.130595455588550458e+00 7.109458202605556387e-03 -1.351154400698064251e+00
7.556684239835165240e-02 1.063696347186679825e+00 -1.098477705360783041e+00
-8.521334131449547211e-01 5.607500308807348288e-01 -3.713528429015813259e-01
6.316595415474095532e-01 -1.760250342869742912e+00 -1.765005156425643484e+00
1.021609319606408661e+00 -2.132666756228859262e-01 1.863121490620942122e+00
2.293958449413548095e+00 -1.441025984987356789e+00 2.023552922976759039e-01
2.085665871194105070e-01 2.367477452310757791e+00 6.578700901302284576e-01
6.271528332845075493e-01 1.714762076080576403e+00 1.053611542516228461e+00
-9.469587247716990674e-01 -2.672867062852889442e-01 -1.834826154380359897e+00
1.826918504042431834e+00 8.272567618194530681e-01 1.207671678436857965e-01
2.713448266467991532e-01 1.219168574981379427e+00 -2.045887457387101094e+00
-1.747732339078785779e-01 2.513940186797047338e-01 8.706786055123179047e-01
2.485479664633150065e+00 9.568851439033059236e-01 -7.253234320043835393e-01
